4.375559622336398780e-02 -1.906985126549965714e-01 9.806729959932295460e-01
6.317976391263191438e-02 -1.698877299557816634e-01 9.834360562041474241e-01
5.814672265519965633e-02 -1.290542746887594905e-01 9.899312869229948131e-01
3.306220700583584887e-02 -8.023704503820924816e-02 9.962273370428477159e-01
-4.389200782495094981e-03 -3.257211632239871701e-02 9.994597501422576302e-01
-4.558551553939711037e-02 6.806703323677310534e-03 9.989372500628703744e-01
-8.223079458677437503e-02 3.105718321244831104e-02 9.961292826698663339e-01
-1.069038352610979792e-01 3.252627410257927926e-02 9.937371943826140974e-01
-1.130462350339951905e-01 3.915177380814812563e-03 9.935820147983649431e-01
-9.478955845076333930e-02 -5.563961048714663460e-02 9.939412323439937857e-01
-5.065937084289307696e-02 -1.287641403414863939e-01 9.903804442273036468e-01
1.976529451332148177e-03 -1.788350600116146993e-01 9.838770830963086134e-01
9.520126060251073163e-02 -1.654411611664455828e-01 9.816139476247645046e-01
1.046457147380761288e-01 -1.492636747084809257e-01 9.832444405129397991e-01
9.181241934315037545e-02 -1.118360761842594475e-01 9.894762107894932157e-01
6.183874325720185861e-02 -6.443528635260105386e-02 9.960040480364746873e-01
2.259517634724363122e-02 -1.556956325962052107e-02 9.996234524588725190e-01
-1.709825677834704225e-02 2.791741081359963225e-02 9.994639902411831534e-01
-4.863362903516574992e-02 5.890492114225844705e-02 9.970782218021845278e-01
-6.458870519846791891e-02 6.845369330217387915e-02 9.955613446865025917e-01
-5.974667089103671835e-02 4.645397894123381999e-02 9.971320690650312679e-01
-3.188464465145750965e-02 -1.202353828700979295e-02 9.994192333362781344e-01
1.600474443431526214e-02 -9.157136028432201480e-02 9.956698921486162313e-01
6.331344144694985021e-02 -1.481240440470286968e-01 9.869400567954293990e-01
1.415611161408257546e-01 -1.239864038028488102e-01 9.821343197694604177e-01
1.396152706175372571e-01 -1.165090909517265266e-01 9.833276198378950728e-01
1.200266056993545410e-01 -8.720809553327520114e-02 9.889329411023883853e-01
8.781559584323855860e-02 -4.565771536208153986e-02 9.950898422527713061e-01
5.023814222703264915e-02 3.692820218030767789e-04 9.987371990150910595e-01
1.567233756911540904e-02 4.417210618905759861e-02 9.989009975319587120e-01
-7.474370298463400841e-03 7.841742873232651623e-02 9.968925923387084165e-01
-1.217095391222884800e-02 9.369338018811984581e-02 9.955267040063255912e-01
5.156148406762160567e-03 7.923604763051955713e-02 9.968425466889975217e-01
4.214461678683902035e-02 2.925330209040036267e-02 9.986831707768030197e-01
8.827345105833742100e-02 -4.316615924865586235e-02 9.951605300322248215e-01
1.238785119552252151e-01 -1.002428221695573218e-01 9.872210952362787673e-01
1.645167446040494974e-01 -8.230552535161554661e-02 9.829344033258697877e-01
1.558459012702130830e-01 -8.311534779376958393e-02 9.842783620594439675e-01
1.337296626475417693e-01 -6.306781673908729013e-02 9.890090130124683521e-01
1.029326804187662009e-01 -2.942914983510352273e-02 9.942528795241485362e-01
6.985432910321062727e-02 1.088788225647824640e-02 9.974977828172266747e-01
4.196044908055397704e-02 5.129590774792212871e-02 9.978016088188899069e-01
2.672097472706201973e-02 8.444101198527603769e-02 9.960701305653794080e-01
2.990363158149625736e-02 1.013160851067515245e-01 9.944047584946988927e-01
5.306345262058451140e-02 9.245890814588139661e-02 9.943015741214875636e-01
9.088675156872320915e-02 5.366562008645774096e-02 9.944141992197222946e-01
1.305492853146320020e-01 -4.369535324893272787e-03 9.914321919652067105e-01
1.564991060930908395e-01 -5.530146533387782226e-02 9.861286821323307361e-01
1.596678334602224525e-01 -5.480157336641586219e-02 9.856485025170684811e-01
1.501242578034158170e-01 -6.021862885325854342e-02 9.868315073800437709e-01
1.300020917323601310e-01 -4.705310049206221784e-02 9.903966184713245413e-01
1.035478948780064606e-01 -2.050189884923666814e-02 9.944131463381367109e-01
7.625609003684935550e-02 1.340034335967916525e-02 9.969982144066782404e-01
5.448574879894717976e-02 4.834829553015115161e-02 9.973433438375921556e-01
4.439943288399172960e-02 7.737748983011127901e-02 9.960127581647969519e-01
5.024685939902924503e-02 9.264808488978786005e-02 9.944302818633996566e-01
7.216200720430229754e-02 8.690550998205356925e-02 9.935995556818654206e-01
1.043650932933396919e-01 5.782464228050223504e-02 9.928566049771405666e-01
1.358136499479909998e-01 1.350005664736692729e-02 9.906424183117181759e-01
1.553857443358010459e-01 -2.866952457288749964e-02 9.874377594653093171e-01
1.335482723182932485e-01 -4.792845845370025809e-02 9.898826808421317125e-01
1.270878297681296565e-01 -5.361154234791142004e-02 9.904415611494384875e-01
1.117308685647878524e-01 -4.336980986154889001e-02 9.927916561910591353e-01
9.081684737436447608e-02 -2.121579911269647414e-02 9.956415972128995762e-01
6.891906090050795020e-02 7.445902027685994025e-03 9.975944675004850826e-01
5.137940380345080993e-02 3.670363830263072280e-02 9.980045089076489129e-01
4.322932432649970874e-02 6.028170681210269499e-02 9.972448753149293355e-01
4.766289162305216431e-02 7.181318758174497219e-02 9.962786331400399487e-01
6.441867116535718307e-02 6.626946667502366106e-02 9.957201376852081731e-01
8.884442509235995766e-02 4.293916368739525424e-02 9.951195387248500390e-01
1.129148298987581733e-01 8.255990432964365258e-03 9.935703698334388267e-01
1.289274757491438994e-01 -2.565190857039183897e-02 9.913221906037743558e-01
9.606128203732378079e-02 -6.066865812653582379e-02 9.935248079511904695e-01
9.462671655851416508e-02 -6.322155897161343963e-02 9.935033059806905875e-01
8.485902468195723192e-02 -5.204926652073700588e-02 9.950325722230219938e-01
6.900246378581825768e-02 -3.102626474847151525e-02 9.971339082024814893e-01
5.082308890294808673e-02 -5.397406244831396901e-03 9.986930868091670188e-01
3.496756176600906291e-02 1.921175625564919970e-02 9.992037720332695994e-01
2.585688920697097604e-02 3.722721862262250853e-02 9.989722496016532061e-01
2.638921577151175091e-02 4.367077563286039799e-02 9.986973879240156338e-01
3.681428626356952200e-02 3.547541122801804031e-02 9.986922466531010789e-01
5.424144927502889957e-02 1.352286386534094775e-02 9.984362760503371348e-01
7.335384995487576054e-02 -1.606066908767498497e-02 9.971766481447645880e-01
8.853021102341218640e-02 -4.362664557349742872e-02 9.951176400468965122e-01
5.620642054887105971e-02 -8.753132371218882990e-02 9.945748366302953336e-01
6.062648287272744824e-02 -8.495018591177282141e-02 9.945390366838562368e-01
5.600967019244224715e-02 -6.989236857025751815e-02 9.959809102891912236e-01
4.362954647300382877e-02 -4.698465110627069591e-02 9.979423356261535316e-01
2.676663697946330550e-02 -2.185145598521134186e-02 9.994028522153670657e-01
9.848656073819845105e-03 -1.214025093827537244e-04 9.999514934409953204e-01
-2.693684898512598968e-03 1.309863562475271741e-02 9.999105809052735161e-01
-7.526036801781132643e-03 1.389664210747363661e-02 9.998751132559879906e-01
-3.231756889184287090e-03 8.348872676661957173e-04 9.999944293397963202e-01
9.223829857122674281e-03 -2.348746421841445275e-02 9.996815792977908899e-01
2.650471283644756371e-02 -5.205009669508386255e-02 9.982926863559461461e-01
4.375565980501982394e-02 -7.574345803054502446e-02 9.961668388379967265e-01
2.128170897175056878e-02 -1.212873146812332575e-01 9.923892765243509384e-01
3.191361817670073514e-02 -1.128349010647190509e-01 9.931011056667525816e-01
3.138316958938171947e-02 -9.198736347118680046e-02 9.952655030835494410e-01
2.038514101298967429e-02 -6.477086234354802186e-02 9.976919271084231378e-01
2.223735273510349907e-03 -3.765105502665917758e-02 9.992884733933796726e-01
-1.835670500809718012e-02 -1.659221434919860849e-02 9.996938180284358211e-01
-3.637233648784644197e-02 -6.602475874632590322e-03 9.993164966368894842e-01
-4.751348309780216439e-02 -1.103433397005727790e-02 9.988096477296817266e-01
-4.875775452951215672e-02 -3.020419087906237726e-02 9.983538391905198983e-01
-3.905592986070017397e-02 -5.982806734624654399e-02 9.974443526833961515e-01
-2.035916815397665475e-02 -9.104920104075137077e-02 9.956382612485201733e-01
2.019521861059843902e-03 -1.137187316666551512e-01 9.935109317967183440e-01
-2.408040820574413286e-03 -1.546683862302552781e-01 9.879635072412871200e-01
1.433388694595500237e-02 -1.406330505154568811e-01 9.899580217300771867e-01
1.642683836600288688e-02 -1.130920267153947140e-01 9.934487165800981456e-01
4.588209508092517923e-03 -7.988730418834157077e-02 9.967933421541966821e-01
-1.724321707646648064e-02 -4.859021442701834392e-02 9.986699467423835186e-01
-4.352009231261411148e-02 -2.572010841118933105e-02 9.987214214125716971e-01
-6.835903941758184055e-02 -1.656386932856354285e-02 9.975232728927669879e-01
-8.623578673104660697e-02 -2.459599281832156731e-02 9.959710970826772813e-01
-9.233176556233700649e-02 -4.989005926447566408e-02 9.944776654378129077e-01
-8.343815324281110557e-02 -8.697650410967849854e-02 9.927100091750775679e-01
-6.036813226676377570e-02 -1.244623326425704779e-01 9.903861955620321122e-01
-3.003871710260169053e-02 -1.494404129570787720e-01 9.883143419227973236e-01
-8.989854303744975600e-03 -1.811309282920889607e-01 9.834179016754107661e-01
1.268408226153952371e-02 -1.626286485360881606e-01 9.866058162875666060e-01
1.538499819480932534e-02 -1.285411067315354594e-01 9.915848353575330565e-01
5.906710898021784667e-04 -8.866887038993177816e-02 9.960609833395862589e-01
-2.656509058885646660e-02 -5.163882821329340844e-02 9.983124397615897871e-01
-5.941514328718022764e-02 -2.450091188954429261e-02 9.979326360354989767e-01
-9.109251870887673241e-02 -1.307901766988867065e-02 9.957565427011351167e-01
-1.149944292105552768e-01 -2.174767450164295096e-02 9.931280480906506947e-01
-1.247435426497191940e-01 -5.167177371207442443e-02 9.908426092818093389e-01
-1.149865678891665161e-01 -9.745325907405920363e-02 9.885752128699446528e-01
-8.529887033567655485e-02 -1.448250360501242839e-01 9.857737121939703639e-01
-4.527989594568974235e-02 -1.758191011074033694e-01 9.833805848750203360e-01
6.218737824171757106e-03 -1.948849028767592750e-01 9.808064038997444944e-01
2.959801477524882582e-02 -1.737819518903985228e-01 9.843392660655649884e-01
3.009400710060809031e-02 -1.346487882709479778e-01 9.904362950507449304e-01
1.059833880341622472e-02 -8.891361977248794790e-02 9.959829533850115268e-01
-2.230626828557114028e-02 -4.581372807731705354e-02 9.987009225564185133e-01
-6.080738809636496850e-02 -1.263315724037156369e-02 9.980695691638457046e-01
-9.720109255512383861e-02 4.223204612049937141e-03 9.952558023689034306e-01
-1.242527831208258410e-01 -1.165557076157613860e-03 9.922499117476974995e-01
-1.348769328865357942e-01 -3.257884014119193788e-02 9.903266290220462675e-01
-1.223679889302734386e-01 -8.674046647364110074e-02 9.886870924419142170e-01
-8.505919096046543615e-02 -1.469434287539345685e-01 9.854808789516569245e-01
-3.618111963565667777e-02 -1.871318467312685085e-01 9.816682731557544450e-01
1.846093855906821846e-01 -1.961251281649564471e-01 9.630442922596114119e-01
1.867648053880958670e-01 -1.493762479328101245e-01 9.709817938673019899e-01
1.479903644673755958e-01 -1.017645080474821329e-01 9.837392118475718483e-01
8.402574769625884010e-02 -6.190304800556790249e-02 9.945389315515631434e-01
8.602308704294797312e-03 -3.274538977252391958e-02 9.994267055334947747e-01
-6.641456580084074968e-02 -1.546485806778181114e-02 9.976722626265809302e-01
-1.296110280118678293e-01 -1.211977921815696711e-02 9.914908433109180796e-01
-1.682457835835347026e-01 -2.747611915735431384e-02 9.853620751695387758e-01
-1.664475976873669716e-01 -6.884032613282767277e-02 9.836443497128483093e-01
-1.055887135511266034e-01 -1.378713579868912631e-01 9.848058246261602866e-01
1.777829458701848248e-02 -2.060546095495805197e-01 9.783789808275022981e-01
1.277969145410103591e-01 -2.236560591441644208e-01 9.662535463541070957e-01
2.333443084358962083e-01 -1.289296519327203794e-01 9.638088911050151086e-01
2.227933056146934321e-01 -9.771022448744572098e-02 9.699566253207774214e-01
1.750989774476770511e-01 -6.175934071979880674e-02 9.826118928298563926e-01
1.054210773883343805e-01 -2.816538476813338146e-02 9.940287257132492948e-01
2.657225784012230696e-02 9.092873211865726149e-04 9.996464816673288345e-01
-4.990924745643953581e-02 2.491144179541663478e-02 9.984430314675042384e-01
-1.120752712294513370e-01 4.230381128686873382e-02 9.927988321556054929e-01
-1.458348015787155338e-01 4.779107153266674152e-02 9.881539475861446098e-01
-1.339317545399132670e-01 2.962912246660729526e-02 9.905475254766665794e-01
-5.789540616462861972e-02 -2.647462237275693617e-02 9.979715508547443159e-01
8.508251685176901336e-02 -1.061759266664380891e-01 9.907005793490114565e-01
1.904588761223554860e-01 -1.395647015109408862e-01 9.717237830773346463e-01
2.567400194759585919e-01 -4.005863633089443848e-02 9.656499718090850726e-01
2.378807414663016984e-01 -3.418088852484157947e-02 9.706927524706089327e-01
1.882245380606239193e-01 -1.618893670775277405e-02 9.819925873447803433e-01
1.204963105079764341e-01 7.322315330576256720e-03 9.926867697577083094e-01
4.606597671533654154e-02 3.372154657375225906e-02 9.983690615630065324e-01
-2.388280497432503785e-02 6.211805464365835472e-02 9.977830219610164253e-01
-7.688840129848333038e-02 9.098511677187762214e-02 9.928795910240276745e-01
-9.796969616790179858e-02 1.151129892330771259e-01 9.885094528341700215e-01
-7.030383311877405617e-02 1.220865978723611883e-01 9.900263802893595200e-01
1.742100979766561877e-02 9.368955212806862054e-02 9.954490324672446988e-01
1.467131746073635223e-01 2.895511905078073864e-02 9.887551999750112675e-01
2.304041800348180236e-01 -2.225280991723412732e-02 9.728405451427440953e-01
2.453382774603464767e-01 2.868342102223774004e-02 9.690131015478734566e-01
2.272759847904047836e-01 1.617230671093646335e-02 9.736960938778734809e-01
1.834640994880142595e-01 1.936644340562437144e-02 9.828356246438912924e-01
1.244306733953004368e-01 3.357468951840737043e-02 9.916600968791271509e-01
6.034434171001896302e-02 5.590485079462542695e-02 9.966108609088109027e-01
1.892361424865334494e-03 8.464804666473943473e-02 9.964091163593379319e-01
-3.891389079621578040e-02 1.174117144156108794e-01 9.923206127159746037e-01
-4.867609224174719584e-02 1.483634398146742028e-01 9.877342394442747420e-01
-1.528847249201401547e-02 1.656782982102724400e-01 9.860613389191763556e-01
6.304589505221477874e-02 1.540512932825998105e-01 9.860493974213470070e-01
1.615525030013832963e-01 1.107037522656000861e-01 9.806352369807485037e-01
2.262489226899568329e-01 6.135028664299087969e-02 9.721355704376911655e-01
2.107111852042954647e-01 5.656305406823366327e-02 9.759105580658118395e-01
1.985324255287734818e-01 3.803830313584622563e-02 9.793558921599158085e-01
1.645681955857965506e-01 3.450869929104008471e-02 9.857618671235310881e-01
1.172151633905877399e-01 4.336445785615292148e-02 9.921593265529752292e-01
6.548702583052411208e-02 6.190140638780380206e-02 9.959315565514834656e-01
1.920555879862194046e-02 8.776837866955539136e-02 9.959557511341213809e-01
-1.106067799841835633e-02 1.177990087849110773e-01 9.929758581817107466e-01
-1.497019054764320810e-02 1.461154948076797966e-01 9.891542627780759434e-01
1.441129739800865901e-02 1.630667859111725737e-01 9.865097758460734667e-01
7.406907727172687417e-02 1.581564309186880291e-01 9.846320709539951865e-01
1.440669947862415756e-01 1.293229649427618533e-01 9.810811749044306973e-01
1.935213431967345299e-01 8.971256837020648300e-02 9.769857444218622566e-01
1.691499032217544662e-01 4.471337411872495365e-02 9.845755554628482509e-01
1.632945466653861200e-01 2.967680349522958116e-02 9.861309134003142240e-01
1.389275302231612885e-01 2.706337123852861279e-02 9.899326821976653923e-01
1.023620145233356121e-01 3.509607649742012281e-02 9.941279009249837095e-01
6.140755188504103818e-02 5.117478639672127377e-02 9.968000069265264829e-01
2.483207407712572160e-02 7.263292660491647845e-02 9.970495604882465557e-01
1.563282926380046281e-03 9.612285710503780389e-02 9.953682496888731634e-01
-7.789010243555215349e-04 1.165845320375511196e-01 9.931804670868806806e-01
2.147726767564488506e-02 1.271899820512753521e-01 9.916458215707727453e-01
6.435547061098323418e-02 1.218544112136027147e-01 9.904594266652847478e-01
1.141025073088698660e-01 1.002749565041694130e-01 9.883954425856958936e-01
1.524271122441861470e-01 7.067001136169243081e-02 9.857848269003659514e-01
1.317515191718059975e-01 3.981383823898088439e-03 9.912747781411000991e-01
1.309029839158476483e-01 -2.261692625982544488e-03 9.913926031338128331e-01
1.135544445532485763e-01 1.210639643064091676e-03 9.935310374991227489e-01
8.443624207804463488e-02 1.201185351876426187e-02 9.963564805825313453e-01
5.041762826442125478e-02 2.721018586552107973e-02 9.983574853453316411e-01
1.945238566691016857e-02 4.397883219633089147e-02 9.988430642550893968e-01
-6.699160669975313303e-04 5.926292169138791532e-02 9.982421837035970746e-01
-3.892336724122638300e-03 6.935023180488858463e-02 9.975847808900705216e-01
1.213734300066889212e-02 7.036448237495347702e-02 9.974475046462808470e-01
4.405261379601182331e-02 6.022796236084360794e-02 9.972120936729005347e-01
8.228916158158297578e-02 4.114915934788884733e-02 9.957586256572352745e-01
1.145006075424172959e-01 1.986300035628008401e-02 9.932245829062282816e-01
1.039969433848011576e-01 -5.300866782118144466e-02 9.931639929550054591e-01
1.070014616910281990e-01 -4.795630128123052477e-02 9.931016465415172245e-01
9.347667623978261897e-02 -3.547106793762301591e-02 9.949894041338759321e-01
6.745244629700077044e-02 -1.953386034918438985e-02 9.975312505322811996e-01
3.551629833876794595e-02 -3.823266548933840301e-03 9.993617839327506580e-01
5.412933813621288379e-03 8.667948139298841531e-03 9.999477820479939494e-01
-1.538066045043580757e-02 1.535338968567465621e-02 9.997638264656882878e-01
-2.111548515036354781e-02 1.400550698606525292e-02 9.996789394906085979e-01
-9.317635551515320719e-03 3.632401690808286822e-03 9.999499924124890526e-01
1.772144545534346666e-02 -1.394103776807061219e-02 9.997457666011890787e-01
5.245269253352211059e-02 -3.340680193492712863e-02 9.980644771909332746e-01
8.426316950444595610e-02 -4.796941152048411067e-02 9.952882265070781553e-01
8.843393785377441640e-02 -1.145731561999583509e-01 9.894707830522113667e-01
9.477826045303872071e-02 -9.718777760844221625e-02 9.907429622404791969e-01
8.201362318283450525e-02 -7.424559253918941448e-02 9.938618402982233313e-01
5.457347002738806296e-02 -5.178582578932504343e-02 9.971659664351963936e-01
1.966500536498400412e-02 -3.440354434516149779e-02 9.992145333713374766e-01
-1.443547352403039448e-02 -2.528287828344687876e-02 9.995761067422139767e-01
-3.974262736663744522e-02 -2.662367447847856228e-02 9.988551964760469248e-01
-4.972306334863680483e-02 -3.943358507849807626e-02 9.979842730920603922e-01
-4.059048352972707135e-02 -6.217544629982998949e-02 9.972395030904372959e-01
-1.312888616480966872e-02 -8.913670426645611822e-02 9.959328693744450289e-01
2.555403661413613303e-02 -1.111700940136212123e-01 9.934727985253145599e-01
6.325163817301868163e-02 -1.203705376363257140e-01 9.907119480139082723e-01
8.703899595867829742e-02 -1.701082212682551165e-01 9.815739433376423628e-01
9.644943041857315102e-02 -1.403137063138783225e-01 9.853981790082216863e-01
8.154892701553731471e-02 -1.065977491174313896e-01 9.909524168120116272e-01
4.846083829197684462e-02 -7.706244926223872194e-02 9.958478428282561135e-01
5.934843346014224627e-03 -5.701961059948976868e-02 9.983554184965625078e-01
-3.662313152927182403e-02 -4.973986346270586195e-02 9.980905230587726606e-01
-7.016918940203413502e-02 -5.727799663904020039e-02 9.958893090900227119e-01
-8.659149039672420223e-02 -8.015231734903847938e-02 9.930143603265152441e-01
-7.962015245180202594e-02 -1.153060434422657071e-01 9.901339039085380600e-01
-4.745193873098012272e-02 -1.535245807001286433e-01 9.870048209769615166e-01
2.548483010796314622e-03 -1.806543475077977967e-01 9.835433452374758856e-01
5.295438322529946729e-02 -1.861867359275836964e-01 9.810863023514621029e-01
1.022347023164590224e-01 -2.093623575385704372e-01 9.724790326214645120e-01
1.136214463894028442e-01 -1.684183476053517925e-01 9.791452533256123081e-01
9.359250666388940765e-02 -1.250978381073126755e-01 9.877200886877907093e-01
5.131855696945198525e-02 -8.903470641493206605e-02 9.947055980359260641e-01
-2.277601775580865781e-03 -6.560870354131784210e-02 9.978428285805631681e-01
-5.647302131029096478e-02 -5.783491631613205119e-02 9.967276058777958525e-01
-1.010830664923015876e-01 -6.786720697678508274e-02 9.925604545243494892e-01
-1.261218696617242008e-01 -9.688565393132994585e-02 9.872722238852000842e-01
-1.218549684125596055e-01 -1.424276036215383623e-01 9.822757985412345905e-01
-8.190739758972941098e-02 -1.935096221048580312e-01 9.776733628226484951e-01
-1.312241454849123745e-02 -2.294798614272418325e-01 9.732249459583449669e-01
5.666610668446633858e-02 -2.341599328163872229e-01 9.705452478976658304e-01
1.358208723816909103e-01 -2.216037303464605812e-01 9.656316468106249662e-01
1.457476144440139065e-01 -1.734018288236529870e-01 9.740068986637026027e-01
1.174504614157576149e-01 -1.242057861781879491e-01 9.852808288976419027e-01
6.394358282007492345e-02 -8.393897614381559680e-02 9.944171491381244010e-01
-1.814973452461580029e-03 -5.707447343078379115e-02 9.983682739118888705e-01
-6.815856685255042291e-02 -4.585370675979234811e-02 9.966202121876038822e-01
-1.241135980273707917e-01 -5.254799815251783024e-02 9.908756343127019806e-01
-1.581136117869426927e-01 -8.009439270829800395e-02 9.841671474015100118e-01
-1.568221593461184560e-01 -1.297481529759780539e-01 9.790670187160805948e-01
-1.072926853152227772e-01 -1.932821168106346743e-01 9.752590953174580246e-01
-1.283723107071285154e-02 -2.432717128207935731e-01 9.698732284373977608e-01
8.004757385916261292e-02 -2.515629940416968524e-01 9.645249846156117579e-01
3.884379498306295142e-01 -1.162295812075174184e-01 9.141152244567726237e-01
3.322421945607155758e-01 -4.941224494130150996e-02 9.418989086962427093e-01
2.370911972335803808e-01 -1.839869047145878053e-02 9.713131587615571050e-01
1.269051519541819217e-01 -1.447202745291632613e-02 9.918092774464957184e-01
1.444385368477237724e-02 -3.018205702399924875e-02 9.994400524915916240e-01
-9.141747183311717262e-02 -6.115271890329471854e-02 9.939331923294985049e-01
-1.805774741956939766e-01 -1.058774880339462959e-01 9.778454547324167967e-01
-2.360974836873132032e-01 -1.654420263759213416e-01 9.575421213215669081e-01
-2.253770997478779514e-01 -2.417702999266498343e-01 9.437967392308745929e-01
-9.121368320058552415e-02 -3.210533496821391664e-01 9.426583743090534151e-01
1.925862905581051665e-01 -3.136299276743800823e-01 9.298100823049385566e-01
3.613937471409940372e-01 -2.178060471221193450e-01 9.066173864229642998e-01
4.107400518844094295e-01 1.776556620217161278e-02 9.115793955742550470e-01
3.443385771791583339e-01 4.291015763522009613e-02 9.378644159141238390e-01
2.447725878829712653e-01 4.572926104394173241e-02 9.685015306676317826e-01
1.312815443611654032e-01 3.447075254693487967e-02 9.907456400756299297e-01
1.383942131922175078e-02 1.530294798543344395e-02 9.997871224417479441e-01
-1.002836278708267442e-01 -7.309253061664911823e-03 9.949320423028105154e-01
-2.019499684941732931e-01 -2.971860774424813639e-02 9.789448475674843442e-01
-2.740314868319163044e-01 -4.938864032355209932e-02 9.604517199901343449e-01
-2.797662922659908125e-01 -6.903597044719812781e-02 9.575828196537741199e-01
-1.422474792224171503e-01 -1.010341713081979037e-01 9.846612366103448810e-01
2.377198062815346347e-01 -9.307897506270007559e-02 9.668637950107690227e-01
4.025145537439436816e-01 -3.454257941389947406e-02 9.147616324659955112e-01
3.596226249164229949e-01 1.609743992542593538e-01 9.191076163500451202e-01
3.105834928279815332e-01 1.326026561849127372e-01 9.412515230029798730e-01
2.265274394882476894e-01 1.054949875847420587e-01 9.682748198488674296e-01
1.250001091622880978e-01 8.076272623215528801e-02 9.888641740709749328e-01
1.604698866785757988e-02 6.094155030105830040e-02 9.980123353954442056e-01
-9.236911357407186218e-02 4.995005663726694023e-02 9.944711854546509633e-01
-1.899638063743454286e-01 5.363055709907293273e-02 9.803252091080409958e-01
-2.577071761007909134e-01 7.954931208980567381e-02 9.629428427130586332e-01
-2.568336055149710861e-01 1.320817449931959431e-01 9.573875452070678138e-01
-1.196795430964999185e-01 1.955965553180692429e-01 9.733544033453858102e-01
1.845558081081818957e-01 2.247491647326806397e-01 9.567794764966456311e-01
3.386073449026424931e-01 1.924731005752192137e-01 9.210315800954085308e-01
2.731881049655158211e-01 2.331682967772591708e-01 9.332742387334692635e-01
2.506526323308621018e-01 1.812668705820117965e-01 9.509550880745618606e-01
1.911348832364819783e-01 1.398071640363847401e-01 9.715561812342209391e-01
1.103985002519249359e-01 1.097000396688350560e-01 9.878147966287541548e-01
1.936043301580311557e-02 9.221265929594253674e-02 9.955511032082594580e-01
-7.233127025784380493e-02 9.053257449727211692e-02 9.932633287793415366e-01
-1.526168612162202287e-01 1.097610628360672497e-01 9.821713713796323963e-01
-2.021885820502115072e-01 1.549447195056639914e-01 9.670118464558554727e-01
-1.899586622660159596e-01 2.242788782724374208e-01 9.558319367917068599e-01
-8.115427846838874082e-02 2.959009608581922857e-01 9.517649943391275347e-01
1.076508031435302326e-01 3.267075557768919225e-01 9.389746948565506068e-01
2.343211209424481134e-01 2.897249894777244039e-01 9.279833202985398044e-01
1.948519118034941489e-01 2.284552497602111432e-01 9.538558231324465453e-01
1.908637686811274214e-01 1.801892016978412780e-01 9.649367198921892097e-01
1.529403446494667085e-01 1.411850969350206264e-01 9.780981644915981432e-01
9.320487052130869976e-02 1.143060211438257368e-01 9.890636913977985945e-01
2.233066876820078567e-02 1.011576551906811366e-01 9.946197615313870921e-01
-4.922491807507990702e-02 1.042700275366155588e-01 9.933300905529390823e-01
-1.092754841361203849e-01 1.267290287423532558e-01 9.858999045749066159e-01
-1.418735022908058641e-01 1.695958454015934758e-01 9.752482548410251750e-01
-1.277574100822864156e-01 2.268141682766392775e-01 9.655223338886750328e-01
-5.423381155556748073e-02 2.797680186377902722e-01 9.585345843690358247e-01
5.948145836860339181e-02 3.012576963405507180e-01 9.516857446162592105e-01
1.521728744637984854e-01 2.762378244390534254e-01 9.489657952879776426e-01
1.440943690184814663e-01 1.734553281566763860e-01 9.742433278965578758e-01
1.477006133866842486e-01 1.409962071366666625e-01 9.789303337717027986e-01
1.232345875432667159e-01 1.141554476743287944e-01 9.857899219403414293e-01
7.911426456262367346e-02 9.577590428541692125e-02 9.922539540365382660e-01
2.486860309990911871e-02 8.752671493342110975e-02 9.958517092182310737e-01
-2.933820593922278550e-02 9.138083932172688661e-02 9.953837510615308748e-01
-7.250194824238302693e-02 1.089583625211934803e-01 9.913987808836982607e-01
-9.282161138438778381e-02 1.393775264633183297e-01 9.858793301295745160e-01
-7.969684997602335952e-02 1.765296604924471435e-01 9.810635509843803614e-01
-3.005545820301210730e-02 2.079598627136558797e-01 9.776754906062865569e-01
4.220531356739171125e-02 2.191521335329479070e-01 9.747774381235030372e-01
1.073479926481446245e-01 2.039943886776764137e-01 9.730687015120751404e-01
1.226158281379620546e-01 9.340776162518917014e-02 9.880487582898311860e-01
1.265932013073126916e-01 7.998970642865795011e-02 9.887243337999547244e-01
1.074454049358594954e-01 6.873672519291219862e-02 9.918320158009966692e-01
7.150247205681738161e-02 6.056351500221272138e-02 9.956000487847965763e-01
2.735467455536538459e-02 5.645088577434100724e-02 9.980305703109922932e-01
-1.541797114701897939e-02 5.791511314625676088e-02 9.982024473195805214e-01
-4.710796956310025346e-02 6.609680175643498079e-02 9.967005829241453174e-01
-5.895492693035758042e-02 8.026585246070158663e-02 9.950284968379743411e-01
-4.523599962710861400e-02 9.677638097909931070e-02 9.942776455407826841e-01
-6.846525668273394094e-03 1.096047998100094789e-01 9.939516652961996046e-01
4.544604733355708109e-02 1.131598044847124118e-01 9.925369088506533766e-01
9.360374617646510798e-02 1.062298397566635438e-01 9.899260375640294152e-01
1.261332216962271213e-01 5.476545102100606813e-03 9.919981944731126600e-01
1.268580867706244897e-01 1.150541435335760559e-02 9.918541481797261694e-01
1.063934479525251164e-01 1.610986670553512384e-02 9.941935960502309433e-01
7.104581976933826981e-02 1.760836582858598190e-02 9.973176208941876286e-01
2.945400725433398523e-02 1.598895396822263421e-02 9.994382496220947099e-01
-8.906268610866121746e-03 1.249009115622876954e-02 9.998823310781079776e-01
-3.491493632421668880e-02 8.508765161867612795e-03 9.993540654528453304e-01
-4.118977579620591856e-02 4.754812535235859727e-03 9.991400272872364985e-01
-2.413216744220379392e-02 1.354859962129192430e-03 9.997078587511600833e-01
1.340420207451256673e-02 -1.247081912514925311e-03 9.999093819709665709e-01
6.068133144914247129e-02 -1.882973740189013406e-03 9.981554139628767697e-01
1.023932236230006010e-01 4.276998095629283851e-04 9.947439091690540858e-01
1.503944333000978573e-01 -7.828709225407921857e-02 9.855215094651702534e-01
1.459663529014466610e-01 -5.253413422647780495e-02 9.878937131908624991e-01
1.186255823057311282e-01 -3.293041344153281591e-02 9.923928451440610088e-01
7.667823749625228558e-02 -2.338614494503305288e-02 9.967815889748220526e-01
3.001752781479760310e-02 -2.455854447879342664e-02 9.992476299280302898e-01
-1.124102677561938934e-02 -3.519598361434056466e-02 9.993172079247768513e-01
-3.759437724360339961e-02 -5.333989826958997205e-02 9.978684873530255794e-01
-4.127284690567174785e-02 -7.640003036452033824e-02 9.962226595840647514e-01
-1.843055001501371290e-02 -9.982767609571606415e-02 9.948340313395530599e-01
2.729644885458339110e-02 -1.160715240536102921e-01 9.928657034986421159e-01
8.236405914913134951e-02 -1.175144625187623387e-01 9.896496919917935342e-01
1.279253505232954835e-01 -1.029070643416935132e-01 9.864305554889281069e-01
1.928709025423236967e-01 -1.470410899955053863e-01 9.701441814520450624e-01
1.814877274687113351e-01 -1.012153720299843879e-01 9.781705644943854416e-01
1.420561264376887234e-01 -6.828337396238888524e-02 9.875006014082554628e-01
8.686768595751849509e-02 -5.306426558602004434e-02 9.948056035499616145e-01
2.798792217709775154e-02 -5.586248803437549038e-02 9.980461204989629076e-01
-2.341054049569921136e-02 -7.502937952896369944e-02 9.969064844814981008e-01
-5.674435761485083218e-02 -1.082350030055024143e-01 9.925045400416087071e-01
-6.215158091034452686e-02 -1.515683893533499027e-01 9.864908536521672655e-01
-3.260741610130071105e-02 -1.963056320857957948e-01 9.800004363400298679e-01
2.994167320477705493e-02 -2.264635431141929223e-01 9.735593252832558386e-01
1.067336851628056388e-01 -2.257373450447543450e-01 9.683235882202890776e-01
1.674063451521045631e-01 -1.942979357062389334e-01 9.665523409433911528e-01
2.519091902781894210e-01 -1.879857725453215056e-01 9.493171804902058586e-01
2.305128004321712332e-01 -1.234514443662731997e-01 9.652065010767779674e-01
1.739799758538774499e-01 -8.092205575650390781e-02 9.814186613744079191e-01
1.002200988333475234e-01 -6.356787108015261867e-02 9.929325543843635637e-01
2.348468849893433491e-02 -6.979357253261680993e-02 9.972849776463568183e-01
-4.443312074479008333e-02 -9.713754397069043756e-02 9.942786306323539991e-01
-9.196696019787690968e-02 -1.435032744414490302e-01 9.853673875547988015e-01
-1.060152170403919486e-01 -2.054110170333340868e-01 9.729167938921813308e-01
-7.257325197844917419e-02 -2.723048027355426948e-01 9.594702796358295371e-01
1.447492820631689908e-02 -3.191651297854561919e-01 9.475885691492582641e-01
1.313224340541263857e-01 -3.143095324766165266e-01 9.401935631074355149e-01
2.203833603190329393e-01 -2.608018545272055011e-01 9.399008283695793331e-01
3.227432582500308067e-01 -1.841143203130518879e-01 9.284065415052914494e-01
2.861500647637502115e-01 -1.082874487702871619e-01 9.520462010188938118e-01
2.091003059680583420e-01 -6.437041871675511229e-02 9.757732888525896264e-01
1.148182955923061355e-01 -5.028603249278973397e-02 9.921129340621438475e-01
1.817345524477888968e-02 -6.116003036700089907e-02 9.979625124271607195e-01
-6.981783174625384725e-02 -9.345694985853812697e-02 9.931723258797289233e-01
-1.377005647946324962e-01 -1.457659294194051935e-01 9.796891590071047373e-01
-1.694937948312844889e-01 -2.171751943907706817e-01 9.613047323586701998e-01
-1.412120312147156220e-01 -3.008645482040098185e-01 9.431541156535785397e-01
-2.658960118226048538e-02 -3.681339678730783938e-01 9.293924761945207003e-01
1.568317524051077994e-01 -3.596750429457610809e-01 9.198030576810614090e-01
2.871491284032175462e-01 -2.807458938076374255e-01 9.158204633919262427e-01
5.955419574215767842e-01 1.322484271931493871e-01 7.923636352430785124e-01
4.420019908089399263e-01 1.583727290986119973e-01 8.829226006841485175e-01
2.885668761854031095e-01 1.221764219682056757e-01 9.496326025804340265e-01
1.458198620978553572e-01 5.434363060535182810e-02 9.878174616953280252e-01
1.610517930505895451e-02 -3.378201494675698441e-02 9.992994539504411744e-01
-9.810437339245295374e-02 -1.401960926750003833e-01 9.852515351523727372e-01
-1.886517302685328523e-01 -2.671304457604838922e-01 9.450142060385815501e-01
-2.331160597591181161e-01 -4.164719584104140115e-01 8.787536688629582482e-01
-1.762865253130781185e-01 -5.776579874975598106e-01 7.970158784323718715e-01
9.988397791990401287e-02 -6.694504397761057435e-01 7.361109288949766460e-01
6.095032144302943156e-01 -3.465069328687487848e-01 7.130489303497414832e-01
7.041751195262158092e-01 -1.769226940927871514e-02 7.098058781407290407e-01
5.304260819861321696e-01 3.500859863385141213e-01 7.720673375544090389e-01
3.978215315301651400e-01 2.893823281477485576e-01 8.706295981682977692e-01
2.612134808389846019e-01 2.033776964043225166e-01 9.436127542765946341e-01
1.251845199256605146e-01 1.097576735745330601e-01 9.860436547447538613e-01
-9.227864427053169422e-03 1.247166850071512907e-02 9.998796447587134928e-01
-1.418424155934758235e-01 -8.898735568978857757e-02 9.858813212887218569e-01
-2.702113884906288122e-01 -1.952399605809739536e-01 9.427975197900977378e-01
-3.833193088547792726e-01 -3.024408382587497890e-01 8.726945896545628134e-01
-4.417601502866670415e-01 -3.961873276534491062e-01 8.049121511230203918e-01
-2.881707247720733389e-01 -4.397422733871126366e-01 8.506376234217570831e-01
5.880860548928288356e-01 1.175120728764371819e-01 8.002160363108353769e-01
6.392482931823639802e-01 3.332090328779264699e-01 6.930608631800565522e-01
3.345859854217242413e-01 4.992075056908705788e-01 7.992772263872955918e-01
2.883372520435850128e-01 3.739983520639365011e-01 8.814685823881174276e-01
2.006265493380809117e-01 2.581914441563917251e-01 9.450323623374748960e-01
9.167415970920606005e-02 1.542675503532116854e-01 9.837669293838692264e-01
-3.059742338541870943e-02 6.147872951832807076e-02 9.976392952860576591e-01
-1.637918211322789697e-01 -1.967405540440967521e-02 9.862987229405882905e-01
-3.068577735660109607e-01 -8.315617797442734216e-02 9.481156874911432775e-01
-4.541822604644010219e-01 -1.086910115546797784e-01 8.842537748219072569e-01
-5.767289275157297945e-01 -4.328095727741856913e-02 8.157882708790300530e-01
-5.435035496708598979e-01 2.126574640331129473e-01 8.120225948124771831e-01
7.605846940695154892e-03 6.527930346586683363e-01 7.574981221055546721e-01
2.871234176295322515e-01 6.192722050678043377e-01 7.307955111242814272e-01
1.582027287344680844e-01 5.004752678985847636e-01 8.511735444919433791e-01
1.749339664344078671e-01 3.803614908456420807e-01 9.081427441043345983e-01
1.335706473938099159e-01 2.693043245580357681e-01 9.537473789894430620e-01
5.713950358493125742e-02 1.742271891565283504e-01 9.830462673184774403e-01
-4.204084886187360592e-02 9.684870615907111013e-02 9.944108281501826685e-01
-1.575163982170347809e-01 4.073726639923906656e-02 9.866757620512154325e-01
-2.836319089723350340e-01 1.549049950668240916e-02 9.588081062640164687e-01
-4.072382606665821969e-01 4.128750343027282749e-02 9.123882622599055470e-01
-4.902272527321964724e-01 1.502658465711206315e-01 8.585437764219713275e-01
-4.443363425972989833e-01 3.613233121678725568e-01 8.197625746100506428e-01
-1.891414192172167774e-01 5.910642104398821095e-01 7.841355894700519080e-01
4.605275055998412498e-02 5.999786037610322920e-01 7.986894385146747766e-01
6.072104137635109949e-02 4.118426701776458643e-01 9.092296575427019079e-01
9.775085830758233063e-02 3.264542623835633983e-01 9.401448740869725595e-01
8.323609738794927881e-02 2.411263394268761129e-01 9.669177010097451674e-01
3.275668194914466147e-02 1.668712398475861169e-01 9.854344164374051473e-01
-4.171936621705638754e-02 1.089613478841739980e-01 9.931701360540312606e-01
-1.311988631075591272e-01 7.321440980027700551e-02 9.886488297250624058e-01
-2.262863777013677802e-01 6.855460253554350458e-02 9.716453785912912977e-01
-3.113510829224498400e-01 1.069504687294348250e-01 9.442574333314012192e-01
-3.572169424948938299e-01 1.978644616345411333e-01 9.128229350847713031e-01
-3.224897640507761731e-01 3.306419965189105192e-01 8.869476998225144238e-01
-1.926039326016059650e-01 4.495805767290290134e-01 8.722276252070502167e-01
-4.090997508432284852e-02 4.691434437452031703e-01 8.821739075316752388e-01
3.433305533435119378e-02 2.929998120795311300e-01 9.554958667794418714e-01
6.621798650063059899e-02 2.433537761715370840e-01 9.676745929737589069e-01
6.009008092687016800e-02 1.884176533236980589e-01 9.802489327156920229e-01
2.458877345928808106e-02 1.375869828454445998e-01 9.901844345227769351e-01
-3.046791140720385427e-02 9.720456571243214772e-02 9.947979587731352602e-01
-9.559729817496273596e-02 7.373885946148019122e-02 9.926851148209159259e-01
-1.606129087726107241e-01 7.428880246386229680e-02 9.842177946795541699e-01
-2.122980609441647848e-01 1.046936892645759648e-01 9.715805497988405648e-01
-2.330082688244081157e-01 1.648256569325070864e-01 9.584047419937887780e-01
-2.055681972267092705e-01 2.413366461522072348e-01 9.484188629045022800e-01
-1.298746223588118920e-01 3.039906362575915955e-01 9.437808408389944947e-01
-3.693299781362433670e-02 3.202445769331044301e-01 9.466146864578294240e-01
5.714526046019521854e-02 1.740174733602907475e-01 9.830830779606334335e-01
7.425538984045372548e-02 1.541759803853746669e-01 9.852491584121225721e-01
6.423458267874478100e-02 1.261297976339535998e-01 9.899319130812207490e-01
3.302233163778478531e-02 9.522844725964169088e-02 9.949075677899444914e-01
-1.094041083864633057e-02 6.697432885303548911e-02 9.976947161760576499e-01
-5.849990287332115790e-02 4.758953855114281956e-02 9.971524443054646802e-01
-1.001981645099300211e-01 4.305268526912210680e-02 9.940356100864574662e-01
-1.262425645196145751e-01 5.702564141201599962e-02 9.903589708408783165e-01
-1.274113925865070218e-01 8.824429830007124442e-02 9.879166365927258830e-01
-9.872107741691824034e-02 1.284143534098766970e-01 9.867947622032154920e-01
-4.571754167612114561e-02 1.631239108028746665e-01 9.855457859012155541e-01
1.331260014351530810e-02 1.789834849287181007e-01 9.837620071948596223e-01
1.133434585694811370e-01 6.756182636733452929e-02 9.912561021337312761e-01
1.125812214628011260e-01 7.305301166983887984e-02 9.909534429326173344e-01
9.056159664300868217e-02 6.640823209504043145e-02 9.936742644968419302e-01
5.426375012018792160e-02 4.939639109078781953e-02 9.973040870116667289e-01
1.236890597909220610e-02 2.641583975240719556e-02 9.995745162691700436e-01
-2.599074991255113237e-02 3.423501739647972879e-03 9.996563212198912307e-01
-5.197737044040016963e-02 -1.364788702326797006e-02 9.985550000585490249e-01
-5.810213541306025187e-02 -2.034301050042036305e-02 9.981033532576735201e-01
-4.033731093779614751e-02 -1.457780866897394161e-02 9.990797710096692708e-01
-1.351747727860975632e-03 2.758542217545526410e-03 9.999952816003997436e-01
4.755033635580104695e-02 2.709131758891693970e-02 9.985013900962323996e-01
9.011388610051956904e-02 5.093168586548815768e-02 9.946282978613385506e-01
1.945620581305421981e-01 -1.877064484890387033e-02 9.807105936146739422e-01
1.733594249898210982e-01 1.016704987553960354e-02 9.848061437988662181e-01
1.324069761722941607e-01 1.954643769585101901e-02 9.910026889137650841e-01
8.241134081471078454e-02 9.588442531386520695e-03 9.965522729265059443e-01
3.364509848093928668e-02 -1.541931121625951182e-02 9.993148914079490464e-01
-4.153780747015215456e-03 -4.935912286939909271e-02 9.987724581179219241e-01
-2.179795281019158287e-02 -8.567602198292385840e-02 9.960845689550852367e-01
-1.191040687038949150e-02 -1.173906538929019860e-01 9.930143889121614276e-01
2.751738034397147731e-02 -1.360666740917708395e-01 9.903174511138314040e-01
8.774299026023540948e-02 -1.327177796246583330e-01 9.872624568124697131e-01
1.481332776022357967e-01 -1.045216824311938769e-01 9.834285688185143703e-01
1.870223644503600235e-01 -6.127417700823950542e-02 9.804428134405958062e-01
2.966250737895041456e-01 -7.514803707155803814e-02 9.520327400481242153e-01
2.501714087811319764e-01 -2.393558336872539383e-02 9.679056535001766548e-01
1.829772642664437010e-01 -4.661903009265156578e-03 9.831060916410072625e-01
1.112335035808812850e-01 -1.514155850955231815e-02 9.936789425598485659e-01
4.711843013643366579e-02 -4.944909348240171532e-02 9.976645932852147292e-01
1.046257941190998275e-03 -1.010140881925293554e-01 9.948844452150117368e-01
-1.641769215506692567e-02 -1.629777517156572875e-01 9.864931382579590347e-01
5.041370533846858959e-03 -2.256529672366534844e-01 9.741947048513446283e-01
7.024609453499591760e-02 -2.718391999451080787e-01 9.597754610197042346e-01
1.666037430071886649e-01 -2.772405903982173569e-01 9.462456593570622854e-01
2.569677826830528700e-01 -2.294916367370523624e-01 9.387764096581925344e-01
3.033761977042549463e-01 -1.510440589612116469e-01 9.408233494760127602e-01
4.141710527006318698e-01 -8.493489694420137959e-02 9.062275665558722215e-01
3.346586101181033279e-01 -1.652975825680198102e-02 9.421944500822574398e-01
2.344782234594946224e-01 2.871017806832039995e-03 9.721171328497695274e-01
1.350202430936216780e-01 -1.715857097129697140e-02 9.906942603029154082e-01
4.873383962197087860e-02 -6.727186947194827016e-02 9.965437815035007585e-01
-1.450763210916892511e-02 -1.408696124728912591e-01 9.899218559524801675e-01
-4.260829702858590778e-02 -2.325119773874902707e-01 9.716597724489764998e-01
-1.909171794421732696e-02 -3.322034840860708660e-01 9.430145022570731728e-01
7.224234661069070529e-02 -4.140518279636593579e-01 9.073820182902276876e-01
2.246246559412887756e-01 -4.284186860755123116e-01 8.752149412370398007e-01
3.739283364655395792e-01 -3.385837705352659488e-01 8.634457884073366563e-01
4.392105237304265719e-01 -2.019728798759087562e-01 8.753862414037272277e-01
5.298486735879452958e-01 -2.312352988109823287e-02 8.477769078376522494e-01
4.094933080825963190e-01 4.454659563875811024e-02 9.112249071731101102e-01
2.752565482164953115e-01 4.724945733309224988e-02 9.602089988359643336e-01
1.483141839480360824e-01 7.325801523200858346e-03 9.889131587110658872e-01
3.749168463868707973e-02 -6.255572101133621832e-02 9.973370319765489933e-01
-5.027649862252665802e-02 -1.572399034867640599e-01 9.862798215707739846e-01
-1.031107890534631172e-01 -2.751218003468237638e-01 9.558640908386467627e-01
-9.800070693314721915e-02 -4.110728399372361452e-01 9.063194700029045814e-01
2.817074884978586647e-03 -5.387815032903521262e-01 8.424408322258554183e-01
2.293410005769369597e-01 -5.758813496526988818e-01 7.847059172561052787e-01
4.947183458566277170e-01 -4.051320451529511479e-01 7.688444473774128651e-01
5.867238676455264201e-01 -1.790140991389831959e-01 7.897525279760566619e-01
6.462061051561038827e-01 5.122689705800527182e-01 5.656838087126028203e-01
4.418627402521270731e-01 4.250219176531519483e-01 7.900086634280509834e-01
2.724682418650328231e-01 2.845431335353083013e-01 9.191279901802655861e-01
1.339576865187022126e-01 1.265478727888280919e-01 9.828738342814322682e-01
2.198980632018333534e-02 -4.394394699362263318e-02 9.987919592891046916e-01
-6.301267376719194013e-02 -2.336501329189207554e-01 9.702767740865710921e-01
-1.084561387785420439e-01 -4.518863336393117436e-01 8.854580777379703616e-01
-7.610960209051628733e-02 -6.971308295588747317e-01 7.128926531731873961e-01
1.186597304405904441e-01 -9.091371444622295961e-01 3.992361718719035779e-01
5.777413300509225413e-01 -8.149425118563428105e-01 -4.564710199085024456e-02
9.902313313470620937e-01 -4.330569704735175163e-02 -1.325387755406814971e-01
8.727430839127878759e-01 4.342629087283023104e-01 2.230139806949256176e-01
4.183585387972040825e-01 7.637165949427794365e-01 4.916432605296292002e-01
3.159841917421449264e-01 5.656564043375863493e-01 7.616999558887054267e-01
2.020692591461338838e-01 3.653878083907313723e-01 9.086582217684838758e-01
8.693795770904996778e-02 1.755540472441234345e-01 9.806235608049340691e-01
-2.654075505740749810e-02 -1.037951138550656863e-02 9.995938445510720305e-01
-1.385645539748042165e-01 -2.048250391076823496e-01 9.689409516251196175e-01
-2.460268043797112780e-01 -4.210188851237390284e-01 8.730486297428934339e-01
-3.332485526726740033e-01 -6.655455663549071366e-01 6.678281974031984314e-01
-3.535407251292879693e-01 -9.012078675510689640e-01 2.506657837425791402e-01
-1.692540677314584574e-01 -8.267215589955012600e-01 -5.365487158202709717e-01
4.345702190065335313e-01 5.049675336947843096e-01 -7.457590191654609457e-01
4.858768422406285481e-01 8.740049852901797811e-01 6.243385473114198593e-03
9.089813621159446855e-02 8.216507625961111394e-01 5.626966795339890526e-01
1.379855372954263415e-01 6.027605777463994619e-01 7.859005518588433326e-01
1.039660399223007597e-01 3.933385157911251095e-01 9.134965104138158543e-01
2.911009176919894526e-02 2.043221212091632655e-01 9.784707830802406026e-01
-7.132356909977187465e-02 2.990184009026057577e-02 9.970049289998544895e-01
-1.953267350131572266e-01 -1.384080512444269273e-01 9.709225911162023825e-01
-3.476784438118835086e-01 -3.045625517753852707e-01 8.867701797899211202e-01
-5.370035481063183402e-01 -4.544744586143648624e-01 7.106899153559541604e-01
-7.711852926979541056e-01 -5.085949560355232935e-01 3.828895598234572373e-01
-9.767997177574376799e-01 -1.845192866338204729e-01 -1.086965696292072209e-01
-6.174306854709732395e-01 7.447933312529900762e-01 -2.531052001834782628e-01
-1.244182271434805948e-01 9.723658142284449246e-01 1.975470275001028897e-01
-1.155389145444449539e-01 6.987389444119984638e-01 7.059848771665683254e-01
-1.271717876589981708e-03 5.368933183622525140e-01 8.436491850476506293e-01
1.878396597096529050e-02 3.645980794363269384e-01 9.309755115434624750e-01
-1.965910551972859660e-02 2.054008273707945420e-01 9.784804646418241436e-01
-9.846983271068510124e-02 6.286425402844127153e-02 9.931524442960500965e-01
-2.125234171477444756e-01 -6.236583116874658966e-02 9.751637299790385516e-01
-3.638395896589031731e-01 -1.628631459066576526e-01 9.171130512113522260e-01
-5.535174521252237412e-01 -2.120525765689758035e-01 8.053894306255046098e-01
-7.612100645280750477e-01 -1.447082575945953520e-01 6.321540617960028641e-01
-8.876275406427103221e-01 1.378760907398660640e-01 4.394400217264156638e-01
-7.189512126493897703e-01 5.861378231548087792e-01 3.735660665763378407e-01
-3.674842505666716108e-01 7.694103679139073781e-01 5.224586216458425580e-01
-1.730782942558047044e-01 5.179326597478441929e-01 8.377288726216511883e-01
-6.510042133931447095e-02 4.200266541357781658e-01 9.051737650622032616e-01
-2.831765429065362036e-02 3.002047117211659732e-01 9.534543730645612669e-01
-4.521193455122785032e-02 1.829123517538175647e-01 9.820890756697977508e-01
-1.021613016666834267e-01 7.833589165531867904e-02 9.916786558761423453e-01
-1.921851093479516326e-01 -5.983489750773843957e-03 9.813404514212221708e-01
-3.114322054766449632e-01 -5.820885130151631781e-02 9.484839012983237172e-01
-4.508509676768721608e-01 -5.730961802903671021e-02 8.907575498563954364e-01
-5.813449127040495323e-01 2.625987496783677155e-02 8.132333683756017839e-01
-6.391406525985044995e-01 2.074893149843854145e-01 7.405723532263333020e-01
-5.518049946468278621e-01 4.278859914361921590e-01 7.158385475898397798e-01
-3.548174195549774201e-01 5.410650821911250352e-01 7.624651963295356882e-01
-1.351974555707669279e-01 3.491218743154330673e-01 9.272731878370613634e-01
-6.146024519103848033e-02 2.979847630985611451e-01 9.525900058378948820e-01
-3.274240246871853305e-02 2.246443671406153642e-01 9.738905705430418447e-01
-4.305295288176415325e-02 1.462470769329938525e-01 9.883107991603387044e-01
-8.373141634802694355e-02 7.411624905339730951e-02 9.937282483368626851e-01
-1.475876514765805392e-01 1.845766331360543938e-02 9.888767364017957417e-01
-2.278357087883862431e-01 -9.214181378556533450e-03 9.736559909242339383e-01
-3.134816356456947561e-01 3.791142502015295169e-03 9.495866950160334330e-01
-3.831483350102414254e-01 6.674563814359861513e-02 9.212721493497867398e-01
-4.046174578107843978e-01 1.732515279679145426e-01 8.979246187134231061e-01
-3.530548193357013753e-01 2.869743332245597300e-01 8.905043664207253906e-01
-2.451971317240904114e-01 3.520606326274677844e-01 9.032893653465224881e-01
-4.623251552902638006e-02 2.133574537748666178e-01 9.758796808144530877e-01
-1.052255729440451128e-02 1.942664305125151869e-01 9.808923640052364945e-01
-1.693394329168558489e-03 1.548801831961192088e-01 9.879318100297144190e-01
-1.658024859368046125e-02 1.048191814327478905e-01 9.943530733900662888e-01
-4.880756763938499943e-02 5.386535571381401155e-02 9.973546735214871006e-01
-9.155493133056018251e-02 1.242396958069866622e-02 9.957225213525995322e-01
-1.377961756400915283e-01 -9.184211156636480980e-03 9.904180249996705765e-01
-1.789822377664648245e-01 -2.732036107330171847e-03 9.838485119889448516e-01
-2.037632795550912423e-01 3.447494420186730801e-02 9.784130028405250146e-01
-1.999388389953421774e-01 9.501969605376994754e-02 9.751900932757393559e-01
-1.625137434478799159e-01 1.592307222831683966e-01 9.737735159017986142e-01
-1.031560726536916162e-01 2.027375246545808363e-01 9.737845350854443804e-01
7.227622752117102145e-02 1.135977137503371981e-01 9.908943971816763785e-01
7.125911268763303330e-02 1.183604258993016523e-01 9.904104949161650628e-01
5.398376278705259435e-02 1.009665910218549567e-01 9.934241293891789004e-01
2.608401302785057913e-02 6.661504756372300939e-02 9.974377472816507995e-01
-5.786313216204048981e-03 2.376275565649737381e-02 9.997008802751258250e-01
-3.482571319338869514e-02 -1.741640637415640264e-02 9.992416316835762702e-01
-5.444906915262171659e-02 -4.687078648963868832e-02 9.974158752709397779e-01
-5.895576901797264929e-02 -5.655899789137032452e-02 9.966570609076078613e-01
-4.520110107508412689e-02 -4.232752100465505402e-02 9.980807790089251119e-01
-1.526192242065344852e-02 -6.195762287439620340e-03 9.998643339241750638e-01
2.216111160950295922e-02 4.177653286322840359e-02 9.988811773349982603e-01
5.470401254682995262e-02 8.607724306316552609e-02 9.947854940830430648e-01
2.124220418521387543e-01 5.203489633261097758e-02 9.757915995226128514e-01
1.727461482524546288e-01 7.646199958081524584e-02 9.819940584768936942e-01
1.232636183335875935e-01 7.036590101246005535e-02 9.898761136475981992e-01
7.471497272390431599e-02 3.878807537167795749e-02 9.964502787694882180e-01
3.531124310030676200e-02 -9.390535140522189572e-03 9.993322440312322197e-01
1.233716220896081961e-02 -6.379696777903845484e-02 9.978866375150030610e-01
1.278501708090593221e-02 -1.136534731810127513e-01 9.934381869910602347e-01
4.155695851796462753e-02 -1.477352763531425694e-01 9.881534836853390624e-01
9.636949929815402660e-02 -1.543957480840194296e-01 9.832979571719862033e-01
1.617462069027148508e-01 -1.257326659237698596e-01 9.787897942215957325e-01
2.121586610101751647e-01 -6.730366418125804939e-02 9.749148267135537838e-01
2.292488856322783819e-01 -3.925962418968169691e-04 9.733677590224740772e-01
3.698364931169896286e-01 3.858151796427405217e-02 9.282954458740630965e-01
2.841804494775896361e-01 7.776408733095108161e-02 9.556119603982885513e-01
1.950971862454786432e-01 7.077208354940457691e-02 9.782271720357915701e-01
1.188153277783290662e-01 2.812085164801335010e-02 9.925180782168893101e-01
6.445503266583592350e-02 -3.880317968019829367e-02 9.971659149863532079e-01
3.963090504036117373e-02 -1.195494242998088597e-01 9.920369582405281772e-01
5.338089390927031053e-02 -2.029180615314925828e-01 9.777396077022029175e-01
1.141823983219216604e-01 -2.725130006310209629e-01 9.553528376472314454e-01
2.196729827131112256e-01 -3.022786851587187518e-01 9.275620610852125525e-01
3.396360980417735265e-01 -2.650789283350369341e-01 9.024303201132276575e-01
4.190981638039243395e-01 -1.648247839843469953e-01 8.928547024465569582e-01
4.252569810784430637e-01 -4.862686333066984501e-02 9.037654165803928885e-01
5.315535683502314868e-01 9.533099798143476744e-02 8.416429200070180139e-01
3.899537269620183544e-01 1.353416476747299757e-01 9.108340843607286574e-01
2.563348571268967979e-01 1.093104635395457519e-01 9.603872466783238693e-01
1.485987588005221183e-01 4.004537986761947527e-02 9.880864215411652163e-01
7.358137751842633301e-02 -5.785192842452167167e-02 9.956098308373441119e-01
3.788106470486413135e-02 -1.758376777055212226e-01 9.836900609622097891e-01
5.399039619222355257e-02 -3.051350049771615613e-01 9.507774007919767012e-01
1.405873506319604282e-01 -4.254895119364502376e-01 8.939764382100277018e-01
3.080417411599777888e-01 -4.890184886891938976e-01 8.160705872798550420e-01
5.155469570908917110e-01 -4.265481814814374717e-01 7.431473500653226205e-01
6.485316274718057050e-01 -2.342177283906607677e-01 7.242574016717131524e-01
6.396426882924636237e-01 -3.188346735552025080e-02 7.680108565790627617e-01
6.549899918934304344e-01 2.524787496081306593e-01 7.122096541860284402e-01
4.584983533942034728e-01 2.577916196183923647e-01 8.504838274708470536e-01
2.888567055623698088e-01 1.863692705471716726e-01 9.390571327919303712e-01
1.554704512304155017e-01 7.551436321212043334e-02 9.849500087532332415e-01
5.868214441146100274e-02 -6.064425174059879381e-02 9.964329785079344415e-01
2.129105993400604892e-03 -2.195835426750745445e-01 9.755913769062377616e-01
9.340029397057812537e-04 -4.000990561459081829e-01 9.164714250372782978e-01
8.849853615244245020e-02 -5.858160725624916854e-01 8.055976279920786798e-01
3.104343676918000505e-01 -7.086448525758098915e-01 6.336031693999374381e-01
6.508169534158181335e-01 -6.123545007518542693e-01 4.488421309941961201e-01
8.814651873246333036e-01 -2.300464973396920132e-01 4.124290637145158755e-01
8.349786510072951806e-01 1.053120487807524958e-01 5.401111225883521438e-01
5.098842606860898297e-01 7.835440996205967901e-01 3.550727878256639269e-01
3.300051317872678136e-01 6.378374244400394355e-01 6.958879457050919370e-01
1.919478149914292664e-01 4.173229998221346104e-01 8.882553406197526424e-01
9.565607495765375556e-02 1.847513520513064944e-01 9.781190383787808917e-01
3.591521731075390106e-02 -5.184777747475787651e-02 9.980089704688945851e-01
1.292921554730912942e-02 -3.033614903696186249e-01 9.527878260903277496e-01
4.135230868879589960e-02 -5.751958184854090161e-01 8.169698629466465301e-01
1.573602474993897882e-01 -8.296847785952161658e-01 5.355939886465000965e-01
4.004548226112696341e-01 -9.137404737277404765e-01 6.866062714130144462e-02
7.087067854830747526e-01 -5.586106366290933822e-01 -4.309162898462373104e-01
8.302492124125111506e-01 1.967447587634448547e-01 -5.215148561522245929e-01
7.057660370476113165e-01 6.974249528567048051e-01 -1.244698199673657801e-01
1.688200537999650086e-01 9.536934984379862312e-01 2.489347313496107772e-01
1.386821957826721574e-01 7.442680613822768576e-01 6.533240401050709467e-01
8.632349217275739339e-02 4.776216083135752521e-01 8.743145051816573199e-01
2.891054882956837699e-02 2.151927282264666785e-01 9.761435703239242923e-01
-2.726588810347329098e-02 -4.120419958522437281e-02 9.987786467894401721e-01
-8.086976404987190892e-02 -3.083195802419125275e-01 9.478391834601039845e-01
-1.264679438231641473e-01 -5.973346476977705599e-01 7.919578131725752979e-01
-1.447311691040618631e-01 -8.763460466037731322e-01 4.594240908918594268e-01
-1.009860806920175186e-01 -9.874722137804859967e-01 -1.212453649337227601e-01
1.254097457809029946e-02 -5.967364726063636438e-01 -8.023392712674993765e-01
1.009785600840591158e-01 3.737392364985213655e-01 -9.220207771545867459e-01
1.536749757358216173e-01 9.218284038940117719e-01 -3.558319766502203163e-01
-2.039804166178043610e-01 9.168170555154893098e-01 3.432760934763675054e-01
-7.473457332989806579e-02 7.203251336909219926e-01 6.895987567581686184e-01
-3.276974197300851904e-02 4.671238319200021749e-01 8.835844439913205228e-01
-4.333421008589363049e-02 2.185475705194924456e-01 9.748636343900942691e-01
-8.861933244391861919e-02 -2.026142764929229553e-02 9.958594722483785633e-01
-1.659383043273353897e-01 -2.609491893331402634e-01 9.509837010923760658e-01
-2.806032479185309181e-01 -5.085436753614981376e-01 8.140301883268002969e-01
-4.373949561326607727e-01 -7.279433791383719266e-01 5.280000843924558263e-01
-6.243171581366925293e-01 -7.797460482143041549e-01 4.716128020152640654e-02
-7.740075025066027736e-01 -4.084583123424834761e-01 -4.838121465423442236e-01
-7.154746276041022979e-01 3.861649830933128746e-01 -5.822135888891425415e-01
-4.458240221088375921e-01 8.816206553399241752e-01 -1.548740177970110987e-01
-4.032460772476581523e-01 7.247371302424384654e-01 5.587026876901314276e-01
-2.121330184534477581e-01 5.912629901978790903e-01 7.780794682447641497e-01
-1.187529127264078943e-01 3.966019436064840420e-01 9.102772347184395763e-01
-9.697345510413993286e-02 1.961491043909629750e-01 9.757672252395220847e-01
-1.287118815284958306e-01 2.974882569535000632e-03 9.916775693879423814e-01
-2.105093176403866617e-01 -1.831024582434193082e-01 9.602912667372993649e-01
-3.493456013468322907e-01 -3.554987153271751965e-01 8.669361650205708036e-01
-5.516931134396791947e-01 -4.769383415697732165e-01 6.842254942077693469e-01
-7.949778567300486154e-01 -4.514059931573500828e-01 4.052688449049187125e-01
-9.784368533182314920e-01 -1.609989012816801790e-01 1.293857714543014681e-01
-9.414469881877343127e-01 3.299986747180236324e-01 6.912628383225920270e-02
-6.859816976026030799e-01 6.734823094379156494e-01 2.754100387216327772e-01
-4.098470346176654178e-01 5.016096660155556775e-01 7.618485093343064785e-01
-2.440712235958183984e-01 4.287434924357079180e-01 8.698323145907891352e-01
-1.494379256166604719e-01 3.015067243805211183e-01 9.416804136970152728e-01
-1.176747904355648078e-01 1.595797027499371024e-01 9.801463983334850472e-01
-1.378673142446591171e-01 1.993635086024875269e-02 9.902500419476650828e-01
-2.065287323261302821e-01 -1.083778659033578784e-01 9.724197246591170796e-01
-3.259494315446134216e-01 -2.119192104023099044e-01 9.213290488953181923e-01
-4.937038161505610256e-01 -2.614118699034603255e-01 8.294096552319701887e-01
-6.803885164639401628e-01 -2.080444035587647178e-01 7.027012116196711400e-01
-8.089714870020400239e-01 -1.757354515487182661e-02 5.875851459392722465e-01
-7.894584091772972601e-01 2.536751902880002296e-01 5.589314072511627485e-01
-6.216966136415347233e-01 4.546838157662097535e-01 6.377742141753400817e-01
-3.049273552231875350e-01 3.211642984756673536e-01 8.965895389872160504e-01
-1.960710310587293337e-01 2.879905520214415260e-01 9.373460368113816221e-01
-1.285808140834786839e-01 2.136410147502585954e-01 9.684133885206243075e-01
-1.037122461551431424e-01 1.212592299100675175e-01 9.871879097513747148e-01
-1.168154891626882602e-01 2.654261945504421058e-02 9.927988874107582795e-01
-1.648565312453210419e-01 -5.766272220427626216e-02 9.846305574039077024e-01
-2.462379946796192098e-01 -1.169246645167254378e-01 9.621306942426752773e-01
-3.543302073407383346e-01 -1.325840110738419619e-01 9.256735840313518038e-01
-4.662947740893256809e-01 -8.506039976186249851e-02 8.805304719596518392e-01
-5.381355374504614986e-01 2.901114125333427093e-02 8.423588884888572048e-01
-5.267769294958637438e-01 1.742444205053599038e-01 8.319524917166599698e-01
-4.324051718443100434e-01 2.854334318044690066e-01 8.553090221495619483e-01
-1.535662160205011617e-01 2.002032111716908480e-01 9.676446101404398981e-01
-1.020268013152466485e-01 1.903365304697106908e-01 9.764028558860065043e-01
-7.093896716225125965e-02 1.493511425134084747e-01 9.862362288864611193e-01
-6.199515791011658145e-02 8.936208611146924385e-02 9.940679141595271107e-01
-7.286813495022531617e-02 2.316177951752721939e-02 9.970725985997458407e-01
-1.008727376482920074e-01 -3.599777714859098837e-02 9.942478819890618880e-01
-1.432486313501929731e-01 -7.482436744544332385e-02 9.868541653418851922e-01
-1.946122747373943973e-01 -8.137951431277395953e-02 9.774985612122399914e-01
-2.431089985098169037e-01 -4.850517462321343037e-02 9.687854576108668736e-01
-2.700791716361996553e-01 1.967172248820178368e-02 9.626371405585516516e-01
-2.596419662981719334e-01 1.026002385805743211e-01 9.602391579080437056e-01
-2.137501608121680774e-01 1.699688887394775472e-01 9.619882772744895449e-01
1.709829496542797020e-02 1.345050936794258134e-01 9.907653748912522707e-01
1.601608056298143429e-02 1.388826278664634095e-01 9.901793276170248737e-01
8.166054673988582674e-03 1.143039105858481008e-01 9.934122666726873385e-01
-3.795219096718307258e-03 6.834205423358763465e-02 9.976547298215719950e-01
-1.699607373085333314e-02 1.221055832597591449e-02 9.997809938897297410e-01
-2.869719723437900299e-02 -4.109628706955956862e-02 9.987429929966593622e-01
-3.630691188104703815e-02 -7.877156571590020195e-02 9.962313228282583255e-01
-3.756751399517312823e-02 -9.036613662822100268e-02 9.951998006646479711e-01
-3.128973639717345934e-02 -7.039744589253278673e-02 9.970281600877152206e-01
-1.851929568161507847e-02 -2.181081990908612100e-02 9.995905780980025579e-01
-2.968433731582260839e-03 4.168536878759358105e-02 9.991263776070263836e-01
1.027914620932190125e-02 9.957654247741526410e-02 9.949768094490684112e-01
1.999638060882251711e-01 1.214583603537246759e-01 9.722460300535729072e-01
1.451683850461471803e-01 1.344550233941527451e-01 9.802285379784360098e-01
9.490759434019258034e-02 1.112257277286949342e-01 9.892529434010896017e-01
5.778768357840682185e-02 6.118338024060276242e-02 9.964522957015715665e-01
3.796999808554225864e-02 -3.525249555735905475e-03 9.992726614198179647e-01
3.848679486864101107e-02 -6.972510761153347114e-02 9.968235430552396803e-01
6.223352598039194605e-02 -1.237491083126077696e-01 9.903601094732842336e-01
1.095343634942043815e-01 -1.516700160459311109e-01 9.823433358284572314e-01
1.723254938212066267e-01 -1.411560938244544317e-01 9.748737771401870811e-01
2.299075239582534791e-01 -8.862185723801375981e-02 9.691690754698699672e-01
2.572335911327818803e-01 -8.537750717583017512e-03 9.663115369309025482e-01
2.437773051571329452e-01 7.007439227394447745e-02 9.672963377568172261e-01
3.888588634020597179e-01 1.692394582688565574e-01 9.056195614708043573e-01
2.728118715803698469e-01 1.827225482264242529e-01 9.445560613825060292e-01
1.752176728558024477e-01 1.436595094391951988e-01 9.739921521587742159e-01
1.093786615148768238e-01 7.056925253431436951e-02 9.914919510524047297e-01
7.912608471730041282e-02 -2.131712009568102403e-02 9.966366655447862488e-01
8.748125528346006874e-02 -1.191530964683723548e-01 9.890144435629933950e-01
1.396034370236899358e-01 -2.082678563464153698e-01 9.680575294805782161e-01
2.381950726305742116e-01 -2.667394775725306366e-01 9.338699901373447299e-01
3.691174623817244371e-01 -2.644625602110219353e-01 8.909611962434161869e-01
4.870269470937991230e-01 -1.818817274927156113e-01 8.542387195678002865e-01
5.343713341633554714e-01 -4.310287776285288280e-02 8.441501164798416168e-01
4.915156739738849589e-01 9.011662131747844029e-02 8.661935908330292699e-01
5.575463367150712557e-01 2.972697572099884944e-01 7.750953321135355401e-01
3.756991905124315023e-01 2.922094852504523166e-01 8.794678703499755335e-01
2.318512789367623839e-01 2.139841151323526591e-01 9.489234863393652963e-01
1.384971036745337447e-01 9.787078576436349098e-02 9.855150235118342872e-01
9.555167141359835470e-02 -3.809323411370914986e-02 9.946953219980895211e-01
1.051457471470403499e-01 -1.845348918934071880e-01 9.771853690732172915e-01
1.772397728927385674e-01 -3.285357237399166297e-01 9.277124237239183779e-01
3.245224653878479026e-01 -4.376320427406218960e-01 8.385483674930107600e-01
5.361066212503959871e-01 -4.479932238727858396e-01 7.154661152112838929e-01
7.366322747902468437e-01 -3.015110620953087572e-01 6.053626773857819776e-01
8.129719193974190850e-01 -4.285951752804341430e-02 5.807234453923716400e-01
7.311166233213868271e-01 1.866073081533038136e-01 6.562363870181661119e-01
6.338709357017537904e-01 5.180131020072888948e-01 5.743431578953402949e-01
4.107598730421184174e-01 4.587973978225706184e-01 7.878967409816926004e-01
2.431837728172810964e-01 3.146937205161708384e-01 9.175126783353187987e-01
1.351287521446759288e-01 1.397874199431125564e-01 9.809177832873174907e-01
8.075545983409136708e-02 -4.983216118911616699e-02 9.954874742648232022e-01
8.073535559302896791e-02 -2.535958284233745252e-01 9.639351420938724324e-01
1.501303617521224099e-01 -4.659326369989923999e-01 8.719906262451566636e-01
3.176793924891082033e-01 -6.470919669640901040e-01 6.930741590033985267e-01
5.938854751768027906e-01 -6.847385174730037383e-01 4.224135474424298153e-01
8.847139883347441280e-01 -4.369882575065865971e-01 1.622418615714193713e-01
9.933648208110291700e-01 2.918402035274954287e-02 1.112412950810297008e-01
8.667197543173915664e-01 3.952903800937594414e-01 3.042077955628652020e-01
2.937125144971836632e-01 9.258179461870922333e-01 2.378951225765629784e-01
1.438902602797614005e-01 7.560076271525599800e-01 6.385515333031106522e-01
6.137577404522392976e-02 4.905433317665748305e-01 8.692526985979837084e-01
3.546099211582764976e-02 2.182237630426178410e-01 9.752542782687754208e-01
5.414248198546654095e-02 -4.750082702391121570e-02 9.974027587071004897e-01
1.139573969090479227e-01 -3.196525245238959756e-01 9.406572039033581634e-01
2.228811556359262536e-01 -5.975199684342785700e-01 7.702557223316850443e-01
3.927683456441175558e-01 -8.148437835075921232e-01 4.263362934811402716e-01
6.014051933636254121e-01 -7.937784947373552891e-01 -9.070553835151179412e-02
7.394308920022339970e-01 -3.622646822335137129e-01 -5.674559506772698381e-01
6.848311078017239595e-01 3.265837103860186885e-01 -6.514210880049644548e-01
4.958294506131892265e-01 8.222081154999377750e-01 -2.795120224792960739e-01
-8.965351328640427941e-02 9.886869641121586172e-01 1.202511311791562704e-01
-8.031584321853678377e-02 8.043075241579068502e-01 5.887603688353090226e-01
-6.252973694008591432e-02 5.157593116970911051e-01 8.544485732892221908e-01
-3.890448352089632966e-02 2.217373623791248083e-01 9.743300176465495843e-01
-1.073415289912657035e-02 -6.499458329235383025e-02 9.978278820038578578e-01
2.003780697397343838e-02 -3.622759368783321499e-01 9.318554779849983483e-01
5.278493643088402743e-02 -6.749004436833155873e-01 7.360184383574683853e-01
8.788461440415534787e-02 -9.374166621253982035e-01 3.369366351717566488e-01
1.143378465713192210e-01 -9.542208113305568062e-01 -2.763865048534628333e-01
8.916566144854062848e-02 -5.020895135633119954e-01 -8.602067223570738497e-01
-1.229318350601784314e-02 2.899724574523628862e-01 -9.569560342870425673e-01
-7.775890425431254693e-02 8.646551380257143649e-01 -4.963114396172259579e-01
-4.604133205919634375e-01 8.589773457651862509e-01 2.240033340908806070e-01
-2.964654938416037555e-01 7.153482779168058858e-01 6.327598693363487570e-01
-1.817486475978519755e-01 4.624499370462125114e-01 8.678176564359899592e-01
-1.114500151458974048e-01 1.950239360624577700e-01 9.744457699055015798e-01
-7.696825800349074709e-02 -7.027270641389525563e-02 9.945539874703461791e-01
-7.920961952340095646e-02 -3.459185516756509982e-01 9.349150719619708783e-01
-1.287295816098271151e-01 -6.340688623930348378e-01 7.624863097539610335e-01
-2.399687158135376530e-01 -8.765401057350113989e-01 4.172438836804145956e-01
-4.144759687416202931e-01 -9.039122209140475483e-01 -1.056047736514895558e-01
-6.096641536418743179e-01 -5.233641981381369490e-01 -5.953146528276622718e-01
-7.148680626861805276e-01 1.670036632147759992e-01 -6.790238798626583305e-01
-6.366672833338331561e-01 7.097490705918972909e-01 -3.015145554138146111e-01
-6.322619232987730653e-01 6.141594640033202213e-01 4.722848855528671841e-01
-4.081473268346233474e-01 5.351202243769316302e-01 7.396364681791534057e-01
-2.501355952954813500e-01 3.555170937636722983e-01 9.005774702978566193e-01
-1.582179174396864674e-01 1.491694506093577122e-01 9.760714961548362378e-01
-1.232794965554782074e-01 -6.310876196528536486e-02 9.903632918744886826e-01
-1.464689115195764724e-01 -2.823176740124242468e-01 9.480736199781502060e-01
-2.412449863290283825e-01 -5.021894458404135841e-01 8.304255638271461626e-01
-4.232555020300844961e-01 -6.744205070104571931e-01 6.049890575250375102e-01
-6.774912610754434406e-01 -6.808571026602315834e-01 2.782789911644766301e-01
-9.136716637243392780e-01 -4.061402003188887000e-01 -1.594454740456980116e-02
-9.949263888746164852e-01 7.102622943260084032e-02 -7.125135404516036441e-02
-8.692887536875106846e-01 4.719465614757414329e-01 1.469813111365967373e-01
-5.892109858353538066e-01 3.768913647591137228e-01 7.146910614670641815e-01
-3.963945709523457039e-01 3.484235380414668626e-01 8.493953038828473412e-01
-2.531764520266020502e-01 2.417422357725896309e-01 9.367296171163743690e-01
-1.679589286955883443e-01 1.026214121081067410e-01 9.804379858249305801e-01
-1.377142040999422556e-01 -4.828175182276289723e-02 9.892945316890062735e-01
-1.645936528209478444e-01 -2.022582479340006012e-01 9.654017456964545385e-01
-2.582529248531756916e-01 -3.462803459726602751e-01 9.018843322721997735e-01
-4.255132100487687419e-01 -4.449914544393588911e-01 7.879854780068790143e-01
-6.424487279182671262e-01 -4.329094248558648106e-01 6.323361937032420110e-01
-8.282349782581197584e-01 -2.602553101451486883e-01 4.962801570998541245e-01
-8.841678304307096781e-01 2.106957308366799730e-02 4.666940333038178124e-01
-7.823440844832506569e-01 2.685521188458248054e-01 5.619764167093721507e-01
-4.302239529124659567e-01 2.157723676275694613e-01 8.765555519809802298e-01
-3.045052569759067462e-01 2.128656430900224550e-01 9.284205762830810560e-01
-2.051624316720903618e-01 1.561421827218988367e-01 9.661925250203575732e-01
-1.429126960890768072e-01 6.924263678515088505e-02 9.873101936815437130e-01
-1.196757593859651414e-01 -3.092097675038053828e-02 9.923313991869207040e-01
-1.382460090035793898e-01 -1.313905092230761573e-01 9.816438127349069731e-01
-2.036798944298334468e-01 -2.173789899321821595e-01 9.545998509014589350e-01
-3.162093266551004866e-01 -2.663478587525286989e-01 9.105330745636290857e-01
-4.557422932215285938e-01 -2.486249532350811031e-01 8.546839151392968681e-01
-5.717994313217897862e-01 -1.487077923863865114e-01 8.068031995621809394e-01
-6.081139462097954196e-01 4.004720874220517833e-03 7.938396504559108724e-01
-5.489380261317645671e-01 1.433197207155699482e-01 8.234843660451122149e-01
-2.369879894038424140e-01 1.374570907401874709e-01 9.617391751841217751e-01
-1.781408792750706072e-01 1.425641759966920219e-01 9.736227620867716759e-01
-1.276434556609316318e-01 1.109700208323318865e-01 9.855926149802113345e-01
-9.267333742340613800e-02 5.424884998625358751e-02 9.942176395567653424e-01
-7.629472753600644030e-02 -1.444170282076990934e-02 9.969807178527024805e-01
-8.127610527927957296e-02 -8.154781447677160455e-02 9.933499628352195909e-01
-1.104512456666628950e-01 -1.332359853881992795e-01 9.849105007706245862e-01
-1.633076336701356768e-01 -1.556129966214881144e-01 9.742254421167105827e-01
-2.297213845207324578e-01 -1.371127247259670279e-01 9.635497839821224320e-01
-2.868103069496403257e-01 -7.623103841089325095e-02 9.549495675742900591e-01
-3.091754612554002413e-01 9.891920980232326091e-03 9.509535656680495608e-01
-2.880625873638705814e-01 9.010550845032444522e-02 9.533629650389976451e-01
-4.054688859087419994e-02 1.281906211030032494e-01 9.909203371043405761e-01
-4.211142983524409494e-02 1.318755199802966460e-01 9.903713822133168865e-01
-3.806617407226946942e-02 1.054472753422946163e-01 9.936960493603104183e-01
-2.963323387127052982e-02 5.716388964075235640e-02 9.979249276231901833e-01
-1.883846466406422643e-02 -1.241809208385873413e-03 9.998217691962779652e-01
-8.172233902320951565e-03 -5.641800220562124407e-02 9.983737895297205567e-01
-1.983058822297156798e-04 -9.521864412316814741e-02 9.954563629240733569e-01
2.871805332736143170e-03 -1.068052273340034802e-01 9.942758149267721945e-01
-2.749732603228355245e-04 -8.542930524036596029e-02 9.963441966489767765e-01
-9.261654727793664985e-03 -3.426533481030123035e-02 9.993698557501895507e-01
-2.152238363248312747e-02 3.217028121784296091e-02 9.992506492413587571e-01
-3.313676669564871724e-02 9.236621478832411636e-02 9.951735713224201252e-01
1.539041162940113505e-01 1.792501112485365977e-01 9.716907535863764656e-01
9.145866414075184969e-02 1.749078160789740710e-01 9.803277863184208796e-01
4.959368882534685025e-02 1.361702495390160195e-01 9.894433430819837838e-01
3.271772013667832713e-02 7.557180060842486058e-02 9.966034586241635518e-01
3.951891136968754825e-02 6.271257112176640940e-03 9.991991428030396749e-01
6.753596905866909861e-02 -5.827185922090722531e-02 9.960136963448006364e-01
1.142077877027673077e-01 -1.041308860426288924e-01 9.879844835825797311e-01
1.741764202685064933e-01 -1.176352821697081302e-01 9.776627818482993559e-01
2.341777147590130559e-01 -8.897389890913307009e-02 9.681138586051205586e-01
2.719747642559601775e-01 -2.044839776021064801e-02 9.620871013775195157e-01
2.677840915375163666e-01 6.699882732795539586e-02 9.611466264084476130e-01
2.213306408525937130e-01 1.414614586269291596e-01 9.648841397509712037e-01
3.396236033936157472e-01 2.934232065888353058e-01 8.936210773326797030e-01
2.095835288682473263e-01 2.713632390793098703e-01 9.393810392505329565e-01
1.209974732475393305e-01 2.008658234830067724e-01 9.721175507233020818e-01
8.070384250988166253e-02 1.067979580067772022e-01 9.910000433751454674e-01
8.545333921466002902e-02 5.566028541662436900e-03 9.963266262342889146e-01
1.322837790562269578e-01 -9.015156961921315382e-02 9.871036907507829694e-01
2.202841704269415946e-01 -1.649954521642726657e-01 9.613799379144787327e-01
3.436186859320050635e-01 -1.960402831858375494e-01 9.184195152798675377e-01
4.768561151088857586e-01 -1.566693187273967280e-01 8.649063359997906097e-01
5.688755899245802050e-01 -4.014674603439803008e-02 8.214431215679562914e-01
5.708912143705733300e-01 1.150010236051990237e-01 8.129317227936800894e-01
4.790730820843175919e-01 2.413770433187412690e-01 8.439348938044903825e-01
4.815379348263637560e-01 4.779997744262922121e-01 7.346001857962375370e-01
2.858382131100666856e-01 4.205985701251157560e-01 8.610420191457850425e-01
1.583328320774866904e-01 2.951798538234218228e-01 9.422311649393494415e-01
1.017265656672068780e-01 1.470528235520208726e-01 9.838837192082586780e-01
1.072569310589912145e-01 -5.054399979699855314e-03 9.942184889554209759e-01
1.711084518901631879e-01 -1.529999583028099353e-01 9.733000105060328755e-01
2.968272917474029104e-01 -2.820027449964311872e-01 9.123420469804153221e-01
4.837635214922534899e-01 -3.537109712633532688e-01 8.005381965161171287e-01
6.971171502328806779e-01 -3.049931905587469627e-01 6.488503930520547192e-01
8.486941184402262417e-01 -1.026330426256008843e-01 5.188301763451120818e-01
8.510913556585559814e-01 1.814940465050772500e-01 4.926493838487686627e-01
7.011393919813363462e-01 4.043210571966689981e-01 5.873057429646993954e-01
4.958730366863878802e-01 7.159726053111632460e-01 4.914195355615539329e-01
2.757302933560232816e-01 6.022002079376264083e-01 7.492180689797520721e-01
1.416352972441653479e-01 4.032975477252373486e-01 9.040412217225085589e-01
8.678816669362973690e-02 1.886293353565574316e-01 9.782059026425234949e-01
9.701847941225144600e-02 -2.457656237304281510e-02 9.949790988932113445e-01
1.681024451450022217e-01 -2.380724359854161365e-01 9.565892970133179629e-01
3.086042879682027729e-01 -4.424514889490759328e-01 8.420214209712982845e-01
5.273225848310848507e-01 -5.820376772488616846e-01 6.190016428005898907e-01
7.898990135519854405e-01 -5.357330528266311953e-01 2.984118705725677945e-01
9.768679866760554553e-01 -2.133884697673409103e-01 1.393906660976032379e-02
9.633603114319025940e-01 2.651345974401140282e-01 -4.050377263781990839e-02
7.620707787805722777e-01 6.237610138487468259e-01 1.736960728723550285e-01
-1.775620514218523294e-02 9.761145762672143178e-01 2.165295619021903317e-01
-1.199553445298009308e-01 7.605542997170698927e-01 6.380970713774419822e-01
-1.147789857296621779e-01 4.749520293413872496e-01 8.724943290699149756e-01
-4.531541767723353681e-02 2.117525373246298970e-01 9.762721832857355064e-01
6.715560237179203640e-02 -2.511387744346018497e-02 9.974263973997137267e-01
2.193308390967620147e-01 -2.573012812043863895e-01 9.411110634307553457e-01
4.150106413635149538e-01 -4.890223329264024033e-01 7.672179126260222359e-01
6.391511250046375547e-01 -6.529421163399744543e-01 4.063895078796421756e-01
8.072695676961975098e-01 -5.750561768390709538e-01 -1.327638450436902373e-01
7.830798441414785760e-01 -1.363772805774112473e-01 -6.067843068516195482e-01
5.402796262780981129e-01 4.823931038946675520e-01 -6.894888097306255403e-01
2.216098169842949661e-01 9.197575279288608963e-01 -3.239369982487991795e-01
-3.981009209625516743e-01 9.126570265402552673e-01 9.258946287491795490e-02
-3.439912861294360802e-01 7.328815407302423646e-01 5.869877701653019031e-01
-2.347349946219378369e-01 4.546849608774340967e-01 8.591630047039896523e-01
-1.107909024751867338e-01 1.852622683639462975e-01 9.764237132768676108e-01
1.751935354669591563e-02 -6.896091132779384736e-02 9.974655206873932478e-01
1.493890649482671751e-01 -3.346133755363212003e-01 9.304390341048316415e-01
2.801379788598332699e-01 -6.238787859457465279e-01 7.295875363842374561e-01
3.819576304094176589e-01 -8.699885201184569539e-01 3.118145978530375562e-01
3.810135876227146445e-01 -8.681417134698572458e-01 -3.180544157536638883e-01
2.047773087677103587e-01 -4.418245336287362490e-01 -8.734170454586678289e-01
-9.079394866042653223e-02 2.420274803992911172e-01 -9.660119862704441562e-01
-3.243988659339458458e-01 7.774320790914589496e-01 -5.388550251972510363e-01
-7.157314304142261552e-01 6.683784472468636828e-01 2.024815319309752892e-01
-5.201329944246458892e-01 5.722195548150017519e-01 6.340555568702810341e-01
-3.258111318087366648e-01 3.596693284771727006e-01 8.743483748152627300e-01
-1.649411207464767104e-01 1.306801866803006806e-01 9.776078536387992068e-01
-3.758354765832116334e-02 -1.014338813333461459e-01 9.941321062430230615e-01
5.574590585645496782e-02 -3.566973165331616125e-01 9.325553165138024125e-01
1.001254868207303722e-01 -6.465642540145147832e-01 7.562602411338462671e-01
5.736398658164347519e-02 -9.160748762406705215e-01 3.968830988643517466e-01
-1.213239549696690373e-01 -9.821650604905030058e-01 -1.436394510653759560e-01
-4.208454448770119760e-01 -6.584747342932272263e-01 -6.239392084361231605e-01
-7.058396162421179953e-01 -5.521490924512686277e-02 -7.062165035882626007e-01
-8.128444194867553430e-01 4.716979875486543849e-01 -3.417381428108498542e-01
-8.055762538145673224e-01 3.672857948987159338e-01 4.649172444165871609e-01
-5.654858339810677759e-01 3.538271632238195741e-01 7.450047718851802170e-01
-3.514668973198968316e-01 2.301918296366989303e-01 9.074594986316374401e-01
-1.898912056643355384e-01 6.829723759832681540e-02 9.794267799829456944e-01
-7.980483036116937934e-02 -1.134822832457257624e-01 9.903297230923162608e-01
-2.427062029494651482e-02 -3.220377997459751285e-01 9.464156552621969531e-01
-4.239206176338112392e-02 -5.601342778385488552e-01 8.273164472495849742e-01
-1.694671171473371152e-01 -7.856184105964555409e-01 5.950500896038233289e-01
-4.257125922371375881e-01 -8.685331311720958514e-01 2.538089613604408989e-01
-7.425318956858730779e-01 -6.679751729556450135e-01 -4.955352867377920550e-02
-9.646418582739968439e-01 -2.418702900698050662e-01 -1.047131703609125164e-01
-9.783549806246761849e-01 1.673471675940896575e-01 1.217228712496741527e-01
-6.829824018330641344e-01 1.426184169567998039e-01 7.163763158642068030e-01
-4.886034060655581879e-01 1.730722124361061542e-01 8.551682412621907092e-01
-3.138512464130948088e-01 1.191660520937864731e-01 9.419643555640332400e-01
-1.819911455618747620e-01 2.069698891085963027e-02 9.830823249287089505e-01
-9.743371332552352992e-02 -1.048292156440298883e-01 9.897057679205062408e-01
-6.658025679313547829e-02 -2.533976026418823801e-01 9.650682485610706518e-01
-1.057918365296918878e-01 -4.186584414783465768e-01 9.019607511984829573e-01
-2.369311954993811031e-01 -5.693871799347824947e-01 7.871860313325182990e-01
-4.587685010817715292e-01 -6.300074747370524308e-01 6.265955986045907977e-01
-7.011850271343326169e-01 -5.227498943273524157e-01 4.848423513920976369e-01
-8.472604837366287667e-01 -2.740266209430530786e-01 4.550374530883669055e-01
-8.310536129884332768e-01 -1.386222113534098764e-02 5.560195420702570557e-01
-4.757021488097076811e-01 3.760346907737564109e-02 8.788022785194765651e-01
-3.553532725178283891e-01 7.446818189848825043e-02 9.317609895222995764e-01
-2.402439964907664149e-01 5.606276110118228045e-02 9.690922499782965716e-01
-1.485672296613083920e-01 3.454789881434585473e-06 9.889023097652944738e-01
-8.834739322904083814e-02 -8.044412449388425868e-02 9.928360795941681971e-01
-6.756923809623399668e-02 -1.762285400099077026e-01 9.820274434805461583e-01
-9.771624534110337490e-02 -2.768641936924965963e-01 9.559276926877491309e-01
-1.888643488705972207e-01 -3.615053419463725715e-01 9.130411521229536698e-01
-3.326497264674976861e-01 -3.933618465763953354e-01 8.570942871931921392e-01
-4.825676528228610707e-01 -3.389444571991230282e-01 8.076169360428036015e-01
-5.712631084158438233e-01 -2.097269619002038177e-01 7.935194152731269712e-01
-5.630719667821294516e-01 -6.450542946687885804e-02 8.238865272557137631e-01
-2.700894256093662182e-01 2.999597168080864532e-02 9.623678838454041706e-01
-2.161588845715606000e-01 5.383431458073854869e-02 9.748729164329911212e-01
-1.557596272355263323e-01 4.353037537767018295e-02 9.868353687129235441e-01
-1.001901591516776435e-01 6.666735689787866605e-03 9.949459717212572052e-01
-5.744783842677681635e-02 -4.683991726839255992e-02 9.972491002806127547e-01
-3.542064590829711174e-02 -1.067661076455805325e-01 9.936530461390924440e-01
-4.244996445214374581e-02 -1.623990055813961109e-01 9.858116267847567560e-01
-8.407333582021364604e-02 -2.011210078814103519e-01 9.759518504479366419e-01
-1.554802250665788810e-01 -2.082239414664894817e-01 9.656441838552041190e-01
-2.345824872284801299e-01 -1.737581853973702295e-01 9.564408762141731746e-01
-2.894968854006083059e-01 -1.051054371850484448e-01 9.513907716692979744e-01
-3.003098054052635857e-01 -2.789604248919657498e-02 9.534337059233608525e-01
-8.903910158079199333e-02 9.205996095821890324e-02 9.917645900001811343e-01
-9.108923666803145358e-02 9.432041836759816333e-02 9.913659312495464171e-01
-7.552112079917294718e-02 7.301855177405185138e-02 9.944671193207446080e-01
-4.736327163778641242e-02 3.487817556779181788e-02 9.982686178423696433e-01
-1.335551250973293809e-02 -1.090331181431583932e-02 9.998513629922066714e-01
1.901860263834880341e-02 -5.402167255177265509e-02 9.983586287744353749e-01
4.224867919402212207e-02 -8.432678927005207714e-02 9.955420843529370067e-01
4.975435824921855404e-02 -9.332918249359252461e-02 9.943913553175386388e-01
3.765898528219818048e-02 -7.635915433539473829e-02 9.963689479187400888e-01
7.564514059945186449e-03 -3.575236104937357107e-02 9.993320503248219744e-01
-3.186481816500100900e-02 1.692020976844665209e-02 9.993489580045675780e-01
-6.775858756841872388e-02 6.431424237731556137e-02 9.956266629808456781e-01
7.013607411807212810e-02 2.107523235995454602e-01 9.750201993828717661e-01
1.331675522382492517e-02 1.842702362055832210e-01 9.827854008271383890e-01
-9.661619714599171266e-03 1.353604302878377297e-01 9.907493159305131858e-01
-5.138661682605046802e-04 7.701649747846919802e-02 9.970296861466149130e-01
3.377358802343556621e-02 2.001202768746714739e-02 9.992291346332251578e-01
8.553814863625380793e-02 -2.541949343114136700e-02 9.960105795028840747e-01
1.470910903291061111e-01 -4.870576885479974139e-02 9.879230532921690067e-01
2.082586439878637286e-01 -4.014481875812172390e-02 9.772495744337765800e-01
2.530451984576806423e-01 4.511950559568530215e-03 9.674439362772283557e-01
2.617059104396560754e-01 7.660462633331691085e-02 9.621027739619847363e-01
2.233168296682160603e-01 1.518702439147243954e-01 9.628421587156943406e-01
1.493930516329255442e-01 2.014800753137492018e-01 9.680327966425339437e-01
2.053748380172409627e-01 3.852603166958327718e-01 8.996641952910678919e-01
8.816416036230337316e-02 3.182276474372859321e-01 9.439058455345461507e-01
3.118732259472576165e-02 2.229093501678525158e-01 9.743401728950173979e-01
2.993302243451780378e-02 1.253455105322704710e-01 9.916614932311555997e-01
7.362700321361313749e-02 3.832113482513713199e-02 9.965493239289439087e-01
1.539630894709820008e-01 -2.947868970368005756e-02 9.876367621418264964e-01
2.642917869670437514e-01 -6.627169088305656652e-02 9.621631433020992885e-01
3.912761116410133355e-01 -5.429033242076849314e-02 9.186705417420711894e-01
5.026717640422649902e-01 2.277592971356538071e-02 8.641772703908268127e-01
5.491146636307933093e-01 1.569638280652270457e-01 8.208748034048858333e-01
4.963579342098212166e-01 2.998161722726483402e-01 8.147018252039701647e-01
3.610560845278592557e-01 3.860940504911673510e-01 8.488638807255755037e-01
2.845480805225173437e-01 6.110673899633820572e-01 7.386670662716385838e-01
1.112919458335213801e-01 4.869189933908673051e-01 8.663278805785499248e-01
3.349470528800836677e-02 3.252812168485321731e-01 9.450239333916841122e-01
3.466111243461904301e-02 1.714241804903521016e-01 9.845874047680746033e-01
9.672752502737580471e-02 3.748494033376766066e-02 9.946047783667961717e-01
2.113946772230142213e-01 -7.378005570880916131e-02 9.746121248072010523e-01
3.763265101206179075e-01 -1.509376545470322850e-01 9.141095023138300357e-01
5.783224651170372210e-01 -1.603640791913414632e-01 7.998915479276310636e-01
7.645649097246332015e-01 -5.294669082969068186e-02 6.423683886586305514e-01
8.430340043266379979e-01 1.794732873278225005e-01 5.070335360554020232e-01
7.530274668874247235e-01 4.485560276399546686e-01 4.814012091603844246e-01
5.299843062650952952e-01 6.150935114692831496e-01 5.837607448785182562e-01
2.314875626671743514e-01 8.436589384248597279e-01 4.844100576437319061e-01
4.760814154041787677e-02 6.569691795520778976e-01 7.524127603768598904e-01
-1.556974218165947318e-02 4.210518371503264023e-01 9.069029350271629042e-01
8.391549263026982022e-03 2.044459270046194432e-01 9.788418895982833323e-01
9.555269338428967751e-02 1.475195928463594007e-02 9.953150568962088052e-01
2.394710105810389789e-01 -1.569587979909330688e-01 9.581323347141137425e-01
4.436993450451983678e-01 -3.046886389521839544e-01 8.427904392552160173e-01
6.972882149462118484e-01 -3.749115889957209125e-01 6.109258921783383700e-01
9.262301231117179290e-01 -2.595850977054183772e-01 2.733374033859997665e-01
9.953719932182286678e-01 9.313417868855144999e-02 -2.367741279751148231e-02
8.364838028472221243e-01 5.421226259971768657e-01 -7.998691115506030569e-02
5.298129383754036636e-01 8.354285023056146064e-01 1.461419442373652899e-01
