-4.511549037156823740e-03 1.454770461362220879e-01 9.893513405119387372e-01
7.045427098386556654e-03 1.593132014626613135e-01 9.872029506624122597e-01
2.948719791704709769e-02 1.564430873887668050e-01 9.872467095753462152e-01
5.646400372277686486e-02 1.359249894319048690e-01 9.891087976211384580e-01
7.944652293222502493e-02 1.033858695885349344e-01 9.914633689467292621e-01
9.145487984055787611e-02 6.966419819407766723e-02 9.933694702594542125e-01
9.021330473047080301e-02 4.534826964306709618e-02 9.948894883805442513e-01
7.734856108241561223e-02 3.628221133608179605e-02 9.963437164147191938e-01
5.656060575171138749e-02 4.305659167767341561e-02 9.974703142400924705e-01
3.267332341700857762e-02 6.271313564047026334e-02 9.974966248338983377e-01
1.114410748752476567e-02 9.040782685376230754e-02 9.958424743461613549e-01
-2.664575776635015169e-03 1.202260934959730326e-01 9.927429609312862224e-01
-2.717372615802559482e-02 1.203618980086007956e-01 9.923581017528201320e-01
-2.141968028436792154e-02 1.285021516255807628e-01 9.914778839308937552e-01
-6.848476702491676851e-03 1.220615705853112798e-01 9.924989024443570118e-01
1.257783280625364083e-02 1.016645157145454059e-01 9.947392243027688430e-01
3.122942681121733746e-02 7.303405289026125569e-02 9.968403834212998804e-01
4.377339528906420280e-02 4.532638049652112228e-02 9.980127299267953500e-01
4.711838878774576855e-02 2.697770964677446287e-02 9.985249424126991791e-01
4.084950896970819534e-02 2.236864346965558928e-02 9.989148919733806808e-01
2.678478706848273425e-02 3.139158902093390491e-02 9.991482088861471933e-01
8.438786596566208095e-03 5.084639783007632863e-02 9.986708320104458192e-01
-9.626434992799005885e-03 7.592057479361398464e-02 9.970673989617857558e-01
-2.274087748322562580e-02 1.010403285727195372e-01 9.946223929176585266e-01
-5.750885128172358862e-02 9.550753902463920975e-02 9.937660901911223865e-01
-5.768580286007334024e-02 9.784333816867175904e-02 9.935285749913692621e-01
-4.950654473997302685e-02 8.608392012621904343e-02 9.950571143022437504e-01
-3.482074191265773638e-02 6.253398958071076930e-02 9.974352189891096954e-01
-1.735289047184717867e-02 3.409199970634050475e-02 9.992680384903580570e-01
-2.019881016043849255e-03 9.876256176408037407e-03 9.999491885315174855e-01
6.766630748432139221e-03 -2.946690261988097522e-03 9.999727644915775704e-01
6.613368282238850891e-03 -1.740647067302711478e-03 9.999766164804361201e-01
-2.263071501517224630e-03 1.188272713585029720e-02 9.999268369752009056e-01
-1.728929359418479583e-02 3.375541679364350151e-02 9.992805672903067871e-01
-3.437023896925107264e-02 5.863421709458652847e-02 9.976876842273697532e-01
-4.903688322594087351e-02 8.098718130962487272e-02 9.955081418789014647e-01
-8.946225849762202975e-02 7.685421530491483300e-02 9.930206110118668938e-01
-9.530953673392984771e-02 7.437878278088917716e-02 9.926650436473978267e-01
-9.183647038074037317e-02 5.656481423755535531e-02 9.941662257882950549e-01
-7.901110235789411684e-02 2.722282065000995732e-02 9.965019637412217968e-01
-5.941347136832143133e-02 -4.701225880258401608e-03 9.982223889971320041e-01
-3.879758726962983378e-02 -2.852429966921209842e-02 9.988398828393847406e-01
-2.372448657928615673e-02 -3.730009811090751609e-02 9.990224479047038475e-01
-1.862091933785919515e-02 -3.008341051615874215e-02 9.993739289048432228e-01
-2.440555229991729982e-02 -1.046402466410930113e-02 9.996473744299489983e-01
-3.880221481776665454e-02 1.592298253983222625e-02 9.991200362079831754e-01
-5.756132067253819790e-02 4.304220932833065227e-02 9.974136867812578577e-01
-7.587677601066419864e-02 6.508742097931917436e-02 9.949906243238965109e-01
-1.163480271811073857e-01 6.988237161846215517e-02 9.907469862218668544e-01
-1.269976507440887248e-01 6.488566462159800485e-02 9.897784839206129615e-01
-1.263351127931709450e-01 4.151395962485229796e-02 9.911185753641678087e-01
-1.126594675120544675e-01 4.330734872239853407e-03 9.936242192677697815e-01
-8.785980698347918560e-02 -3.498504095858451929e-02 9.955183078305901434e-01
-5.981921513872985596e-02 -6.212902005712820502e-02 9.962738812027812640e-01
-3.814536990063224081e-02 -6.911006513151128627e-02 9.968794960538465144e-01
-2.923903725612476967e-02 -5.659037557104949073e-02 9.979692420576136147e-01
-3.446763987606921154e-02 -3.048719661084962548e-02 9.989406952588147925e-01
-5.103411293398465998e-02 1.825083226837882376e-03 9.986952429987309143e-01
-7.385616358237083456e-02 3.337731578269419880e-02 9.967101995525888825e-01
-9.731772772389229997e-02 5.790877123654401826e-02 9.935672267564497062e-01
-1.309650732342643176e-01 7.790819236400259307e-02 9.883210324360257593e-01
-1.441555955451037374e-01 7.398037689057943012e-02 9.867857255292702412e-01
-1.435176349548230590e-01 4.709721542628452634e-02 9.885264491940281006e-01
-1.262890555408057447e-01 9.838068335511606505e-04 9.919929972406659191e-01
-9.400198833715256441e-02 -4.969061118952175504e-02 9.943311668394806402e-01
-5.795160095499456848e-02 -8.410055410254278774e-02 9.947706814870929115e-01
-3.111338853772352073e-02 -9.192804127284801008e-02 9.952794543651143355e-01
-2.116138142173126444e-02 -7.560260357013326438e-02 9.969134577634458649e-01
-2.891251874929835070e-02 -4.361588870939486773e-02 9.986299216985702332e-01
-5.023942448984592551e-02 -5.026519866801498759e-03 9.987245537810836016e-01
-7.870852783375251183e-02 3.244532287880048937e-02 9.963695442302565874e-01
-1.076009683786225551e-01 6.214694400783046802e-02 9.922498621589518342e-01
-1.271065970149929114e-01 1.000944439115745849e-01 9.868257269108801077e-01
-1.383860716064302943e-01 1.014529957346969324e-01 9.851683027999789122e-01
-1.330579683673580593e-01 7.476599451748870695e-02 9.882841813556110244e-01
-1.090101482029214308e-01 2.068911840666345925e-02 9.938253105895009654e-01
-6.848893028579913778e-02 -4.393611541464231829e-02 9.966839439815207147e-01
-2.719858711567070542e-02 -8.842959759195513636e-02 9.957110239062858525e-01
9.015623189517754849e-05 -9.960321130388380406e-02 9.950272318735577937e-01
6.408300956217436416e-03 -8.195786877188000752e-02 9.966151922508766914e-01
-7.343333888005735416e-03 -4.628088991124976875e-02 9.989014739584036739e-01
-3.530523525995606787e-02 -2.728296164029213669e-03 9.993728517241852183e-01
-6.963843738400440908e-02 4.072261882656850324e-02 9.967407668770044138e-01
-1.025162216724960079e-01 7.728913786439522982e-02 9.917241619837318112e-01
-1.031074161920238624e-01 1.302069931223150123e-01 9.861110483451156483e-01
-1.065610372833151742e-01 1.399230866836598808e-01 9.844116390749166889e-01
-9.013177727075043222e-02 1.179873095194053922e-01 9.889162034865773832e-01
-5.515633243677833114e-02 6.058419534114365540e-02 9.966380156641940768e-01
-8.022262565394571929e-03 -1.569930201120322069e-02 9.998445755314888661e-01
3.129705116476182852e-02 -6.992543484129003228e-02 9.970611456428475350e-01
5.106868643475309666e-02 -8.672808346005397850e-02 9.949222224904159528e-01
4.808418775046063853e-02 -7.178259674474704588e-02 9.962605932652672802e-01
2.558089580489531639e-02 -3.663728488842620673e-02 9.990011647269163575e-01
-9.327374835253454330e-03 8.532521895663270489e-03 9.999200948819821910e-01
-4.799129136047115135e-02 5.599827948915687970e-02 9.972768064322983239e-01
-8.180654913185778088e-02 9.904976795263642497e-02 9.917140878235958246e-01
-6.556287884429649881e-02 1.579914902986544467e-01 9.852614870736988717e-01
-5.766452685884827789e-02 1.756857628877143418e-01 9.827559794072580068e-01
-2.675979037240243386e-02 1.614545125130987802e-01 9.865172852050201335e-01
2.082398340226080183e-02 1.087924588704739931e-01 9.938463475851474493e-01
6.997673893941493140e-02 3.173380906272138535e-02 9.970437409511173632e-01
9.944790029472101722e-02 -2.822976727814734826e-02 9.946422449133810462e-01
1.057295806454586901e-01 -5.291277081039850311e-02 9.929861501862274897e-01
9.086215291548419004e-02 -4.560724491086436821e-02 9.948186007403861941e-01
5.986992461032830670e-02 -1.620922689361886659e-02 9.980745729105469088e-01
2.010615703148253830e-02 2.605406656768941356e-02 9.994583173222443273e-01
-1.982198516733558666e-02 7.386204340420880754e-02 9.970714555377526711e-01
-5.110126957390733610e-02 1.204993702594876065e-01 9.913972775911495949e-01
-2.800146624533268042e-02 1.742559211510345263e-01 9.843021852215265710e-01
-1.170119616242312754e-02 1.957303954980331162e-01 9.805879329700818436e-01
2.702525719316673652e-02 1.877323271190458609e-01 9.818483634594972198e-01
7.824848380175176976e-02 1.445116439059741242e-01 9.864043590528334127e-01
1.235561220846360386e-01 7.823389453760110079e-02 9.892488779072508009e-01
1.448028511607943603e-01 2.051816616172304555e-02 9.892477642900994184e-01
1.415379724321093879e-01 -9.955682368491569276e-03 9.898827641435066216e-01
1.191128052549447619e-01 -1.175086773814334150e-02 9.928111888630591908e-01
8.399877848494630150e-02 8.982626961081943695e-03 9.964253698224627698e-01
4.354158799523139001e-02 4.488758606583310301e-02 9.980427018580932952e-01
5.887297412068659246e-03 8.920548040584724836e-02 9.959958443661852678e-01
-2.055755475657481193e-02 1.351153154755030672e-01 9.906165950894656458e-01
-2.620465882350447688e-03 1.762326409285027429e-01 9.843450560804564153e-01
1.614695166676391111e-02 1.975750949292752190e-01 9.801547621756574458e-01
5.372362626658430673e-02 1.938911772794164046e-01 9.795509090160176013e-01
9.968614997830040070e-02 1.612347373428567598e-01 9.818686424244311706e-01
1.376578119642825615e-01 1.089466777564178646e-01 9.844698818201413903e-01
1.538841221958414107e-01 5.856561003276294919e-02 9.863517355676936216e-01
1.476591350320335949e-01 2.663020146409692326e-02 9.886797318705654591e-01
1.244358944493907104e-01 1.820654665890857060e-02 9.920605978625665067e-01
9.088113395599001221e-02 3.092887557917306865e-02 9.953813460910582167e-01
5.401428603616799384e-02 5.956064226243301674e-02 9.967622518922649721e-01
2.128126615650434775e-02 9.807215517322652454e-02 9.949517375685186238e-01
1.909570224557105306e-04 1.397155018388112069e-01 9.901916693657947244e-01
5.021415072128252582e-03 1.655357196292725763e-01 9.861910113754107643e-01
2.145978978561010470e-02 1.840384017036231223e-01 9.826847633502524548e-01
5.233645018728930176e-02 1.821930793680247296e-01 9.818689208912154687e-01
8.888058576165196178e-02 1.576195000768905730e-01 9.834919087975588781e-01
1.187232734464695183e-01 1.171687047168798040e-01 9.859899994306503546e-01
1.320306762063515049e-01 7.552766122930548720e-02 9.883640386667469357e-01
1.272458699946883987e-01 4.614271732003092513e-02 9.907973244854877404e-01
1.081217366602377633e-01 3.538149391129206955e-02 9.935078459429085296e-01
8.018204771727009683e-02 4.321729458364442084e-02 9.958429116445273177e-01
4.955176892814221884e-02 6.601243092277134239e-02 9.965876685770876930e-01
2.273771425317896999e-02 9.845972693762822248e-02 9.948812384007563736e-01
6.131981790231676860e-03 1.341698299984270260e-01 9.909393803443730109e-01
-8.916821114058687270e-02 1.459211194889815655e-01 9.852695352079461344e-01
-8.517910179411589122e-02 1.715389270836741309e-01 9.814881135869728546e-01
-5.874735536115285178e-02 1.864685984811188801e-01 9.807029162893637908e-01
-1.584783943163135811e-02 1.839999059190685626e-01 9.827984944062229111e-01
3.008591544288475444e-02 1.633162962406314866e-01 9.861149147407118898e-01
6.352910002377666621e-02 1.318683324511819299e-01 9.892293952095640996e-01
7.564404891721103474e-02 1.013542128025069211e-01 9.919704135762500430e-01
6.576167043707502324e-02 8.045603387815894458e-02 9.945864614572554885e-01
3.837310413104990520e-02 7.256995570105079230e-02 9.966248574107545721e-01
6.047760562455385116e-04 7.752189102253788378e-02 9.969904666837526852e-01
-3.908895860508933284e-02 9.351829159695464189e-02 9.948499296135430159e-01
-7.181677348849191400e-02 1.177440109351721581e-01 9.904436879169636887e-01
-9.499134348562313090e-02 1.034238977319137387e-01 9.900909766484811136e-01
-9.360422758316933045e-02 1.169740328688283620e-01 9.887139749254615362e-01
-7.431042118577199651e-02 1.207087763971941841e-01 9.899026985537169310e-01
-4.155467309827570732e-02 1.121262761603638441e-01 9.928247112849882816e-01
-4.844386804896501884e-03 9.329494711527551443e-02 9.956267296327900862e-01
2.443805687644131849e-02 7.077012959854975249e-02 9.971932461327406294e-01
3.812174560408781998e-02 5.220750047020803614e-02 9.979083672395696603e-01
3.360943481066094862e-02 4.242012557749554047e-02 9.985343954203631522e-01
1.320402823892991885e-02 4.249434039551650694e-02 9.990094517434130461e-01
-1.746785412874962348e-02 5.118432093867230498e-02 9.985364486898795633e-01
-5.092457046644122132e-02 6.627374969719079800e-02 9.965011180243615874e-01
-7.917595595372241279e-02 8.492302894606573727e-02 9.932367528204595342e-01
-1.113344497204194899e-01 5.721749206874632288e-02 9.921344661419121413e-01
-1.130901862576459554e-01 5.885487805771368736e-02 9.918400642749305440e-01
-9.795153185391826389e-02 5.081327977132159973e-02 9.938931069317035183e-01
-6.894405503474070052e-02 3.449751884441044220e-02 9.970238906209671903e-01
-3.395449186709764006e-02 1.520132332748653191e-02 9.993077665321067338e-01
-3.731162675854968885e-03 -2.708844431641311418e-04 9.999930024988327171e-01
1.280875038219506969e-02 -7.258846848967250021e-03 9.998916166546149009e-01
1.178066414548267077e-02 -4.945513880002212932e-03 9.999183755911402738e-01
-5.466832023380717095e-03 4.668716878420979023e-03 9.999741580813144015e-01
-3.376754923106991407e-02 1.861215232374003811e-02 9.992563937273397645e-01
-6.586904380636529610e-02 3.396521669853273112e-02 9.972500354087999730e-01
-9.402544630219084043e-02 4.785628711998466539e-02 9.944189213962312257e-01
-1.357046432466735009e-01 1.677666816858057811e-02 9.906072850562208654e-01
-1.415614593428766999e-01 7.716831157654341355e-03 9.898993907188625707e-01
-1.283213285001873205e-01 -1.203289826585182687e-02 9.916596422218153517e-01
-9.733797385770640020e-02 -3.748186577189899921e-02 9.945453376209448804e-01
-5.649569966629419682e-02 -5.943045840464804969e-02 9.966324580973567882e-01
-1.933912231728461550e-02 -6.972094586124619187e-02 9.973790593631625123e-01
2.326390650334787553e-03 -6.609186653423278213e-02 9.978108303102971588e-01
3.423046168693341749e-03 -5.181864976184989702e-02 9.986506447661436248e-01
-1.442864795977468438e-02 -3.228912114525681054e-02 9.993744177102626969e-01
-4.525055469852103801e-02 -1.235527894827937595e-02 9.988992613779879015e-01
-8.107622067999213644e-02 4.360321616950948997e-03 9.966983666263670161e-01
-1.136777870728607753e-01 1.494603408656002864e-02 9.934052429854757227e-01
-1.646461856130052581e-01 -8.110945571548393296e-03 9.863193428728153078e-01
-1.760604986353132839e-01 -2.488009514607255127e-02 9.840648767667046215e-01
-1.634975060753386111e-01 -5.509500175206528960e-02 9.850041148589927520e-01
-1.255319400489678383e-01 -9.118264741497723869e-02 9.878904073012196863e-01
-7.074727904586397553e-02 -1.188699049642743533e-01 9.903861712491038860e-01
-2.005705017952127620e-02 -1.265995337791313291e-01 9.917511143352109038e-01
9.106370649258942532e-03 -1.140188785713082131e-01 9.934368471840856474e-01
1.082483015420317163e-02 -8.891009470552434235e-02 9.959808322008965042e-01
-1.140905231105799819e-02 -6.017262914222556991e-02 9.981227821403242384e-01
-4.939659970544193340e-02 -3.424965169753432098e-02 9.981918339157896947e-01
-9.359400841806642113e-02 -1.510420513274544733e-02 9.954958686883725871e-01
-1.347735765325288604e-01 -5.554479048482215825e-03 9.908608534153215963e-01
-1.922951145620826197e-01 -8.772235370762437867e-03 9.812979347793033824e-01
-2.103092641326070877e-01 -2.711124915166072263e-02 9.772589183985275207e-01
-1.977936098131166387e-01 -6.361306090398638480e-02 9.781774207164056767e-01
-1.486743270887356527e-01 -1.111851179502526682e-01 9.826158018326671684e-01
-7.135751763794441482e-02 -1.494560003065409370e-01 9.861901483228079357e-01
-1.442649527482433441e-03 -1.589333832384306200e-01 9.872882549968990951e-01
3.568574025725853444e-02 -1.405884683649548106e-01 9.894247876949144871e-01
3.518750589029585180e-02 -1.075393045344589654e-01 9.935779473244304993e-01
4.658892256345460899e-03 -7.201755573099566377e-02 9.973924836238564628e-01
-4.429103266436476560e-02 -4.125522254580957227e-02 9.981664746114412567e-01
-1.001467890243202680e-01 -1.883755756884007704e-02 9.947943340575398086e-01
-1.525927521507449425e-01 -7.136549604181640326e-03 9.882633867804397898e-01
-2.098677416780155847e-01 1.916445145488044829e-02 9.775419452910406592e-01
-2.328326063865461537e-01 9.410613845105293002e-03 9.724712940495153779e-01
-2.181762473840156702e-01 -2.353635140230654968e-02 9.756255251069145817e-01
-1.543158920206217644e-01 -7.958739957108294794e-02 9.848108708271248179e-01
-4.713647724084572138e-02 -1.345904353584951030e-01 9.897795548622326800e-01
4.201754379711719611e-02 -1.523521916093496520e-01 9.874326993396116414e-01
8.211021896597187064e-02 -1.346140123555878421e-01 9.874902427968377250e-01
7.420421083878940560e-02 -1.001057129455782818e-01 9.922059167982967276e-01
3.193237826368333643e-02 -6.315409456083428963e-02 9.974927987503029447e-01
-2.973053127981119953e-02 -3.054489218446797272e-02 9.990911395219135294e-01
-9.782329623592761481e-02 -4.771330912404175492e-03 9.951923618651472569e-01
-1.613020477783343454e-01 1.265418343384607479e-02 9.868239564502121475e-01
-2.083965693422566157e-01 7.078935683578901905e-02 9.754792344510230251e-01
-2.298059054992911687e-01 8.106718250626114564e-02 9.698542971591521678e-01
-2.058848394777586521e-01 6.746646332631771326e-02 9.762477703941330187e-01
-1.228779113219741898e-01 1.613963805513595265e-02 9.922905476687364779e-01
1.341170701170166582e-02 -5.706743889728377317e-02 9.982802379756015032e-01
1.082347670998431016e-01 -9.170190220708535067e-02 9.898868603645879505e-01
1.391375138583552662e-01 -8.704892377035433615e-02 9.864396773790867767e-01
1.181650904268256308e-01 -6.302390653707748425e-02 9.909919266115212455e-01
6.348179366388854994e-02 -3.335686133782133495e-02 9.974253764943934453e-01
-8.875946206499127702e-03 -3.788878272475901515e-03 9.999534299057253328e-01
-8.586701192633064417e-02 2.410238134711683439e-02 9.960150257281953357e-01
-1.561781110853737997e-01 4.963984126168289462e-02 9.864807569219492533e-01
-1.855169440905429235e-01 1.288153653136665244e-01 9.741612110500098565e-01
-1.971168413448913248e-01 1.626705344296978384e-01 9.667901779014176356e-01
-1.558119603985057278e-01 1.789564404144338705e-01 9.714407987267453803e-01
-5.180733167202527384e-02 1.544628233094389735e-01 9.866393650166400686e-01
8.949085534796766273e-02 8.161840088655750169e-02 9.926378108080372575e-01
1.683409089153022897e-01 2.042159920609413343e-02 9.855172736545341206e-01
1.824879012168510728e-01 -4.510973419945572827e-03 9.831977507237174008e-01
1.498896759378564036e-01 -4.024862422259698272e-03 9.886945360067557198e-01
8.807211049853472251e-02 1.005184222640457745e-02 9.960633834350762772e-01
1.157333324347687917e-02 3.185087755810436100e-02 9.994256248247321839e-01
-6.737834387040619877e-02 5.948015391347816899e-02 9.959529457096564231e-01
-1.373091148700447128e-01 9.233563523788168581e-02 9.862151577818664139e-01
-1.502930393523302655e-01 1.707915808387950873e-01 9.737773042317344752e-01
-1.508847544027953902e-01 2.161223376879030378e-01 9.646371991796429679e-01
-1.003780451862718998e-01 2.462583124031698378e-01 9.639922674051613072e-01
8.762973935512465527e-04 2.384279369030943008e-01 9.711597968445032647e-01
1.179812780737771877e-01 1.843225765089135382e-01 9.757589896142728758e-01
1.825580061586906666e-01 1.194034840918692247e-01 9.759177129113776328e-01
1.899193839970868547e-01 7.479007345693190756e-02 9.789469201619631633e-01
1.560159555281628585e-01 5.420987524378807765e-02 9.862658419750609529e-01
9.650318647484885937e-02 5.253968537772542996e-02 9.939450268805462008e-01
2.439921284551456460e-02 6.536433793221174682e-02 9.975631216816294167e-01
-4.874942713145313800e-02 9.042996883416352938e-02 9.947089594906309840e-01
-1.113746121628716862e-01 1.264096262483512811e-01 9.857059917425500251e-01
-1.173792627426903518e-01 1.862748377420484769e-01 9.754608108489708496e-01
-1.123313677457200427e-01 2.307975196596936673e-01 9.664958193076876869e-01
-6.592380416145922351e-02 2.616151864955589823e-01 9.629182448368619474e-01
1.560297901602496380e-02 2.615776562431646468e-01 9.650563075800131507e-01
1.031228778626801790e-01 2.248228587663729239e-01 9.689274246492717291e-01
1.555753330399703149e-01 1.697903016954473432e-01 9.731225869333038903e-01
1.638545208255040297e-01 1.215853322684880972e-01 9.789630753926363838e-01
1.370053582739504949e-01 9.142005261179421416e-02 9.863426918595458170e-01
8.718393724793969957e-02 8.047308837982435070e-02 9.929365755840388053e-01
2.577442047352973900e-02 8.677252143872958567e-02 9.958946775500105986e-01
-3.638353695593961323e-02 1.082210685007758688e-01 9.934608389720800403e-01
-8.815081229869761725e-02 1.426514931418706444e-01 9.858397363645858835e-01
-9.618842829091443780e-02 1.760655520201662438e-01 9.796676516323000738e-01
-9.045542518974970803e-02 2.127181687356832773e-01 9.729176721303148812e-01
-5.414867286256020568e-02 2.372946440061668161e-01 9.699274061254380408e-01
5.565777347763627841e-03 2.383024068463547029e-01 9.711750537433987418e-01
6.848322697863194752e-02 2.122920520837302261e-01 9.748036377879112369e-01
1.101267126368607324e-01 1.697979129252685238e-01 9.793062727921409971e-01
1.206720040839397989e-01 1.283013265742372622e-01 9.843663124211486926e-01
1.030684950258350663e-01 9.940900262957109990e-02 9.896942636639746160e-01
6.527331057121528446e-02 8.701689812745697084e-02 9.940661217280596373e-01
1.654680431986825170e-02 9.080245111048108886e-02 9.957314488050242884e-01
-3.336843189841016966e-02 1.089707552930738038e-01 9.934847367943605567e-01
-7.436118551932410781e-02 1.388634729669291634e-01 9.875157466914757931e-01
-1.722661360238526840e-01 1.028669387463537338e-01 9.796646218438074261e-01
-1.860317644275652493e-01 1.392691405316860698e-01 9.726234055992243333e-01
-1.685044239898382534e-01 1.787319282347347715e-01 9.693612107596364380e-01
-1.200788057727567998e-01 2.078956618803389500e-01 9.707525298321177942e-01
-5.462672039487891096e-02 2.141743607879679490e-01 9.752667658645572946e-01
3.770162099866327960e-03 1.947721063810989861e-01 9.808412779107720247e-01
3.642650878928597319e-02 1.603851786127308832e-01 9.863821287608958155e-01
3.791829834036822278e-02 1.241314355404257580e-01 9.915410174882464123e-01
1.240499532392856478e-02 9.435135397036495397e-02 9.954616708316910145e-01
-3.164484900620002927e-02 7.523765842750405886e-02 9.966633826351097847e-01
-8.423877439171285897e-02 6.932350847300886021e-02 9.940312269047797411e-01
-1.348007801587745302e-01 7.841470862026027333e-02 9.877650951216693231e-01
-1.470396081002846300e-01 5.147707599276312579e-02 9.877901924482908047e-01
-1.539466132901167184e-01 6.902082010189053429e-02 9.856655450247376882e-01
-1.364533297735290585e-01 8.671261986269615529e-02 9.868441672069223625e-01
-9.716960672612663663e-02 9.838509710808648889e-02 9.903930735802068952e-01
-4.716619644264007788e-02 9.965326019560591386e-02 9.939037064250304532e-01
-2.875068654496691373e-03 9.062231827786544625e-02 9.958811823758101367e-01
2.217634841757381431e-02 7.581149375220526399e-02 9.968755323438498461e-01
2.271731477713346756e-02 6.016884512646525351e-02 9.979296737173157794e-01
1.016644538854237631e-03 4.683135917895250855e-02 9.989022926349017117e-01
-3.607865141129839442e-02 3.776596902544757106e-02 9.986350997716455513e-01
-7.954266949934452047e-02 3.475311860308791939e-02 9.962254686947724647e-01
-1.196664592398370974e-01 3.925216168846909492e-02 9.920379056949841790e-01
-1.358084279253350402e-01 -1.091337593683296484e-02 9.906750068160999900e-01
-1.379550285121004527e-01 -1.232730791695251307e-02 9.903617761140027786e-01
-1.169903209671740857e-01 -1.436157028856556786e-02 9.930292090864549781e-01
-7.679165714357549799e-02 -1.642090336899677122e-02 9.969119295733491759e-01
-2.897193237804892435e-02 -1.671259957087229894e-02 9.994405015556796501e-01
1.082643098130716894e-02 -1.434084490153389631e-02 9.998385512470205905e-01
3.077495154806839800e-02 -1.016411386677044427e-02 9.994746585814411333e-01
2.704401490127993080e-02 -6.250704647940812271e-03 9.996147007469901036e-01
2.755862447218928538e-03 -4.404379081608351086e-03 9.999865032424128941e-01
-3.483135069899924441e-02 -5.021842688684513382e-03 9.993805872161591886e-01
-7.661901893736063063e-02 -7.121975112391620323e-03 9.970350061093362637e-01
-1.131646791646052502e-01 -9.335652861103101857e-03 9.935323854687408973e-01
-1.409470629752860582e-01 -7.352980587915529387e-02 9.872827827355965535e-01
-1.410406675283633338e-01 -9.403484770030753892e-02 9.855277659817854863e-01
-1.137341452094345201e-01 -1.151103566956236807e-01 9.868202217196838655e-01
-6.307510975730747094e-02 -1.289002379858131819e-01 9.896495638236115777e-01
-4.302226760868073548e-03 -1.273349716089531292e-01 9.918504402632793981e-01
4.109814374252557245e-02 -1.106564596933984485e-01 9.930086054557052400e-01
5.938212739569452558e-02 -8.651014955237117110e-02 9.944796413051693040e-01
4.895126465856202563e-02 -6.397194364017493029e-02 9.967504021143820392e-01
1.622806437924324482e-02 -4.900534248851322328e-02 9.986666742882807091e-01
-2.913714046824953524e-02 -4.354026203847523313e-02 9.986266933278465929e-01
-7.687985384980101922e-02 -4.682969408863102423e-02 9.959399920796917494e-01
-1.171247761031234125e-01 -5.730155865873524240e-02 9.914627164941278714e-01
-1.646082237144547988e-01 -1.243555854662476146e-01 9.784885390483464285e-01
-1.674529309095705298e-01 -1.632043112338752433e-01 9.722776705882760773e-01
-1.331381512096902753e-01 -2.036061998085942626e-01 9.699581166689321687e-01
-6.234331310770795803e-02 -2.294091051477956111e-01 9.713314438367621761e-01
2.377428479931284477e-02 -2.229733345903290032e-01 9.745345942776826309e-01
8.669834379293374360e-02 -1.878864597302051798e-01 9.783568241871077875e-01
1.065595502779280723e-01 -1.420093187244578781e-01 9.841130095878086737e-01
8.648413518616930584e-02 -1.022454012034816201e-01 9.909926196969998102e-01
3.952424730202472314e-02 -7.726276880675678194e-02 9.962270315703344314e-01
-2.042903354988066453e-02 -6.874292216805406863e-02 9.974252178685187875e-01
-8.133055141913905772e-02 -7.507717909352021324e-02 9.938555018639317895e-01
-1.326558603559686578e-01 -9.418959705144447359e-02 9.866766149658586782e-01
-2.061264587226917799e-01 -1.494251068768613910e-01 9.670491303181952825e-01
-2.198783941056400570e-01 -2.014514895991905141e-01 9.545002824220878423e-01
-1.830338854717354358e-01 -2.591214096851415793e-01 9.483431297857410902e-01
-8.380203230977366358e-02 -2.993665580665659243e-01 9.504508842082366460e-01
5.375867292820525611e-02 -2.864581781629770285e-01 9.565833561423510156e-01
1.482479019288951982e-01 -2.294663913885698348e-01 9.619603603043282991e-01
1.705874911122385040e-01 -1.622095132794257044e-01 9.718991622990593715e-01
1.363394386396880043e-01 -1.099134891232578654e-01 9.845458762190344437e-01
6.982953659031211624e-02 -8.075159702951571761e-02 9.942851781036671222e-01
-9.859711428027655156e-03 -7.338606103239098122e-02 9.972548681940059945e-01
-8.939583788347979509e-02 -8.404087099892744439e-02 9.924442131278370383e-01
-1.582824332770459697e-01 -1.098715029654082076e-01 9.812619039542522792e-01
-2.579287515036171596e-01 -1.347865923671737187e-01 9.567159106368041677e-01
-2.924152115428921839e-01 -1.842629204237931362e-01 9.383712059815086937e-01
-2.645805691170151075e-01 -2.446872530664980228e-01 9.328050549993848195e-01
-1.356481418226958280e-01 -2.979866046225573828e-01 9.448828314058337341e-01
8.938868586251158543e-02 -2.809598255445509563e-01 9.555476122463900657e-01
2.245504925793805895e-01 -2.057449424394902360e-01 9.524946692463902576e-01
2.432017393010900419e-01 -1.279216917176826118e-01 9.615034866234665190e-01
1.893687921130908225e-01 -7.684398226804703413e-02 9.788945106409708830e-01
1.011942925201528426e-01 -5.443215836075519093e-02 9.933764922210680526e-01
9.886251656517142713e-04 -5.403492452160541665e-02 9.985385568681921509e-01
-9.851059143157836484e-02 -6.937681846647736350e-02 9.927147225841130851e-01
-1.881247643331347974e-01 -9.676539175941946402e-02 9.773666313119948601e-01
-3.027680288394657970e-01 -7.500554675568911478e-02 9.501082510263871850e-01
-3.609910708854467409e-01 -9.334558219998335959e-02 9.278857952489532046e-01
-3.517760106136265663e-01 -1.140256913656618465e-01 9.291134376733429789e-01
-2.047793814203749119e-01 -1.464706938437210504e-01 9.677870327659876537e-01
1.383099323181804507e-01 -1.320244204068683480e-01 9.815497516878055606e-01
2.947714808623833060e-01 -7.246565320854149450e-02 9.528160909510713372e-01
2.974302056129596306e-01 -2.342252164107573933e-02 9.544562107656485717e-01
2.257489362180200854e-01 -1.634366615815697425e-03 9.741841441135502544e-01
1.227857009795167015e-01 -1.327787335369681222e-03 9.924323194131693393e-01
8.999235169041379379e-03 -1.391419111568352289e-02 9.998626950996873930e-01
-1.050666094650109100e-01 -3.304306991750592670e-02 9.939160744780130008e-01
-2.119754812149691470e-01 -5.450642243460715464e-02 9.757537831220476354e-01
-3.190545195094927067e-01 1.279218892257170080e-02 9.476500268997120058e-01
-3.871483005806062860e-01 4.691150733709952697e-02 9.208232750299294445e-01
-3.836131503168205281e-01 1.144881328912674689e-01 9.163696952273479024e-01
-2.289636337305803182e-01 1.985510400882769533e-01 9.529706915266813461e-01
1.269979709207011698e-01 2.218677533950002556e-01 9.667710253133470211e-01
2.827967431040008806e-01 1.680184447732309128e-01 9.443494079554771714e-01
2.890280740704224693e-01 1.271596515602025357e-01 9.488378130186798654e-01
2.227436423540040955e-01 9.362280537815294290e-02 9.703710837117943688e-01
1.234771338141283370e-01 6.264897597105290039e-02 9.903678625817455838e-01
1.035937143076693691e-02 3.537665741953539833e-02 9.993203568093275146e-01
-1.064120903436001769e-01 1.480136756540688034e-02 9.942119424684854323e-01
-2.193963212098600790e-01 5.062546573143656033e-03 9.756226857047853862e-01
-2.974407809826373761e-01 8.984881221054921707e-02 9.505031155934167142e-01
-3.520383940896419928e-01 1.542122133844884002e-01 9.231942170150017057e-01
-3.326312817119401188e-01 2.523832116082787014e-01 9.086578811218990470e-01
-1.908702528767738105e-01 3.521322433723338419e-01 9.162813049191801396e-01
5.364491408885798535e-02 3.811091223800259220e-01 9.229724048048373319e-01
1.964665776050926738e-01 3.141676065962407116e-01 9.288162352424035317e-01
2.244072961897260188e-01 2.334902709479156901e-01 9.461097498648775028e-01
1.823483955725728189e-01 1.656429393690066754e-01 9.691808289835285306e-01
1.025922837325459053e-01 1.136869329467977974e-01 9.882054971491066597e-01
3.780629057835607591e-03 7.755898403177008404e-02 9.969805970227592073e-01
-1.025929717332743074e-01 5.857326205855128975e-02 9.929974094240008320e-01
-2.071219599407913836e-01 6.041574962052151387e-02 9.764478638966351820e-01
-2.545254595273567233e-01 1.309427036210754902e-01 9.581601112657087693e-01
-2.913928608949866716e-01 1.976468084707013462e-01 9.359625738889004731e-01
-2.676680375588882943e-01 2.847388149724786599e-01 9.204768486591354826e-01
-1.646938262297915900e-01 3.624320096894691479e-01 9.173434372984211604e-01
-1.077472591768160320e-02 3.859506356837670848e-01 9.224565095962770078e-01
1.024634286718221210e-01 3.378540689624183746e-01 9.356045499410058364e-01
1.432796818599305633e-01 2.623366742343230529e-01 9.542800438644042371e-01
1.254986639981274799e-01 1.912289378622686331e-01 9.734893829204939175e-01
6.958624669755274217e-02 1.360787938932917773e-01 9.882511402083472563e-01
-8.400156367862109466e-03 1.000281505963524775e-01 9.949491476760277120e-01
-9.628221528167169030e-02 8.494689053021552139e-02 9.917226229191917763e-01
-1.829262762469367198e-01 9.385492082301287453e-02 9.786364142498538143e-01
-2.093931969844260721e-01 1.327732506908373133e-01 9.687753882906251501e-01
-2.326847385693756876e-01 1.869351000827412512e-01 9.544176658015118830e-01
-2.121024991902563661e-01 2.505149896464285431e-01 9.445923828825243396e-01
-1.428155452956799687e-01 3.019849257949683841e-01 9.425544146703210835e-01
-4.522167601648925672e-02 3.162756111470719778e-01 9.475889076028042313e-01
3.687223334106694284e-02 2.848877107244010554e-01 9.578514658790509007e-01
7.681451730810781586e-02 2.293689815974752633e-01 9.703037669780857355e-01
7.337849606629874566e-02 1.727918872280039819e-01 9.822212378193080351e-01
3.658372041629763538e-02 1.274573125422029662e-01 9.911691403994209448e-01
-2.164129392676050062e-02 9.834280163591999080e-02 9.949172567422122082e-01
-8.989340886063425240e-02 8.807371299814534260e-02 9.920494927784854200e-01
-1.567955719131122472e-01 9.899981012396477653e-02 9.826566980506287186e-01
-2.308253047584199746e-01 2.342574333447243473e-02 9.727131711005229109e-01
-2.717820409922713787e-01 6.144884666328082057e-02 9.603950028180142651e-01
-2.810209573321860721e-01 1.215640920142149889e-01 9.519713194591107319e-01
-2.478621743577504311e-01 1.874554943799511819e-01 9.504866017726922856e-01
-1.773454095616570914e-01 2.337557850002362769e-01 9.559847481453012108e-01
-9.587017890662613562e-02 2.403047894997443756e-01 9.659516121110628406e-01
-3.480506354628922633e-02 2.107918282514752162e-01 9.769111590590026095e-01
-9.602532109357292747e-03 1.621589958779659502e-01 9.867179188769907849e-01
-1.963772646011888862e-02 1.093382278173022082e-01 9.938106014916696651e-01
-5.682764754317105177e-02 6.212547103054513048e-02 9.964492181360722345e-01
-1.112765682605498380e-01 2.779616407912832363e-02 9.934006737558447320e-01
-1.729368685170472320e-01 1.294444212096721586e-02 9.848478465862692266e-01
-1.667318556327059553e-01 -1.905604584534263332e-02 9.858181147829799817e-01
-1.844429794130954259e-01 -1.724859342587983617e-03 9.828417025164646326e-01
-1.771199732170583574e-01 2.884648577448165399e-02 9.837664333296313179e-01
-1.432848638791716367e-01 6.407505193332829752e-02 9.876051009907048650e-01
-9.130390225604384513e-02 9.226345951089073849e-02 9.915397377169322679e-01
-3.865575472466722950e-02 1.040265831084215414e-01 9.938230237992798921e-01
-3.057234641455685697e-03 9.789812455910762434e-02 9.951917456069727663e-01
6.674101852708558269e-03 7.812757986371395014e-02 9.969210287826496542e-01
-8.682884581512912564e-03 5.042577962771752770e-02 9.986900661687704295e-01
-4.268387885676245413e-02 2.071910137969083451e-02 9.988737684630955016e-01
-8.660084905425032009e-02 -4.682720173370314223e-03 9.962320839417947438e-01
-1.310930415124024195e-01 -1.957042328559119304e-02 9.911768828011378041e-01
-1.177288168832115040e-01 -8.434903923165375239e-02 9.894570052589847231e-01
-1.164673824930642504e-01 -8.990322995125572814e-02 9.891171609367434003e-01
-9.083752326381487607e-02 -8.399105448098789783e-02 9.923175132659900477e-01
-4.610976629334851556e-02 -6.664702064458052910e-02 9.967106220420650642e-01
3.670574579453035266e-03 -4.137837089963199849e-02 9.991368061001214551e-01
4.170659778569882348e-02 -1.611857767484032450e-02 9.989998754528790492e-01
5.718516591686181871e-02 1.037563574756596727e-03 9.983630503282725499e-01
4.839765885267455908e-02 5.323763175388684932e-03 9.988139587347173443e-01
2.019628149318042354e-02 -3.743042904969213092e-03 9.997890276671645982e-01
-1.946993702995501382e-02 -2.292379152424525376e-02 9.995476083379662979e-01
-6.162447360488373937e-02 -4.665700886590561786e-02 9.970082987501849292e-01
-9.719310533577131539e-02 -6.885159568627297055e-02 9.928811399391300752e-01
-9.056117351426717921e-02 -1.625496590771348948e-01 9.825356391427997327e-01
-7.339937575151983529e-02 -1.944306756680423687e-01 9.781662660298054979e-01
-2.482550053355738265e-02 -2.117987510970976428e-01 9.769979444998906359e-01
4.399581624566560600e-02 -2.034576349939374029e-01 9.780947596811081501e-01
1.078176740471518125e-01 -1.664725653161046592e-01 9.801337838071857433e-01
1.423932878023744242e-01 -1.159876915886692839e-01 9.829908478663241800e-01
1.404447620991636503e-01 -7.173994160929439423e-02 9.874860250032662101e-01
1.091865395250435355e-01 -4.642149354820719609e-02 9.929367273514023706e-01
6.076822733009760308e-02 -4.339817661602934223e-02 9.972080128105086372e-01
6.818901777367542341e-03 -5.957995638250355303e-02 9.982002461310076624e-01
-4.251309057922622592e-02 -8.899331854451923707e-02 9.951245280786003011e-01
-7.787350512601948216e-02 -1.252873658722925554e-01 9.890595498513324868e-01
-9.338067877533591521e-02 -2.429204332024379742e-01 9.655411498037013152e-01
-6.554441032785957022e-02 -3.065838618011834660e-01 9.495842595356830396e-01
1.087684059128851341e-02 -3.510702375933114627e-01 9.362859513069630157e-01
1.224771446526134039e-01 -3.467239532379332578e-01 9.299364759427162230e-01
2.229149536875951743e-01 -2.789273329183148964e-01 9.340816165482874744e-01
2.645639793052296240e-01 -1.858099270206403086e-01 9.462983524632208043e-01
2.436669131825230372e-01 -1.085398522861876353e-01 9.637663284664513830e-01
1.831612124678720366e-01 -6.606259383792564832e-02 9.808606954826653013e-01
1.066222236037259880e-01 -5.903524998624040676e-02 9.925454854529495163e-01
3.029457080507785491e-02 -8.049711828950674442e-02 9.962943605816224624e-01
-3.486592092039875884e-02 -1.225336060598204435e-01 9.918517444378395220e-01
-7.943208094066295244e-02 -1.786316193578041667e-01 9.807044861134617264e-01
-1.341212514526350097e-01 -3.098799068741228124e-01 9.412682578438810177e-01
-1.093592942173399890e-01 -4.096580118109133251e-01 9.056604541037406308e-01
-8.712832341075364348e-03 -4.910580586591560270e-01 8.710832736188401926e-01
1.695985438013336011e-01 -4.941446163505119893e-01 8.526766280790498698e-01
3.483552748129601362e-01 -3.636112423921433745e-01 8.639649685699735127e-01
4.076914087307993984e-01 -2.021450584655072324e-01 8.904634133894007153e-01
3.595511357990738288e-01 -8.935644627778560611e-02 9.288371257944535442e-01
2.607518723771791724e-01 -4.063076442100602842e-02 9.645504662973038990e-01
1.499778870412827314e-01 -4.235783081095952779e-02 9.877815788764882088e-01
4.598008179644830912e-02 -7.860538718383799917e-02 9.958448800810640877e-01
-4.186875351490685487e-02 -1.387146056237899550e-01 9.894469493943128802e-01
-1.055992125686512767e-01 -2.170323874691173494e-01 9.704358552188711018e-01
-2.142090015210219855e-01 -3.399407636608585137e-01 9.157263679010108071e-01
-2.215471735621685756e-01 -4.674510366257866867e-01 8.558074422696917427e-01
-1.304017684937845145e-01 -5.911383084606434135e-01 7.959590938257452564e-01
1.241246341506956619e-01 -6.249521607252255251e-01 7.707320364445046090e-01
4.764368723336330769e-01 -3.705544126995049536e-01 7.973062986770375060e-01
5.533231727371421549e-01 -1.146098503087852050e-01 8.250442707663813158e-01
4.610207790253666449e-01 1.300751454061251089e-02 8.872940019363294573e-01
3.206954938570239499e-01 3.944877231573554882e-02 9.463604992721309506e-01
1.789677374165833112e-01 9.382834744812719799e-03 9.838102008903983897e-01
4.971885668481628578e-02 -5.120416195067162279e-02 9.974498328681798975e-01
-6.265936294478299806e-02 -1.311247111072165183e-01 9.893837043192124092e-01
-1.537998889727896223e-01 -2.273183674792903508e-01 9.615986449441343842e-01
-3.167748059109046777e-01 -3.077308691121101170e-01 8.971930865403098254e-01
-3.926810399101942073e-01 -4.220259853917607828e-01 8.171264703515427330e-01
-3.924116053593407205e-01 -5.354238170150963372e-01 7.478866679866845724e-01
-1.550280033101133492e-01 -6.030754196528511635e-01 7.824745084666218098e-01
5.625221374299821386e-01 -1.232789285327240969e-01 8.175396936423666716e-01
6.089753372953178312e-01 1.558325887012119160e-01 7.777308293135126727e-01
4.796701618967982861e-01 2.069342631707612179e-01 8.526985085667301290e-01
3.271199849713764540e-01 1.627351545666375354e-01 9.308650734131351800e-01
1.783633515254449131e-01 8.522109107258786509e-02 9.802672495135943409e-01
3.859535881068035246e-02 -3.873669760806800529e-03 9.992474132871569381e-01
-9.156444933829603616e-02 -9.879481393278068124e-02 9.908862378484467603e-01
-2.113937324604118762e-01 -1.997296350219122940e-01 9.567762344302043198e-01
-3.990538228217561101e-01 -2.109745729686073878e-01 8.923260480631981517e-01
-5.446762294847427022e-01 -2.499071065758493859e-01 8.005462154785720763e-01
-6.765561199467382547e-01 -1.946495653830099815e-01 7.101995235558148378e-01
-6.674202353877816130e-01 9.715814902051166102e-02 7.383160051589054973e-01
6.580899585015552444e-02 6.306842383912100169e-01 7.732441836251037204e-01
3.447054788937306546e-01 5.434359284615815078e-01 7.654119965597511177e-01
3.453216428939939187e-01 4.094584297557392061e-01 8.444505653092018171e-01
2.584968668607842135e-01 2.781530859060449834e-01 9.251001192432655174e-01
1.416824899029268392e-01 1.571665822395137690e-01 9.773559932194739730e-01
1.385598112119369382e-02 4.826709112350578701e-02 9.987383539754091100e-01
-1.191722459059434414e-01 -4.981138442406085609e-02 9.916233164803804900e-01
-2.566074675725136811e-01 -1.378501493258499910e-01 9.566346972156087869e-01
-4.147470917049955741e-01 -9.296726482969071281e-02 9.051750867054778604e-01
-5.589570956796202639e-01 -6.145299125827672487e-02 8.269162563736496274e-01
-6.611000513513596299e-01 7.851621293939677060e-02 7.461782135715006037e-01
-5.987909376004224571e-01 3.649256196255227791e-01 7.129366768433555990e-01
-2.241078608949238771e-01 6.631554688924903296e-01 7.141431864569139920e-01
6.583018936024076506e-02 6.276250776295596578e-01 7.757274960315130308e-01
1.668647604629965031e-01 4.811193394729145756e-01 8.606278713246305889e-01
1.546277275690826625e-01 3.293193286361976169e-01 9.314714411367519542e-01
8.430188079283275349e-02 1.970232963963752248e-01 9.767676354035719211e-01
-1.669072192620996153e-02 8.733977397404027454e-02 9.960387460756859879e-01
-1.363951334069018195e-01 -3.687534572981381975e-04 9.906544461131423507e-01
-2.701906045993801575e-01 -6.402151234922578982e-02 9.606759511629302528e-01
-3.722153923456242297e-01 -5.482657189455179131e-03 9.281301860036290652e-01
-4.803599393047725541e-01 5.270792625142622922e-02 8.754862667234888374e-01
-5.373460790580479873e-01 1.838145465316350091e-01 8.230865105226897738e-01
-4.802427887494127301e-01 3.737352485396837065e-01 7.935293490811464734e-01
-2.847975943622371719e-01 5.326332822665024169e-01 7.969894082529652701e-01
-8.011472383995021929e-02 5.331221333876547952e-01 8.422365593562058939e-01
3.569871656227743828e-02 4.339009207879144236e-01 9.002530714055734240e-01
6.286906196891831056e-02 3.101039964555866169e-01 9.486216276415849746e-01
2.913648771525271727e-02 1.959927278613428636e-01 9.801723908115239636e-01
-4.296774794070608999e-02 1.023552557080317782e-01 9.938194877671694405e-01
-1.397107114372652392e-01 3.316650728874252774e-02 9.896367514921832198e-01
-2.525256842144913971e-01 -6.404893595278708315e-03 9.675689929664150757e-01
-3.031992199713522962e-01 3.182872930790207194e-02 9.523954877042410949e-01
-3.740343491761712325e-01 8.632386709209749487e-02 9.233885940419025440e-01
-4.024094908367951695e-01 1.818898292393242022e-01 8.972082766580691260e-01
-3.607763504283873490e-01 2.969229481046569696e-01 8.841250974044592148e-01
-2.488890366794117848e-01 3.820935013618068088e-01 8.899768556753718807e-01
-1.186136271593107444e-01 3.881127719809695509e-01 9.139470901957292837e-01
-2.728319518368625338e-02 3.296749780566733956e-01 9.437001833760414460e-01
7.111494856126399262e-03 2.455581580379355977e-01 9.693557745543535109e-01
-7.519070095805865071e-03 1.621642748020075131e-01 9.867351273583553350e-01
-5.737218955250062563e-02 9.212374275960800996e-02 9.940933798622907380e-01
-1.303286229234164317e-01 4.240022642706767902e-02 9.905638146257321752e-01
-2.161389922601686941e-01 1.956427347644891859e-02 9.761665714559771834e-01
-2.502988539026337333e-01 -7.265377871223976936e-02 9.654387148721061962e-01
-3.197225566668711605e-01 -4.599799222714621300e-02 9.463940360492106851e-01
-3.668469213586986744e-01 2.064742580528451318e-02 9.300521598798467959e-01
-3.683237800464041478e-01 1.135991906737112145e-01 9.227311726232522160e-01
-3.132371192809424443e-01 2.002420331364996031e-01 9.283241003388540413e-01
-2.208473498773323718e-01 2.436199543980945292e-01 9.443917438601606706e-01
-1.318297223052699307e-01 2.328488378341835585e-01 9.635363734889165199e-01
-7.512189788797621337e-02 1.831501819091281569e-01 9.802105443854872702e-01
-5.769790087867326250e-02 1.149485358928661605e-01 9.916944016834664533e-01
-7.439958792207286564e-02 4.389960455823645885e-02 9.962617758584630945e-01
-1.172133456389694156e-01 -1.813912127309615097e-02 9.929410878211826219e-01
-1.785838934793076149e-01 -6.053843980478515463e-02 9.820605329081029122e-01
-1.517620279014362250e-01 -8.716072055367433957e-02 9.845665521841374668e-01
-1.795633174652443431e-01 -7.471254491957386723e-02 9.809052200148659084e-01
-1.884927951838846760e-01 -3.674561121608666686e-02 9.813868891625652235e-01
-1.720425437141472613e-01 1.774014443940525459e-02 9.849297692869637411e-01
-1.319934160848763305e-01 7.162882778310308840e-02 9.886592179010884607e-01
-8.162481902155523106e-02 1.065179621255119835e-01 9.909547480406631914e-01
-3.960442563798892424e-02 1.132401980022348237e-01 9.927779948338575355e-01
-1.834172129222286576e-02 9.361255571604838732e-02 9.954397373384397119e-01
-2.024225579888629806e-02 5.519439795444441160e-02 9.982704190322538862e-01
-4.124451211459648908e-02 7.591148927883216262e-03 9.991202453550797058e-01
-7.485420852539940995e-02 -3.873078902188289985e-02 9.964420572455070513e-01
-1.141047124046348504e-01 -7.335175766165404065e-02 9.907571015415119753e-01
-6.413327834521671822e-02 -1.378239869539178986e-01 9.883782025262108917e-01
-5.576021242451101312e-02 -1.453756867142144416e-01 9.878039827934678163e-01
-2.795480572120703777e-02 -1.295236573794608381e-01 9.911821986982167765e-01
1.209117147087383250e-02 -9.174687891638835802e-02 9.957089503371672201e-01
5.042008418565536304e-02 -4.189966925542922688e-02 9.978488025883027746e-01
7.413512345912637302e-02 3.545797430758761398e-03 9.972419018424182324e-01
7.773027616325335620e-02 3.041625543259618078e-02 9.965103389193078476e-01
6.305965929587224739e-02 3.246135720586341283e-02 9.974816989087545993e-01
3.582433883080096693e-02 1.125096998228523187e-02 9.992947675345212888e-01
2.768791603210983814e-03 -2.625659446738684913e-02 9.996514017597073476e-01
-2.931442698163775479e-02 -7.028659739025554243e-02 9.970960127280165120e-01
-5.370107375945300937e-02 -1.105260109372954574e-01 9.924213800515363504e-01
2.516452312404151345e-03 -2.171000725332466186e-01 9.761461089272919223e-01
4.587684885486648795e-02 -2.514123160528496381e-01 9.667922021179575776e-01
1.174768355529723779e-01 -2.538262218347606125e-01 9.600892886692797834e-01
1.952554559935973100e-01 -2.139511806595245924e-01 9.571312340526668683e-01
2.455869720308632986e-01 -1.404548790638696365e-01 9.591451746819703583e-01
2.499605027390844059e-01 -6.356080008742448495e-02 9.661675691942224198e-01
2.152109053037596920e-01 -1.069383001577327123e-02 9.765090415545562008e-01
1.597856969542488792e-01 6.591262279275685552e-03 9.871297211159569818e-01
1.002034952186890843e-01 -9.692713799668529681e-03 9.949197509574320142e-01
4.741017978071711270e-02 -5.079151777848964905e-02 9.975833281359848259e-01
8.965431400460041264e-03 -1.060034101396653966e-01 9.943253482027973877e-01
-8.240437972415744911e-03 -1.648232746405867422e-01 9.862886916713968777e-01
3.561061915581559961e-02 -3.183664317834882240e-01 9.472986323840874023e-01
1.132475997157253028e-01 -3.907392957873270789e-01 9.135085023612575794e-01
2.427708461642357485e-01 -4.138178843189505018e-01 8.773922012820183358e-01
3.853227984742640388e-01 -3.522920880944329092e-01 8.528872291469956624e-01
4.666001604228962596e-01 -2.164123573040413473e-01 8.575838045924887298e-01
4.511737758536449316e-01 -7.997362329886384402e-02 8.888455678904493285e-01
3.681591088309633664e-01 4.230945337428035878e-03 9.297531767551966420e-01
2.619847850131445388e-01 2.660136195246901383e-02 9.647053124990880857e-01
1.622458585100193251e-01 -2.002168843929515136e-05 9.867503640715881152e-01
8.274664967146044825e-02 -5.946463685165347124e-02 9.947949280792325322e-01
3.021395662133253765e-02 -1.389208043956630390e-01 9.898424758169295234e-01
1.139240432445294202e-02 -2.286165014696018571e-01 9.734499002925910416e-01
1.862901038575324672e-02 -4.289568750688299015e-01 9.031328580574865539e-01
1.196037350907835223e-01 -5.555172893274219481e-01 8.228581213129454452e-01
3.189208153386446365e-01 -6.144648507898441414e-01 7.216110175763522649e-01
5.732458655788754687e-01 -5.117750616219292059e-01 6.399026987743252626e-01
7.188643410001083200e-01 -2.418124772864710947e-01 6.517367452178763898e-01
6.693961436150925870e-01 -6.364276658271206082e-03 7.428783876893629845e-01
5.176727271047738554e-01 1.021468695912761820e-01 8.494592189414297279e-01
3.514168243044310525e-01 1.053822173158370235e-01 9.302692104274973284e-01
2.089081528225923134e-01 4.615878556973681407e-02 9.768453051527397069e-01
1.002096177574687275e-01 -4.735169756628380272e-02 9.938389453259824924e-01
2.747046038554516040e-02 -1.616976896166850974e-01 9.864579215450451910e-01
-4.131031301485421983e-03 -2.910104326721555945e-01 9.567109608739339244e-01
-6.344840693752393235e-02 -5.207485864902993145e-01 8.513490525779991991e-01
2.083114906331224800e-02 -7.122351101878140467e-01 7.016318201481662742e-01
2.604133725098213281e-01 -8.402794861924017811e-01 4.755157836519423586e-01
6.772363800786656007e-01 -6.978163465144282540e-01 2.332450043091291447e-01
9.573881269168288410e-01 -1.399506362118953240e-01 2.526297564871200496e-01
8.353560255663985412e-01 2.305003494467521008e-01 4.990489950442720812e-01
6.032032987539780455e-01 3.100717245122175947e-01 7.348478114753401735e-01
3.917227446220668541e-01 2.447721066738914875e-01 8.869272276461732663e-01
2.228474155272692492e-01 1.253945330420623283e-01 9.667550054052367337e-01
9.347084403677416442e-02 -1.436858203824840224e-02 9.955183298991863161e-01
-8.750326960129177446e-04 -1.670135474376816531e-01 9.859542125728002482e-01
-5.804820138783390454e-02 -3.349608944154253143e-01 9.404422393363995880e-01
-2.051238960982139370e-01 -5.487326310085521852e-01 8.104422785837013254e-01
-2.131582552460473401e-01 -7.775815774829953897e-01 5.915491937105552545e-01
-8.561521102979008369e-02 -9.760818188144105845e-01 1.998357290883636117e-01
3.432771447990617397e-01 -8.456754228483994718e-01 -4.086488480941795620e-01
8.659102454847081853e-01 2.657418455991693573e-01 -4.237696523607752952e-01
7.148569559101627391e-01 6.694593336972672892e-01 2.019993393864742137e-01
5.120905366966825856e-01 5.898518379404640299e-01 6.243701558403722540e-01
3.377829298577560424e-01 4.058672636607451589e-01 8.492199106152016341e-01
1.887080813418475222e-01 2.143803306111988216e-01 9.583477103239534944e-01
6.102721418963175104e-02 3.085422303603892538e-02 9.976591081371813940e-01
-4.853833438323548050e-02 -1.501405058139677340e-01 9.874724596712946001e-01
-1.400727880856133811e-01 -3.398518267058056597e-01 9.299894353823399129e-01
-3.559387229494826443e-01 -4.779518807326398333e-01 8.030377483089711221e-01
-5.030422857751449817e-01 -6.522354568969030986e-01 5.670426505021638475e-01
-6.636108533284964528e-01 -7.345362656612617336e-01 1.416937181847575944e-01
-7.797328488906283273e-01 -3.741723723903284671e-01 -5.020076892844181904e-01
-2.950537387959604740e-01 8.006279060571847017e-01 -5.214769863235407810e-01
1.179928652381023457e-01 9.783671874355648335e-01 1.699274265744107615e-01
2.231425515447956753e-01 7.605816438409626068e-01 6.096908763809865128e-01
1.937450966814751874e-01 5.044669585867235240e-01 8.414130526715883907e-01
1.122363317636233260e-01 2.744003890574923665e-01 9.550431573061086699e-01
1.076934208773301996e-02 7.209274760734102339e-02 9.973397901484730710e-01
-1.009121338044928484e-01 -1.134912354391586775e-01 9.884009716351956909e-01
-2.223039311276780727e-01 -2.946449463920426393e-01 9.293897555766080787e-01
-4.355895185079163290e-01 -3.348066720239005201e-01 8.355634408794617718e-01
-6.384157138550680122e-01 -4.001897320847225270e-01 6.574751361359391089e-01
-8.621494317618033643e-01 -3.212052895289006504e-01 3.918233266300842899e-01
-9.913590189753506143e-01 6.121996647168501116e-02 1.160147025225120865e-01
-7.246425351024649020e-01 6.810807366489228798e-01 1.049867919597233662e-01
-2.896277958221137871e-01 8.631486052769881123e-01 4.136305417828367581e-01
-3.996544247487666957e-02 7.188677444591777821e-01 6.939970672734139256e-01
4.060429709200924497e-02 4.957920222176586678e-01 8.674915341160253091e-01
2.585927328712462822e-02 2.822842792806213863e-01 9.589822123773036333e-01
-4.046945746782130982e-02 9.510587638760721607e-02 9.946442053763532298e-01
-1.404191839660750563e-01 -6.885845450649283328e-02 9.876947737116356096e-01
-2.707314748485147304e-01 -2.140706225899632609e-01 9.385511371631981570e-01
-4.216826511194041727e-01 -1.947760050573923429e-01 8.855766762955701310e-01
-5.957685837000098461e-01 -1.885186180680951673e-01 7.807179550373807286e-01
-7.568353514365638857e-01 -6.851623191920294675e-02 6.500044436614281773e-01
-8.156365189323979692e-01 1.940163021650312125e-01 5.450639810866056978e-01
-6.674465141248797639e-01 5.057680800376193053e-01 5.465471617322992248e-01
-3.903149750526170303e-01 6.327101583467704682e-01 6.688288837769901241e-01
-1.696054622380405441e-01 5.628169193958306726e-01 8.089938828080756039e-01
-6.007889264310768695e-02 4.091838323759829921e-01 9.104719204791806852e-01
-3.867694382694061156e-02 2.445439325577660195e-01 9.688665331537820169e-01
-7.632203498383770268e-02 9.506371881646440147e-02 9.925411005800324205e-01
-1.561758034197996137e-01 -3.234771459752223272e-02 9.871994447863727817e-01
-2.719775194648003103e-01 -1.332273516377920353e-01 9.530365689108117877e-01
-3.475765331652787560e-01 -1.051733843287254999e-01 9.317344647599664631e-01
-4.674228273898176078e-01 -7.546342577051637357e-02 8.808071138484369067e-01
-5.630755612469348081e-01 2.401858428185242242e-02 8.260563055479459571e-01
-5.850155161165329076e-01 1.839624122960231700e-01 7.898826981046601636e-01
-4.976232768948579688e-01 3.450632458631071042e-01 7.958030099508751620e-01
-3.356724059632325008e-01 4.185440826566289019e-01 8.438867736538181452e-01
-1.851749828004403409e-01 3.866934974037787853e-01 9.034259044385222204e-01
-9.454381019885006732e-02 2.936880809880290100e-01 9.512143707065462417e-01
-6.644919279483965657e-02 1.822914432168757370e-01 9.809966026989662691e-01
-8.786348180939373975e-02 7.558069344094954511e-02 9.932610771308393316e-01
-1.468744938674364509e-01 -1.474333432816414199e-02 9.890452553569218930e-01
-2.358009700824569566e-01 -7.929715689841775050e-02 9.685607174648432904e-01
-2.273183711806418816e-01 -1.640975638663283442e-01 9.598949669921266192e-01
-3.176489487851653082e-01 -1.585773135980702020e-01 9.348542030432794858e-01
-4.013490703619730371e-01 -1.006406937191416107e-01 9.103792476146504997e-01
-4.441241080390221918e-01 2.270889071599023479e-03 8.959623986091517223e-01
-4.198546659841094209e-01 1.162563578816642185e-01 9.001147253008752180e-01
-3.361969208372368456e-01 1.947433025867475465e-01 9.214372884342647563e-01
-2.328105921635759967e-01 2.120336161265618524e-01 9.491264266728128840e-01
-1.480765842452388958e-01 1.750222532995106550e-01 9.733655716369984390e-01
-9.871055392913502535e-02 1.049870381911771761e-01 9.895625035109919532e-01
-8.555050515802360700e-02 2.154777209975743471e-02 9.961008004135560867e-01
-1.047745574805328123e-01 -6.004143192321206163e-02 9.926818818520652954e-01
-1.531634759569034110e-01 -1.265423145739577038e-01 9.800652999953703981e-01
-1.095009020634582497e-01 -1.381123166447686124e-01 9.843447264237734640e-01
-1.441623242677238237e-01 -1.338633534433629479e-01 9.804579679244763701e-01
-1.713821809525793993e-01 -9.587782568982208820e-02 9.805282201919831575e-01
-1.797326977737663256e-01 -3.175714364124843092e-02 9.832027467306249102e-01
-1.626836323420705888e-01 3.914983430260211145e-02 9.859012761134392511e-01
-1.257726285408445333e-01 9.280961039310572924e-02 9.877082677232013053e-01
-8.440642842904901022e-02 1.133825779701378572e-01 9.899595677868974208e-01
-5.276400453063140317e-02 9.884107972945746501e-02 9.937033766592326955e-01
-3.717192809556557620e-02 5.676223308442058385e-02 9.976954929521042459e-01
-3.768150976412053266e-02 -1.071487296005114173e-03 9.992892252680855014e-01
-5.185949429496084645e-02 -6.141871111283196683e-02 9.967639313180346461e-01
-7.687568530484148455e-02 -1.110803205828718027e-01 9.908336345664852107e-01
6.693836259551096644e-03 -1.580757353018493738e-01 9.874043014211116853e-01
2.268970534142239481e-02 -1.638537068478796987e-01 9.862236764668552702e-01
4.759265732052399972e-02 -1.379297081141791503e-01 9.892978998202484053e-01
7.329586720273925660e-02 -8.422860127488575321e-02 9.937470797835533665e-01
8.938124914670393661e-02 -1.798325232810960711e-02 9.958351243738791103e-01
9.041495605295223059e-02 3.894412551768932501e-02 9.951424474966419353e-01
7.846176056315429248e-02 6.926564666386876568e-02 9.945079297429545440e-01
5.942567084299045510e-02 6.674345621349563051e-02 9.959989461327833915e-01
3.884210417343800237e-02 3.506821542314344370e-02 9.986298169043643647e-01
2.056242877026370069e-02 -1.597273269479455859e-02 9.996609716966294856e-01
7.407229239772132254e-03 -7.371348437898851691e-02 9.972519517030993264e-01
2.004868319924116640e-03 -1.250115239636653830e-01 9.921532640571995021e-01
1.089015768547312302e-01 -2.206681154966384784e-01 9.692502408365294420e-01
1.766154492682713018e-01 -2.451413024854379730e-01 9.532642471505442527e-01
2.604379718913660824e-01 -2.238544671516254081e-01 9.391811541622141490e-01
3.301341714251606052e-01 -1.530374851351183063e-01 9.314456275063864865e-01
3.524558271622889039e-01 -5.414477654428500458e-02 9.342607949990955341e-01
3.192810013287162851e-01 3.366762779765069408e-02 9.470618422410752579e-01
2.514535895510362495e-01 8.108348176170604438e-02 9.644669829950075490e-01
1.775049593389556035e-01 8.120505810194092455e-02 9.807638492261290253e-01
1.163900638489053646e-01 4.274849164470879287e-02 9.922831851338259623e-01
7.613254949773419489e-02 -2.041576801291416360e-02 9.968886754915442516e-01
5.971745978453480569e-02 -9.423981953119520139e-02 9.937568522589469433e-01
6.974261509947463078e-02 -1.654061266554762710e-01 9.837564642248284308e-01
1.816918388584505828e-01 -3.250353900690018949e-01 9.280840861122553465e-01
3.044343712906558697e-01 -3.818187286468875397e-01 8.726592531058847690e-01
4.628688437662458188e-01 -3.610290556663146022e-01 8.095742426949913417e-01
5.974714752333313283e-01 -2.397443010353138004e-01 7.652127197084621635e-01
6.351981401363284707e-01 -5.867923281234135174e-02 7.701169199569392054e-01
5.608910590143970643e-01 9.347668216004502428e-02 8.225954837038911283e-01
4.249634143708090894e-01 1.621885152365493965e-01 8.905621718732845693e-01
2.875600407141683523e-01 1.496705473902190109e-01 9.459957453543231809e-01
1.816767764983819589e-01 8.344384994106135434e-02 9.798115496299333316e-01
1.164054625841224599e-01 -1.181523729034349851e-02 9.931314960509076695e-01
9.248789111880791058e-02 -1.200166079659221313e-01 9.884543508977842174e-01
1.123008529875974965e-01 -2.292237944927081605e-01 9.668738130990501833e-01
2.008214040126543032e-01 -4.634774576039959459e-01 8.630523796290979766e-01
3.691307421720296245e-01 -5.727869439034355414e-01 7.318863382229018333e-01
6.112828062238451210e-01 -5.562962082778778461e-01 5.629101699832942396e-01
8.358781920312499114e-01 -3.416363634467060040e-01 4.296419942900938094e-01
8.997948012471873591e-01 -2.648890395298576089e-03 4.363052819164014440e-01
7.737014206097622138e-01 2.537473722466502268e-01 5.805156180708723745e-01
5.612269391096438298e-01 3.337060324054680338e-01 7.574065003377465910e-01
3.625064078891171993e-01 2.787389216038911322e-01 8.893220551759380976e-01
2.178898395101704910e-01 1.577117332037195618e-01 9.631464203578524730e-01
1.306099729103491758e-01 1.084797933331739343e-02 9.913744783484773615e-01
9.593390289120912184e-02 -1.466429413662421744e-01 9.845265532343651094e-01
1.154619923070897280e-01 -3.087145838534953168e-01 9.441206671017077223e-01
1.370086284040836211e-01 -6.057656517554843578e-01 7.837580053155563942e-01
3.023093825257189837e-01 -7.845083673144790382e-01 5.414385088360885723e-01
5.839313577904782226e-01 -7.889771579338997753e-01 1.911523310021477351e-01
8.870748542254333069e-01 -4.446109811658539024e-01 -1.241743871642678604e-01
9.805756407467688396e-01 1.528130653217234514e-01 -1.229617007079532170e-01
8.168783136402956169e-01 5.400114275712742939e-01 2.027251311423013957e-01
5.707039428271226678e-01 5.919284145540743003e-01 5.691377352496777009e-01
3.572980728929830985e-01 4.529401029460063399e-01 8.168129224310295422e-01
2.061284690087921145e-01 2.531507859210415101e-01 9.452120047119354496e-01
1.119059435826325472e-01 4.390706145559384460e-02 9.927483214517323074e-01
6.599879785534402965e-02 -1.671069012245376129e-01 9.837273210828385572e-01
6.916378246434652655e-02 -3.849591960077014541e-01 9.203384098277570535e-01
-1.697672797267198858e-02 -6.929707376029844434e-01 7.207658063013979710e-01
5.281540144730530878e-02 -9.245814335272225515e-01 3.773058522559945560e-01
2.249801602490560104e-01 -9.604922970763202228e-01 -1.638245242668348312e-01
4.635501845155163281e-01 -5.144286748090145522e-01 -7.214460236011823735e-01
5.598157958710182625e-01 3.801133811419132869e-01 -7.362880497265834601e-01
4.817684134087537595e-01 8.599370837484509034e-01 -1.685449727397991815e-01
3.592699690767583998e-01 8.423110288139142865e-01 4.017925087130885808e-01
2.382205192919651382e-01 6.087720932164555343e-01 7.567347769920647060e-01
1.377149328543570417e-01 3.364196432729668618e-01 9.315881176189764190e-01
6.172477187237563473e-02 7.670109466844876600e-02 9.951416957468851576e-01
8.261182391780341402e-03 -1.728867969184331443e-01 9.849070556741270632e-01
-2.167980497923854138e-02 -4.279264199250412681e-01 9.035535209306349014e-01
-2.106571308242141394e-01 -6.697544585817781782e-01 7.120762167371585960e-01
-3.007026614554288435e-01 -8.853584124696067814e-01 3.545678931642713971e-01
-3.817122479819181624e-01 -9.007236821568200824e-01 -2.073465894158527112e-01
-4.303562200015627615e-01 -4.416721430698670181e-01 -7.872224856684965077e-01
-3.563155834595582161e-01 4.762220675367938028e-01 -8.038978463553804188e-01
-1.503252795655337926e-01 9.658167376561477280e-01 -2.111879248127341013e-01
-5.003568569889348290e-03 9.243808422035296735e-01 3.814380983446937212e-01
4.342283557852189696e-02 6.617311900903665167e-01 7.484826580570280719e-01
3.275863896772809175e-02 3.679307855775966751e-01 9.292759593346403557e-01
-5.912552463217304530e-03 9.566299054824151105e-02 9.953962195842698257e-01
-6.025465857692757082e-02 -1.590242478797601888e-01 9.854342518433594211e-01
-1.283069973597415481e-01 -4.128191699219369015e-01 9.017303628986919062e-01
-3.508834113718818370e-01 -5.413470587152884317e-01 7.640838917582724044e-01
-5.479383586041639553e-01 -6.762211768510549836e-01 4.924311882367687354e-01
-7.764415583612115368e-01 -6.220976973979787106e-01 1.006626114396358546e-01
-9.412963163976529879e-01 -2.241868856189996595e-01 -2.523915312615120365e-01
-8.711809580492642091e-01 4.190658962847211844e-01 -2.557880233776770873e-01
-5.773650978514192067e-01 8.090584905277634631e-01 1.098813118232819658e-01
-2.932816350156523533e-01 8.012081837460075517e-01 5.215853993940118283e-01
-1.286347900201317840e-01 5.896670854836040254e-01 7.973367037166781968e-01
-6.584603056933016618e-02 3.353448122336397663e-01 9.397915498483311314e-01
-6.831846841490334110e-02 9.404720706196993685e-02 9.932208766016354939e-01
-1.168026789510873686e-01 -1.296629789362402640e-01 9.846545821166082790e-01
-2.085837132363366486e-01 -3.432945415295281522e-01 9.157738216003967757e-01
-3.846873755233061187e-01 -3.770849684227882137e-01 8.425096733585588638e-01
-5.878928735972154263e-01 -4.311067595785909590e-01 6.844917318851838628e-01
-8.075283210725940908e-01 -3.422272237432049669e-01 4.803941485848565729e-01
-9.459700309445886468e-01 -6.060344344529169924e-02 3.185403007425878230e-01
-8.909496050917857790e-01 3.203271155926152303e-01 3.218685138419595249e-01
-6.572435424145245397e-01 5.672729625726730118e-01 4.962180084281311299e-01
-3.956235895838519645e-01 5.809857557731722411e-01 7.112928559697221376e-01
-2.135834579092942276e-01 4.450437174457643197e-01 8.696655656455182237e-01
-1.239909600092688746e-01 2.605414985672365735e-01 9.574676858046984318e-01
-1.061762618243912021e-01 7.547564709092584312e-02 9.914787078507238949e-01
-1.445986481236817556e-01 -9.680312913009404829e-02 9.847438170159958926e-01
-2.359556632227009509e-01 -2.522768547584351984e-01 9.384462230443343378e-01
-3.293905556303867721e-01 -2.430972335358249359e-01 9.123626455027182836e-01
-4.814839258448002091e-01 -2.522939818559192249e-01 8.393574779987603707e-01
-6.330065512925487914e-01 -1.715787341972453139e-01 7.548930016843413693e-01
-7.189950713868257237e-01 3.521339691160845203e-03 6.950062499634004354e-01
-6.815837603704214542e-01 2.127415547118544636e-01 7.001318507953258052e-01
-5.319656803836410042e-01 3.521012925850929287e-01 7.700890822845005701e-01
-3.510898934941516503e-01 3.696556045813941260e-01 8.602851972967293648e-01
-2.104175786770002277e-01 2.941650115421090561e-01 9.323043433171583905e-01
-1.322135997758406845e-01 1.762028060458150636e-01 9.754343315549074411e-01
-1.112211849212041692e-01 4.871294820349401922e-02 9.926010763151404959e-01
-1.389765260368870659e-01 -7.184047948866445488e-02 9.876864232728760351e-01
-2.119877317013421358e-01 -1.743641631451207374e-01 9.615915662165310795e-01
-1.619559082277012008e-01 -2.346957068409608604e-01 9.584822423919732159e-01
-2.600171521562281152e-01 -2.570796021945980225e-01 9.307530062911698598e-01
-3.714879761248058854e-01 -2.229859756903666002e-01 9.012624136399957075e-01
-4.546501063603293202e-01 -1.299581258842841258e-01 8.811379950400617389e-01
-4.701422408411927711e-01 -7.611748861943462563e-03 8.825578364367961948e-01
-4.124133290491042159e-01 9.450479418763912953e-02 9.060817236310608758e-01
-3.128998391345772512e-01 1.408452894075467310e-01 9.392849914277042744e-01
-2.119367568825570036e-01 1.278459270992125807e-01 9.688850447840955393e-01
-1.341403402245041898e-01 7.220833256305454750e-02 9.883280456573366735e-01
-8.788088381545051953e-02 -6.713353941089976809e-03 9.961083681702184167e-01
-7.537001824513608894e-02 -9.322172582372507954e-02 9.927885324600704831e-01
-9.909652262869429740e-02 -1.740513014292708605e-01 9.797377320862798999e-01
-4.800917515907371369e-02 -1.638603528507393825e-01 9.853146217650712302e-01
-8.460893157073227921e-02 -1.702564430286436226e-01 9.817607001228901842e-01
-1.284400807523522203e-01 -1.410923794409292276e-01 9.816293017836001944e-01
-1.641429812932952148e-01 -8.040723808438006437e-02 9.831539847632410067e-01
-1.765899876749844610e-01 -5.895024455504624047e-03 9.842668464089349145e-01
-1.617535767719402717e-01 5.708628578394907283e-02 9.851786317093881307e-01
-1.286679191415396328e-01 8.894523881302418555e-02 9.876908985489066817e-01
-9.068975626266737033e-02 8.382008667022955439e-02 9.923454847882786645e-01
-5.745477826619319744e-02 4.734159058797939718e-02 9.972250108451555795e-01
-3.392069957776980976e-02 -9.032331948211421921e-03 9.993837116541628429e-01
-2.292769782687385793e-02 -7.184110780180009981e-02 9.971525339195418391e-01
-2.697075784100995410e-02 -1.276120419366195691e-01 9.914573843459967284e-01
7.680471009668665694e-02 -1.415915524466845876e-01 9.869411678426841528e-01
9.784370537147021873e-02 -1.423631132879810135e-01 9.849666762353518346e-01
1.138867209171534889e-01 -1.095659522790623508e-01 9.874336012612928704e-01
1.178195608211956014e-01 -4.940192061697337017e-02 9.918054251350161277e-01
1.054159998715117480e-01 2.030456983958435144e-02 9.942208966898760103e-01
8.048774160024894930e-02 7.647383006296920582e-02 9.938176275190189202e-01
5.325627057647112222e-02 1.024210708919736229e-01 9.933144989788624812e-01
3.323450742170683953e-02 9.382732051805474371e-02 9.950336182464732948e-01
2.467516036181330655e-02 5.631719129305316068e-02 9.981079653153868136e-01
2.725108264956686149e-02 8.440662644613300923e-04 9.996282639294183925e-01
3.857399275740902578e-02 -5.938208863275769994e-02 9.974897566553125872e-01
5.598045529752046501e-02 -1.108786404678014786e-01 9.922560736588491581e-01
2.003628156327862120e-01 -1.706160029773378939e-01 9.647512226682193326e-01
2.820128149865392952e-01 -1.754429264215053297e-01 9.432330315208294902e-01
3.617214876543254909e-01 -1.296910739359408149e-01 9.232214201969477507e-01
4.075321430568187853e-01 -3.828049418104192275e-02 9.123881608947214117e-01
3.934244917175118150e-01 6.865307408630876018e-02 9.167900112541754742e-01
3.233419854441365038e-01 1.492035292978665939e-01 9.344454330211646731e-01
2.301883558296652088e-01 1.774469071719937119e-01 9.568311846797007414e-01
1.494121664831782326e-01 1.544780878765012744e-01 9.766332601712640615e-01
9.918068802314893018e-02 9.632746156047172770e-02 9.903959871044500929e-01
8.225072124100345217e-02 2.036612490765044720e-02 9.964035526891088512e-01
9.550104025094792448e-02 -5.849708531237646225e-02 9.937090330277184025e-01
1.358395142869515126e-01 -1.267028366251664873e-01 9.825955513583849443e-01
3.070338699862963927e-01 -2.574240412690194102e-01 9.162221704684035961e-01
4.551737829518279210e-01 -2.811429102574665717e-01 8.448523488310452079e-01
6.097453615724857112e-01 -2.148754867296895632e-01 7.629148833543494268e-01
7.061260691671372713e-01 -5.398041810737682494e-02 7.060255582509490369e-01
6.879821713565551500e-01 1.431125246550559449e-01 7.114768704478372507e-01
5.604397266865878136e-01 2.848308751962314034e-01 7.776751798061125598e-01
3.889052763023098658e-01 3.207273525627677424e-01 8.636472957071963386e-01
2.424010058926697464e-01 2.668962272173429628e-01 9.327422775019059697e-01
1.517995782010247430e-01 1.653192184219411109e-01 9.744877854947128215e-01
1.182137887286623251e-01 4.698757035947886268e-02 9.918758331496315694e-01
1.348072491270436435e-01 -7.140004211858150263e-02 9.882960283074553320e-01
1.979471370347489767e-01 -1.781371700795724988e-01 9.638900765003433069e-01
3.671495865249849722e-01 -4.023829582621427647e-01 8.386233576610128138e-01
5.720473359376122557e-01 -4.683663441206751821e-01 6.733459832372126197e-01
7.989262530831412468e-01 -3.810031038684944527e-01 4.653530670116698409e-01
9.454454850683494671e-01 -1.061096770142560958e-01 3.080155372830404858e-01
9.170598578171913484e-01 2.492939249363989862e-01 3.112133611689646973e-01
7.259805893641868568e-01 4.941666182020245102e-01 4.782797688814656722e-01
4.803748729904046000e-01 5.355720890134164636e-01 6.945520274747430944e-01
2.819614092221185420e-01 4.264506902899769525e-01 8.594402669533298678e-01
1.656846829236276464e-01 2.568512970172092125e-01 9.521428448845798975e-01
1.245144727987760741e-01 7.695932753403540716e-02 9.892286934623618633e-01
1.455552346740804914e-01 -9.792745716507121612e-02 9.844916895495269271e-01
2.249129406627774219e-01 -2.628610828689185164e-01 9.382527485893453756e-01
3.376867214724187383e-01 -5.784841416783307322e-01 7.425118019049169460e-01
5.447328707763792188e-01 -7.104552779792292494e-01 4.455551565039261308e-01
7.855659771302547778e-01 -6.170643260683860154e-01 4.601861654941386687e-02
9.394925471118197313e-01 -2.028200992937396197e-01 -2.760756440614005047e-01
8.866496633261831128e-01 3.680756042781087034e-01 -2.799512887252057491e-01
6.656643311388074080e-01 7.445916061512413142e-01 4.974272106239758379e-02
4.135825751647171922e-01 7.827585921397723911e-01 4.650144513361770815e-01
2.266027466274656010e-01 6.003427306446930123e-01 7.669679269583824510e-01
1.256335810205622128e-01 3.506570315807435168e-01 9.280387112199764976e-01
9.575776338250599484e-02 1.031467242529439943e-01 9.900460615688948529e-01
1.215011324644605928e-01 -1.326197062184444886e-01 9.836917649001689634e-01
1.994244629529477730e-01 -3.632975631245886627e-01 9.100795372952651396e-01
1.969272306913850135e-01 -7.191409558119511436e-01 6.663752332479482288e-01
3.095183945117292446e-01 -9.149766833416587142e-01 2.588745495406623576e-01
4.362024282036023326e-01 -8.433262294716836749e-01 -3.138921985560598760e-01
4.934255301892118695e-01 -3.376843978524486922e-01 -8.015612849960949138e-01
4.031954788923429733e-01 4.195427346970402316e-01 -8.132756602552595471e-01
2.562162848320800324e-01 9.114225676538858512e-01 -3.219660208127485546e-01
1.360297161556925372e-01 9.520125417493545683e-01 2.741678986944472984e-01
6.261333261440205078e-02 7.172447244339986705e-01 6.940025762564216993e-01
3.278590713871560453e-02 4.102988273919527806e-01 9.113615948316373672e-01
3.664311678764409219e-02 1.150905685694599695e-01 9.926789224207396289e-01
6.577726645834165720e-02 -1.637903188979214775e-01 9.842997930776247184e-01
1.178919422224205815e-01 -4.431140115591369333e-01 8.886796175894808858e-01
-9.691394917590499120e-03 -7.540193015750658034e-01 6.567807622921034705e-01
-5.621861362418793806e-02 -9.695159031923509252e-01 2.384918886236031266e-01
-1.405705151088263993e-01 -9.256191855002591229e-01 -3.513816354276994569e-01
-2.632723172943078893e-01 -4.429361660578033377e-01 -8.570269772559605537e-01
-3.672415262633754729e-01 3.297697624438183372e-01 -8.697042975434325918e-01
-3.441940903566698129e-01 8.656330830634275664e-01 -3.636066468996963508e-01
-2.462167583765056122e-01 9.356517338311098886e-01 2.528500363324769351e-01
-1.513554844673276611e-01 7.103905188831048934e-01 6.873404018408242333e-01
-8.240056619745633748e-02 4.033691882834403719e-01 9.113196171673003665e-01
-3.523046125993165023e-02 1.050096528528769307e-01 9.938469637761664366e-01
-5.701063637930586098e-03 -1.786848286373025341e-01 9.838898464199806737e-01
4.957562822156215063e-03 -4.656416748204368905e-01 8.849594641797823291e-01
-1.871220297759023932e-01 -6.679771906343768828e-01 7.202720449696795590e-01
-3.586391914007762138e-01 -8.444385849039250935e-01 3.978710930901973031e-01
-5.952682066045714704e-01 -8.024737051641251950e-01 -4.113045983282084817e-02
-8.186582197299393515e-01 -4.136211661868569034e-01 -3.983920809338814539e-01
-8.952351419833255441e-01 1.947696475308526298e-01 -4.007727847032359070e-01
-7.607321223641116958e-01 6.478707835191773734e-01 -3.937112985095846118e-02
-5.234232236036269192e-01 7.424112960621932489e-01 4.181549909682347188e-01
-3.133133197555511007e-01 5.801447083752161449e-01 7.518423245655216913e-01
-1.733798599023867459e-01 3.305539675316681025e-01 9.277249046615122507e-01
-9.562128176310170924e-02 7.564933468742408851e-02 9.925390413658846667e-01
-6.918922621040202170e-02 -1.721879439975078641e-01 9.826312446275385915e-01
-9.516576960938576135e-02 -4.222865791459278761e-01 9.014530056347364040e-01
-2.664327826644758423e-01 -5.117314560011965163e-01 8.167891339021104979e-01
-4.688515638114021944e-01 -6.218301692614849330e-01 6.273001288918512719e-01
-7.233223070929143406e-01 -5.741517889563101384e-01 3.836073035018153776e-01
-9.313166672621249198e-01 -3.064746393548739567e-01 1.967804886468630110e-01
-9.758249231619615660e-01 8.803984342511343708e-02 2.000367598859789098e-01
-8.292017578978057024e-01 3.954287162868321825e-01 3.950450291231430433e-01
-5.859243953629714730e-01 4.847412045505539169e-01 6.493986199010297611e-01
-3.627546835808461156e-01 3.953981678216466067e-01 8.438420044198552405e-01
-2.095839192368170734e-01 2.270715392032803814e-01 9.510589344941343670e-01
-1.263344053222862917e-01 3.952955623288065962e-02 9.911997942976749076e-01
-1.051326884626621327e-01 -1.495807560795049673e-01 9.831443003076165699e-01
-1.477126349342983980e-01 -3.377429156821883938e-01 9.295755485097403348e-01
-2.458664752215963534e-01 -3.539898071372675203e-01 9.023529757279378227e-01
-4.075127299028753480e-01 -4.089165880816615362e-01 8.165296069088505693e-01
-5.976108943765802151e-01 -3.655930534512123464e-01 7.135845697538072407e-01
-7.421854720973558583e-01 -2.036202548526271361e-01 6.385135212517143444e-01
-7.667953668750677743e-01 2.149546916730477042e-02 6.415316127395845891e-01
-6.602143992393987304e-01 2.031719010596091946e-01 7.230754633209431903e-01
-4.836593426078051317e-01 2.709612782651233398e-01 8.322581486469136092e-01
-3.138084450669340608e-01 2.326156645415348168e-01 9.205510373763459153e-01
-1.908364912655376722e-01 1.335855617484103253e-01 9.724897589659873276e-01
-1.220884559605299874e-01 9.776009480965729484e-03 9.924710769387368181e-01
-1.060371652243129875e-01 -1.206423993041942366e-01 9.870164796401506013e-01
-1.450095225451531467e-01 -2.471729762759298787e-01 9.580593709004409098e-01
-5.417866191057079533e-02 -2.646710943458840948e-01 9.628156024968321791e-01
-1.388746855298976235e-01 -3.200606658512824554e-01 9.371632685363687765e-01
-2.593800846846260333e-01 -3.286010380199677616e-01 9.081538027675708502e-01
-3.744826735708161602e-01 -2.723573469639140598e-01 8.863318807027231738e-01
-4.339360043996167149e-01 -1.669709046060985913e-01 8.853362418316335081e-01
-4.162010422465139414e-01 -5.742047055316883836e-02 9.074577576914710786e-01
-3.397082297943385676e-01 1.517747596748310855e-02 9.404084021494351076e-01
-2.406120611214403182e-01 3.638992702417927910e-02 9.699389719224288386e-01
-1.471658534261493234e-01 1.373201286478614898e-02 9.890165031019818587e-01
-7.385141281759230458e-02 -3.889041973520620393e-02 9.965106643069921999e-01
-2.851891789369157687e-02 -1.095063389310331065e-01 9.935768883464571877e-01
-1.889067542296304220e-02 -1.884799775550365097e-01 9.818953306962217020e-01
2.425841638935327324e-02 -1.557496431886780108e-01 9.874986470273980910e-01
-6.642662392657341236e-03 -1.743758557994468383e-01 9.846567604756895076e-01
-5.947243691568364354e-02 -1.646204088688880129e-01 9.845624156097432245e-01
-1.179021853006482212e-01 -1.243282542229949550e-01 9.852114290360707294e-01
-1.599499003083248994e-01 -6.415997448127776226e-02 9.850378302714968282e-01
-1.716370067374126118e-01 -5.218660631491639328e-03 9.851464375915591765e-01
-1.537614335164787793e-01 3.283500205016186974e-02 9.875622938343272539e-01
-1.164884390003358416e-01 4.102573459248873983e-02 9.923443619432011920e-01
-7.107710525822061309e-02 2.119950266926969029e-02 9.972455195159442010e-01
-2.665397224892692915e-02 -1.860132796569974670e-02 9.994716385977587825e-01
8.989329566536866795e-03 -6.815386740485772366e-02 9.976343229419050163e-01
2.830783073118442114e-02 -1.171490193454040041e-01 9.927108209270540939e-01
1.276856965827688761e-01 -8.821208011139283767e-02 9.878840983690712063e-01
1.488114716786349823e-01 -8.161033024074169917e-02 9.854922119909766964e-01
1.512727319885200650e-01 -4.807106703404486620e-02 9.873225071226034988e-01
1.305972619434538906e-01 4.941882204705913550e-03 9.914231856140941490e-01
8.999004343697535047e-02 6.078230413199810916e-02 9.940861650715745457e-01
4.263814906906362306e-02 1.005017268592848789e-01 9.940228323042220593e-01
5.593756655227898056e-03 1.129103917605434604e-01 9.935894289489538567e-01
-1.008813911696335858e-02 9.789843943938014714e-02 9.951452783410502656e-01
-2.959963700831559803e-03 6.230679903915965073e-02 9.980526546271899502e-01
2.193736164220030579e-02 1.565228542605145989e-02 9.996368131102143506e-01
5.707868618724798448e-02 -3.168262340605489114e-02 9.978668422977986507e-01
9.476375266927569707e-02 -6.934955315811147658e-02 9.930813011313802674e-01
2.484931506362985099e-01 -6.989013772129924751e-02 9.661089600744775518e-01
3.278205162952800844e-01 -4.726868370664009944e-02 9.435567712843451194e-01
3.862680333466094185e-01 1.894088810825192426e-02 9.221920890856520892e-01
3.958277969445000433e-01 1.150886093982076974e-01 9.110845005556856835e-01
3.421282868058976856e-01 2.065874144078788111e-01 9.166623563643582218e-01
2.432189148136428558e-01 2.557352618093108876e-01 9.356516634647249475e-01
1.415701085800807335e-01 2.484762897010122928e-01 9.582366293421127335e-01
7.262598858132636448e-02 1.987849033162351620e-01 9.773484680481391296e-01
4.763654997797143326e-02 1.290444552705329873e-01 9.904939614505516854e-01
6.164501589928268743e-02 5.628836839253451019e-02 9.965096645785546103e-01
1.053053966637863270e-01 -7.815926204936594554e-03 9.944092139209014247e-01
1.702520586955508508e-01 -5.327253792459554077e-02 9.839594875872836877e-01
3.763483605893845896e-01 -1.144743158456598825e-01 9.193788895190975197e-01
5.257786023550116150e-01 -9.017083121464147810e-02 8.458286366065115303e-01
6.499240689264899062e-01 1.713752786969270636e-02 7.598059026939337768e-01
6.873421668386974215e-01 1.942797367131975650e-01 6.998686516684590186e-01
6.025334685309964300e-01 3.724133187289374036e-01 7.058765751413996759e-01
4.269835258103744646e-01 4.649312292276636116e-01 7.755797965235192715e-01
2.436844296666313137e-01 4.403569106933583610e-01 8.641201825803068726e-01
1.194677089538987297e-01 3.387999254012875050e-01 9.332427749869554034e-01
6.985447143165030015e-02 2.140162227840767262e-01 9.743292098701390458e-01
8.266156692377986392e-02 9.593271213030191147e-02 9.919495854613787911e-01
1.434508576180331951e-01 -3.864704496470995013e-03 9.896498954215680044e-01
2.435158815349804939e-01 -7.809219325946209489e-02 9.667479634279924072e-01
4.834492757266718455e-01 -2.352045840145486066e-01 8.431818317882734393e-01
7.019864977384262517e-01 -2.378613092399362028e-01 6.712949832670966899e-01
8.877566025837655417e-01 -9.221455435374371901e-02 4.509819181899833995e-01
9.365636534959579373e-01 2.058882755321706504e-01 2.836521477952147485e-01
7.959758013679260058e-01 5.338293402124266729e-01 2.853922899538476332e-01
5.276537385999936491e-01 7.134334477281933928e-01 4.610794376288194774e-01
2.662885606685800877e-01 6.748051255306257712e-01 6.882793364720570795e-01
1.054073850132084406e-01 5.032303997442463261e-01 8.576995091277083150e-01
5.152764687345701144e-02 3.049846735210980930e-01 9.509622760788034590e-01
7.737559507827032612e-02 1.267120553171327824e-01 9.889171210589905447e-01
1.619489132962720901e-01 -2.445473304610126797e-02 9.864960798269266640e-01
2.978406461176029141e-01 -1.492310238261883859e-01 9.428791285462256866e-01
5.162776014059579088e-01 -4.210917790033069652e-01 7.457473780995977908e-01
7.549676722901672576e-01 -4.921423000308885465e-01 4.333817835548532393e-01
9.410422545360722646e-01 -3.380786074981531608e-01 1.193022756141466460e-02
9.438876819466649470e-01 8.927168042487390598e-02 -3.179726575406979783e-01
7.261328928178683029e-01 6.069193632287457341e-01 -3.230787961256368912e-01
4.018037923270214584e-01 9.156481438563265352e-01 1.192430811921905628e-02
1.339761292577713592e-01 8.845116925990046397e-01 4.468662690836604501e-01
2.090710708807773290e-03 6.480960341027897087e-01 7.615557494425290175e-01
-1.436434835448579563e-02 3.778253758452709277e-01 9.257654405213112669e-01
4.359253810698683618e-02 1.395322874313601746e-01 9.892575152030117502e-01
1.531041481896500689e-01 -6.734058965067568625e-02 9.859129600490048606e-01
3.098474355114285705e-01 -2.565982255912154786e-01 9.155063720861625898e-01
4.289248128505572799e-01 -6.095659411980179909e-01 6.666729844928294124e-01
5.892081699021015639e-01 -7.723078665695172207e-01 2.374327099528931451e-01
6.597672389571060947e-01 -6.622535433018953421e-01 -3.551442450372328530e-01
5.410789622074549943e-01 -1.719735496032571975e-01 -8.232002520002948964e-01
2.576478463143800357e-01 4.892281012869062473e-01 -8.332307316709169909e-01
-2.366580881186651497e-02 9.308102075488609017e-01 -3.647359140749706907e-01
-1.724623294511612170e-01 9.535089862189791710e-01 2.471383380211904235e-01
-1.837967794314745162e-01 7.035347611023967662e-01 6.864820345728063211e-01
-1.161481065254572204e-01 3.994185383382758969e-01 9.093813548684038794e-01
-1.133744621012144210e-02 1.263906486444666688e-01 9.919157556207124360e-01
1.153516232911479117e-01 -1.199650319788682501e-01 9.860539509105809008e-01
2.626342983648786711e-01 -3.647617885905239943e-01 8.932928203599773687e-01
2.460137863878905928e-01 -7.130886874425851341e-01 6.564919959516446468e-01
2.570685021166839723e-01 -9.415152309836838374e-01 2.178643042015292464e-01
1.415492469118493080e-01 -9.090981063241061477e-01 -3.917964315516143659e-01
-1.181352424731162976e-01 -4.679361625162247185e-01 -8.758309267748622950e-01
-4.147452696454528853e-01 2.052912396028628017e-01 -8.864772237621086903e-01
-5.699961450506629834e-01 7.143867862975271654e-01 -4.059013601736861654e-01
-5.291809731995940069e-01 8.178556184859848699e-01 2.260081523186512620e-01
-3.809174171996103642e-01 6.245036701887923813e-01 6.818336213437441451e-01
-2.172049746853318974e-01 3.496194656734592510e-01 9.113661328983545529e-01
-6.981336016979720893e-02 8.710200486662766917e-02 9.937501373534662896e-01
5.855461058221486659e-02 -1.632373419969105621e-01 9.848476672853412328e-01
1.678772132178989185e-01 -4.277750351770082671e-01 8.881586347953303040e-01
5.603850063723632424e-02 -6.891031405752859884e-01 7.224932858481016851e-01
-6.229243400182071788e-02 -9.198275786211896898e-01 3.873459413419307884e-01
-3.168659279210908619e-01 -9.455375544720001635e-01 -7.452997253385476584e-02
-6.468858608124647969e-01 -6.233479199841501783e-01 -4.392903979515065394e-01
-8.939569546365403463e-01 -7.433606230762629385e-02 -4.419446946139338195e-01
-9.199043850532746536e-01 3.846707772408026194e-01 -7.618605841479990370e-02
-7.399495681569058236e-01 5.390866126928323121e-01 4.023186058332879345e-01
-4.914416821751267372e-01 4.401337495303583314e-01 7.515100501957793222e-01
-2.745913813765272771e-01 2.446516782917788069e-01 9.299167326070985062e-01
-1.115150114028512912e-01 3.422888434640161681e-02 9.931730895007575555e-01
2.018389063713040693e-03 -1.826383474184270772e-01 9.831780917808543574e-01
6.459115001213094898e-02 -4.225829860961753948e-01 9.040196918221043987e-01
-6.319647609646814046e-02 -5.660472409978285491e-01 8.219469121346690832e-01
-2.276847000706452295e-01 -7.431580349028764632e-01 6.291866277289192011e-01
-5.004187099168725394e-01 -7.814652075596915104e-01 3.726838393850206987e-01
-7.924892575152896468e-01 -5.845520501112110301e-01 1.739530897501108675e-01
-9.589788310844720165e-01 -2.218052190839117643e-01 1.765277494302756878e-01
-9.183816121479584371e-01 1.078431490844184021e-01 3.807165213962593331e-01
-7.170861463257603985e-01 2.594237159543295590e-01 6.469055528810155886e-01
-4.744582184130341496e-01 2.396867406448175974e-01 8.470181021320679626e-01
-2.705285277552111345e-01 1.307403427143863928e-01 9.537931004455180162e-01
-1.246721602701267723e-01 -1.244219944217764273e-02 9.921199746636994998e-01
-3.581230185146144773e-02 -1.754445959278389811e-01 9.838377268614798554e-01
-8.626503920482062743e-03 -3.614876274480406382e-01 9.323369984249979536e-01
-9.228893018028953843e-02 -4.081746815840309184e-01 9.082269444802941738e-01
-2.303389822438733914e-01 -5.173075941104163800e-01 8.242189068049040612e-01
-4.343146938652927558e-01 -5.427052903036857501e-01 7.189170428979951843e-01
-6.331471337838194824e-01 -4.366861457415046055e-01 6.390852189644522507e-01
-7.321230815829470329e-01 -2.332462025014328533e-01 6.399937518696511285e-01
-6.900299129648276297e-01 -3.336113947279291392e-02 7.230115860668056005e-01
-5.449596909636998943e-01 8.145900712208165029e-02 8.344958749948656607e-01
-3.709624174662081719e-01 9.863445708001754297e-02 9.233948931547022454e-01
-2.197386544973285727e-01 4.893231402814684355e-02 9.743308228541402993e-01
-1.096614715563935943e-01 -3.813320150344386844e-02 9.932372428574806067e-01
-4.575714849453182270e-02 -1.480507998657223656e-01 9.879206668658887525e-01
-3.514957708605426917e-02 -2.748079431229507041e-01 9.608564417368499200e-01
