2.881369582055135978e-02 1.369201948950054537e-01 9.901629316244066059e-01
6.902715531230853296e-02 1.086745150225578022e-01 9.916779223185213654e-01
1.056319656997223022e-01 5.977673335100246871e-02 9.926069866630291560e-01
1.251065389105117387e-01 9.949991892579269220e-03 9.920934187782644020e-01
1.248882901022424913e-01 -2.375483444165700161e-02 9.918863961340481650e-01
1.086277269795789258e-01 -3.493857540228405278e-02 9.934683250513440811e-01
8.148473690006478865e-02 -2.504415480164840294e-02 9.963598887764525402e-01
4.918968288601274774e-02 1.076264264959722952e-03 9.987888749644696640e-01
1.821708994709645216e-02 3.754414139413868312e-02 9.991289081399765681e-01
-4.431738875697298699e-03 7.784689320043942928e-02 9.969554758912815284e-01
-1.220864788402025065e-02 1.142038152544435359e-01 9.933823219174969799e-01
-8.870996642678447485e-04 1.371587481774882156e-01 9.905486817176661907e-01
2.807220174400292673e-02 1.180513221350571601e-01 9.926106169245738631e-01
5.958737670778384288e-02 9.618935448955102940e-02 9.935778543324799150e-01
8.789966934466394988e-02 5.832614413910753443e-02 9.944202879261048178e-01
1.035303961967479203e-01 1.799870201207836445e-02 9.944634250636097406e-01
1.037413871084513495e-01 -1.151462219878948007e-02 9.945376504066514300e-01
9.073799709307212025e-02 -2.336683626450892018e-02 9.956006261782919253e-01
6.859614795120407005e-02 -1.709977905349482213e-02 9.974979529014307289e-01
4.219431120067052010e-02 3.924551794541224561e-03 9.991017155402677208e-01
1.711100817767451099e-02 3.457397112718007398e-02 9.992556499312745810e-01
-7.320153583457619491e-04 6.872440425678041920e-02 9.976354145744172897e-01
-6.090194795651742571e-03 9.923521436924964689e-02 9.950453666825617161e-01
3.953232799266136015e-03 1.181282334161997127e-01 9.929904795215309665e-01
6.083441936777866411e-03 8.701362106406486385e-02 9.961885471553643123e-01
2.898890962992897377e-02 6.763769539816053000e-02 9.972887171123857586e-01
5.068618499497514612e-02 3.664077716495533349e-02 9.980422656878129573e-01
6.452779749417099364e-02 4.250678764442041707e-03 9.979068569163928037e-01
6.747076005080365757e-02 -1.929112867965666889e-02 9.975347356822167333e-01
5.986408047905918822e-02 -2.817818169916555190e-02 9.978087401625757025e-01
4.407519610837285634e-02 -2.174769464847906009e-02 9.987914771690400428e-01
2.377137363112243398e-02 -2.893724132558834431e-03 9.997132329604760947e-01
3.592866254670590287e-03 2.362646111685242495e-02 9.997144000399070807e-01
-1.144280132798789450e-02 5.210074290554803089e-02 9.985762739452600512e-01
-1.700798284995559337e-02 7.620505208504979588e-02 9.969470991763839107e-01
-1.082408776758620253e-02 8.953472859995631472e-02 9.959248824578885717e-01
-2.984142598926950787e-02 5.037134754489131644e-02 9.982846370857652030e-01
-1.358830927828703905e-02 2.991215843446878159e-02 9.994601646031944231e-01
4.316255594396600261e-03 1.755489067342357002e-03 9.999891440388859465e-01
1.874227004830023718e-02 -2.512512404900445195e-02 9.995086069939728146e-01
2.594968335743107896e-02 -4.253331130383943698e-02 9.987579943925910531e-01
2.437823776611871066e-02 -4.630494036054162710e-02 9.986298383393965583e-01
1.461005952740484018e-02 -3.673123273000065275e-02 9.992183758832818841e-01
-8.840189243335949947e-04 -1.715721223266680057e-02 9.998524133985887685e-01
-1.820638522295125322e-02 7.541413085119985128e-03 9.998058084577056137e-01
-3.285833272749884293e-02 3.186244640443661874e-02 9.989520080961621362e-01
-4.085071915081171096e-02 5.016790439991719586e-02 9.979050055556241139e-01
-3.981649942373274159e-02 5.738544689887908196e-02 9.975577962493644701e-01
-7.290659556596258695e-02 1.569152140462766812e-02 9.972153250319152340e-01
-6.080920193822704489e-02 -8.704566789325294748e-03 9.981114524323667636e-01
-4.346340791695122580e-02 -3.769046233952307728e-02 9.983438091263716618e-01
-2.573437818960217643e-02 -6.196492953780640550e-02 9.977465055246881320e-01
-1.280582662330009315e-02 -7.430892477921839656e-02 9.971530446739521603e-01
-8.301728246729200844e-03 -7.222021524497165834e-02 9.973541606761590073e-01
-1.325085630436066003e-02 -5.758275409342860501e-02 9.982527942551095990e-01
-2.603489250780913547e-02 -3.486591826161720281e-02 9.990528274901029349e-01
-4.305820172495955500e-02 -9.534714406105634921e-03 9.990270669433666262e-01
-5.982986114069951261e-02 1.279659060492641456e-02 9.981265626085391585e-01
-7.212448230050631792e-02 2.683617370828296142e-02 9.970345424476241281e-01
-7.690320856562248009e-02 2.837155195257090590e-02 9.966348135360465488e-01
-1.162885248976114339e-01 -9.081465742053025300e-03 9.931739555371162931e-01
-1.059482076181627874e-01 -3.959106054860856566e-02 9.935831747907752920e-01
-8.598323728119548759e-02 -7.299537999664472421e-02 9.936189196094890042e-01
-6.216703674354966819e-02 -9.808205748761973652e-02 9.932347001294332678e-01
-4.212955428783085599e-02 -1.073772356428116248e-01 9.933253394136724035e-01
-3.184263426789345902e-02 -9.978292977456609814e-02 9.944995794712181425e-01
-3.362477703907641724e-02 -7.912614752609901936e-02 9.962973587973983358e-01
-4.612276170560016680e-02 -5.144636212138583437e-02 9.976101255887463992e-01
-6.543532768746106176e-02 -2.313319860818592588e-02 9.975886291516109505e-01
-8.654656338480970490e-02 -2.045805061391593889e-04 9.962477857005608284e-01
-1.045513832790641029e-01 1.197204052850389146e-02 9.944474236982178139e-01
-1.153990078508301820e-01 9.373482820640679364e-03 9.932749905271737179e-01
-1.518074110113960817e-01 -1.677314466628668579e-02 9.882677630985706729e-01
-1.410491743234163486e-01 -5.486312166427477488e-02 9.884812432736632681e-01
-1.157334636913952552e-01 -9.642450773278032905e-02 9.885889336273976369e-01
-8.363676283599691397e-02 -1.262905958125795369e-01 9.884612168980365654e-01
-5.584288691235621965e-02 -1.352344771238774279e-01 9.892387013144752217e-01
-4.079731294899527350e-02 -1.233099211537017348e-01 9.915292444507138869e-01
-4.153973092274682033e-02 -9.657048800069274741e-02 9.944589441512006189e-01
-5.622121703925769820e-02 -6.286288184798155543e-02 9.964373702548138256e-01
-7.999386285967118038e-02 -2.959597457872802789e-02 9.963558903290653523e-01
-1.068788733129024809e-01 -3.305661693891886761e-03 9.942665533146135548e-01
-1.310568651401874674e-01 1.019888996251613889e-02 9.913223899131324846e-01
-1.474395878521797820e-01 6.271315234449626776e-03 9.890511809504178853e-01
-1.691872285859147007e-01 -2.929042365214738850e-03 9.855795768959382253e-01
-1.557235527993170443e-01 -4.893077219668549166e-02 9.865880369414067319e-01
-1.232301851246239977e-01 -1.022039563470386186e-01 9.871011461755869743e-01
-8.246904595414215888e-02 -1.408310359743037421e-01 9.865928622111190816e-01
-4.836280601961090442e-02 -1.522944356339657745e-01 9.871511757926975106e-01
-3.119441328373180264e-02 -1.378557545560974151e-01 9.899609585815162260e-01
-3.374104381444501671e-02 -1.060246501223281179e-01 9.937908811861814184e-01
-5.288209894272590667e-02 -6.636382591798710429e-02 9.963931584576536382e-01
-8.237333792195378201e-02 -2.705351120915199664e-02 9.962342800420136424e-01
-1.150597829535958405e-01 5.002314110610731404e-03 9.933459735661903656e-01
-1.441880105299908899e-01 2.337159513710514516e-02 9.892742724645250396e-01
-1.639036034827976995e-01 2.200995334065925652e-02 9.862307897847272242e-01
-1.578968518324375125e-01 3.138343185390991136e-02 9.869567692590747177e-01
-1.385361319629552224e-01 -2.074961934641187528e-02 9.901399867885828376e-01
-9.844841476300048022e-02 -8.748699959528731529e-02 9.912890267386254006e-01
-5.214356088182741517e-02 -1.372186052868395456e-01 9.891673788706715209e-01
-1.685600204375936259e-02 -1.534925906309117793e-01 9.880060221560211797e-01
-2.539740214651692654e-03 -1.390974439747751923e-01 9.902754418843150441e-01
-1.039242758412795009e-02 -1.046854757517117346e-01 9.944510790458865879e-01
-3.563265423403067650e-02 -6.086222985243985861e-02 9.975099512934841872e-01
-7.068183895479356049e-02 -1.600778797043898166e-02 9.973704569346774074e-01
-1.073405286540284748e-01 2.293575569434121858e-02 9.939577264747511132e-01
-1.380348736616818228e-01 4.896169753557743504e-02 9.892164201162568782e-01
-1.564838818485413674e-01 5.420991617729830486e-02 9.861917053543609590e-01
-1.140373855842143624e-01 7.707656810444615814e-02 9.904820429156828698e-01
-8.438099096555928824e-02 2.384980209440291932e-02 9.961480990815004821e-01
-3.812911545261746943e-02 -5.279031621418261294e-02 9.978774238696509480e-01
6.216715394816569457e-03 -1.120725644245389313e-01 9.936805788346364521e-01
3.400218775994010012e-02 -1.346975230803762746e-01 9.903032002893743524e-01
3.919784642368573380e-02 -1.241469325125078432e-01 9.914893181388059196e-01
2.306200859235479558e-02 -9.152497432150694112e-02 9.955356964143490250e-01
-8.466456241536633384e-03 -4.726287896672974609e-02 9.988466045346421351e-01
-4.721105899688925189e-02 6.215583315941871408e-04 9.988847428875518020e-01
-8.442040212766874219e-02 4.536046682150239595e-02 9.953972190811340992e-01
-1.118878631035795795e-01 7.953200001703618349e-02 9.905330721704149743e-01
-1.230246438879921411e-01 9.368093153861499489e-02 9.879720745357514211e-01
-5.089569659647444344e-02 1.178882490535808070e-01 9.917217295205268401e-01
-9.093360826937827227e-03 7.093184106244161680e-02 9.974397148261495705e-01
3.942194194114179845e-02 -3.782349219249655278e-03 9.992154944395895688e-01
7.371355436415054363e-02 -6.713022463916659688e-02 9.950175098172248100e-01
8.745683279184901515e-02 -9.729583185503036524e-02 9.914054788539204965e-01
8.049389047813979015e-02 -9.493306246148411343e-02 9.922239904615146600e-01
5.611066751679000264e-02 -6.905071322937877953e-02 9.960339311456606337e-01
2.037726679877710154e-02 -2.886184162570462619e-02 9.993756856637212582e-01
-1.884222539477512642e-02 1.815402127775624097e-02 9.996576424222737289e-01
-5.289824906333939758e-02 6.530636574860408661e-02 9.964621687945603989e-01
-7.337987156007397260e-02 1.048510982567975730e-01 9.917770120567698244e-01
-7.360194888671391100e-02 1.264918302529398075e-01 9.892333243474350502e-01
2.205555122913202288e-03 1.382082800892130703e-01 9.904007304326454264e-01
4.742568331034070772e-02 1.006618419272914955e-01 9.937897152528482048e-01
9.181595206340946447e-02 3.789717598873586918e-02 9.950545889541497768e-01
1.173050318078093651e-01 -2.092567405111319181e-02 9.928754431841653183e-01
1.209047473864227479e-01 -5.522273439262728040e-02 9.911268797009651355e-01
1.060228037085708674e-01 -6.130393094877225474e-02 9.924721624025143463e-01
7.757620048400179491e-02 -4.419707610512308565e-02 9.960063009752110341e-01
4.160880260486563703e-02 -1.097051689334996132e-02 9.990737486816320123e-01
5.347604617190720132e-03 3.163189558796171419e-02 9.994852806851513005e-01
-2.321049564580694030e-02 7.692290944716066725e-02 9.967668427943165987e-01
-3.627310477317701592e-02 1.169293341624895732e-01 9.924776031137366727e-01
-2.807905459773861467e-02 1.412988696716812875e-01 9.895686919674366866e-01
-5.696033195406900729e-02 1.912475597677432970e-01 9.798876932926555705e-01
1.297899911779671137e-02 1.927901963584936762e-01 9.811541600431400445e-01
9.510904052162724720e-02 1.609405971577172467e-01 9.823708030054182361e-01
1.512155366370023235e-01 1.106821033412365152e-01 9.822847517291009023e-01
1.681307998881808596e-01 6.542235750318298182e-02 9.835913527819929447e-01
1.513000575063496167e-01 3.684267359381923623e-02 9.878010477828822467e-01
1.107077783177255748e-01 2.651136842889398326e-02 9.934993382806327489e-01
5.634189754390890592e-02 3.234200756808462696e-02 9.978875613653946930e-01
-1.919586460156354679e-03 5.195913880267890445e-02 9.986473667329933690e-01
-5.361451729819879941e-02 8.312737075044852875e-02 9.950956354879036958e-01
-8.730063171871602079e-02 1.223746321670664272e-01 9.886369652727143853e-01
-9.128407671742144736e-02 1.626422404208920647e-01 9.824534182182624864e-01
-4.111195392528349535e-02 1.606258427093998908e-01 9.861587833094382916e-01
9.932988854166832984e-03 1.615184154116545145e-01 9.868197085665009194e-01
6.828495214394136870e-02 1.385268524327855910e-01 9.880017593435097556e-01
1.113815635453383884e-01 1.005258074570988119e-01 9.886802867142105988e-01
1.278027078183930909e-01 6.321056812237065003e-02 9.897832550371383764e-01
1.180336597914078967e-01 3.748773395966766703e-02 9.923017308051127472e-01
8.800345795003343408e-02 2.698068750170403915e-02 9.957547056834646915e-01
4.548646382742602828e-02 3.108401233610016273e-02 9.984812295608721522e-01
-8.171185983747738081e-04 4.776734128876478080e-02 9.988581548065130766e-01
-4.147601022605888754e-02 7.441778875093091328e-02 9.963642573342537112e-01
-6.679176412618406666e-02 1.070846597477860956e-01 9.920038991311983523e-01
-6.817853389235153938e-02 1.391217890905352417e-01 9.879255110161309084e-01
-4.273681114681106979e-02 1.057800350134617401e-01 9.934707590892938311e-01
-5.748160478265409469e-03 1.019037603452815771e-01 9.947776546939541831e-01
3.707960903590572233e-02 8.266029930108204082e-02 9.958877333882398819e-01
7.136741384879376204e-02 5.481922981393334143e-02 9.959425406533574110e-01
8.763611153700789913e-02 2.872101838032080356e-02 9.957384270269666882e-01
8.364243967268374103e-02 1.189578074221046486e-02 9.964248254063443611e-01
6.224270627618021245e-02 6.931924921366120450e-03 9.980369702232859686e-01
2.922930376343580577e-02 1.308605542010457534e-02 9.994870699289445382e-01
-7.873727200025477588e-03 2.825130191910261643e-02 9.995698416618760129e-01
-4.068619789612099719e-02 4.967694769018904388e-02 9.979362876302324548e-01
-6.103838415984589455e-02 7.357351904602826842e-02 9.954201389134824662e-01
-6.253387196957992111e-02 9.452243659004569420e-02 9.935567542106608085e-01
-5.752527083351974269e-02 3.868164117828118420e-02 9.975943934542776947e-01
-2.848353163811529268e-02 2.775324350935652606e-02 9.992089100383465539e-01
6.858087539517102559e-03 9.122305418430246005e-03 9.999348729689320203e-01
3.758707639253557053e-02 -1.076743872090246516e-02 9.992353446269607309e-01
5.496587356836149518e-02 -2.519511886979474910e-02 9.981703054730201030e-01
5.519495505005229258e-02 -3.056102972342473675e-02 9.980077857408049535e-01
3.927818450148422291e-02 -2.687444499536522161e-02 9.988668522022866592e-01
1.177714086666848542e-02 -1.619668106134178331e-02 9.997994631303015467e-01
-2.050395856052888294e-02 -1.189625575109251598e-03 9.997890639901781951e-01
-4.980638230209175066e-02 1.530676798667085156e-02 9.986415909302428506e-01
-6.878040362857774925e-02 2.999352934907579399e-02 9.971808483288843172e-01
-7.198556763440031037e-02 3.899974354649891894e-02 9.966429140145370846e-01
-8.308713213560237065e-02 -2.962954044827129443e-02 9.961017110748677794e-01
-5.635926838078945955e-02 -4.906744442149521546e-02 9.972041008567993359e-01
-2.098520074991181913e-02 -6.925642330841857985e-02 9.973781475348860726e-01
1.215776419779742920e-02 -8.305631763932357081e-02 9.964706904218266770e-01
3.312918941558620767e-02 -8.638332958757694024e-02 9.957109907890561162e-01
3.670277046884184297e-02 -7.957988063595831940e-02 9.961525732728169213e-01
2.305528192404841456e-02 -6.589577609644899081e-02 9.975601238362394874e-01
-3.440704900955603683e-03 -4.929839052645666742e-02 9.987781686847669871e-01
-3.589090761483580000e-02 -3.327730187788107558e-02 9.988015137806072197e-01
-6.645599286074560519e-02 -2.079611558501786792e-02 9.975726151962535093e-01
-8.775449528507431318e-02 -1.465144739026649247e-02 9.960343787473912025e-01
-9.414729419787064291e-02 -1.729844276581335091e-02 9.954079821223577040e-01
-1.178055942430262376e-01 -8.784112446707684208e-02 9.891439626350869707e-01
-8.862776539154557098e-02 -1.171275602090749296e-01 9.891543124514243779e-01
-4.586186103818276627e-02 -1.411386867796294298e-01 9.889269744506358206e-01
-3.660955249136475364e-03 -1.508272748862140578e-01 9.885533524080963863e-01
2.423126715730786543e-02 -1.441170544347431248e-01 9.892639285413321604e-01
3.078850110563640524e-02 -1.254072539078568693e-01 9.916274950136683142e-01
1.637551745654682034e-02 -1.014878566057253323e-01 9.947019942624437672e-01
-1.358352740649156933e-02 -7.834993572126189298e-02 9.968333739174712882e-01
-5.114975290117668855e-02 -6.026136701974890014e-02 9.968712406439087514e-01
-8.769501678717712967e-02 -5.028086259006543657e-02 9.948775899013598822e-01
-1.150902138496430194e-01 -5.090811852491888834e-02 9.920496994326399864e-01
-1.265631067696909307e-01 -6.376798398440351734e-02 9.899067755214806530e-01
-1.585975928427478809e-01 -1.233634978776256275e-01 9.796061713443319219e-01
-1.232070940691581684e-01 -1.637997198877168825e-01 9.787694640392691214e-01
-6.549970491329416833e-02 -1.949359586198830541e-01 9.786264663768782235e-01
-7.184898874549136560e-03 -2.034262488564575477e-01 9.790639093053343789e-01
3.085322633225567532e-02 -1.885074927754332164e-01 9.815869821836116227e-01
3.971104217279416981e-02 -1.591405682234252050e-01 9.864569492254111616e-01
2.144003003482913144e-02 -1.258692115926281219e-01 9.918151373543779847e-01
-1.607399341860847597e-02 -9.639344143498625173e-02 9.952135103504389235e-01
-6.301345916024876648e-02 -7.531261370461109217e-02 9.951669780402475629e-01
-1.095253858892702159e-01 -6.555824400283929987e-02 9.918196945458798153e-01
-1.463783903895407301e-01 -6.960561892028248321e-02 9.867767856215281519e-01
-1.651087849056034340e-01 -8.927330465369483214e-02 9.822267387029712804e-01
-1.977479187792920423e-01 -1.224358778587625735e-01 9.725765864091981960e-01
-1.534590939092164985e-01 -1.741261334747615797e-01 9.726923440315907721e-01
-7.327462021468646169e-02 -2.172996324866511564e-01 9.733507588498956364e-01
6.967793690754477826e-03 -2.292273549472624294e-01 9.733479694307842767e-01
5.600375913719164017e-02 -2.094864130400546920e-01 9.762064442083873139e-01
6.471356040241876828e-02 -1.725989763911321973e-01 9.828640539000400578e-01
3.917991918953442343e-02 -1.327662548411299437e-01 9.903726851583783963e-01
-9.033952291875282231e-03 -9.851320158647292047e-02 9.950947376099695818e-01
-6.793853262941523807e-02 -7.394612039288579741e-02 9.949453889852523103e-01
-1.265178390186597612e-01 -6.142337197470704169e-02 9.900608091350553419e-01
-1.745268991850611462e-01 -6.351101369359410387e-02 9.826020112947821961e-01
-2.017699595534741264e-01 -8.337290673370297001e-02 9.758779851214085532e-01
-2.199879661135777376e-01 -7.382483344385036561e-02 9.727050882627028550e-01
-1.643897867563247905e-01 -1.321398175388864005e-01 9.775045097753395362e-01
-5.600350624282604550e-02 -1.926561968651989420e-01 9.796668806782423689e-01
4.566059531925727860e-02 -2.143357664996376200e-01 9.756922102969980415e-01
1.000901550640459492e-01 -1.962266250797048139e-01 9.754368623693887574e-01
1.031348492229809122e-01 -1.587715671339109680e-01 9.819138416101826916e-01
6.714243890527205050e-02 -1.183937939332494610e-01 9.906941013531046503e-01
7.207124244138678540e-03 -8.301476240667160500e-02 9.965222559394146806e-01
-6.326847377789217297e-02 -5.548130514430024002e-02 9.964531725100007620e-01
-1.326699833588532162e-01 -3.717230333945681364e-02 9.904629702214010623e-01
-1.900206987518135715e-01 -3.050666234387240314e-02 9.813060060951900310e-01
-2.236267420733545341e-01 -4.044043258972019467e-02 9.738355362388038117e-01
-2.060244322888747370e-01 1.993292365837940824e-02 9.783438106588303596e-01
-1.345553477591010239e-01 -3.008126035365314005e-02 9.904493809201598831e-01
-8.511310025237231805e-05 -1.062336871207593819e-01 9.943411871568726967e-01
1.078581872545580356e-01 -1.444981021392381937e-01 9.836091245613305389e-01
1.536463976368928619e-01 -1.405124835476141698e-01 9.780843657171932604e-01
1.444744002572900254e-01 -1.152049681353330135e-01 9.827792035789332248e-01
9.745286263016295081e-02 -8.377950659384714172e-02 9.917075848455708664e-01
2.851030823449359625e-02 -5.282052687523797890e-02 9.981969516408231158e-01
-4.920395037337111505e-02 -2.422416582917808620e-02 9.984949479378468773e-01
-1.241196822036893244e-01 1.412101254862015197e-03 9.922662497836426398e-01
-1.845435241761767819e-01 2.221704489074179806e-02 9.825731985968769733e-01
-2.171168802714559254e-01 3.243301800042802663e-02 9.756066623616133082e-01
-1.533013282007163469e-01 1.252093213753025236e-01 9.802149400068722596e-01
-6.316758002084506274e-02 1.041052140162894851e-01 9.925582911088252080e-01
7.410441996979828805e-02 3.640719380730498417e-02 9.965856968570259156e-01
1.640992711044634567e-01 -2.550760661244425020e-02 9.861139849062866558e-01
1.919586729499641042e-01 -5.201499221839291781e-02 9.800236264824595533e-01
1.714320461032846354e-01 -5.208965042930764622e-02 9.838179312693245970e-01
1.186577439457612293e-01 -3.797224404924105789e-02 9.922088734150611433e-01
4.755388809785300597e-02 -1.623287974365500083e-02 9.987367627868684039e-01
-2.997591011521551566e-02 1.076833829162057374e-02 9.994926151319116769e-01
-1.025784083713270345e-01 4.230185861795997954e-02 9.938250464208843171e-01
-1.577533823649299172e-01 7.681414242018816396e-02 9.844863929362851485e-01
-1.804563035319217967e-01 1.088960495139609935e-01 9.775362770330903173e-01
-9.518687541799290830e-02 1.838681450523271255e-01 9.783312138449304918e-01
-7.719853577924229784e-03 1.792220752355427327e-01 9.837783549199169419e-01
1.041527868775034421e-01 1.315126511759091565e-01 9.858278853665952690e-01
1.760931225143393675e-01 6.990828987551858664e-02 9.818879993204857604e-01
1.950616809789564032e-01 2.586317326246016790e-02 9.804499155399565291e-01
1.727566366103653606e-01 5.140655710534268626e-03 9.849511247599544994e-01
1.229750046137504244e-01 3.176971801188669883e-03 9.924046831259427659e-01
5.766658563319179698e-02 1.527164750412308633e-02 9.982190850129222248e-01
-1.232555562878202317e-02 3.875265543096203386e-02 9.991728140695271820e-01
-7.590676321587547237e-02 7.211260763006949182e-02 9.945038638030230249e-01
-1.204952331711415525e-01 1.129553631913845085e-01 9.862666904591584904e-01
-1.316000924681889062e-01 1.549075159812654534e-01 9.791246484257370986e-01
-2.174873026875055737e-01 2.217025393459768623e-01 9.505510282027481717e-01
-1.339783533117612224e-01 2.922144548116672458e-01 9.469215982555552191e-01
4.158049765144240101e-03 3.205632396948795426e-01 9.472179896826790069e-01
1.172609066794184640e-01 2.854080430815169600e-01 9.512056185226499538e-01
1.673593813857229828e-01 2.210682972327553675e-01 9.607911559859131367e-01
1.616170440165821676e-01 1.578186280249094242e-01 9.741525608094835365e-01
1.172916680866902261e-01 1.077128164166193669e-01 9.872388838457707427e-01
4.903914984759265294e-02 7.399864560341874731e-02 9.960518873186651190e-01
-3.162078495886158636e-02 5.825786742975465338e-02 9.978006548610726112e-01
-1.140363129982925189e-01 6.311357992851938936e-02 9.914698156506741578e-01
-1.855026823480433185e-01 9.212534302966834954e-02 9.783157343174805343e-01
-2.280996167618677684e-01 1.471369274952767370e-01 9.624558636116199439e-01
-1.576468718376453082e-01 1.833410720377907088e-01 9.703264992279693191e-01
-1.009172180958245041e-01 2.286093484209638926e-01 9.682734535792597574e-01
-1.407614336743844702e-02 2.447752597574532341e-01 9.694776605980370832e-01
6.487981992066479964e-02 2.222547668196608317e-01 9.728275425752213046e-01
1.088261607841295303e-01 1.772119486981108272e-01 9.781374095532024970e-01
1.132071022765184370e-01 1.296422415717762566e-01 9.850771752479557941e-01
8.524468069856749874e-02 9.071269254611617761e-02 9.922220274835026332e-01
3.513919948334116861e-02 6.483199110984448621e-02 9.972773182964345118e-01
-2.670647862026009553e-02 5.420663334238302183e-02 9.981725326322072878e-01
-8.962085888635840103e-02 6.097894835476677655e-02 9.941074738226305385e-01
-1.417015438831788765e-01 8.678128501630057168e-02 9.860982106422641058e-01
-1.691244653341845983e-01 1.302891255619494648e-01 9.769450644666064498e-01
-1.120979975669740142e-01 1.096451719410189013e-01 9.876294726320472561e-01
-7.082899094840111598e-02 1.332709208638968301e-01 9.885454545408008942e-01
-1.163729031377120325e-02 1.399302228355367161e-01 9.900929785688479257e-01
4.415600599499028972e-02 1.266453699761466434e-01 9.909647811088468927e-01
7.844953026220140291e-02 1.012159446826549070e-01 9.917666074957184330e-01
8.449936023961228393e-02 7.386257579422697561e-02 9.936821312754804403e-01
6.471333629962133793e-02 5.100645059903210349e-02 9.965994812873021358e-01
2.615369866515900379e-02 3.567942063029638095e-02 9.990210022765645403e-01
-2.211921081063713754e-02 2.978900033849760445e-02 9.993114409291347089e-01
-7.013597150837246053e-02 3.504185518788805603e-02 9.969217691903213829e-01
-1.074916456667128900e-01 5.216639373932144969e-02 9.928364485029511632e-01
-1.240809955175783963e-01 7.916661435598226770e-02 9.891089695897047340e-01
-8.115989102117053544e-02 1.730868749616032778e-02 9.965507921961452853e-01
-4.503684406748215130e-02 2.368849565490347558e-02 9.987044296737284110e-01
2.718073874671437379e-03 2.454989850221327499e-02 9.996949107392603118e-01
4.656722576615907050e-02 2.015009889397898629e-02 9.987119039036967960e-01
7.311681604834549542e-02 1.317008424802356727e-02 9.972364213625943830e-01
7.645478619765909423e-02 6.043463335265643159e-03 9.970547338127713211e-01
5.791518904806864515e-02 -2.458438750965972748e-04 9.983214764986071410e-01
2.351411617689156894e-02 -5.209646276784388012e-03 9.997099308929945360e-01
-1.827720608000725153e-02 -7.846103467169799478e-03 9.998021716310646623e-01
-5.801004622703978542e-02 -6.769118221815812429e-03 9.982930499483766429e-01
-8.638818775782333703e-02 -1.237872531288270643e-03 9.962607834736625367e-01
-9.557412312424766465e-02 7.777137774246235639e-03 9.953919344242903033e-01
-6.634502294867276884e-02 -8.261644863222047941e-02 9.943705850161411730e-01
-2.644268134413452209e-02 -9.037505370435827690e-02 9.955566956589109173e-01
2.288279420704926459e-02 -9.172608890307100415e-02 9.955213218930728525e-01
6.538624913633321600e-02 -8.533759548314637233e-02 9.942042713753803662e-01
8.827207781575245604e-02 -7.363666175345580378e-02 9.933708684695561342e-01
8.692485094964746972e-02 -6.117741780831671000e-02 9.943346488167773556e-01
6.401015755845547439e-02 -5.205771880611975017e-02 9.965905345938588233e-01
2.656966161177486130e-02 -4.827659634892606660e-02 9.984805573104317267e-01
-1.633192606779616460e-02 -4.966767953630248783e-02 9.986322595432043370e-01
-5.506736726993494840e-02 -5.492534836135401499e-02 9.969708075813257242e-01
-8.052991294013005230e-02 -6.278678213157873333e-02 9.947727142978044501e-01
-8.542491543259952969e-02 -7.241831895883284187e-02 9.937092989916888053e-01
-7.134574770441903802e-02 -1.803255123331258258e-01 9.810160517984455320e-01
-1.928314026060860831e-02 -2.011250940592805847e-01 9.793757486487584263e-01
4.470192593586898300e-02 -2.016265220348444909e-01 9.784418651251869381e-01
9.696572144718945685e-02 -1.809986077479133482e-01 9.786915514387699577e-01
1.209440625168915068e-01 -1.487405543879740666e-01 9.814523835735253776e-01
1.135821497682615450e-01 -1.169584591463358469e-01 9.866204001987165517e-01
8.119473404793027538e-02 -9.419381419611515260e-02 9.922373408262302741e-01
3.386845548259551086e-02 -8.396268227768183268e-02 9.958931648061929431e-01
-1.762238810996923782e-02 -8.620215836014089028e-02 9.961217994458311242e-01
-6.282847965863956607e-02 -9.933522600734800978e-02 9.930685248349372385e-01
-9.193743933486361875e-02 -1.215431432104251558e-01 9.883191648385378780e-01
-9.644129370507939503e-02 -1.503357948518132259e-01 9.839198268429538707e-01
-1.018606987471540604e-01 -2.628370921999759191e-01 9.594483107570001001e-01
-2.981172433293686683e-02 -2.980269205988601011e-01 9.540918277035037587e-01
6.513379459534228422e-02 -2.956418789272278191e-01 9.530757935368517897e-01
1.404380922333017812e-01 -2.563891783440042649e-01 9.563167526912007554e-01
1.699972222265895283e-01 -2.009668874634970293e-01 9.647348104938056057e-01
1.545139500507147490e-01 -1.507044902367183914e-01 9.764290019566893575e-01
1.075423717095003312e-01 -1.172812011245215058e-01 9.872587088245996512e-01
4.418044582766502554e-02 -1.037058758761691818e-01 9.936262775890477572e-01
-2.256045285202201364e-02 -1.086806133546480840e-01 9.938206831455425050e-01
-8.139288657105968328e-02 -1.299348428839079139e-01 9.881761657825063327e-01
-1.214708878461579072e-01 -1.655146340462481103e-01 9.786979765598530223e-01
-1.316171375497245666e-01 -2.125195907578447951e-01 9.682522154105454026e-01
-1.631182047115023181e-01 -3.082415419070170248e-01 9.372190795829573595e-01
-6.627715427441041585e-02 -3.608760609911592643e-01 9.302557752709083028e-01
8.282739438343633687e-02 -3.558582443179174604e-01 9.308622522642319153e-01
1.969077005990391982e-01 -2.943092609203493693e-01 9.352055476638898579e-01
2.337624784287116730e-01 -2.153497244815694711e-01 9.481453474254669667e-01
2.060059905738597652e-01 -1.512791895734679481e-01 9.667865010692447969e-01
1.398585462673744839e-01 -1.134962176436539183e-01 9.836453606949345785e-01
5.641073923162539389e-02 -1.012370050281403422e-01 9.932617466268974793e-01
-2.985678380558278236e-02 -1.104129260501566234e-01 9.934372442292652705e-01
-1.077876908111119469e-01 -1.376969054353353317e-01 9.845919845007775617e-01
-1.661468617640894374e-01 -1.815243792626642094e-01 9.692492558981401496e-01
-1.907329652177234824e-01 -2.405937193116325923e-01 9.517014228249510710e-01
-2.504743147553901705e-01 -2.806519284381649992e-01 9.265511927096099498e-01
-1.328033101136097682e-01 -3.474047643804499264e-01 9.282635458255671379e-01
1.029171291549827588e-01 -3.442961453910276526e-01 9.332032087361197270e-01
2.658406507824576659e-01 -2.634329898694804384e-01 9.273250822877920907e-01
3.029184245347691928e-01 -1.717776393838071347e-01 9.374075264712956601e-01
2.572335013856443808e-01 -1.089476960460646904e-01 9.601881718138068900e-01
1.708519214481499515e-01 -7.904186833367435328e-02 9.821211758166832340e-01
6.831030475760649368e-02 -7.472793140830936987e-02 9.948615172632694348e-01
-3.680545431265819928e-02 -8.886858435336540685e-02 9.953631162785256947e-01
-1.349706626711499602e-01 -1.171289219983807361e-01 9.839022999514022150e-01
-2.158398996893811095e-01 -1.580562401634505454e-01 9.635514322793070630e-01
-2.635315868156686281e-01 -2.124919041806198339e-01 9.409560528569862470e-01
-3.310255776073873224e-01 -1.425867198607964070e-01 9.327867356952707079e-01
-2.063745336669400854e-01 -1.832959941171648788e-01 9.611514606941540251e-01
1.373344059462337785e-01 -1.849704469470158097e-01 9.731008142528662086e-01
3.257743221364076125e-01 -1.164699824931907518e-01 9.382461479882483468e-01
3.475709139321293550e-01 -5.489647269475306235e-02 9.360453178528087559e-01
2.860117662880994338e-01 -2.456843439268089485e-02 9.579110927306593304e-01
1.881019271363724432e-01 -1.941686327521553734e-02 9.819575604006667291e-01
7.558326901035890277e-02 -2.965759702724762858e-02 9.966983477382564960e-01
-4.068079836322781306e-02 -4.826637497510169461e-02 9.980057262817932928e-01
-1.531136690698079728e-01 -7.066900402530888747e-02 9.856784953594591725e-01
-2.526384890943412231e-01 -9.383178047444820646e-02 9.630002029081389248e-01
-3.231165264089098654e-01 -1.164976790125722139e-01 9.391613286045878972e-01
-3.474557695204016361e-01 7.287902758886877219e-02 9.348599550545928505e-01
-2.203958325205835900e-01 1.470712491490511198e-01 9.642591584637586477e-01
1.139136819259256722e-01 1.820753122572053018e-01 9.766638386551034223e-01
2.955814614403364793e-01 1.391393292800581494e-01 9.451305976956347887e-01
3.226071741117370606e-01 1.040748729573045817e-01 9.407938307782096610e-01
2.706736517976546796e-01 7.462216329634663303e-02 9.597746125874250245e-01
1.812102942268520867e-01 4.629804136097210449e-02 9.823539691131696339e-01
7.407136832901488332e-02 2.028464051405354587e-02 9.970466216547676508e-01
-4.030703380514945311e-02 -5.218658059858897287e-04 9.991872050231306313e-01
-1.543099113774373532e-01 -1.218653387078582305e-02 9.879473364723697637e-01
-2.584733693138692723e-01 -9.031554852315579890e-03 9.659761634598393876e-01
-3.353460043848674466e-01 1.695371971629672236e-02 9.419424763386513577e-01
-2.882229438847651593e-01 1.971702028888162872e-01 9.370439934769178025e-01
-1.728489638903359105e-01 2.882958574725033585e-01 9.418114111892682550e-01
5.086549630222474139e-02 3.269133417721587498e-01 9.436844643509294528e-01
2.033375071047707483e-01 2.760341280697344857e-01 9.393928988156305948e-01
2.477467584021233737e-01 2.045058133356627839e-01 9.469946758103354734e-01
2.208506500599295985e-01 1.419284814281049356e-01 9.649255393695428396e-01
1.534473240857749943e-01 9.318157885407375718e-02 9.837535830142531967e-01
6.383810119530905491e-02 5.847243453415508496e-02 9.962457885660029877e-01
-3.658364027270924468e-02 3.881848515838558222e-02 9.985763678730076309e-01
-1.384813176271182944e-01 3.741719332002895609e-02 9.896579602631407901e-01
-2.301621341874751092e-01 5.990084710538347984e-02 9.713069960122018287e-01
-2.918412306830234781e-01 1.129663318061218946e-01 9.497722379347847133e-01
-4.528990914347759134e-01 1.517054464118624268e-01 8.785601120620765148e-01
-4.198431303927941949e-01 3.170541010079167554e-01 8.504166290095911407e-01
-2.581358740432253551e-01 4.708481012537386046e-01 8.436041346968109478e-01
-6.671233933944349659e-02 4.927530803032734164e-01 8.676081290717913008e-01
5.585176876922027384e-02 4.154395636545276105e-01 9.079044822425028638e-01
9.700564104956790890e-02 3.073079803280689970e-01 9.466528988131912570e-01
7.779946045583845116e-02 2.035514643126495327e-01 9.759682604106850734e-01
1.861722911560831709e-02 1.160674607778720974e-01 9.930668372917348385e-01
-6.709983512406227091e-02 4.919216635518889463e-02 9.965328609211182576e-01
-1.705931865527810509e-01 7.845656557854973484e-03 9.853103117165522562e-01
-2.831403274339262532e-01 1.216428692507398948e-03 9.590777211893150023e-01
-3.887302777692341338e-01 4.402130716425975421e-02 9.202993511140666882e-01
-3.165231121487244725e-01 1.434918229500297404e-01 9.376690334133916949e-01
-2.891973916568116310e-01 2.427723315410394433e-01 9.259732521498504898e-01
-1.966983623710081841e-01 3.238394470924472190e-01 9.254392290947149879e-01
-7.928197519601136445e-02 3.408815228667609332e-01 9.367572555240990528e-01
1.052677545738976359e-02 2.992374297887904211e-01 9.541206148133134501e-01
5.098100478638132455e-02 2.305588944404663720e-01 9.717219424019645224e-01
4.556457239324782776e-02 1.587196629263630254e-01 9.862717365631250566e-01
5.581219994477868221e-03 9.568136904618150529e-02 9.953963660777849221e-01
-5.786632272174974112e-02 4.814908711473163405e-02 9.971625514953073033e-01
-1.349841373935821154e-01 2.245061026427963916e-02 9.905933841646307192e-01
-2.152035974662742102e-01 2.603649937321218452e-02 9.762220609769751700e-01
-2.834132832306308081e-01 6.599953546475516297e-02 9.567240836347549182e-01
-1.970007932704825326e-01 8.065846146327142197e-02 9.770797818219683073e-01
-1.707219136250396063e-01 1.358396753911917665e-01 9.759106571801429153e-01
-1.103830949371424064e-01 1.794078327840570031e-01 9.775624797872147775e-01
-3.754642133101186718e-02 1.928386901182985447e-01 9.805118591014331253e-01
1.992340638266937650e-02 1.759226069475381404e-01 9.842023644773486568e-01
4.638409090277629404e-02 1.406655927169794262e-01 9.889700233762096504e-01
4.064109955947844272e-02 9.874186426223019453e-02 9.942828296156717149e-01
9.159931149066798464e-03 5.822446115454799065e-02 9.982614926884995077e-01
-3.912551827926878667e-02 2.558227886961397454e-02 9.989067728408221880e-01
-9.474583104627599950e-02 7.212127855985509504e-03 9.954753702181835529e-01
-1.475930384279698915e-01 9.030529522385663185e-03 9.890069486835005863e-01
-1.860478407485526009e-01 3.438426232987490394e-02 9.819388593272851962e-01
-9.791936554076915988e-02 -1.313013715701897080e-02 9.951077315298794135e-01
-6.531341268999010796e-02 1.405600355297592641e-02 9.977657976133881279e-01
-1.649672058472871281e-02 4.073353866665817974e-02 9.990338517976768973e-01
3.240314826335609355e-02 5.822979516882403894e-02 9.977771930332725026e-01
6.527764409371857035e-02 6.267140747010450930e-02 9.958971452250297007e-01
7.398551969210719059e-02 5.466995523914638944e-02 9.957596792751748360e-01
5.911541324525589058e-02 3.684588449606738397e-02 9.975709241515197112e-01
2.661940597609069314e-02 1.309991556245272172e-02 9.995598028320838990e-01
-1.518778245399925869e-02 -1.127807393753982659e-02 9.998210521450267008e-01
-5.721523545108561648e-02 -3.019770093399403235e-02 9.979050634657938845e-01
-9.032287397004347407e-02 -3.821451351170872951e-02 9.951790941306560834e-01
-1.060065276556823588e-01 -3.226320472726607047e-02 9.938418896962861737e-01
-1.981738884914871490e-02 -1.267700046212718312e-01 9.917341564288035816e-01
2.835376623130390211e-02 -1.167337661053662740e-01 9.927584256965036325e-01
8.132991203674752589e-02 -9.202493369600794892e-02 9.924297743347429979e-01
1.209121709280360918e-01 -6.035388097220023562e-02 9.908267537632650113e-01
1.359154359893563202e-01 -3.243885689170598191e-02 9.901892318255666181e-01
1.252388528935621803e-01 -1.660962494334975934e-02 9.919875755698572828e-01
9.458410051534582585e-02 -1.630937241140377122e-02 9.953832690482139478e-01
5.248567183473119846e-02 -3.019493680185731874e-02 9.981650765497891431e-01
8.220801939104554340e-03 -5.359851316033335117e-02 9.985287265785334210e-01
-2.888868063334773875e-02 -8.042520905345597326e-02 9.963419241806162896e-01
-4.996539836917245070e-02 -1.047730822348950513e-01 9.932401825363612602e-01
-4.783102180569955009e-02 -1.216367559426444200e-01 9.914215515898441300e-01
3.369305660036306382e-02 -2.550110127614231836e-01 9.663509514183962201e-01
1.100077773902678330e-01 -2.553242186869041364e-01 9.605768226776860708e-01
1.839208871068066520e-01 -2.183220520911296203e-01 9.583885375235613457e-01
2.263697585517720490e-01 -1.590538155680318033e-01 9.609675416820220306e-01
2.271125943849448825e-01 -1.016624045649466429e-01 9.685476885367826361e-01
1.937919421546785148e-01 -6.355341557519249285e-02 9.789819439216738139e-01
1.405066949031429646e-01 -5.106729244109280835e-02 9.887618521818318795e-01
8.055897991896972254e-02 -6.248269552571016766e-02 9.947895071391773536e-01
2.503803397854232130e-02 -9.224401550368510616e-02 9.954215883023396216e-01
-1.609324179500276619e-02 -1.338163158902867800e-01 9.908754720801190574e-01
-3.311976820472397470e-02 -1.806513379067178904e-01 9.829894074030032236e-01
-1.749357836474839042e-02 -2.249437431135347110e-01 9.742147027992188457e-01
5.139962119361609488e-02 -3.924652522623828244e-01 9.183295185868570742e-01
1.731821678227157546e-01 -4.010977402940699155e-01 8.995157249760847851e-01
2.923707061702748855e-01 -3.336704250467258936e-01 8.962050087019342026e-01
3.504035657201562959e-01 -2.271501715691906509e-01 9.086364183141768525e-01
3.361175334722245611e-01 -1.320548823226085633e-01 9.325162259969033141e-01
2.736268882967803351e-01 -7.460892572998738259e-02 9.589378677487409020e-01
1.903295141479158237e-01 -5.802246305658633613e-02 9.800041172489541985e-01
1.052104753575345969e-01 -7.543006874908265991e-02 9.915851252432221763e-01
3.045932935974628511e-02 -1.184576971431311049e-01 9.924918152017094819e-01
-2.394250309809132365e-02 -1.801682692524981810e-01 9.833443706554627628e-01
-4.681637894649015585e-02 -2.544436317603211983e-01 9.659537592033083930e-01
-2.499780598236045481e-02 -3.319124814376140931e-01 9.429789045158081251e-01
8.581682114549880197e-03 -5.239109664281011991e-01 8.517298010452118984e-01
1.947022597693090773e-01 -5.490477537737042946e-01 8.127961577892021117e-01
4.040414564672581421e-01 -4.226479940186916862e-01 8.112454465867341424e-01
4.920209330887641563e-01 -2.390795642618299688e-01 8.371119180580065544e-01
4.541834282496075015e-01 -1.015401404368838079e-01 8.851028264463385309e-01
3.533874662241162645e-01 -3.627136286350708672e-02 9.347736019762509230e-01
2.351867915807278053e-01 -2.956181912073475512e-02 9.715005259475514299e-01
1.214648805201974796e-01 -6.312192183094388065e-02 9.905866472876114770e-01
2.241439925741523648e-02 -1.247556686589953723e-01 9.919342810102392827e-01
-5.399826916361676749e-02 -2.081711011068572981e-01 9.766007268026846155e-01
-9.602820541093541606e-02 -3.099275579744368292e-01 9.458982464164499282e-01
-8.403366771247947065e-02 -4.231929025572274683e-01 9.021341972876537607e-01
-1.337696396002625299e-01 -6.023022584768399357e-01 7.869800969242767286e-01
1.112523195397313314e-01 -6.706835518416167652e-01 7.333529127821029059e-01
5.094577050192627965e-01 -4.357382510075539783e-01 7.420141665800615849e-01
6.308747576118177713e-01 -1.401643897859731480e-01 7.631192462808024102e-01
5.490612120996148926e-01 1.875489272689854353e-02 8.355716841578707532e-01
4.073734194522072305e-01 5.954216263274504650e-02 9.113186204575479676e-01
2.607172435361584384e-01 3.450775348625489958e-02 9.647982866238499211e-01
1.243692664385834118e-01 -2.536151327968200198e-02 9.919118303607259435e-01
2.479783125311833120e-03 -1.069530970659055696e-01 9.942609746458183073e-01
-1.011897835454142885e-01 -2.065960285582744138e-01 9.731796898260020034e-01
-1.772501728324273051e-01 -3.248987380189574670e-01 9.289904123642063194e-01
-2.035258751116031106e-01 -4.616031124447467215e-01 8.634232940692307956e-01
-3.886714051041382789e-01 -5.162432749287937384e-01 7.631693258675277258e-01
-1.971225053448505404e-01 -6.105615367810727223e-01 7.670445408776905838e-01
5.672274302383712996e-01 -1.886516960689971489e-01 8.016630089727956321e-01
6.641947175538694959e-01 1.562433537526029537e-01 7.310495137688476364e-01
5.431387747312612646e-01 2.321475388829601638e-01 8.069125055257237999e-01
3.957759363731563895e-01 1.943830812079786752e-01 8.975392057888749164e-01
2.500750590410137364e-01 1.179087200482937386e-01 9.610202904113143152e-01
1.101138020504362630e-01 2.838887405112995588e-02 9.935134737023586515e-01
-2.396293083578692265e-02 -6.750945632770882776e-02 9.974308252967549748e-01
-1.517823402228948293e-01 -1.696767217821709695e-01 9.737412034426475849e-01
-2.693010597607353174e-01 -2.796314796865975727e-01 9.215656106756585642e-01
-3.624774953864857707e-01 -3.970699499037546598e-01 8.431758536758326983e-01
-6.204971599693294149e-01 -1.867206092159748587e-01 7.616552294601297568e-01
-6.371640720978634098e-01 5.723807714833596683e-02 7.685998619256155795e-01
-5.443388081941658713e-03 5.958351817031216635e-01 8.030882926372903130e-01
3.351214156110703390e-01 5.597193177789113738e-01 7.578970392500262721e-01
3.695722541378620440e-01 4.353452036794427937e-01 8.209085835856892999e-01
3.036128410524395749e-01 3.072514846710110992e-01 9.018956524540278075e-01
2.004016011129922115e-01 1.878124522301763966e-01 9.615433849070764705e-01
8.068503303072051269e-02 7.984809508598680883e-02 9.935362133087779490e-01
-4.876295855637077098e-02 -1.773599712950770305e-02 9.986528967958112624e-01
-1.864581193253782576e-01 -1.056823127590528349e-01 9.767623142338954789e-01
-3.320692830586473576e-01 -1.802569596480532166e-01 9.258711680073885564e-01
-4.826570559429573803e-01 -2.247193945018724492e-01 8.464888422673914059e-01
-5.833671632279179287e-01 6.054284753938905111e-02 8.099489591814930112e-01
-5.538931720537035863e-01 3.076881733798018104e-01 7.736474273947678837e-01
-2.396812518427190175e-01 6.022235940579079294e-01 7.614982864557338083e-01
5.315224697412209570e-02 6.087274274613652114e-01 7.915969667058149195e-01
1.774530235340447404e-01 4.842829837377080060e-01 8.567265702081948708e-01
1.872788528170324929e-01 3.434222253115551404e-01 9.203194045816471824e-01
1.343431771040408673e-01 2.174629725663322355e-01 9.667790680027733563e-01
4.624377282572761372e-02 1.115998782575595705e-01 9.926766747776794020e-01
-6.423010227269927708e-02 2.567098097504716056e-02 9.976048790467976213e-01
-1.915812227794695954e-01 -3.840386539567236523e-02 9.807251287700906595e-01
-3.318666125946254652e-01 -7.194180208412656596e-02 9.405790389743728941e-01
-4.746979923708018467e-01 -5.300221076915613561e-02 8.785514109560145224e-01
-6.636554829836587288e-01 -6.007507057426479669e-02 7.456221468017685261e-01
-7.443317583015462979e-01 1.588967850676156202e-01 6.486309006507455788e-01
-6.425938464065978906e-01 4.430687590146996646e-01 6.251105688959586182e-01
-3.959519965692083199e-01 5.888935538656218105e-01 7.045753321174569317e-01
-1.742118052875832324e-01 5.528313443635437530e-01 8.148789797188559225e-01
-4.932647154269675926e-02 4.263518471325939974e-01 9.032114933125042766e-01
-1.052697422499250177e-02 2.799610628715629157e-01 9.599536374687765994e-01
-3.250668252628740457e-02 1.420990984482203845e-01 9.893185340482940626e-01
-9.847172078030623499e-02 2.150032615332870753e-02 9.949075616266501720e-01
-2.012718177365252770e-01 -7.671829594623590098e-02 9.765264760630398833e-01
-3.384390621977724778e-01 -1.418591318622141328e-01 9.302338350575654058e-01
-5.027416284262719026e-01 -1.499805813832211510e-01 8.513264240320976839e-01
-4.642290564217861903e-01 1.999514069959513682e-02 8.854894564714025362e-01
-4.987842054924729873e-01 1.537226294357557921e-01 8.529851520105684592e-01
-4.374774424267062756e-01 2.997856695319712772e-01 8.477865531554169554e-01
-2.995461457659822635e-01 3.808429590741493342e-01 8.747746836074125065e-01
-1.586443549382815232e-01 3.703251834064967274e-01 9.152547334929531653e-01
-6.540588613740791479e-02 2.995881686908635211e-01 9.518240379602482815e-01
-2.874469275153948220e-02 2.057021228538137292e-01 9.781924040249011520e-01
-3.936787773375551719e-02 1.106221028242915794e-01 9.930825346211261673e-01
-8.654819518293281611e-02 2.622340019611753281e-02 9.959024767481045037e-01
-1.626969116705746232e-01 -3.800436438113141691e-02 9.859439047029078251e-01
-2.613262227515324998e-01 -7.046228223755274245e-02 9.626752682416456208e-01
-3.706720278006564451e-01 -5.598547084479147534e-02 9.270749025080964323e-01
-2.723244265587190793e-01 1.105854450450983670e-02 9.621419413438797585e-01
-2.786947042476441427e-01 8.820450060911812218e-02 9.563206721056354276e-01
-2.369772371863221316e-01 1.671273985160415532e-01 9.570319857355019666e-01
-1.599477471024152719e-01 2.153475803987810744e-01 9.633494370233645077e-01
-8.122900087049017559e-02 2.187654521982413391e-01 9.723906243593707366e-01
-2.792136470147023319e-02 1.858828188047014218e-01 9.821751244387839641e-01
-8.646372811722714477e-03 1.321740616800587964e-01 9.911888102960566549e-01
-2.015224467156697882e-02 7.083994521542000267e-02 9.972841065597430887e-01
-5.545769926306405584e-02 1.280705739711470240e-02 9.983788974499071545e-01
-1.074587369713414092e-01 -3.145537580870023248e-02 9.937118189804314827e-01
-1.687599990379038684e-01 -5.153656306029951589e-02 9.843089176639316928e-01
-2.291122981816085258e-01 -3.853570474231533122e-02 9.726369077317675860e-01
-1.024626459297180991e-01 -4.978192694147159925e-02 9.934903954941838311e-01
-8.433757219417260809e-02 -5.194068748979668686e-03 9.964237028323927881e-01
-4.809477521062930500e-02 4.572437751951562157e-02 9.977956573856949785e-01
-5.320492191515042123e-03 8.602377602576817550e-02 9.962788777853497368e-01
2.872592244074708909e-02 1.042854083298248857e-01 9.941324735613811248e-01
4.410688344137336792e-02 9.813798823471267530e-02 9.941949095114156476e-01
3.923106421283917289e-02 7.136794791399586613e-02 9.966782528033736321e-01
1.805450613179320277e-02 3.109159849505134521e-02 9.993534646517325815e-01
-1.321128960331534145e-02 -1.344747238760083188e-02 9.998222978676989392e-01
-4.780873844715061161e-02 -5.195500833523442746e-02 9.975043867757715788e-01
-7.886779478128307097e-02 -7.473018069388062679e-02 9.940801129888134913e-01
-9.935165394714602638e-02 -7.470827090843094875e-02 9.922438828815959289e-01
4.658641845077660798e-02 -1.468969979542982252e-01 9.880541369823178099e-01
9.460386541166518337e-02 -1.163607001115035261e-01 9.886912036216228827e-01
1.378864185692841859e-01 -6.575201740428136821e-02 9.882631267944034237e-01
1.612531132042560322e-01 -1.195279808244669763e-02 9.868406984412225746e-01
1.598002236115199370e-01 2.748047230141781316e-02 9.867667972604960980e-01
1.378973834800280296e-01 4.228339009904162615e-02 9.895435445452432921e-01
1.037042089349279606e-01 3.096504377335736191e-02 9.941260499118212968e-01
6.538520926291849222e-02 -1.394915479312208240e-03 9.978591226323135777e-01
3.028395213349173096e-02 -4.590642305295225545e-02 9.984865960870648038e-01
5.372254971898816553e-03 -9.218564829132468164e-02 9.957273447714314329e-01
-2.688025141776797036e-03 -1.300763668711558685e-01 9.915003344943905672e-01
1.108121529375482965e-02 -1.506092581688207310e-01 9.885312630471210227e-01
1.759404795508417718e-01 -2.775127973086117805e-01 9.444742426266404811e-01
2.683716178003805464e-01 -2.451423041697872174e-01 9.316018062807656097e-01
3.334896120335194003e-01 -1.670095196516471481e-01 9.278429279848859901e-01
3.452964690334447972e-01 -7.581404544738436224e-02 9.354264155913586398e-01
3.084384648667072848e-01 -5.933624379691707952e-03 9.512257910152752682e-01
2.444650134637828542e-01 2.553325827507207935e-02 9.693218814790275362e-01
1.742082387483798456e-01 1.818784225051746709e-02 9.845408533659399941e-01
1.114062952448576366e-01 -1.980305688588830659e-02 9.935776146420807198e-01
6.474149233610652920e-02 -7.777450282338276011e-02 9.948666573369137067e-01
4.158264837407178727e-02 -1.449525185822094497e-01 9.885644393316173062e-01
4.975312802274883123e-02 -2.103045249145243101e-01 9.763691069736841754e-01
9.552341563627454735e-02 -2.603692113262412455e-01 9.607721638653818896e-01
2.765759117212310270e-01 -4.445252687335528585e-01 8.519994427890474897e-01
4.403844453681902138e-01 -3.948178048459188294e-01 8.063376719801444992e-01
5.496491021644344110e-01 -2.492906302851520539e-01 7.973330835615344281e-01
5.512495277379853009e-01 -8.781268565862952735e-02 8.297065085957111563e-01
4.689456588296299633e-01 2.113256698619106130e-02 8.829741693150416904e-01
3.528739137571743067e-01 5.983350539014919284e-02 9.337558313725859982e-01
2.395132415958071415e-01 4.078186903796380408e-02 9.700362087354310603e-01
1.464013298920589512e-01 -1.795719483267975425e-02 9.890622779984749036e-01
8.132128005049044095e-02 -1.023635278703876050e-01 9.914174486930311669e-01
5.113057400115769702e-02 -2.023591198567661620e-01 9.779756903999101691e-01
6.640788617025693286e-02 -3.076939666975800347e-01 9.491651149891333628e-01
1.404421860279849443e-01 -4.001700368706798128e-01 9.056157761294729713e-01
3.138450404644708147e-01 -6.475727573714638030e-01 6.943708047478462930e-01
5.909050938902320471e-01 -5.696643794558720053e-01 5.712387108677335901e-01
7.848842916899758659e-01 -2.836179591777481801e-01 5.509242251800168244e-01
7.649113678530060634e-01 -3.642738179841092938e-03 6.441252438677699255e-01
6.163430774279559099e-01 1.392243138936180014e-01 7.750727716333046802e-01
4.404087230624739724e-01 1.585621238885316087e-01 8.836844513278120372e-01
2.844678879560120222e-01 1.034343093986867107e-01 9.530893789993172271e-01
1.617264559173816618e-01 7.584340468664657608e-03 9.868064811481842558e-01
7.452391066934518915e-02 -1.132963632262651565e-01 9.907623937241550882e-01
2.723182678976846655e-02 -2.532937351089543099e-01 9.670060554950777876e-01
3.347706344116635480e-02 -4.073099614457293960e-01 9.126762194395606764e-01
1.196038475634639553e-01 -5.572910720763758485e-01 8.216578245425898430e-01
2.031167018230328469e-01 -8.584131891004943560e-01 4.710312115122567422e-01
6.163936605171933536e-01 -7.711502920748511958e-01 1.593301048358180816e-01
9.760748227017391754e-01 -1.945939492706683371e-01 9.701100656627016650e-02
9.001387973502466000e-01 2.556570614485966231e-01 3.526891158460526143e-01
6.765632455531285228e-01 3.744336178227180012e-01 6.340833073113361085e-01
4.632325648691222320e-01 3.186680276996409766e-01 8.269620783123047270e-01
2.886062867058555859e-01 1.978745494668701366e-01 9.367774943640914120e-01
1.505271067253873551e-01 5.328485194094046556e-02 9.871688379879801634e-01
4.419059812879554128e-02 -1.057196488072144197e-01 9.934135830020833779e-01
-2.961263255874242023e-02 -2.819263575960578860e-01 9.589789470502101398e-01
-5.741160841098390255e-02 -4.799088591852417873e-01 8.754378299428418053e-01
-2.655017661262760228e-03 -6.919796880240531856e-01 7.219120876140294740e-01
-1.700297764251913202e-01 -9.490864502674082326e-01 2.651882068411349769e-01
1.637131361341795932e-01 -9.050558705213219701e-01 -3.925199106950903460e-01
7.620066186788663209e-01 1.936270034819793651e-01 -6.179437649270740351e-01
6.928928378378095276e-01 7.199884458024031764e-01 3.893781175169071240e-02
5.283623825030013821e-01 6.695333619004798509e-01 5.220711350553176588e-01
3.757891588393407201e-01 4.872869838145917343e-01 7.882473618755093669e-01
2.371769488536238646e-01 2.924077555465456890e-01 9.264150254766133630e-01
1.116481027435394235e-01 1.051390678469444895e-01 9.881702674975003653e-01
-2.551462088870653892e-03 -7.918345690473754805e-02 9.968567952288582834e-01
-1.059604458751949307e-01 -2.720257484199558040e-01 9.564383807159178019e-01
-1.918021485400660531e-01 -4.853657217168454996e-01 8.530135122011498483e-01
-2.349505197143659796e-01 -7.236124390759338665e-01 6.489863567907919739e-01
-6.766256848995420015e-01 -6.794048143856671329e-01 2.838781089195074325e-01
-8.583980443540195626e-01 -4.058808366220625907e-01 -3.137093302919261029e-01
-4.974583643644542308e-01 7.019382329308242463e-01 -5.097233493512557390e-01
8.715408930240840096e-03 9.947774968784280913e-01 1.016945099369633287e-01
1.876982591488991492e-01 8.150876603217467320e-01 5.480889248139657610e-01
2.013077115463781097e-01 5.700613157862516323e-01 7.965584106114688145e-01
1.441723198967329589e-01 3.438362602818439417e-01 9.278959900178053166e-01
5.547140216812978392e-02 1.434368438152111014e-01 9.881036359502346489e-01
-5.142500229881857149e-02 -4.051128940491850738e-02 9.978548514535049430e-01
-1.748417343906775445e-01 -2.196102106267151244e-01 9.597925418045804014e-01
-3.173592733953293776e-01 -4.014585841412928735e-01 8.591356684536773924e-01
-4.826180029241491365e-01 -5.781037045296537613e-01 6.579331045498106878e-01
-7.994538603188866555e-01 -2.891480887267456334e-01 5.265614000349583268e-01
-9.620277519117466092e-01 2.361175446023338828e-02 2.719284641281419779e-01
-7.793466097473609189e-01 5.943117248870055658e-01 1.985256546069669725e-01
-3.574219659365485136e-01 8.303499912706177044e-01 4.275142456842558336e-01
-7.432622345922113016e-02 7.326583903962969879e-01 6.765259015649653929e-01
4.026332474025445113e-02 5.345674752133541263e-01 8.441661442659097458e-01
5.070451414536376183e-02 3.346583719377836386e-01 9.409744025940753875e-01
1.695333807711156245e-03 1.557101455120432354e-01 9.878013344938935125e-01
-8.648670218466715520e-02 -2.696793607531277736e-03 9.962493551564048921e-01
-2.088944170838988867e-01 -1.439558711066834251e-01 9.672847717631705144e-01
-3.685803660145234306e-01 -2.641483096972687128e-01 8.912767158815511070e-01
-5.696116535659019320e-01 -3.379206653900690971e-01 7.492344012552486499e-01
-7.302837189178394972e-01 -3.123380697480208634e-01 6.075612068504632202e-01
-8.876069183857788758e-01 -8.684847005058810021e-02 4.523398077591724853e-01
-8.721443945822332511e-01 2.525141175660057247e-01 4.190474620240395853e-01
-6.740435078706615846e-01 5.068441152686065099e-01 5.373773276898263784e-01
-4.220890536515094493e-01 5.601646880954124219e-01 7.127807187337610317e-01
-2.299616637468986369e-01 4.635531882331831999e-01 8.557079378418370741e-01
-1.244230974654682992e-01 3.067809944423933732e-01 9.436123750068375893e-01
-9.102492811276013951e-02 1.396221915555781734e-01 9.860122241064031012e-01
-1.148092656453535559e-01 -2.101861446205433026e-02 9.931651677179209603e-01
-1.913402256216181763e-01 -1.693362956151713838e-01 9.668061527763235352e-01
-3.241584380279991517e-01 -2.941918988085721054e-01 8.990953418468332625e-01
-5.134257241160548046e-01 -3.632033380366831987e-01 7.774814216782480747e-01
-5.368204308023407645e-01 -1.496777181704158632e-01 8.303134382607738617e-01
-6.316972747311739855e-01 -9.407463415677469465e-03 7.751580824124097990e-01
-6.208318767816035644e-01 1.747360271614565863e-01 7.642218928973112391e-01
-5.014509390941997991e-01 3.148519036181311459e-01 8.058630370413638611e-01
-3.389106109352885698e-01 3.546514143888158666e-01 8.714137777586176137e-01
-2.019152893506482582e-01 3.068931040144908251e-01 9.300789421521951095e-01
-1.184133062249387580e-01 2.121186774260545027e-01 9.700432751151172317e-01
-8.780407571666418165e-02 1.009208039879409685e-01 9.910123286872536408e-01
-1.031418305102116129e-01 -9.636059708979415744e-03 9.946199822808291513e-01
-1.607792449825004577e-01 -1.078092071117261186e-01 9.810847105346792718e-01
-2.598716360661009195e-01 -1.795612495651125462e-01 9.488016075148953954e-01
-3.942003125540938235e-01 -2.029738605586214328e-01 8.963301431460901636e-01
-3.086498077590001388e-01 -8.474435149211957674e-02 9.473931027089848023e-01
-3.529456763288421617e-01 -1.658905655115631246e-03 9.356423449122347469e-01
-3.431086422291295679e-01 9.934640678308669093e-02 9.340271682810169507e-01
-2.798454311472687861e-01 1.786540684815922375e-01 9.432758125177377329e-01
-1.934391799609403717e-01 2.092117246199207692e-01 9.585466801036413020e-01
-1.178261774091462349e-01 1.905982621491237872e-01 9.745713387858677690e-01
-7.036359389037939727e-02 1.375699674509923698e-01 9.879896096165784458e-01
-5.374787694216986988e-02 6.642551200353674634e-02 9.963427206937228719e-01
-6.518679067454336007e-02 -8.631096560959566552e-03 9.978357512605655621e-01
-1.017507458014441923e-01 -7.438865522700727206e-02 9.920247545815136236e-01
-1.606337186325420274e-01 -1.174546214118073195e-01 9.800006226259672104e-01
-2.352226625589022013e-01 -1.243532416397682278e-01 9.639536141912765643e-01
-8.963422355746897274e-02 -8.578805115825785532e-02 9.922732064536410324e-01
-9.289899701964984824e-02 -3.219663607261462335e-02 9.951548386951569736e-01
-7.974181698991462952e-02 3.425717352062153387e-02 9.962267255427689205e-01
-5.388806924198573378e-02 9.169086445674923258e-02 9.943283468594997787e-01
-2.578953995227516865e-02 1.227561767829139089e-01 9.921017189233825029e-01
-5.264577557810459600e-03 1.214521029795810059e-01 9.925833319701982127e-01
3.404292695141761596e-03 9.135312120902172595e-02 9.958127424555147655e-01
5.939544009174258302e-04 4.145907700074653868e-02 9.991400262988634484e-01
-1.135166464229011955e-02 -1.635721687974562091e-02 9.998017709355554450e-01
-2.975105334068917431e-02 -6.900159639606943951e-02 9.971728308171130539e-01
-5.178055471372564056e-02 -1.039117148336489299e-01 9.932377004895625028e-01
-7.367193009412424665e-02 -1.111000043913885488e-01 9.910747881671870818e-01
1.159616709742098684e-01 -1.366044128738462260e-01 9.838150869183590608e-01
1.538764809068229600e-01 -8.845922995365233799e-02 9.841224483059194394e-01
1.761489962165826706e-01 -1.964248049309485697e-02 9.841675183077469580e-01
1.744195426811492866e-01 4.677101295164307060e-02 9.835600111220537123e-01
1.524010074730927367e-01 8.971203932545848692e-02 9.842386310856382492e-01
1.205376022043724987e-01 9.913058631170314217e-02 9.877468366501624963e-01
8.849838426634729083e-02 7.617857854525386663e-02 9.931590306457357409e-01
6.234944628287841795e-02 2.912113702532048709e-02 9.976294431935394114e-01
4.565201779902849921e-02 -3.017065176046748731e-02 9.985016900552455832e-01
4.122456070897966701e-02 -8.844350663366512544e-02 9.952277536969378335e-01
5.167706749471975836e-02 -1.326626084174111209e-01 9.898131707666150136e-01
7.794667385908424229e-02 -1.513217305389947254e-01 9.854065404193079747e-01
3.117276085344631853e-01 -2.362770152981620853e-01 9.203255239964717171e-01
4.018404414195053120e-01 -1.695661257516859199e-01 8.998730958514862266e-01
4.413569163241827797e-01 -6.055687444292469357e-02 8.952859528499187425e-01
4.135603354585705160e-01 4.649642885842587836e-02 9.092886951012302266e-01
3.379679659832348082e-01 1.132383752688063405e-01 9.343204612634364858e-01
2.487914670238772219e-01 1.268804390223057244e-01 9.602104769942074736e-01
1.716396836743932508e-01 9.499047139423008601e-02 9.805695433433266883e-01
1.182509926639163933e-01 3.209120768646533256e-02 9.924650407561580456e-01
9.272592355089330496e-02 -4.736512241392910882e-02 9.945644515467053637e-01
9.791795645475870336e-02 -1.298174051531904016e-01 9.866911954218425818e-01
1.375564124465996074e-01 -2.009152422834748486e-01 9.699027264695290196e-01
2.126748621562370156e-01 -2.430358765174360780e-01 9.464158524307114684e-01
4.874071549385315394e-01 -3.920330518667033415e-01 7.802207069534620176e-01
6.504500725375064185e-01 -2.775998063321778453e-01 7.070028646762612778e-01
7.181290092601936292e-01 -7.665219247748715492e-02 6.916756229964270419e-01
6.584417502906180220e-01 1.105223612840940395e-01 7.444724770804970193e-01
5.173248888632966391e-01 2.096694018762624567e-01 8.297069972462376430e-01
3.629502405036282298e-01 2.134854133038446011e-01 9.070232087575659241e-01
2.378750642034071217e-01 1.514330468916105787e-01 9.594183061310516125e-01
1.558163660091065050e-01 5.254735409045166450e-02 9.863873659277585526e-01
1.182955298360052476e-01 -6.506631762897001348e-02 9.908443580759741520e-01
1.273973762043637548e-01 -1.894994015785427532e-01 9.735809598270230847e-01
1.903313586331310536e-01 -3.065358166586140687e-01 9.326359241559971647e-01
3.145006750861211731e-01 -3.890465977511676776e-01 8.658707005948488300e-01
5.905216455696242761e-01 -6.059071249842647999e-01 5.330672959458511162e-01
8.449571735020651175e-01 -4.090045650146471035e-01 3.446195594340261126e-01
9.513694195747032234e-01 -3.843801559842213028e-02 3.056448043969513528e-01
8.511609662754351380e-01 2.761839535329108641e-01 4.463714073505383184e-01
6.403000125480633464e-01 4.007311700722599457e-01 6.553094103272990578e-01
4.287851462948945036e-01 3.640159335544165820e-01 8.268226523477417711e-01
2.675828902388864838e-01 2.437788729534281218e-01 9.321862785693167952e-01
1.642859841634498885e-01 8.965879428716387600e-02 9.823295862460909023e-01
1.143255821600792088e-01 -7.962132067933919144e-02 9.902474976271665730e-01
1.180911754222765675e-01 -2.587183936511421867e-01 9.587070809554205653e-01
1.878298132372392681e-01 -4.382707612524278651e-01 8.789986923143547903e-01
3.448284161046952234e-01 -5.824473973037112007e-01 7.361035204512844654e-01
5.008966274961982323e-01 -8.438352306009696546e-01 1.924699253377079033e-01
8.132171597024780985e-01 -5.442932437169217819e-01 -2.059677547810677967e-01
9.520520603090173450e-01 8.973852467491845453e-02 -2.924788396628279497e-01
8.270489388879856962e-01 5.618165840462985283e-01 1.876642146980567888e-02
6.018005227991877204e-01 6.724786693431432649e-01 4.308231308055812114e-01
3.940295838563226960e-01 5.534451982795467462e-01 7.337840960032047111e-01
2.395368818268675259e-01 3.527418052303968321e-01 9.045414866591507952e-01
1.370943348977483323e-01 1.353869564189454089e-01 9.812622052085019364e-01
7.899564842368343720e-02 -8.641400766587849225e-02 9.931225034250962258e-01
6.457431684305259267e-02 -3.187592677904023675e-01 9.456334843911964327e-01
1.083583785625098772e-01 -5.623818438974615974e-01 8.197469874600664674e-01
2.440003600211422541e-01 -7.801743085418249013e-01 5.760137781345118224e-01
1.043594736853097893e-01 -9.910814324875079073e-01 -8.286552015624235046e-02
3.034652426836017547e-01 -6.293200593357087813e-01 -7.154474889190649556e-01
4.211329143354634041e-01 2.763429433226933796e-01 -8.638759437206163794e-01
3.910419892336063352e-01 8.555435651298590738e-01 -3.393101395787413432e-01
3.196325353235772160e-01 9.097539987203991929e-01 2.649201845366375707e-01
2.328509787951238696e-01 7.040101911219195374e-01 6.709322413408485009e-01
1.491118562576261297e-01 4.361946294656230405e-01 8.874119108670992517e-01
7.771362002039447492e-02 1.733255210561518433e-01 9.817936937127011987e-01
1.999985277112579021e-02 -8.140520340971781066e-02 9.964804056011391520e-01
-2.332469512763710867e-02 -3.436697871252487047e-01 9.388008500286839642e-01
-4.319850896791275346e-02 -6.230229369774488157e-01 7.810098007214643090e-01
-1.320528016885086364e-02 -8.876715176903525739e-01 4.602878417436364611e-01
-4.563393932046402313e-01 -8.886224107030689101e-01 -4.587558616628623076e-02
-5.576357690817708157e-01 -5.235398931305986769e-01 -6.441648308789222899e-01
-5.181820282646807385e-01 3.450753603290844795e-01 -7.825665347286316909e-01
-2.880015346565297785e-01 9.137806610068767155e-01 -2.864612008722511316e-01
-8.726263903872535921e-02 9.520989380496758248e-01 2.930748095497578420e-01
8.506946749080111780e-03 7.305341383759111906e-01 6.828231868678004135e-01
2.736039542757330231e-02 4.530716471216950647e-01 8.910541461306228372e-01
4.030084084110297470e-03 1.871017682753682854e-01 9.823322690059927975e-01
-4.488444147131611522e-02 -6.445521309404458887e-02 9.969106842735613316e-01
-1.161944420998461541e-01 -3.166961403640137229e-01 9.413832409299559556e-01
-2.114585387675033401e-01 -5.777693986932892489e-01 7.883322956188433261e-01
-3.287264386428542240e-01 -8.151968796870354694e-01 4.768573957542791009e-01
-7.605573466504541580e-01 -5.893486157758481836e-01 2.724348207168065250e-01
-9.594706313903497152e-01 -2.712510519311607249e-01 -7.641318162278312731e-02
-9.366425810064699098e-01 3.152312009524058656e-01 -1.527414985905583000e-01
-6.649080280186051572e-01 7.368089046268321285e-01 1.225151106553173525e-01
-3.617669259436517293e-01 7.928509028008732251e-01 4.904203678694148971e-01
-1.646613592094643697e-01 6.277108111090311526e-01 7.608322905871418573e-01
-7.479393690821173335e-02 3.994093805142562292e-01 9.137165937855433739e-01
-5.851387786024908610e-02 1.727686472538571827e-01 9.832228234859279326e-01
-9.448609922401693395e-02 -4.135834860951953518e-02 9.946667100359825042e-01
-1.782014269294568132e-01 -2.480626140756432285e-01 9.522127865861690355e-01
-3.161627541598296398e-01 -4.451604948758175473e-01 8.377787575989141811e-01
-5.156625589704449952e-01 -5.957453451013736689e-01 6.157756158423409731e-01
-6.607494415852996905e-01 -5.365028960291391424e-01 5.249522054408441996e-01
-8.786217999260408362e-01 -3.330244080807057139e-01 3.422257680496980647e-01
-9.526523852108386148e-01 1.259186139768394934e-02 3.038007208331927611e-01
-8.410556466396873487e-01 3.182816033772952746e-01 4.374039554085672465e-01
-6.185618039278090174e-01 4.459166818231118934e-01 6.469463714971691592e-01
-3.969343049767480314e-01 4.023598952247269822e-01 8.249543455534044112e-01
-2.352140241744661575e-01 2.684734094401386995e-01 9.341286802444686010e-01
-1.405811399133168604e-01 1.037085318480693297e-01 9.846225081332969920e-01
-1.067869923792174602e-01 -6.959874380538268179e-02 9.918430083028005884e-01
-1.345412704945567473e-01 -2.461391264148764801e-01 9.598511223004586590e-01
-2.344696913188240861e-01 -4.159297892527737406e-01 8.786503139844914489e-01
-4.168031347282004639e-01 -5.403526277840918768e-01 7.309542971536791001e-01
-5.102525873571965853e-01 -3.246305437465157318e-01 7.964027292532237512e-01
-6.564301151948728208e-01 -2.030986059006134326e-01 7.265331789716135136e-01
-7.035044524408432531e-01 -1.075920758852685379e-02 7.106094038556357573e-01
-6.290294752201736062e-01 1.642896025721365671e-01 7.598229042289683655e-01
-4.785880437640772644e-01 2.510142573590141701e-01 8.413948698255184766e-01
-3.211656910332665316e-01 2.415940218165467668e-01 9.156882261586375416e-01
-1.994344334862169776e-01 1.686288399480095346e-01 9.652928162365861375e-01
-1.251260979446763011e-01 6.424224901974005808e-02 9.900587826256338486e-01
-9.852024008687823575e-02 -5.257703257529917906e-02 9.937451473787908274e-01
-1.216939202899001010e-01 -1.701507324480685535e-01 9.778748989578592843e-01
-2.007439262523316448e-01 -2.745862062775018542e-01 9.403745484619077111e-01
-3.376476477082682726e-01 -3.397784718566926876e-01 8.778067304707460883e-01
-2.878283673845040691e-01 -1.861636373338559636e-01 9.394136102183426873e-01
-3.673555058460430400e-01 -1.149044721643052436e-01 9.229555214641665950e-01
-3.956730553511823567e-01 -1.021229821173626727e-02 9.183346569928424463e-01
-3.607643377099910564e-01 8.735642381752965757e-02 9.285569168632044068e-01
-2.836968283434418980e-01 1.430400165533049772e-01 9.481854582582249780e-01
-1.980281202773651050e-01 1.467895847917068675e-01 9.691427559322979279e-01
-1.272023847016306441e-01 1.082033900348149252e-01 9.859571895934892138e-01
-8.076539449486372368e-02 4.274545138499018238e-02 9.958161363614778105e-01
-6.176496356256044179e-02 -3.497989437028509868e-02 9.974775667983895033e-01
-7.281951385581574010e-02 -1.115707976783421179e-01 9.910848982338323898e-01
-1.170368981564780114e-01 -1.731632824049479658e-01 9.779145372150721549e-01
-1.934745533461921241e-01 -2.036882264684360677e-01 9.597284530563441329e-01
-5.708976143952637639e-02 -1.123496816487625366e-01 9.920273726930534108e-01
-8.406695736822235310e-02 -6.111128430325900307e-02 9.945844145217851429e-01
-9.969546369143429676e-02 7.686372371981264710e-03 9.949883085740869326e-01
-9.831431966176282233e-02 7.144968828967300511e-02 9.925871430724714228e-01
-8.291987465262649903e-02 1.102821336124750196e-01 9.904353312526793518e-01
-6.090010613308837611e-02 1.154312366515033716e-01 9.914468249372229147e-01
-3.857179977246991825e-02 8.904697522730975479e-02 9.952802883937288403e-01
-1.977342942786929070e-02 3.994039448635358647e-02 9.990063945625901054e-01
-7.140339285145866875e-03 -1.975371129592688041e-02 9.997793788856418340e-01
-3.244912336213571710e-03 -7.663210794180777552e-02 9.970541562905615995e-01
-1.048339047951182303e-02 -1.176673480336281052e-01 9.929977309796335083e-01
-2.959840697635770373e-02 -1.318335225778771436e-01 9.908298827896935279e-01
1.725180806745130746e-01 -9.415793730330497546e-02 9.804956882531737916e-01
1.917773882069990776e-01 -3.615950296634849043e-02 9.807721059031793143e-01
1.858027124619603121e-01 3.815893686202769669e-02 9.818458369720637346e-01
1.552021833448246346e-01 1.036203313152194300e-01 9.824332594243243566e-01
1.130124612762625214e-01 1.397885649437037026e-01 9.837110046690996645e-01
7.519057480395574533e-02 1.395757214748357955e-01 9.873525183213405221e-01
5.149925215668130912e-02 1.073995181367454338e-01 9.928812469431297361e-01
4.438097341689952596e-02 5.351081047810188340e-02 9.975805342731225434e-01
5.229677329375512912e-02 -9.421555002024750020e-03 9.985871428195286503e-01
7.267636678953590113e-02 -6.779432629373685626e-02 9.950487802277776517e-01
1.028449123212149818e-01 -1.082449775506932055e-01 9.887901439864231756e-01
1.387523331005108829e-01 -1.192321441779011643e-01 9.831233319650403146e-01
4.064974505984367825e-01 -1.351374598685244066e-01 9.036026170818431957e-01
4.760555513351792389e-01 -4.266623878960090765e-02 8.783795899896905679e-01
4.786051576616145442e-01 7.970139821640795375e-02 8.744053923564886199e-01
4.095802974344817105e-01 1.827201447618463093e-01 8.937881900381220435e-01
3.020503611817016432e-01 2.298145121143541636e-01 9.251761288163504737e-01
1.998393981698841360e-01 2.166911706701948603e-01 9.555674499964500468e-01
1.296077130667973309e-01 1.604404389222562066e-01 9.784992111760361100e-01
9.812946813461842499e-02 8.076500273403398877e-02 9.918909324200292366e-01
1.031238592192641051e-01 -6.540182843868625438e-03 9.946470206399469216e-01
1.414923222512692036e-01 -8.778040069860858219e-02 9.860398186672614251e-01
2.110840435638257906e-01 -1.481198892645907428e-01 9.661801203486811707e-01
3.058975272048625738e-01 -1.695730075265569625e-01 9.368413408728191172e-01
6.323126255739737189e-01 -2.497000536554726535e-01 7.333693658344767607e-01
7.604633685858825931e-01 -8.925149244271619875e-02 6.432181870374897859e-01
7.692169358703104809e-01 1.358129801253665780e-01 6.243878121806281101e-01
6.495964042027876362e-01 3.194763686400569069e-01 6.898980805361262236e-01
4.645672531433995833e-01 3.884986287703857677e-01 7.957676059945369973e-01
2.938923586577842362e-01 3.483074940528942953e-01 8.901175041022155732e-01
1.800478723692539584e-01 2.456689037622084848e-01 9.524859859229131143e-01
1.287455214135712622e-01 1.186872845097592943e-01 9.845496022098366717e-01
1.332628720653769028e-01 -1.319044731089354799e-02 9.909929460034188065e-01
1.893531052053236963e-01 -1.387106971686555834e-01 9.720621091475180053e-01
2.978138216531195925e-01 -2.424485084398249057e-01 9.233231549070743949e-01
4.552658305098044034e-01 -2.938769593865407925e-01 8.404578254212812238e-01
7.796181451756104552e-01 -4.492044369908206880e-01 4.363609990602206334e-01
9.582744031843288823e-01 -1.848699802753067944e-01 2.180212342747645526e-01
9.628411562473139229e-01 2.099995432481512603e-01 1.698148982624235748e-01
7.876885942017372022e-01 5.211307956261550522e-01 3.285869328117651533e-01
5.361044418764436825e-01 6.148347685373233285e-01 5.784204654038039850e-01
3.191229641687255980e-01 5.255604419638830738e-01 7.886360095650882807e-01
1.832920555176682231e-01 3.533095009461226788e-01 9.173747429078419335e-01
1.259324823086923062e-01 1.615382267460579169e-01 9.787984527977492410e-01
1.336746457174932123e-01 -2.953937388280805654e-02 9.905849355220132102e-01
2.012047668384465138e-01 -2.163888541939185950e-01 9.553494154402818461e-01
3.342725245819512248e-01 -3.870479235277648478e-01 8.593345007635617705e-01
5.378584226521951894e-01 -4.948497602390150019e-01 6.825188876313177389e-01
7.061775403171406396e-01 -7.062118814245089693e-01 5.077460080251240682e-02
8.749535658222794554e-01 -3.278389718288115540e-01 -3.563395378077810483e-01
8.497511100950982943e-01 2.814790501554345070e-01 -4.457494758445845751e-01
6.529802452803384893e-01 7.438839097232055053e-01 -1.423148907474534874e-01
4.146721728334385459e-01 8.552579811414863231e-01 3.107744757399045765e-01
2.294531125191176801e-01 7.040293547161168286e-01 6.720817932761987690e-01
1.234267162212667884e-01 4.555918697071618118e-01 8.815905478051642152e-01
8.560563407596859242e-02 1.978792049280763132e-01 9.764811803980613103e-01
1.010290821549607726e-01 -5.197363654973628094e-02 9.935249698234874804e-01
1.647476955010744870e-01 -3.021094072137452402e-01 9.389292321043422040e-01
2.848293117634430605e-01 -5.488102850825820056e-01 7.859259088158463413e-01
4.733235370220130189e-01 -7.328462824929085073e-01 4.887751584699341345e-01
3.189638196888877064e-01 -9.193513593936410988e-01 -2.303370567464565200e-01
3.595701320317727379e-01 -4.860914115284215575e-01 -7.965076646140324401e-01
2.777697371904230272e-01 2.815452770794678039e-01 -9.184640602960378875e-01
1.567476012500427507e-01 8.595007552567955900e-01 -4.865065685222246805e-01
7.074284036121215868e-02 9.896404917069846485e-01 1.249285704375141109e-01
2.374549012543471227e-02 8.029063284752145924e-01 5.956320839185446081e-01
7.872327466329997331e-03 5.091238877778051508e-01 8.606572449903546751e-01
1.589655197958084534e-02 2.122855913541041306e-01 9.770783629467456599e-01
4.174927306006465805e-02 -7.277810734144049554e-02 9.964739561527168332e-01
8.269218559358361420e-02 -3.627019145414056567e-01 9.282291331508381038e-01
1.417121499430828713e-01 -6.616924417372074263e-01 7.362613524464465264e-01
2.250272917633112379e-01 -9.078687845757494879e-01 3.537470677681707754e-01
-2.267234527869066707e-01 -9.555728786624455573e-01 -1.883532572621064993e-01
-3.812782503673848300e-01 -5.644335550053242168e-01 -7.321486582523667463e-01
-5.007263783394878542e-01 1.729317550513442547e-01 -8.481554704945181156e-01
-4.714388825083545842e-01 7.667693022072858966e-01 -4.356721442230043762e-01
-3.438098820963875202e-01 9.262616498643320151e-01 1.543830332761386981e-01
-2.149998020963278245e-01 7.622487062644138778e-01 6.105341881473802523e-01
-1.216723358173103092e-01 4.830158707109193927e-01 8.671167806807080769e-01
-6.106409950475274323e-02 1.952949689222992224e-01 9.788416883567946369e-01
-2.649596325217835197e-02 -8.378340683978871550e-02 9.961316703476807977e-01
-1.822745483195892940e-02 -3.697563842340568785e-01 9.289499320245309111e-01
-4.284813967219455733e-02 -6.677709229438647531e-01 7.431325799595818182e-01
-1.096979375544596819e-01 -9.208597632100905539e-01 3.741439014561744325e-01
-6.006311821359842096e-01 -7.868583706523558652e-01 1.417606700757421123e-01
-8.466981008423475341e-01 -4.832779579326768604e-01 -2.225864807358527153e-01
-9.519669025148518315e-01 7.004969385310963470e-02 -2.980806214893372275e-01
-8.397395907984327446e-01 5.423197505143184660e-01 -2.695751931537185633e-02
-6.009654548103015026e-01 7.032508903412976187e-01 3.798403708912797550e-01
-3.720806881512005448e-01 6.010936263234315513e-01 7.072781729265511519e-01
-2.118875348267635350e-01 3.877994847474982576e-01 8.970592133269262858e-01
-1.187375056490269504e-01 1.530573442418135255e-01 9.810580279096069445e-01
-8.134494556248195174e-02 -8.175553071259955562e-02 9.933272537433103233e-01
-9.926063108398107404e-02 -3.224158212583813077e-01 9.413795012210317559e-01
-1.847084252327993170e-01 -5.672191206946450848e-01 8.025866101339605985e-01
-3.540692988026623023e-01 -7.668439555055758250e-01 5.353366039698662648e-01
-4.481794033542170208e-01 -7.286145316987207021e-01 5.179344423829558286e-01
-7.308484314386624048e-01 -6.002504813061446676e-01 3.248998768164891859e-01
-9.127078879579104687e-01 -2.943629243961274899e-01 2.833986238504586086e-01
-9.059544545266204896e-01 2.342658240109721929e-02 4.227265328323151494e-01
-7.381502226955679591e-01 2.060071004518546911e-01 6.424136699181924870e-01
-5.128321261814132725e-01 2.298812024304765500e-01 8.271383458197808514e-01
-3.121744525239989465e-01 1.554718073974039882e-01 9.372169590313558230e-01
-1.629559458137323502e-01 3.618584928964110187e-02 9.859695451863904614e-01
-6.719916967268237118e-02 -1.083641355555862856e-01 9.918374290782869807e-01
-2.905904430911674871e-02 -2.776293967273802954e-01 9.602486605127545927e-01
-6.519799418528864077e-02 -4.692844245495061961e-01 8.806369004473881823e-01
-2.023594631241444064e-01 -6.505810255312837187e-01 7.319801752116731342e-01
-3.627634133199273414e-01 -4.784991896685378276e-01 7.996506933924510951e-01
-5.494037528672098825e-01 -4.130298303106705871e-01 7.263345479934661952e-01
-6.610203558658958034e-01 -2.490264552031247192e-01 7.078403165545907871e-01
-6.495008000248356783e-01 -6.554060340796098727e-02 7.575309499103942690e-01
-5.370394076447964071e-01 5.921578514409453486e-02 8.414761823286148745e-01
-3.851471433635634822e-01 9.958739615297514114e-02 9.174660911915425432e-01
-2.439099867835096136e-01 7.328761327092173095e-02 9.670247380953312932e-01
-1.350453765838512399e-01 5.392068723838273903e-03 9.908247432610294281e-01
-6.566962787073959973e-02 -8.874111569965351110e-02 9.938875763181693745e-01
-4.278784458930739998e-02 -2.014406545427807615e-01 9.785657172887396449e-01
-7.890380789529996552e-02 -3.238285263347413512e-01 9.428198526927281664e-01
-1.875558560730186397e-01 -4.325224441557181665e-01 8.818997313494855161e-01
-1.949324265283253477e-01 -2.703257907938798610e-01 9.428283597343491973e-01
-2.988812369279182368e-01 -2.336444567742701484e-01 9.252460613432137437e-01
-3.655431583133364470e-01 -1.494314045761262477e-01 9.187210973612157661e-01
-3.691600181293590022e-01 -5.164995833993175217e-02 9.279295031511753944e-01
-3.178047579168776227e-01 2.228614520556553014e-02 9.478942259436742290e-01
-2.390152454112093594e-01 5.375795015520221792e-02 9.695265830579428146e-01
-1.578265822105195393e-01 4.408575484180322912e-02 9.864822432096647109e-01
-8.880812158510749399e-02 3.463732911539403169e-03 9.960427300547125551e-01
-4.034175373238391843e-02 -5.709700816327212269e-02 9.975532439747422098e-01
-2.018170020397079198e-02 -1.276652506425908495e-01 9.916119617850991386e-01
-3.717102217288540539e-02 -1.977215029727441287e-01 9.795532259009275267e-01
-9.759958613316971343e-02 -2.524606934410031922e-01 9.626722801939694429e-01
-6.807108558771881278e-03 -1.183202204308323041e-01 9.929521583189657719e-01
-5.347959049141122467e-02 -8.375306855984462895e-02 9.950504293289164082e-01
-9.681047710912622783e-02 -2.997944790185158234e-02 9.948512271818757968e-01
-1.219680200252486746e-01 2.511538077021105084e-02 9.922162162250057760e-01
-1.235148632942946745e-01 6.347602066693641687e-02 9.903104934037391116e-01
-1.048323323483003333e-01 7.539328071971508616e-02 9.916279722339284008e-01
-7.297974060613189595e-02 6.072661854988462005e-02 9.954829156044792127e-01
-3.534859507659010580e-02 2.564561677847742097e-02 9.990459344624811333e-01
7.686034389510382507e-04 -2.061304443042587600e-02 9.997872331890871322e-01
2.781042835670918811e-02 -6.776752762213346382e-02 9.973134623951435129e-01
3.833351860893828567e-02 -1.056693291711940513e-01 9.936621831504539593e-01
2.680590346575537769e-02 -1.250128156901311183e-01 9.917929418243628392e-01
1.959396283410500261e-01 -1.868874744595828974e-02 9.804378576760512942e-01
1.910309446106813747e-01 3.760653090178921187e-02 9.808633579834714622e-01
1.553195514181480164e-01 1.000438462209366636e-01 9.827853609922283518e-01
9.929093867415855756e-02 1.465717121506897869e-01 9.842042687849164029e-01
4.412423712041911583e-02 1.631854600374971764e-01 9.856082169558817441e-01
8.429160535426574383e-03 1.493905909840363422e-01 9.887423327531743578e-01
-5.687789782464558810e-04 1.130688709922280516e-01 9.935869901035533358e-01
1.474485723197528284e-02 6.427301766356226242e-02 9.978234154325954508e-01
4.760639402554690119e-02 1.327059863522508411e-02 9.987780146056832731e-01
9.030047183672609834e-02 -2.949313428168170645e-02 9.954777646016600423e-01
1.351730972652264440e-01 -5.381065010178977953e-02 9.893597160342731955e-01
1.737984824037127896e-01 -5.127733791868015201e-02 9.834453325580249095e-01
4.260876158110676326e-01 2.361702232140459531e-02 9.043735842609386122e-01
4.590448323550482268e-01 1.284822578100135726e-01 8.790734618427700209e-01
4.171648262249181283e-01 2.403006663065510584e-01 8.764867925607267019e-01
3.116967459326112078e-01 3.114981742231454631e-01 8.976714465944217736e-01
1.887636579332758469e-01 3.170504073159390312e-01 9.294338710551208749e-01
9.489581397725575795e-02 2.685522338868848724e-01 9.585794083767796847e-01
4.974250128040547114e-02 1.930382803378838108e-01 9.799295412887516488e-01
5.113806726393846369e-02 1.115753142681573662e-01 9.924393418856518601e-01
8.985060873688935357e-02 3.698614870469902477e-02 9.952682517360287306e-01
1.572825528746583101e-01 -2.080647838066841324e-02 9.873344362568702293e-01
2.457969609216911488e-01 -5.055383508423885036e-02 9.680021507001028702e-01
3.433576046284850247e-01 -3.883947607840325389e-02 9.384013269608236785e-01
6.804749894281357792e-01 -1.445444188879780115e-02 7.326287312633852356e-01
7.503460622714906991e-01 1.718961785708836842e-01 6.383043871277204184e-01
6.841751179819184348e-01 3.858654100225629158e-01 6.188798698313392466e-01
5.027680917599355315e-01 5.226489611883956554e-01 6.885218291941120894e-01
2.932692444560300871e-01 5.255945661766602273e-01 7.985884436064433212e-01
1.387469527509492540e-01 4.274648382595291896e-01 8.933213840237629322e-01
6.588679272979625079e-02 2.924236290711399455e-01 9.540164315694797947e-01
6.426077901234368561e-02 1.597548097462793137e-01 9.850629183172079362e-01
1.180158050317354351e-01 4.362400675062248767e-02 9.920530307386246083e-01
2.176742251524526606e-01 -4.977049338221841562e-02 9.747516759118278751e-01
3.581779225685377543e-01 -1.086888073458991133e-01 9.273054075881850267e-01
5.262541893405828786e-01 -1.074896901994285975e-01 8.435060727121718172e-01
8.896634608154793122e-01 -1.708038284846754573e-01 4.234678012138691772e-01
9.733137268093592365e-01 1.260572292071522327e-01 1.917549586562349861e-01
8.537350555674561026e-01 5.018537731050083384e-01 1.388497220580360014e-01
5.820915513805704489e-01 7.533031008348387569e-01 3.061108689413095663e-01
2.966220251221322601e-01 7.655123109797206116e-01 5.709695928427783729e-01
1.079725668288250701e-01 6.050306353000958204e-01 7.888471684431243025e-01
3.394457469030549845e-02 3.951621268374569951e-01 9.179840191214803102e-01
4.729460709726632239e-02 1.992243688098744858e-01 9.788119691808846445e-01
1.242762060122334505e-01 2.887439886068512637e-02 9.918274515810268088e-01
2.560754505919393686e-01 -1.191780984642580171e-01 9.592819942282257983e-01
4.432290976382751713e-01 -2.366317490562853676e-01 8.646116945457981151e-01
6.748594251729544968e-01 -2.799519402642064447e-01 6.827822986850572429e-01
8.901119641475829791e-01 -4.553548632956298525e-01 1.877870481066332489e-02
9.153884703483478047e-01 -5.769542897782692359e-02 -3.984158453530143307e-01
7.127025096869542553e-01 5.013068632987126572e-01 -4.906593130630617638e-01
3.911718458917903263e-01 9.010930288887002426e-01 -1.871254666520175414e-01
1.149536224215013114e-01 9.509269456318529823e-01 2.872692269691505262e-01
-2.796547139539225929e-02 7.445675488282158527e-01 6.669610915499678550e-01
-5.210482900896323821e-02 4.700695854039479427e-01 8.810900474254528270e-01
3.433013162649020829e-04 2.174826815314449269e-01 9.760641195013967097e-01
1.041694241267226151e-01 -5.681750353942300984e-03 9.945433368083590464e-01
2.535071793804136719e-01 -2.159711321324593314e-01 9.429159984261595850e-01
4.524557446026561958e-01 -4.143331910501397708e-01 7.896909559886980956e-01
6.902415342143176646e-01 -5.415720289248673325e-01 4.798607734871778718e-01
5.698912694317771477e-01 -7.768936525300570439e-01 -2.676942167547449181e-01
4.546529151649147948e-01 -3.553075056728136616e-01 -8.167296389532099354e-01
1.753492484094353043e-01 3.154607046210169963e-01 -9.325970109979808687e-01
-1.024366473794896953e-01 8.410462420432313069e-01 -5.311760085119328068e-01
-2.457895189488890353e-01 9.649986380824550070e-01 9.146114406512088901e-02
-2.487091671235335255e-01 7.704439626553043485e-01 5.869922065894954688e-01
-1.733209265008118505e-01 4.792653496334078889e-01 8.603862975881476638e-01
-6.486852304520114576e-02 2.031615235361243499e-01 9.769940993027380616e-01
6.038783557661270285e-02 -5.002449689718460601e-02 9.969206884323885687e-01
2.004511505615667599e-01 -3.057847829454520827e-01 9.307604432708694864e-01
3.549295127094507785e-01 -5.752605189059737389e-01 7.369534424886938773e-01
5.036070712661703253e-01 -7.952594070760491407e-01 3.375535412755925058e-01
6.941183376084646139e-02 -9.722796479178360540e-01 -2.232807281847667413e-01
-1.968936718027470556e-01 -6.258773461256215143e-01 -7.546591479672145608e-01
-4.998800210536137878e-01 1.550847819632746385e-02 -8.659558023683426864e-01
-6.627283810103593575e-01 5.756194693820738673e-01 -4.790128594011182073e-01
-6.216029300865075768e-01 7.736768947797981744e-01 1.226126412393180182e-01
-4.608903876938799660e-01 6.505490096437965830e-01 6.036273988005741442e-01
-2.827683605269926126e-01 4.068105126894960288e-01 8.686467987913003563e-01
-1.261126329981392125e-01 1.558768512241484883e-01 9.796928146366509216e-01
5.631058524008989395e-03 -8.876437825267964599e-02 9.960367344296440217e-01
1.129494898164335875e-01 -3.504921783377457079e-01 9.297298778001644726e-01
1.858105970947121488e-01 -6.436086965966185680e-01 7.424569130074565315e-01
1.910685238750463588e-01 -9.134322676655027839e-01 3.593526284468689935e-01
-3.242303240174552181e-01 -9.387947477849791778e-01 1.163577179177894827e-01
-6.552329599273327698e-01 -7.095145742470800876e-01 -2.593430877351293740e-01
-9.156601314759763577e-01 -2.183277840500688627e-01 -3.374900033146023270e-01
-9.655501356098562526e-01 2.522612351154487897e-01 -6.385299430654060859e-02
-8.047021734751848010e-01 4.710661236727316514e-01 3.613185839841480118e-01
-5.578191322723232703e-01 4.364485852401081001e-01 7.059394082447203456e-01
-3.330503124291798733e-01 2.804122903064086292e-01 9.002479862993031379e-01
-1.616992584547027045e-01 9.203278595050404243e-02 9.825392186194851218e-01
-4.173250413820175225e-02 -1.094952086088065157e-01 9.931108686295443411e-01
2.634692816501996160e-02 -3.360494551192451662e-01 9.414757581001725883e-01
2.577764579668848435e-02 -5.955229380776032588e-01 8.029246186289986653e-01
-8.005295558631406183e-02 -8.452851644550338772e-01 5.282845020007014281e-01
