-2.338836380905792711e-02 -1.805044751660675462e-02 9.995634876198513652e-01
-4.160434931186279828e-02 2.276524106777371489e-03 9.991315706934322804e-01
-5.571287046953695560e-02 1.220958983663638676e-02 9.983721760846856474e-01
-6.228267271984690850e-02 8.367508035717136777e-03 9.980234734154143084e-01
-5.943006146664872591e-02 -9.615238301064695653e-03 9.981861624899754926e-01
-4.731121902005394619e-02 -3.759453164753472076e-02 9.981724799577864626e-01
-2.873787916900451614e-02 -6.711992121757871799e-02 9.973309633599874990e-01
-9.031424565175204949e-03 -8.867513669582437197e-02 9.960196551787002806e-01
5.926675647412421588e-03 -9.609030590013374618e-02 9.953549756884464417e-01
1.192145314181518659e-02 -8.848704616740085682e-02 9.960059847288081913e-01
7.611689221893406035e-03 -6.922519398925980338e-02 9.975720198083002366e-01
-5.428451278542399151e-03 -4.377716680947436184e-02 9.990265720103638225e-01
-4.566369527169212433e-02 -3.001282172520526592e-02 9.985059125845592298e-01
-6.919764102588431276e-02 -8.899340527730590505e-03 9.975632752936630654e-01
-8.975284371182692955e-02 -7.125573122014501864e-04 9.959638142562050600e-01
-1.027007204789661676e-01 -8.733428094427540117e-03 9.946739612791698493e-01
-1.043785044564061876e-01 -3.280079397095496396e-02 9.939965974400122306e-01
-9.289888224126517657e-02 -6.739631710533665332e-02 9.933919337899292934e-01
-7.013664214735729208e-02 -1.017404804077513547e-01 9.923354906858347091e-01
-4.300584237180042624e-02 -1.242030555868858105e-01 9.913244163768235584e-01
-2.031775469140760862e-02 -1.284181018152012188e-01 9.915119666300109547e-01
-8.695283855501790768e-03 -1.150646716088629395e-01 9.933199451265758428e-01
-1.055992569218738852e-02 -8.954450888714678147e-02 9.959268391290183597e-01
-2.433307462162028617e-02 -5.892367168931848115e-02 9.979658823797795675e-01
-5.941810144109765240e-02 -3.395889500336403410e-02 9.976553927440517944e-01
-8.933513947977206326e-02 -9.276358153697402201e-03 9.959584238478732532e-01
-1.165240272195944421e-01 3.975364408040120900e-04 9.931877934435596744e-01
-1.352381348214044265e-01 -8.988165313269697726e-03 9.907723551725985400e-01
-1.401997830134320000e-01 -3.806157294812633624e-02 9.893913975306749542e-01
-1.274668065612249435e-01 -8.097836276108345832e-02 9.885315968595225211e-01
-9.802137717838220465e-02 -1.240470176500333144e-01 9.874229828336746895e-01
-6.155467834942843913e-02 -1.512799639349004521e-01 9.865725488199830195e-01
-3.075553746935830168e-02 -1.547781036971105084e-01 9.874704226106634231e-01
-1.466150656004996770e-02 -1.367078695918502451e-01 9.905029018720673539e-01
-1.614855227338390584e-02 -1.048345269758921006e-01 9.943585601850238875e-01
-3.289215405357626132e-02 -6.800430701713224002e-02 9.971426780701493353e-01
-6.030099527747360272e-02 -2.859245158343087095e-02 9.977706458305340975e-01
-9.599967056179875557e-02 2.038378866059502737e-03 9.953792785987021219e-01
-1.280691083441975464e-01 1.678690988570777712e-02 9.916231658973945207e-01
-1.500671453262440724e-01 1.001667616489148108e-02 9.886250644668959087e-01
-1.558706977518967418e-01 -2.133051618544887923e-02 9.875471303495029218e-01
-1.400749606525723001e-01 -7.299908964280149570e-02 9.874462711001107396e-01
-1.026842915839878134e-01 -1.284110968378413820e-01 9.863906561148911845e-01
-5.721367760071852104e-02 -1.641586481874174608e-01 9.847733410895302963e-01
-2.032320066463860070e-02 -1.696155491654104674e-01 9.853007322620106478e-01
-2.602668055481950453e-03 -1.486560357875690297e-01 9.888855389492194892e-01
-6.381867456450247660e-03 -1.115631066832795670e-01 9.937368590300721394e-01
-2.792122583222769391e-02 -6.875718328868353491e-02 9.972426258911575303e-01
-4.676123595006718286e-02 -1.519644068044949739e-02 9.987904960516343911e-01
-8.561813717295654880e-02 2.235730915162261953e-02 9.960771482744258387e-01
-1.184678956744005113e-01 4.488323516478782277e-02 9.919429685700923427e-01
-1.386593046373302274e-01 4.477262481632264535e-02 9.893275541015674746e-01
-1.405178066582905283e-01 1.530747865017436336e-02 9.899598108555947018e-01
-1.191568483960797620e-01 -4.307709771265644250e-02 9.919405270141024022e-01
-7.451366984786667036e-02 -1.122514933171984003e-01 9.908820894808101354e-01
-2.442494290813153682e-02 -1.583741772095213218e-01 9.870770193643181312e-01
1.267247933976327692e-02 -1.680092783378880072e-01 9.857039569058207995e-01
2.696516541192451807e-02 -1.469749644410319744e-01 9.887725925013598482e-01
1.781053622309337545e-02 -1.075003490549135549e-01 9.940455018522024178e-01
-9.477490104369594437e-03 -6.077978537453848640e-02 9.981062042042961879e-01
-2.177127072485465081e-02 2.519647419869061686e-03 9.997598027265875986e-01
-5.972164117844893511e-02 4.563586033334594144e-02 9.971713462723580390e-01
-8.800154146567210067e-02 7.610962467913891250e-02 9.932084643874231622e-01
-9.994716090612106030e-02 8.469258909036815608e-02 9.913817278828294111e-01
-9.134842622046369931e-02 6.131696270424963346e-02 9.939294215947865885e-01
-6.089654127103646258e-02 1.953364663917960941e-03 9.981421720515306628e-01
-1.221619467623353758e-02 -7.645216119730756377e-02 9.969984110498445462e-01
3.364737036374683410e-02 -1.309795560743045595e-01 9.908139130826660868e-01
6.201013846622636244e-02 -1.465940914248495264e-01 9.872511914840547131e-01
6.705839459311725703e-02 -1.296773151508841537e-01 9.892860888791666918e-01
5.028281684427780146e-02 -9.247673051955598855e-02 9.944444140537128662e-01
1.783296184006705892e-02 -4.576364961162890377e-02 9.987931086296895078e-01
7.117692247252452135e-03 1.945203080731444309e-02 9.997854554625855705e-01
-2.613448316850665656e-02 6.452498202169140717e-02 9.975738145543895374e-01
-4.615464087214075223e-02 9.981845285343672602e-02 9.939346183708088756e-01
-4.650302032045246226e-02 1.153229230699900909e-01 9.922389291474419393e-01
-2.463744831732472135e-02 9.973898241155916555e-02 9.947085661277274005e-01
1.575439487319028192e-02 4.730919254382801725e-02 9.987560459606811269e-01
6.285515474623445953e-02 -2.764412881403089869e-02 9.976397303956494600e-01
9.658511490599523686e-02 -8.537834590334986151e-02 9.916561166197637167e-01
1.106232432978938862e-01 -1.084325755953899212e-01 9.879295898959887801e-01
1.043090737847437305e-01 -9.996727241699525368e-02 9.895080401753534316e-01
8.063287340543920378e-02 -6.986150177919930870e-02 9.942925677563547726e-01
4.556238510087661647e-02 -2.757997624890337271e-02 9.985806997804834717e-01
3.066445403203199235e-02 3.088428445831303132e-02 9.990524772165197964e-01
3.917854779022953045e-03 7.367454693655103859e-02 9.972746419856783895e-01
-8.073104495903645622e-03 1.089136222739295473e-01 9.940184343698181824e-01
-3.888007475677696145e-05 1.267646377783271938e-01 9.919328228752869459e-01
2.845373872619561678e-02 1.169013370942380836e-01 9.927358471104484883e-01
7.036516197929136573e-02 7.490075306599225380e-02 9.947052936271064683e-01
1.111281213448869487e-01 1.281018220468928617e-02 9.937235228564542666e-01
1.348004080116037284e-01 -4.050004595235449228e-02 9.900447445837116112e-01
1.387017157808823342e-01 -6.791039620458269588e-02 9.880030425695972562e-01
1.253381203015064005e-01 -6.798905449136545542e-02 9.897817153638904797e-01
9.885874814121310694e-02 -4.670410760714689691e-02 9.940048663103157045e-01
6.490372215576729886e-02 -1.148580127844194519e-02 9.978254272263059610e-01
4.214890004723399752e-02 3.403757057921756590e-02 9.985313785824759814e-01
2.154581840877266286e-02 7.166986942236384939e-02 9.971956716342913474e-01
1.478247714983196501e-02 1.031049969545297790e-01 9.945606255891348280e-01
2.557049058513527831e-02 1.196334671112615072e-01 9.924887825855518431e-01
5.286578386967288878e-02 1.131580158010007248e-01 9.921695784269253249e-01
8.914471488402742061e-02 8.119250553796109049e-02 9.927038817556397277e-01
1.217141044376867515e-01 3.300529172718191101e-02 9.920162939684734615e-01
1.390792837875244048e-01 -1.202474557571541793e-02 9.902082398743450309e-01
1.391808600734122103e-01 -3.932171671125087031e-02 9.894859730103001683e-01
1.248396619237010785e-01 -4.456923371044854004e-02 9.911753841864658909e-01
1.002756091306275660e-01 -3.037315956827223162e-02 9.944959896305887170e-01
7.062030522852362491e-02 -2.158718388886029724e-03 9.975009335455904402e-01
3.949937985550655561e-02 2.839984896077148505e-02 9.988159227655420969e-01
2.327381602050029863e-02 5.995416088005726951e-02 9.979297711166926765e-01
1.844588239375799521e-02 8.570171419713505656e-02 9.961500718297330303e-01
2.757745078616855375e-02 9.853434429249915971e-02 9.947514600155238362e-01
4.924687137950677085e-02 9.275247059990607279e-02 9.944705751589300036e-01
7.727026927079183594e-02 6.751992497343266286e-02 9.947212500084531284e-01
1.022901911055509178e-01 3.003814597337283593e-02 9.943009738454815505e-01
1.162932729666939918e-01 -6.309008985980539899e-03 9.931948807099157950e-01
1.169670586120235001e-01 -2.998977950440822118e-02 9.926828901139035377e-01
1.058860792728454209e-01 -3.605285059210284332e-02 9.937244739767825408e-01
8.626651091047750353e-02 -2.537661364459286792e-02 9.959488523891805167e-01
6.236484687176992864e-02 -2.091002263996120762e-03 9.980512279358549899e-01
2.466509233274435248e-02 1.550584692352357553e-02 9.995755108701872560e-01
1.038541287023693298e-02 4.157760006150015841e-02 9.990813011825574463e-01
4.643912370708248860e-03 6.119058863337394072e-02 9.981152969173888723e-01
9.608813057262653723e-03 6.883903230140749063e-02 9.975815046117560980e-01
2.440798945564600503e-02 6.097844414947684727e-02 9.978406082134532173e-01
4.484519260133092849e-02 3.834089662112228486e-02 9.982579247603481365e-01
6.457494501794044939e-02 7.378969642418581852e-03 9.978855782518245565e-01
7.776891953423747950e-02 -2.167285778579566141e-02 9.967358137389409345e-01
8.153176975712578267e-02 -3.988722780060478812e-02 9.958722707148037756e-01
7.569575041209386512e-02 -4.317988222544699023e-02 9.961955887979415669e-01
6.194788102077123521e-02 -3.229828683265879852e-02 9.975566553859266383e-01
4.345446731824289394e-02 -1.103042794614830791e-02 9.989945139636345894e-01
1.934332645742561181e-03 -1.412376367266170944e-03 9.999971317709852592e-01
-1.304183949582417637e-02 2.071474293470542544e-02 9.997003600318207228e-01
-2.202022615610686393e-02 3.476245844251676931e-02 9.991529818416602371e-01
-2.248254674696368097e-02 3.653793088922367704e-02 9.990793335357047722e-01
-1.412515959912583746e-02 2.432390570889337786e-02 9.996043354634617240e-01
9.003854690043334909e-04 5.407957673681525841e-04 9.999994484228340585e-01
1.840319594554505611e-02 -2.786544659518346359e-02 9.994422640978736228e-01
3.343548178441155955e-02 -5.181281620441293562e-02 9.980969394977738940e-01
4.201431034466578812e-02 -6.421110733406987237e-02 9.970515189403199585e-01
4.205981817575080162e-02 -6.251350940765770803e-02 9.971574764481933029e-01
3.365995676928071334e-02 -4.844531555654751909e-02 9.982585129669391266e-01
1.899104208902504393e-02 -2.631359510818809255e-02 9.994733288251531622e-01
-1.440024438536319056e-02 -3.025833808211329801e-02 9.994383752579192315e-01
-4.546518088867515517e-02 -2.071411548618085768e-02 9.987511415494709777e-01
-6.644691967105015307e-02 -1.994127454085940429e-02 9.975906737916074851e-01
-7.172357959616733336e-02 -2.939391401198920492e-02 9.969913369478217158e-01
-5.876455556624492899e-02 -4.817980344697369438e-02 9.971085364938184759e-01
-2.970509354040676286e-02 -7.150436381821848042e-02 9.969978602648082999e-01
7.593031231015733538e-03 -9.140381108834515211e-02 9.957849613220776108e-01
4.145590695763225197e-02 -1.008657477117634732e-01 9.940359695287100950e-01
6.175505294585510035e-02 -9.757166077957898920e-02 9.933106686472185087e-01
6.363047906326591008e-02 -8.405886423755787318e-02 9.944271061658110922e-01
4.785740922965960736e-02 -6.525953447392911222e-02 9.967200517407313054e-01
1.938812229824009997e-02 -4.608298747204939150e-02 9.987494475489784307e-01
-3.065946886623304238e-02 -5.554358286268654132e-02 9.979854244284359632e-01
-6.902059320742867654e-02 -4.894582382718330738e-02 9.964138016121285579e-01
-9.711323215740516601e-02 -5.535998262566191319e-02 9.937325054881234188e-01
-1.078575976710771933e-01 -7.542242532980063252e-02 9.913012641886207454e-01
-9.649025093491182814e-02 -1.062674035254122240e-01 9.896448203383410025e-01
-6.302100910240585052e-02 -1.393865766918685467e-01 9.882306080312461827e-01
-1.585538190869931890e-02 -1.623944089597430529e-01 9.865985317256202869e-01
2.879424367118859143e-02 -1.667185336911466420e-01 9.855840005069418375e-01
5.647403345927103774e-02 -1.526326267188316266e-01 9.866681127946470564e-01
6.074640151192710336e-02 -1.269962083746192516e-01 9.900413313401311699e-01
4.302800108816751817e-02 -9.819329118705956427e-02 9.942367266844659435e-01
9.680587760804307620e-03 -7.294003988778603731e-02 9.972893445744684948e-01
-4.336085764655366048e-02 -6.757792398533639389e-02 9.967713179130044399e-01
-9.262983304787338057e-02 -6.136529960783372595e-02 9.938078355666023489e-01
-1.309570374874988175e-01 -7.132931384232013561e-02 9.888186807090928454e-01
-1.493211227447048539e-01 -9.850491547562097161e-02 9.838699019328681628e-01
-1.395982525603021995e-01 -1.400046812943381569e-01 9.802606883364430868e-01
-9.789384507530142498e-02 -1.848646397799358909e-01 9.778761987365018893e-01
-3.308173835114457118e-02 -2.146116174196979753e-01 9.761390537501652975e-01
2.905723388452344583e-02 -2.165691283851999549e-01 9.758347656183877783e-01
6.671005570372130766e-02 -1.933144611894316856e-01 9.788663277296948406e-01
7.227651847997973444e-02 -1.567409261420379951e-01 9.849915669428663811e-01
4.947672033916928475e-02 -1.188238659430149030e-01 9.916818759193190003e-01
7.404995949284071642e-03 -8.764764580542674932e-02 9.961240164857967372e-01
-4.857469434128447450e-02 -6.242353828518275305e-02 9.968669926011451965e-01
-1.101106150370503162e-01 -5.313234016865500675e-02 9.924981646755548503e-01
-1.598070876708220234e-01 -6.067131835196310635e-02 9.852820336632461817e-01
-1.868279312330624886e-01 -8.782386744299709724e-02 9.784591419259394129e-01
-1.792230755339789539e-01 -1.348918810885942066e-01 9.745169416754967395e-01
-1.268989429137868941e-01 -1.922993066015385444e-01 9.730969298933822564e-01
-3.690892858631120849e-02 -2.342360949494304012e-01 9.714788638016929045e-01
4.738896478891237857e-02 -2.384260808875608706e-01 9.700037577086153551e-01
9.471978595784244503e-02 -2.095195374359076768e-01 9.732059009175237918e-01
9.872618722632267585e-02 -1.654756689019875604e-01 9.812598753425171294e-01
6.772011651807874344e-02 -1.214692219811358692e-01 9.902823910027311882e-01
1.443184540211010086e-02 -8.592131123695914696e-02 9.961973951550020523e-01
-4.344769812918367058e-02 -4.037830754679689466e-02 9.982393950385657355e-01
-1.148758702498521300e-01 -2.452044226678508701e-02 9.930771784435449279e-01
-1.730617779709435200e-01 -2.220694907900531978e-02 9.846605874199292341e-01
-2.057835304394150244e-01 -3.844898736507437048e-02 9.778419166565170961e-01
-1.981478107935568389e-01 -7.983418522068976009e-02 9.769155275395725591e-01
-1.337728701441645573e-01 -1.454299356751548311e-01 9.802830984072442577e-01
-1.408051902449570028e-02 -2.054502074562092051e-01 9.785662732999785840e-01
8.908204337803368733e-02 -2.183661863090648469e-01 9.717924666431537739e-01
1.390668589395115118e-01 -1.910381684591101470e-01 9.716814431368377969e-01
1.361372557203833489e-01 -1.472246416645645040e-01 9.796895184147312863e-01
9.464265318601824961e-02 -1.034497092730434220e-01 9.901216722449959207e-01
3.025238802516999961e-02 -6.709791103876973362e-02 9.972876532640968517e-01
-2.836588155604796019e-02 -7.014362307944481227e-03 9.995729965765305369e-01
-1.032490493006502363e-01 1.709901918072263133e-02 9.945085506729187674e-01
-1.624131203906348797e-01 3.471117113432051898e-02 9.861121198542706079e-01
-1.921569390653920795e-01 3.975172531570789897e-02 9.805587749356834415e-01
-1.760263289962847311e-01 1.983179505093667777e-02 9.841856691728351203e-01
-9.679785175653596307e-02 -3.817951539334060035e-02 9.945715160306795033e-01
4.579679659595908836e-02 -1.146658402102793961e-01 9.923479221071607181e-01
1.491339115758063272e-01 -1.442723186874670382e-01 9.782354391856267206e-01
1.879839483075996798e-01 -1.322596848073638587e-01 9.732262896949063213e-01
1.731128622825912622e-01 -1.017127367708724334e-01 9.796358793403511234e-01
1.220823135813821070e-01 -6.738762761361953568e-02 9.902296785873777596e-01
5.057291420180873298e-02 -3.536126238524453513e-02 9.980941646316163762e-01
-8.050294265309116196e-03 2.768453292387927644e-02 9.995842932934562164e-01
-7.820913005803931117e-02 5.826369840965336944e-02 9.952329744452774740e-01
-1.296796897624429568e-01 8.986735263180134492e-02 9.874750817079175347e-01
-1.473842922304506864e-01 1.165663279983433914e-01 9.821864189555375990e-01
-1.145309778692417541e-01 1.246812546224983775e-01 9.855644270437806664e-01
-2.032212994833612271e-02 9.432089176764461846e-02 9.953344063230504801e-01
1.139044249206653953e-01 2.442093924284888251e-02 9.931915221698160989e-01
1.959683934642592607e-01 -2.911049573409522223e-02 9.801780286259785813e-01
2.178879909966798811e-01 -4.712642442819871963e-02 9.748353314791501356e-01
1.939150997928681119e-01 -4.124781973807867264e-02 9.801507799513670127e-01
1.395897990022698931e-01 -2.341792252124796220e-02 9.899324668477581524e-01
6.832989214474170792e-02 2.026463169921013073e-04 9.976627610440274019e-01
1.033168079314878557e-02 5.312331988315765335e-02 9.985345107990017954e-01
-4.919476350652373514e-02 8.556631138746002840e-02 9.951172200294065018e-01
-8.878936034057055560e-02 1.229354131068378514e-01 9.884347898038422509e-01
-9.457054156705717307e-02 1.584181797445576578e-01 9.828326881998414866e-01
-5.426785516055077779e-02 1.782512620182776508e-01 9.824873981304471648e-01
3.263888351811623789e-02 1.645925669053396601e-01 9.858214798847665383e-01
1.371428184351241308e-01 1.144899376386917245e-01 9.839125477049072144e-01
2.005858465394156631e-01 5.934509334040757866e-02 9.778770260439193507e-01
2.147171520656131205e-01 2.387381566465233279e-02 9.763844455615013906e-01
1.906945319583191190e-01 1.036267339645484571e-02 9.815947282260920614e-01
1.411720763504543397e-01 1.350318665217933173e-02 9.898929784623540229e-01
7.746901593035968037e-02 2.856234793054512541e-02 9.965855426663341454e-01
2.105668194879519936e-02 6.262114146253520974e-02 9.978152177568329062e-01
-2.625475898189413501e-02 9.263096575422240242e-02 9.953543046645700887e-01
-5.506845828756797012e-02 1.278101426524995143e-01 9.902686667450136815e-01
-5.467837956128852178e-02 1.610830457169113161e-01 9.854250489972247173e-01
-1.836105359633874098e-02 1.808399401535446815e-01 9.833411349862356543e-01
4.915473362786239309e-02 1.745755794906158898e-01 9.834160763417946205e-01
1.242938798782646931e-01 1.403023311732497225e-01 9.822760748853164303e-01
1.731317141468200482e-01 9.459798024271658112e-02 9.803451594670957725e-01
1.858985441777682157e-01 5.720499249166279693e-02 9.809022989608309206e-01
1.678986067644155367e-01 3.639794899910393788e-02 9.851320962973724171e-01
1.281282815568446642e-01 3.210979045006694815e-02 9.912376631376718095e-01
7.594356244928579525e-02 4.164910696044731714e-02 9.962419019554981103e-01
2.219915932983808696e-02 5.477142847687935245e-02 9.982521164253292945e-01
-1.477248026893597348e-02 7.992488929601404557e-02 9.966914195967015999e-01
-3.616473407087792552e-02 1.081788415560405725e-01 9.934734270473304374e-01
-3.434794867009158259e-02 1.332914102835041636e-01 9.904815083416673716e-01
-6.222242265584458296e-03 1.467982143385452576e-01 9.891468889746296567e-01
4.263699676431673830e-02 1.411814577236996382e-01 9.890651558426140078e-01
9.599263369666086176e-02 1.161023506000269517e-01 9.885877090380766896e-01
1.338106277805410915e-01 8.158414631961424801e-02 9.876430240539012528e-01
1.468639187838904347e-01 5.124086418558453093e-02 9.878286102340698704e-01
1.359249722336151045e-01 3.310680127822442781e-02 9.901658152210391917e-01
1.064078184705820607e-01 2.883206783816056815e-02 9.939044662504564753e-01
6.565160109317624837e-02 3.681632976290921677e-02 9.971631888195170434e-01
1.494504662743440827e-02 3.250144825699468470e-02 9.993599458866372354e-01
-1.543684622630391370e-02 5.201845006413573919e-02 9.985268071672179779e-01
-3.309816009959950373e-02 7.126699051887605552e-02 9.969079836476292256e-01
-3.233848225346545174e-02 8.552824879657454360e-02 9.958107958961437411e-01
-1.161485501625394469e-02 8.964047460553452307e-02 9.959064616998153374e-01
2.436808409520785715e-02 8.041660341246475996e-02 9.964634295211940440e-01
6.450837287291048827e-02 5.976054919660526293e-02 9.961261700151138321e-01
9.563624404689781422e-02 3.514996641300300456e-02 9.947955511992315758e-01
1.094862468232861569e-01 1.542519649931055337e-02 9.938686155974048031e-01
1.042238747938635940e-01 5.719573381946767114e-03 9.945374152857899830e-01
8.262750433955307061e-02 6.678484225583748886e-03 9.965581234303931835e-01
5.036556804838469847e-02 1.643179812889701899e-02 9.985956667066782089e-01
1.813557004993614392e-03 1.670482427747551398e-03 9.999969602451223016e-01
-2.652243280980294549e-02 1.576389673319651338e-02 9.995239167311879003e-01
-4.403952002873497140e-02 2.549957266916713650e-02 9.987043068242590360e-01
-4.565870701119986719e-02 2.789882397996990351e-02 9.985674429374096217e-01
-2.991990806607314202e-02 2.099476421989349487e-02 9.993317862335293622e-01
-3.249886652489768495e-04 5.631244572456513275e-03 9.999840916069397956e-01
3.462305345956504660e-02 -1.356630602992313361e-02 9.993083605723986906e-01
6.420106299247471671e-02 -2.987770694977143204e-02 9.974896220703890481e-01
8.011541411435196824e-02 -3.805012356798482404e-02 9.960590888685939559e-01
7.893739330129719012e-02 -3.665051658742463775e-02 9.962056151079635713e-01
6.193245938905606734e-02 -2.748967080208582561e-02 9.977017031524005874e-01
3.388366814084480677e-02 -1.371012355194039210e-02 9.993317414880277250e-01
-1.384474361151557783e-03 -3.735892680641771102e-02 9.993009525756378908e-01
-3.928930426995159986e-02 -4.614673205824727092e-02 9.981617252181039790e-01
-6.174505194438054123e-02 -5.973967591892013346e-02 9.963025241770332441e-01
-6.183598039661116624e-02 -7.632168435288932962e-02 9.951639623830360604e-01
-3.696470609929777829e-02 -9.265617222406555276e-02 9.950117809613227005e-01
8.049382575681284652e-03 -1.032195935660581015e-01 9.946260216504619889e-01
5.964523806084941898e-02 -1.026560419835076537e-01 9.929270781990722217e-01
1.005799547095069524e-01 -9.057812320338194667e-02 9.907972932480176853e-01
1.189736298933266462e-01 -7.180937265533982039e-02 9.902972732411654544e-01
1.120076884704886422e-01 -5.315148676404173739e-02 9.922848367168620731e-01
8.396762719174884204e-02 -4.000494447461354353e-02 9.956651254319524025e-01
4.296555529118659122e-02 -3.483665715401713936e-02 9.984690122266414170e-01
-4.938286197069227321e-03 -7.289634399822242372e-02 9.973272965085920871e-01
-5.068143989483572115e-02 -9.106658636474326829e-02 9.945543064599728922e-01
-7.780823499600891813e-02 -1.204149689343996243e-01 9.896696993559438438e-01
-7.764809350440456115e-02 -1.572726920990351329e-01 9.844978790708238670e-01
-4.526825636602163638e-02 -1.936210170388299734e-01 9.800314723142332651e-01
1.497942951445519269e-02 -2.156889324202303504e-01 9.763472236468099252e-01
8.424102270033745343e-02 -2.110541096666511407e-01 9.738375700738177709e-01
1.361684791917945336e-01 -1.817744070691028335e-01 9.738666285530325206e-01
1.551915218546782993e-01 -1.411169931339690264e-01 9.777533358640371208e-01
1.408966553341719496e-01 -1.034429096261838266e-01 9.846053508709537994e-01
1.018537451850844849e-01 -7.792243671659244975e-02 9.917428640771871473e-01
4.946009416028767508e-02 -6.791985398027469700e-02 9.964640447707611148e-01
-1.288118089027859119e-02 -9.300827044929976806e-02 9.955820090815994394e-01
-7.344256439416031734e-02 -1.202522714379651719e-01 9.900230204137789869e-01
-1.126234393361139480e-01 -1.639217560785038719e-01 9.800232746196645417e-01
-1.184289974310474558e-01 -2.201147059238084402e-01 9.682582758766101749e-01
-7.967332786474488893e-02 -2.777562441828187456e-01 9.573419606621312861e-01
4.914000111238733468e-03 -3.134509559726285643e-01 9.495916758284796977e-01
1.094077195093081517e-01 -3.021553453006723955e-01 9.469593962879188087e-01
1.847386029392260320e-01 -2.507726942649157187e-01 9.502550733330453747e-01
2.073687351600289885e-01 -1.857993087093667006e-01 9.604565708876472430e-01
1.827856044642505451e-01 -1.304503075405495927e-01 9.744599222457881460e-01
1.275361315448536870e-01 -9.585384718522049763e-02 9.871912555986313009e-01
5.789285602811512083e-02 -8.407082281464997586e-02 9.947766151112328314e-01
-2.316646013629317449e-02 -9.124593256048876833e-02 9.955588857099127997e-01
-1.035424570657337007e-01 -1.243123161160999135e-01 9.868259257065821188e-01
-1.621074240855407411e-01 -1.758475026507813621e-01 9.709782895965419769e-01
-1.833094632515441802e-01 -2.442001756794433265e-01 9.522415212962270781e-01
-1.457449697198072436e-01 -3.204244237587814959e-01 9.359949745913426211e-01
-3.095229055159477716e-02 -3.743600398594684187e-01 9.267667000200356942e-01
1.343774916930200736e-01 -3.559662304941142441e-01 9.247868578619208302e-01
2.463977423571213077e-01 -2.788480984730369872e-01 9.281874220971148004e-01
2.721018059516326915e-01 -1.906590025247622278e-01 9.431912594771618696e-01
2.327307147847492708e-01 -1.237191649775696012e-01 9.646398201468786571e-01
1.574230007538546527e-01 -8.686841618714787050e-02 9.837031448067902195e-01
6.745151410963926009e-02 -7.768837689485977305e-02 9.946933242661999408e-01
-3.214967022284376252e-02 -6.583068949519034485e-02 9.973127488532074203e-01
-1.324117221683729362e-01 -9.803515026432532697e-02 9.863347530859233325e-01
-2.138567047613937067e-01 -1.441022097035468963e-01 9.661779665192069544e-01
-2.591354507119076334e-01 -2.051837671632521232e-01 9.437947021874112385e-01
-2.365325861704047905e-01 -2.812807901797990118e-01 9.300179851784374785e-01
-9.626222701545011917e-02 -3.519489246281062300e-01 9.310561412198091746e-01
1.650008205969036579e-01 -3.311348569428052002e-01 9.290449051148367277e-01
3.167920976388799992e-01 -2.342106120702381611e-01 9.191235804108094376e-01
3.365637274295860681e-01 -1.376492550987616914e-01 9.315457798463244732e-01
2.782900076330238615e-01 -7.600643052452064896e-02 9.574850882235859117e-01
1.839349204930145476e-01 -4.906550037802365205e-02 9.817130546630712384e-01
7.631564638603155482e-02 -4.817985060785869716e-02 9.959189847131809659e-01
-3.631146993619999847e-02 -2.233785404211383746e-02 9.990908354238378086e-01
-1.489552108261811558e-01 -4.558464503588343514e-02 9.877926833625830794e-01
-2.473965256226044462e-01 -6.962698796550979841e-02 9.664093551165297002e-01
-3.139693762038545111e-01 -9.331581332385047167e-02 9.448361708729666741e-01
-3.113980757833402224e-01 -1.217381409033398421e-01 9.424495018025320636e-01
-1.635481616226288626e-01 -1.660034590334369953e-01 9.724684315795285583e-01
2.063403952431861754e-01 -1.507442966207685475e-01 9.667987372391310119e-01
3.658800833126201746e-01 -7.771394169561848808e-02 9.274116172990505280e-01
3.686680829898486000e-01 -1.935933550892920268e-02 9.293594894943726370e-01
2.979449652000087934e-01 7.155328500872864747e-03 9.545562314426899730e-01
1.956950590213538121e-01 9.644142016632719153e-03 9.806173741064559968e-01
8.101483935479893150e-02 -2.489342459155129139e-03 9.967097867375682707e-01
-3.432175377031072144e-02 2.595993034036136321e-02 9.990736205279624471e-01
-1.455944672707694953e-01 1.624682768687803203e-02 9.892109439801842763e-01
-2.449388694991886661e-01 2.155623764147448010e-02 9.692988593964172450e-01
-3.128951556248673049e-01 4.965335499083584070e-02 9.484888855040282118e-01
-3.089715104430324488e-01 1.051434443554338932e-01 9.452414833489029000e-01
-1.595771412125718547e-01 1.705671007453456456e-01 9.723384185281365166e-01
1.688351274912982813e-01 1.917121226721932303e-01 9.668201289513230767e-01
3.205288972208124587e-01 1.541699317458074536e-01 9.346083983101772796e-01
3.330896160618939672e-01 1.235765892276029232e-01 9.347620736137085551e-01
2.759006908017278548e-01 9.637678087657648718e-02 9.563421589175216120e-01
1.851760290449497304e-01 6.974387116542987708e-02 9.802273362348111752e-01
7.852130737313821329e-02 4.516343078597775951e-02 9.958888837657119408e-01
-2.780234784763238598e-02 6.327568430345278938e-02 9.976087495757767210e-01
-1.245785389685035022e-01 6.489843211805131074e-02 9.900850373261186332e-01
-2.084426594350027029e-01 8.932419653789444580e-02 9.739470445771399865e-01
-2.585686852815144987e-01 1.419799274337400496e-01 9.555019284112953315e-01
-2.404267762792084429e-01 2.201852244621073929e-01 9.453641796559498767e-01
-1.149033094839028851e-01 2.967620758670806991e-01 9.480134491644803818e-01
9.588850627360097356e-02 3.200958600816638522e-01 9.425200447328465625e-01
2.251374126258811059e-01 2.704616076489340659e-01 9.360361447209883945e-01
2.568300720830680173e-01 2.070195142919324660e-01 9.440239587935019827e-01
2.252955008099044032e-01 1.521550145733553128e-01 9.623361101273480989e-01
1.573523955492144577e-01 1.094857503970445844e-01 9.814545807499092112e-01
6.937280704178784563e-02 7.929720874821682974e-02 9.944341940661061141e-01
-1.985707797346813672e-02 7.919738246192331577e-02 9.966611616119128714e-01
-9.641031802084015778e-02 8.661386233145838831e-02 9.915659783550317963e-01
-1.595099456421462114e-01 1.158528495670801545e-01 9.803747724663601781e-01
-1.915720320032215096e-01 1.675389940639140929e-01 9.670733384920705555e-01
-1.709118343334672108e-01 2.336196443196606187e-01 9.571891175064425328e-01
-8.384395036499658893e-02 2.908863205433287469e-01 9.530767757677891527e-01
4.467503777544151039e-02 3.075830084726072777e-01 9.504719006360420330e-01
1.419141799225576706e-01 2.716604476290422343e-01 9.518723479179753699e-01
1.807966612755019242e-01 2.146675830283827358e-01 9.598074786478737463e-01
1.697172191592469237e-01 1.606091740974484317e-01 9.723172109536269980e-01
1.240886897716237669e-01 1.184856985154122272e-01 9.851716278486770673e-01
5.721864598744639402e-02 9.072007468151636889e-02 9.942313083991968226e-01
-1.247556691396608207e-02 7.149614081742072802e-02 9.973628537690584217e-01
-7.019728072668922347e-02 7.958552572532009983e-02 9.943533003282094551e-01
-1.150137864586539688e-01 1.038811802315504906e-01 9.879172684583152897e-01
-1.340877493375460805e-01 1.424812930529055777e-01 9.806730120726511180e-01
-1.157581916486336293e-01 1.871273629203808464e-01 9.754913588098620414e-01
-5.731099215719856477e-02 2.221609255184364140e-01 9.733241871805721201e-01
2.376950720473510262e-02 2.306453751775040251e-01 9.727475116578215841e-01
9.258757849709808863e-02 2.077772056620142416e-01 9.737844592697563195e-01
1.275978921325572890e-01 1.688864756647035503e-01 9.773413611737038487e-01
1.264462125781335988e-01 1.298216685357347355e-01 9.834417571484707077e-01
9.619673708716156013e-02 9.867309310125287058e-02 9.904593926414231309e-01
4.651424780315920049e-02 7.853407877221464661e-02 9.958256992178394773e-01
-6.376456120786840563e-03 4.419313828828372315e-02 9.990026563206212407e-01
-5.056218143480010335e-02 4.922432433650780759e-02 9.975071085972819773e-01
-8.225779155131013320e-02 6.338661765839423423e-02 9.945932799043653016e-01
-9.238513250554719614e-02 8.475701298483459545e-02 9.921094879305677461e-01
-7.509351214848616896e-02 1.077681151675633914e-01 9.913359661519584032e-01
-3.192286757430750493e-02 1.240940607992016970e-01 9.917568223108458314e-01
2.453508245473115870e-02 1.265760535143328758e-01 9.916534336176641151e-01
7.418020967795362075e-02 1.144835151024116565e-01 9.906517154186352814e-01
1.017754005413154250e-01 9.478243967272061143e-02 9.902818068481105129e-01
1.025590373152977380e-01 7.483569093033416719e-02 9.919078904958389398e-01
7.966230713779648420e-02 5.860159712413942623e-02 9.950978693756508120e-01
4.032052824759696508e-02 4.784047942395875525e-02 9.980408526359386689e-01
-2.261065206650514012e-03 4.847957446744462565e-03 9.999856923440336720e-01
-3.969098347827575840e-02 4.058292861823809168e-03 9.992037610465512865e-01
-6.388065045091970151e-02 5.273888418899372668e-03 9.979436099293668150e-01
-6.776974368776284008e-02 8.116619703895855062e-03 9.976679719851985206e-01
-4.830943353654248984e-02 1.107315036863602831e-02 9.987710368108910775e-01
-9.106054960130987447e-03 1.263395198617487357e-02 9.998787241561976069e-01
3.842926673091749679e-02 1.241964571400918683e-02 9.991841391149342000e-01
7.884571233418462277e-02 1.125366538876782820e-02 9.968233086469394655e-01
1.002622825337376594e-01 1.036736248673113953e-02 9.949070270614245315e-01
9.845857773407626357e-02 9.851864149369938400e-03 9.950923822657834483e-01
7.595056738120613271e-02 8.845014174627637005e-03 9.970723529607701252e-01
3.944256123285527077e-02 6.894840581401589369e-03 9.991980512074645215e-01
1.301877787661236303e-02 -3.923165747527086744e-02 9.991453290058885939e-01
-2.163599214337290702e-02 -6.969997042230226258e-02 9.973333434549706000e-01
-3.684966482984368408e-02 -9.905914448324215638e-02 9.943990084951608299e-01
-2.608803271425654685e-02 -1.213821110180180324e-01 9.922629680048965506e-01
1.156779036121558836e-02 -1.303425558116452776e-01 9.914015353885108350e-01
6.705422937758546975e-02 -1.203113761413730914e-01 9.904690318700305474e-01
1.215356916000455145e-01 -9.156206197754142295e-02 9.883549283904383698e-01
1.562673097719357307e-01 -5.389039940565720777e-02 9.862435565055067688e-01
1.626245188494598870e-01 -2.042117887202051993e-02 9.864766805771036928e-01
1.427792628689933951e-01 -9.174922758551487317e-04 9.897541312379245504e-01
1.047612633449492708e-01 8.252368276131946895e-04 9.944970571533143788e-01
5.829211700333250534e-02 -1.364531892399066700e-02 9.982063085188344065e-01
2.665099581378495633e-02 -7.849535816836773761e-02 9.965581785164997486e-01
-1.275467956488047540e-02 -1.265255741616496676e-01 9.918813423148035158e-01
-2.418812858060224308e-02 -1.810856438625558229e-01 9.831698347806664406e-01
1.011234752401761732e-03 -2.327781210248390242e-01 9.725293434012245442e-01
6.466907334385108008e-02 -2.661721911675464236e-01 9.617537499806944057e-01
1.518964399305416102e-01 -2.620041502177985482e-01 9.530379304125837781e-01
2.288716055148893036e-01 -2.140810480477945699e-01 9.496247116918227205e-01
2.653387893567120126e-01 -1.440113913135756540e-01 9.533394180640187843e-01
2.552851156532430221e-01 -7.998005178547148986e-02 9.635521267903476295e-01
2.109711530582024652e-01 -3.982771522721508667e-02 9.766805648097067749e-01
1.491169348442142328e-01 -2.868286369242540115e-02 9.884034768620989508e-01
8.395754152967160877e-02 -4.367083043632088296e-02 9.955119234792286775e-01
2.714359877443433058e-02 -1.046240377143972666e-01 9.941413560343834721e-01
-2.644998545160878733e-02 -1.749937215380783229e-01 9.842142021388727846e-01
-4.445505183239371882e-02 -2.594830321381832450e-01 9.647239524335116112e-01
-1.224612979941866985e-02 -3.468900494057495787e-01 9.378258505331137362e-01
8.093376984849511013e-02 -4.113495579948784897e-01 9.078773408536606748e-01
2.205145181821888123e-01 -4.102158745847828691e-01 8.849272758309366660e-01
3.454419608285806964e-01 -3.215310437198531934e-01 8.816391776817706916e-01
3.935975158196321488e-01 -1.989558065255160879e-01 8.974951713465931791e-01
3.638187249979227267e-01 -9.799368396193858244e-02 9.263008006282177353e-01
2.877205681835285356e-01 -4.197003406691228455e-02 9.567943305039960933e-01
1.949313670651486308e-01 -3.031223484831812101e-02 9.803483720354784214e-01
1.042430022952869489e-01 -5.420132163221055843e-02 9.930738206224969389e-01
1.335356857314830455e-02 -1.098589489265027336e-01 9.938574815068590418e-01
-6.349673117143936341e-02 -2.024758296629609600e-01 9.772265364452707992e-01
-1.027482037110644536e-01 -3.154741575666670794e-01 9.433551094586835051e-01
-8.181855427506483369e-02 -4.409385117288168732e-01 8.938002870052932369e-01
3.094050283430660811e-02 -5.483060485453000732e-01 8.357051886957664877e-01
2.466242980766948645e-01 -5.592149771242551637e-01 7.914891439294151620e-01
4.681586018519639514e-01 -3.929531115540090824e-01 7.914640709672627894e-01
5.357602990578900215e-01 -1.897784482238057124e-01 8.227666999479095189e-01
4.752628088811769458e-01 -5.269950685579431748e-02 8.782642110842686645e-01
3.596310377833144001e-01 4.428092329000983367e-03 9.330840844539459722e-01
2.330417618308099348e-01 2.101382612410742506e-03 9.724644576712888622e-01
1.147711987744744200e-01 -3.995556848223950908e-02 9.925880940647804351e-01
-1.157091509283541403e-02 -8.994526708678424187e-02 9.958794921337392747e-01
-1.168903184634988712e-01 -1.964176862960719805e-01 9.735279893046806521e-01
-1.936206331388471702e-01 -3.233305991793500311e-01 9.262658225678025437e-01
-2.166382781503040922e-01 -4.705757204857851650e-01 8.553515930477774143e-01
-1.306733473867483786e-01 -6.207713170617117360e-01 7.730248690670915579e-01
1.581240413471260986e-01 -6.779388597177461451e-01 7.179106420945804423e-01
5.870115525542853874e-01 -3.656505240245030430e-01 7.222998902453262593e-01
6.603786188501575838e-01 -6.207501929094499243e-02 7.483627273892990983e-01
5.515903490640704510e-01 7.810450336041377395e-02 8.304503437137327193e-01
4.000690075319445205e-01 1.021205395590979448e-01 9.107777910185288484e-01
2.499146434214766510e-01 6.595370653072273048e-02 9.660190368716325970e-01
1.118796989915043227e-01 -1.810903705437989482e-03 9.937201082706271782e-01
-4.030509968972040974e-02 -4.788207149398022305e-02 9.980394812673800686e-01
-1.699227950933959730e-01 -1.514538749807913254e-01 9.737494377204923834e-01
-2.904460254530438212e-01 -2.624804749470288079e-01 9.201875388039389980e-01
-3.867750326894341950e-01 -3.792519292734467529e-01 8.405789958299304532e-01
-4.101815716508390164e-01 -4.943854908164500017e-01 7.663772339704781889e-01
-1.828556909378765694e-01 -5.751203043781880631e-01 7.973709499245658083e-01
6.280350012604835053e-01 -2.908796138443906290e-02 7.776412589968831890e-01
6.489006365133638266e-01 2.428738089402012468e-01 7.210688433592477020e-01
5.200128498273465238e-01 2.795229946390525022e-01 8.071267133991003595e-01
3.753137700811157162e-01 2.258196183646908328e-01 8.989688948729590567e-01
2.323947350963511682e-01 1.428137406935751641e-01 9.620794783013512097e-01
9.393180302042471175e-02 4.998884802197781779e-02 9.943228507153868412e-01
-6.348646362033796842e-02 3.852005422297538010e-03 9.979752657211788947e-01
-2.011735448011698346e-01 -7.946881032242049392e-02 9.763267450285688653e-01
-3.471924997214653752e-01 -1.467735921912448893e-01 9.262369463438678840e-01
-4.964879318496455141e-01 -1.772719720223859818e-01 8.497495992720280888e-01
-6.220985469626914011e-01 -1.133326162563618733e-01 7.746929171997375407e-01
-5.833554223076288237e-01 1.621912226339008722e-01 7.958583156346216159e-01
6.221169585445146533e-02 6.283383178681780645e-01 7.754486850833386402e-01
3.286253956884944150e-01 5.681971548380029269e-01 7.544251735875128206e-01
3.489329597853333409e-01 4.439404593692165557e-01 8.253257890739055247e-01
2.830536634676872332e-01 3.184422806042598864e-01 9.046961575695279256e-01
1.823344100764446030e-01 2.025347803053953455e-01 9.621506252498831513e-01
6.484105525451652752e-02 9.789953898750435035e-02 9.930817276637124991e-01
-7.416822782170716388e-02 4.757504353575797013e-02 9.961102796449192720e-01
-1.987154153732181572e-01 -8.709336282309255647e-03 9.800185361280666640e-01
-3.337938189292441460e-01 -3.258976806137720700e-02 9.420825831434892494e-01
-4.656366550295988338e-01 -1.147411517027724327e-03 8.849752476423723424e-01
-5.514873164083426982e-01 1.234427199255130059e-01 8.249991725681269372e-01
-4.864731052217312057e-01 3.623191172669341098e-01 7.950275310697357822e-01
-1.762852777220825506e-01 6.061756753133414888e-01 7.755479040761107390e-01
7.381311678724623848e-02 5.888302807808524220e-01 8.048791985296436247e-01
1.747696975116022344e-01 4.700833259511248419e-01 8.651457793311332356e-01
1.763347125422995709e-01 3.402590529912857265e-01 9.236502833919733035e-01
1.216972097540084397e-01 2.242304727892194816e-01 9.669076916700977131e-01
3.446601623334226427e-02 1.263292211679519494e-01 9.913894399297065174e-01
-7.117435827151533112e-02 6.991207175508526439e-02 9.950108104677244381e-01
-1.701334628938897253e-01 3.604554810773265283e-02 9.847615565533178739e-01
-2.743545160924334425e-01 3.662635998111032215e-02 9.609308556052175154e-01
-3.662408246461227868e-01 8.514374989619272194e-02 9.266165335327074537e-01
-4.114439011682821112e-01 1.921317139018809406e-01 8.909541630771657950e-01
-3.609247611913508069e-01 3.428623822189468817e-01 8.672823667169239359e-01
-2.020839595566766289e-01 4.680045055376727547e-01 8.603103254560691138e-01
-3.366259894450924356e-02 4.728043105902995369e-01 8.805242264239552252e-01
6.789278296614860431e-02 3.979848450137870586e-01 9.148762939110929304e-01
9.708746159983207280e-02 3.002386406211111636e-01 9.489103137167937962e-01
7.278206055542596475e-02 2.073106535295880515e-01 9.755639725791387384e-01
1.269917528932182696e-02 1.289194204494782670e-01 9.915737561966521119e-01
-5.678848092603164949e-02 6.701703009537779421e-02 9.961344217078966778e-01
-1.291663163340571741e-01 4.652672196674557253e-02 9.905308308516689308e-01
-2.008888817355252709e-01 5.370531118612151267e-02 9.781407857489141655e-01
-2.569502082000967302e-01 9.432017911962232992e-02 9.618109452053389408e-01
-2.765097067472965797e-01 1.669755849103083389e-01 9.463939645403386391e-01
-2.396050926552135696e-01 2.542694238844953047e-01 9.369826357254953386e-01
-1.486618883232410371e-01 3.194959444536207838e-01 9.358536127183063602e-01
-4.419530518024598204e-02 3.272038042807848823e-01 9.439197240572148040e-01
3.025457554418890457e-02 2.872647096924517696e-01 9.573733060953489860e-01
5.928866225746654700e-02 2.264621694045567124e-01 9.722138346867688075e-01
4.746271019525800244e-02 1.635393289761588598e-01 9.853944281448654419e-01
5.320956266704256719e-03 1.081950274781883631e-01 9.941154477491265240e-01
-3.460417401706686324e-02 4.260398086565957143e-02 9.984925898348196993e-01
-8.614035834046870899e-02 2.653418411386106179e-02 9.959296038066115520e-01
-1.315526475073083845e-01 2.872599159962964735e-02 9.908928894388721043e-01
-1.600634578931419139e-01 5.188455555374656136e-02 9.857421987224914695e-01
-1.609456513346687045e-01 9.279879260276199804e-02 9.825909023637261486e-01
-1.281668307002546137e-01 1.400398083316839459e-01 9.818157238457159153e-01
-6.841113698534012633e-02 1.758857896121051589e-01 9.820306030612528936e-01
-3.453769502682503892e-03 1.860495025519969536e-01 9.825343017301738646e-01
4.306003099253712801e-02 1.717317385451397338e-01 9.842022371987981799e-01
5.978122153209075584e-02 1.424269081740770215e-01 9.879983711424378257e-01
4.747991219962675175e-02 1.068382754825961123e-01 9.931421050532096562e-01
1.307249326835959943e-02 7.148309770650067285e-02 9.973561433419960709e-01
-9.381826372680949697e-03 4.209793832372805966e-03 9.999471280871700118e-01
-4.818320053987876911e-02 -1.539682894028537516e-02 9.987198390160775263e-01
-7.488270310538930330e-02 -2.579379884767960679e-02 9.968586964643489923e-01
-8.191858461307466310e-02 -2.376361397698828828e-02 9.963556775297334189e-01
-6.502443870806487447e-02 -9.311135604534651403e-03 9.978402302595635875e-01
-2.648100866683145843e-02 1.390131691324770179e-02 9.995526547251014637e-01
2.271124062840374283e-02 3.892483771091689859e-02 9.989840121634918635e-01
6.614043297974903091e-02 5.796506828193499078e-02 9.961252401100308962e-01
9.029556095683809180e-02 6.644310827471805458e-02 9.936961432119061355e-01
9.023983390227059698e-02 6.315593270517010083e-02 9.939155399436315763e-01
6.869144548090508340e-02 4.919237202850484936e-02 9.964244054879158874e-01
3.261590687521421367e-02 2.776910111425107824e-02 9.990821185678606664e-01
2.731032665170727777e-02 -3.612282710120846146e-02 9.989741174927350142e-01
6.540435448155542016e-03 -8.552111839656480197e-02 9.963148904901472092e-01
6.826870989337085853e-03 -1.265995819421702195e-01 9.919304107066212461e-01
3.223931484223317018e-02 -1.495271199550809171e-01 9.882318892732075977e-01
7.990746648954601128e-02 -1.456318854747649660e-01 9.861065615501565240e-01
1.357630905837506063e-01 -1.113300673500950133e-01 9.844663525682022520e-01
1.785476588923113339e-01 -5.501449365672239633e-02 9.823920495360871641e-01
1.936679900745617022e-01 3.554593242547041468e-03 9.810606884833167340e-01
1.803599558460750596e-01 4.520673412977206651e-02 9.825612640016792021e-01
1.472133435663822987e-01 5.972571467240517240e-02 9.872998888295765330e-01
1.048658806613099459e-01 4.647952303840702237e-02 9.933996179842412566e-01
6.242792440135801896e-02 1.137549654420547812e-02 9.979846453394536354e-01
5.852297220695546615e-02 -7.083550073713190676e-02 9.957697492690703589e-01
4.018861220378303067e-02 -1.449870458664647699e-01 9.886170299868245470e-01
5.806246171675095297e-02 -2.172146044209489479e-01 9.743954875540167260e-01
1.182536408780503062e-01 -2.717593191318803392e-01 9.550722218157471355e-01
2.148253147252992545e-01 -2.863278007687071192e-01 9.337379046928084847e-01
3.173827477625830173e-01 -2.420400143723770991e-01 9.168886643782224732e-01
3.796867377680086530e-01 -1.486191354113056418e-01 9.130993011456325359e-01
3.784764283595668521e-01 -4.754462224691023697e-02 9.243890425960296087e-01
3.259976899560153574e-01 2.426919625387256169e-02 9.450589993521751886e-01
2.492321928751727034e-01 5.209312480762810088e-02 9.670416849248846258e-01
1.708569355204380136e-01 3.866575170403594580e-02 9.845368795681052054e-01
1.045690581217071924e-01 -6.067183765456309746e-03 9.944991208466168464e-01
6.949776595437411053e-02 -9.892704482011331624e-02 9.926648479373670897e-01
4.426679400007849097e-02 -2.093229365777029005e-01 9.768440813002768897e-01
7.002898860404756232e-02 -3.255067819060990519e-01 9.429428803953058269e-01
1.619017518242274467e-01 -4.254899224959544091e-01 8.903629308381220131e-01
3.215251595092570303e-01 -4.644832923203170427e-01 8.251526179791235371e-01
5.014383637504198354e-01 -3.898063087153406658e-01 7.724057282575063077e-01
6.035457192917876856e-01 -2.141414831692652621e-01 7.680338468522650563e-01
5.826604844418161733e-01 -3.932244296750023183e-02 8.117638236267167295e-01
4.788543275745951733e-01 6.655594036992065754e-02 8.753678311227250930e-01
3.488666941626485385e-01 9.494736149733186414e-02 9.323502712225044675e-01
2.285406790164279112e-01 6.461868813012833224e-02 9.713874526568038181e-01
1.332983948867518809e-01 -4.580963277770052147e-03 9.910653624741897483e-01
5.557123231885798681e-02 -1.131612011734406259e-01 9.920213610036290319e-01
1.196824879772709002e-02 -2.653072834924239953e-01 9.640896256814341925e-01
2.679971791002391801e-02 -4.334153402302084457e-01 9.007957137848044971e-01
1.312217262729650225e-01 -5.952143789824475562e-01 7.927803615166602036e-01
3.573145247793692025e-01 -6.792588436759217085e-01 6.410411481876673312e-01
6.625416303105383653e-01 -5.556804604329709241e-01 5.022527391646838257e-01
8.397294165749695782e-01 -2.127246304081613082e-01 4.996025806142255776e-01
7.803205438116651571e-01 7.527423259618655493e-02 6.208330200726253079e-01
6.068830022925381096e-01 1.993176063754003302e-01 7.693929511746028238e-01
4.212280437744459483e-01 1.978791151337786769e-01 8.851049604040266416e-01
2.630132523987175897e-01 1.268864639749377743e-01 9.564119689352259535e-01
1.409342690085870764e-01 1.878779358475382577e-02 9.898406693156499569e-01
1.833987486897519989e-02 -1.073433093071267386e-01 9.940528471549331391e-01
-5.480301461910506988e-02 -2.938476341517115009e-01 9.542799366496770297e-01
-8.026459663803013622e-02 -5.055249987531175160e-01 8.590704686824087721e-01
-1.589286149695251851e-02 -7.321701638753882468e-01 6.809363172016466015e-01
2.185652118612244621e-01 -8.965245130087847736e-01 3.853220026658776831e-01
6.748071254633590810e-01 -7.373367352017021759e-01 3.114293412494535673e-02
9.983011475863254880e-01 -5.155037821140584509e-02 2.715469082898545883e-02
8.656295558273182644e-01 3.638003594681356034e-01 3.439982129737378935e-01
6.328786997244966184e-01 4.331466241556889418e-01 6.417542780672249592e-01
4.250945472063111241e-01 3.495004600633075942e-01 8.349515281445899495e-01
2.566478106776988177e-01 2.141648855975412657e-01 9.424782772304927114e-01
1.227727737665446073e-01 6.016580393078047734e-02 9.906093690547480568e-01
-3.248077371171903538e-02 -7.987422436581634311e-02 9.962756183009792155e-01
-1.387667627776076607e-01 -2.765970293506542776e-01 9.509142279420559341e-01
-2.305757846002275402e-01 -4.960774818151156285e-01 8.371033028198600068e-01
-2.823521300342204388e-01 -7.405439268093190197e-01 6.098130591672805689e-01
-2.247057958690763801e-01 -9.587432815459467905e-01 1.741224436808442300e-01
1.134787639539021759e-01 -8.192432145233141672e-01 -5.621059736286553310e-01
6.659163924493131104e-01 4.373509145649225327e-01 -6.043835998739006676e-01
5.959233364740009753e-01 7.963303720681444986e-01 1.036017160449896057e-01
4.625804380186576137e-01 6.885291973250184938e-01 5.585220521997715792e-01
3.290394077266122208e-01 4.928000556770896767e-01 8.055316091175992455e-01
2.009295926383682929e-01 2.950731409800938509e-01 9.341087411401098883e-01
8.073713896488102226e-02 1.065253354359134569e-01 9.910266733554918828e-01
-8.054958137419737652e-02 -3.775612716205116459e-02 9.960352603207074385e-01
-2.082437103017067415e-01 -2.120973463958468197e-01 9.548032639092045581e-01
-3.594127266214945937e-01 -3.872020181027102104e-01 8.490565877017428598e-01
-5.398746785878349996e-01 -5.477974352987654560e-01 6.391035137595293403e-01
-7.548420167183274021e-01 -6.040126115379728100e-01 2.556996184972684660e-01
-9.269924028976491703e-01 -2.230070689996282995e-01 -3.015840382816902254e-01
-4.752781239238431654e-01 8.111513849401066345e-01 -3.407992600185799081e-01
-1.004477442880284156e-02 9.766291693946482777e-01 2.146964554765356248e-01
1.547493647275194895e-01 7.850013546126336506e-01 5.998545718528237591e-01
1.680132654817799442e-01 5.497344456512111011e-01 8.182686489696923138e-01
1.136283349147060584e-01 3.337589222737304961e-01 9.357850091271593396e-01
2.698682644092221042e-02 1.408266368339235186e-01 9.896663930621892868e-01
-1.102292931559835376e-01 4.245384352935782646e-03 9.938971172319817082e-01
-2.351314878948944365e-01 -1.264439139813303969e-01 9.637038549354133288e-01
-3.975194739163418478e-01 -2.322283904207142757e-01 8.877208133979305194e-01
-5.988439767100830480e-01 -2.825325796056407657e-01 7.493738940071461574e-01
-8.166510107612817704e-01 -1.992333765264191203e-01 5.416522761887249127e-01
-9.350199361884277138e-01 1.369571539946929373e-01 3.270786708115757113e-01
-7.040545064569190270e-01 6.442470934381241410e-01 2.987522962828147999e-01
-3.140883766989059911e-01 8.018313521912018293e-01 5.083453297374499469e-01
-6.831291746451045865e-02 6.911870499709750204e-01 7.194399260952298869e-01
2.792321636805873697e-02 5.049929827622071654e-01 8.626716532659248760e-01
3.132526295070140604e-02 3.196073822790942986e-01 9.470321267484798078e-01
-2.021649527084932660e-02 1.525806510941263017e-01 9.880842262836828649e-01
-1.147918938577578429e-01 3.168018187183962303e-02 9.928842768324489532e-01
-2.174046611682611818e-01 -5.525943540565118883e-02 9.745160891955310101e-01
-3.508452265156039029e-01 -1.069005231407801210e-01 9.303117247371980314e-01
-5.047988658147766206e-01 -9.880545946112707922e-02 8.575637505473071576e-01
-6.444765800690793744e-01 4.308597705134260825e-03 7.646119105325944743e-01
-6.938197593397975593e-01 2.183137515858351030e-01 6.862603350173716033e-01
-5.719012936066187880e-01 4.649924310260846738e-01 6.758039282658409030e-01
-3.417419672732634472e-01 5.691880915485146852e-01 7.478217329307179639e-01
-1.497089446268763391e-01 5.209735340089260980e-01 8.403414834226480279e-01
-4.636962975492835148e-02 4.018187737219419131e-01 9.145444387896196625e-01
-1.926548073937144057e-02 2.678003872382210271e-01 9.632817832010293069e-01
-4.667053732665850385e-02 1.415848989246388523e-01 9.888253522954113528e-01
-9.599687377419202639e-02 3.817239203685030696e-02 9.946494200027433674e-01
-1.701609767408326923e-01 -1.745341313159355298e-02 9.852617014604276857e-01
-2.621599882003407544e-01 -4.098443757422683131e-02 9.641537307211341945e-01
-3.590522297352323755e-01 -1.854712708640676375e-02 9.331331632725412550e-01
-4.346732768499375066e-01 5.987920209184833392e-02 8.985953614110339105e-01
-4.504909862726223513e-01 1.847188089308509085e-01 8.734625538134311862e-01
-3.803644238568337776e-01 3.099609791639257872e-01 8.713478619126541203e-01
-2.519280362974288812e-01 3.704613795551360833e-01 8.940305536084439675e-01
-1.306356100935165132e-01 3.526915720836859003e-01 9.265759506681825464e-01
-5.517887280237922243e-02 2.860489661059250621e-01 9.566249426948724155e-01
-3.024343220488696221e-02 2.005537194963511183e-01 9.792157782657581189e-01
-4.696477821470716046e-02 1.141764644274794321e-01 9.923497591969077103e-01
-6.007342185869229273e-02 2.517872102622422531e-02 9.978763530587025921e-01
-1.091888885580232227e-01 -1.433566071537173588e-02 9.939176401731478760e-01
-1.632216076732914412e-01 -3.015053206646414741e-02 9.861286184898256924e-01
-2.121825494066503226e-01 -1.448080944258571881e-02 9.771227516976519478e-01
-2.418196554982265933e-01 3.406874486703843907e-02 9.697229371515880825e-01
-2.366399185208670763e-01 1.049636721373255338e-01 9.659110603434915010e-01
-1.909989859643075605e-01 1.738942715080042944e-01 9.660642678917775727e-01
-1.207002922315047883e-01 2.135165837042162784e-01 9.694545414502457881e-01
-5.540692462475264868e-02 2.142220059853977288e-01 9.752122870714653446e-01
-1.569365037473316460e-02 1.838180339457075596e-01 9.828350012765512123e-01
-6.461778339877826891e-03 1.347887574015212697e-01 9.908532869698197798e-01
-2.349798687653058271e-02 7.839005659860370789e-02 9.966457964789704471e-01
-1.562272747801380507e-02 -1.823472585040045082e-03 9.998762950154382878e-01
-4.674425424396749795e-02 -3.955135130432541057e-02 9.981235721618753054e-01
-7.028184821485630729e-02 -6.197946458321125507e-02 9.955998231124026931e-01
-8.009069306829097457e-02 -6.231574075322458828e-02 9.948377904654848169e-01
-7.179150847632967403e-02 -3.860184971763100381e-02 9.966724017996686502e-01
-4.540297470174900485e-02 4.111494229760009889e-03 9.989602922556317655e-01
-7.785545081656007962e-03 5.309736713743520853e-02 9.985589891893676961e-01
2.860609646387031121e-02 9.237773395318200909e-02 9.953130389554659674e-01
5.162729976075414173e-02 1.110839275578664465e-01 9.924691345113660912e-01
5.570489463217195153e-02 1.062931880557016207e-01 9.927732484746486508e-01
4.218751888348616641e-02 8.094929808794960879e-02 9.958249968691801346e-01
1.627989937817046068e-02 4.178447164237981959e-02 9.989940053903166861e-01
4.014296803558223270e-02 -2.745767269429775712e-02 9.988166089565864159e-01
4.120505218517541562e-02 -8.765806940878970166e-02 9.952980490998205587e-01
6.143202093100706696e-02 -1.323787609111536090e-01 9.892936725077998705e-01
1.005452989383680967e-01 -1.494281228363294745e-01 9.836472329890796340e-01
1.508882252168805838e-01 -1.299850635840460455e-01 9.799676661686177459e-01
1.951944300801767007e-01 -7.470858676207137172e-02 9.779150073138739296e-01
2.144855548917798949e-01 3.642571606193053375e-04 9.767270929279456837e-01
2.021546136591740317e-01 6.911316781688374433e-02 9.769119111826841673e-01
1.669995772518885757e-01 1.100457431535508401e-01 9.797964460087864591e-01
1.238878145666496289e-01 1.148348050492765948e-01 9.856291274871840091e-01
8.456117908560209506e-02 8.666642424600048966e-02 9.926420996008870068e-01
5.554232869504324016e-02 3.509092036460984693e-02 9.978395046454648920e-01
8.498665819987114012e-02 -4.968836333233513092e-02 9.951423689489781177e-01
9.812794894879307839e-02 -1.382349674694572927e-01 9.855262550555334844e-01
1.507382899756342376e-01 -2.136462213322590231e-01 9.652115105227971892e-01
2.428670334122879637e-01 -2.554322845520762830e-01 9.358258129000429637e-01
3.577383214771276965e-01 -2.393519884545407539e-01 9.026261235802637284e-01
4.533054162212899474e-01 -1.551607977438389518e-01 8.777467325304719736e-01
4.833958832328984490e-01 -2.986412452658708527e-02 8.748923100243973794e-01
4.372760991145635545e-01 8.355532383761513082e-02 8.954373908887076627e-01
3.440073134778568464e-01 1.462403351262645534e-01 9.275088854862122423e-01
2.430974171419379437e-01 1.505193440187620746e-01 9.582523534305144031e-01
1.605343842064937687e-01 1.086336001197681089e-01 9.810338691464438599e-01
1.068040959190079409e-01 3.702056485590245888e-02 9.935906414981308110e-01
1.060380009460718809e-01 -7.471813854645670272e-02 9.915508772259439274e-01
1.246605794375276743e-01 -2.093129691297621886e-01 9.698700020561439317e-01
2.030532356276185391e-01 -3.350775890352168385e-01 9.200502121229526820e-01
3.490597727958781316e-01 -4.187252379700031057e-01 8.383474518973054179e-01
5.435110892912176084e-01 -4.045836548440028824e-01 7.354643173196895312e-01
7.115935206620024323e-01 -2.551972471401393050e-01 6.546060085303123666e-01
7.601025754170492865e-01 -2.384011869903350511e-02 6.493656316627584024e-01
6.711533376919948113e-01 1.701033338027434505e-01 7.215386705742610207e-01
5.079110614600249596e-01 2.566573035538691760e-01 8.222854627068427735e-01
3.434718947024545943e-01 2.424051501424391020e-01 9.073405098054051487e-01
2.167707299970622059e-01 1.647054627283488504e-01 9.622279153942510099e-01
1.376960044530350646e-01 5.347359181879038359e-02 9.890300224642437632e-01
9.572430439791791701e-02 -9.748419941331862293e-02 9.906228790070463752e-01
1.080334434216007888e-01 -2.894548734757051434e-01 9.510755234594306939e-01
1.917686191409833929e-01 -4.818982108498246486e-01 8.549847431928372377e-01
3.710548314080506782e-01 -6.290922035881751917e-01 6.830529346056036788e-01
6.414770612491630386e-01 -6.247404917373244881e-01 4.452038834904102349e-01
8.979144332683915986e-01 -3.658421699952063566e-01 2.447635127659862631e-01
9.703165551610206663e-01 5.291638951455017448e-02 2.359780466510481844e-01
8.312768192032046199e-01 3.634290834023962691e-01 4.205926190420651301e-01
6.023490888434932522e-01 4.562234807155480243e-01 6.550081761422870130e-01
3.901615357618909985e-01 3.903409691275793181e-01 8.339112086022412162e-01
2.348979294986023592e-01 2.508558339218365796e-01 9.390922815701530091e-01
1.387152383627297536e-01 8.350580913343781664e-02 9.868053822750186832e-01
5.356214896711739698e-02 -1.106430969909026479e-01 9.924158409085677146e-01
4.301116013009043115e-02 -3.548568100067213682e-01 9.339307707192174846e-01
9.247385256468688974e-02 -6.119551362113160309e-01 7.854676937064068998e-01
2.391277819254628290e-01 -8.325454404837194788e-01 4.996858947790650540e-01
5.104044468320573236e-01 -8.576464749502467066e-01 6.268831357933027371e-02
8.139655561463026157e-01 -4.653080684695371505e-01 -3.477764725001522561e-01
9.034565338647202459e-01 2.291767384199324686e-01 -3.622765711225968688e-01
7.498344757648484071e-01 6.612030577766642159e-01 2.363842933148817271e-02
5.300197308992526946e-01 7.143648656857575219e-01 4.569047204081572167e-01
3.385629367813346446e-01 5.619229528250433425e-01 7.547302385133237701e-01
1.983872931402587414e-01 3.460242585115433367e-01 9.170112837048483012e-01
1.058283715729134572e-01 1.199741555891257611e-01 9.871203360081485245e-01
-1.031255349805839348e-02 -1.071006305814799636e-01 9.941947023442652132e-01
-5.665892399614134295e-02 -3.750303936051757048e-01 9.252794011561893406e-01
-8.332677789877386554e-02 -6.610976003405680812e-01 7.456585082388312857e-01
-6.355572558624558721e-02 -9.207599023047912112e-01 3.849180069220851652e-01
4.092841105057188483e-02 -9.774990179613283203e-01 -2.069312326680983194e-01
2.150755331475934229e-01 -5.124884655970874947e-01 -8.313230946336079841e-01
2.985055172524009870e-01 4.373002375657876750e-01 -8.483295105056605223e-01
2.881557411746903941e-01 9.232787957853394456e-01 -2.540128620389536240e-01
2.447084034751862147e-01 9.103158178751968865e-01 3.338306591594398798e-01
1.791002312728736945e-01 6.822429624715324881e-01 7.088495237468214194e-01
1.091234304696165752e-01 4.117281617938617355e-01 9.047496878741707604e-01
4.541322630499405183e-02 1.495022865884653440e-01 9.877179279436706372e-01
-7.575798555625472275e-02 -8.570587595690765115e-02 9.934360726543634001e-01
-1.551659101861660450e-01 -3.343848027911365817e-01 9.295753568046153381e-01
-2.647013050114263022e-01 -5.895912184736935568e-01 7.630959403796900853e-01
-4.038437672666548850e-01 -8.064711237789590204e-01 4.318732894618936280e-01
-5.558066886501050741e-01 -8.251909268612261927e-01 -1.006919017486892221e-01
-6.638034514274322451e-01 -3.796389528443719352e-01 -6.443905984387274799e-01
-5.798257996552288462e-01 4.756375110772271819e-01 -6.614914966274338948e-01
-3.224747429864163739e-01 9.356285332507201513e-01 -1.435593532410127937e-01
-1.174720698083046022e-01 9.149946415884057105e-01 3.859859047678403932e-01
-2.117144314192366886e-02 6.849642005087394070e-01 7.282690533152517132e-01
-1.000941897726155549e-03 4.163647673917829639e-01 9.091971065671784480e-01
-2.385319930576944650e-02 1.598470157774029288e-01 9.868535638228898010e-01
-1.212697427264213257e-01 -5.451027970426018665e-02 9.911217275923492886e-01
-2.134860835274847712e-01 -2.505281521865611594e-01 9.442771505771349050e-01
-3.625176020277466882e-01 -4.320404044489327133e-01 8.257857331921504285e-01
-5.734339249056914500e-01 -5.537812311409945343e-01 6.037382560375270657e-01
-8.186103890732874255e-01 -5.024523850152918802e-01 2.782420379701271984e-01
-9.884716409667750892e-01 -1.505017136536619116e-01 -1.652420018740041394e-02
-9.160777539480504661e-01 3.997227856200550322e-01 -3.198817559198151306e-02
-6.294829980370626465e-01 7.374725648781391696e-01 2.447148774275121064e-01
-3.440509906789329664e-01 7.468929365190132286e-01 5.690165702252176771e-01
-1.663464748504062396e-01 5.782157187900492934e-01 7.987461629635128624e-01
-8.823215823314366213e-02 3.622304300168933677e-01 9.279031209255023116e-01
-7.885914212218553265e-02 1.487333587732520834e-01 9.857279663739910713e-01
-1.349042353711522590e-01 -2.592982493446559580e-02 9.905193039299504676e-01
-2.170693607090106170e-01 -1.617143887724669660e-01 9.626678290591137443e-01
-3.531927839706383021e-01 -2.697700268700296000e-01 8.958119166173230674e-01
-5.395277146318204764e-01 -3.152025708547248617e-01 7.807414325311319292e-01
-7.396245392693924225e-01 -2.399041703451738616e-01 6.288096134455235520e-01
-8.637894941938939475e-01 -8.878855645891400861e-03 5.037746278274224387e-01
-8.160509959303949845e-01 2.988539841292232602e-01 4.947191811634520930e-01
-6.135682674630532629e-01 5.024292219892098066e-01 6.091788391381719459e-01
-3.828225309676266952e-01 5.254981624749870406e-01 7.598016787418708784e-01
-2.151857092622884438e-01 4.259791597482177061e-01 8.787700871044094031e-01
-1.268473749218001490e-01 2.788111048740058440e-01 9.519317786870891140e-01
-1.039541944686467462e-01 1.233597576761707448e-01 9.869021712604038044e-01
-1.165507235797270530e-01 -8.408885742166366181e-03 9.931491426133234324e-01
-1.764281641342400619e-01 -9.634059171187729642e-02 9.795874607654069255e-01
-2.731940823365121007e-01 -1.554585738500378900e-01 9.493142921039456894e-01
-3.982550483537670161e-01 -1.645299987061163149e-01 9.023983577038088288e-01
-5.226094442105981841e-01 -1.009581681222861821e-01 8.465735745410996049e-01
-5.934883885433227535e-01 3.628808179830345787e-02 8.040240716443897151e-01
-5.647265850832173806e-01 2.003590219224522795e-01 8.005873758900567960e-01
-4.457992275446793218e-01 3.136530635981989446e-01 8.383822543541832317e-01
-2.999924916247877493e-01 3.366280592142412154e-01 8.925727167678977336e-01
-1.833955404721441806e-01 2.862303252418467725e-01 9.404457861285356879e-01
-1.158374605322213813e-01 1.967869386103435481e-01 9.735792641227637434e-01
-9.539311468548909712e-02 9.341286866059309024e-02 9.910470168660969748e-01
-7.357634765639380070e-02 -4.080198521147296482e-03 9.972812406966953258e-01
-1.095602340082194037e-01 -6.353248007988278323e-02 9.919476695365524455e-01
-1.632014148354008765e-01 -9.906006411505285936e-02 9.816070506537933893e-01
-2.273955740875009124e-01 -9.845902849069551599e-02 9.688121967616528663e-01
-2.861514405164366504e-01 -5.472143768315691076e-02 9.566205712550206464e-01
-3.154149901772378417e-01 2.558127311046547170e-02 9.486089723576983657e-01
-2.969747172669077173e-01 1.166702844049291726e-01 9.477310072172810962e-01
-2.367335621448740657e-01 1.836842273030953043e-01 9.540531039697704996e-01
-1.628902909006640642e-01 2.059710006610201427e-01 9.649055394270394936e-01
-1.023876043616621934e-01 1.850405984861127895e-01 9.773826044006980185e-01
-6.731454766870588469e-02 1.336609940621143189e-01 9.887383325928290612e-01
-5.857198636287165583e-02 6.608857675806360799e-02 9.960931795949365952e-01
-1.706102844761000700e-02 -1.132997209281145883e-02 9.997902545237969951e-01
-3.243948080610499496e-02 -6.181951200022686027e-02 9.975600373015435229e-01
-4.720217301867951631e-02 -9.352283695385991968e-02 9.944975785945252555e-01
-5.827441877109266338e-02 -9.708732833531708017e-02 9.935683885840900231e-01
-6.217819231087771265e-02 -6.887752560305426819e-02 9.956855722906287065e-01
-5.617384458966989680e-02 -1.439374017123755921e-02 9.983172438798398884e-01
-4.065987272473366859e-02 5.033834617909986597e-02 9.979042166731016961e-01
-2.069762499562211380e-02 1.042511595487516096e-01 9.943356093655252304e-01
-3.845862783086985252e-03 1.317018942639243684e-01 9.912819076260712681e-01
4.730227951211593909e-03 1.277165967693602577e-01 9.917994231966189567e-01
4.091127290169884606e-03 9.603765117313774191e-02 9.953692944001754084e-01
-3.987676196788579250e-03 4.567178695256811360e-02 9.989485403739222225e-01
4.866427668630943920e-02 -1.217838638099520525e-02 9.987409449300083120e-01
7.511445857702141182e-02 -7.073021305810958670e-02 9.946632872854166418e-01
1.148873624929172554e-01 -1.086197140947976619e-01 9.874222256205449355e-01
1.625156721871945098e-01 -1.139957638349119590e-01 9.800987818180243449e-01
2.063313319664200340e-01 -8.036258874204070535e-02 9.751765151907783036e-01
2.290670929779063947e-01 -1.317595358600194728e-02 9.733214582868817688e-01
2.177919625654240465e-01 6.670366040480261993e-02 9.737131419111535457e-01
1.758239157885443660e-01 1.313581688265177405e-01 9.756182563479002257e-01
1.215258378713067328e-01 1.612819804366746324e-01 9.793975666276235614e-01
7.466470330837943203e-02 1.526768730329158275e-01 9.854516500167455062e-01
4.612307092862538010e-02 1.128651026819245812e-01 9.925392339472893788e-01
3.814196535020278334e-02 5.355724857891629165e-02 9.978360644934787249e-01
9.928990038010508667e-02 -1.572435198294769645e-02 9.949342995581338389e-01
1.478193087533031247e-01 -1.007110373126500896e-01 9.838733347962356213e-01
2.316636719793482568e-01 -1.615933974387254446e-01 9.592807289783739089e-01
3.428164393686846112e-01 -1.776032930727663994e-01 9.224608171560790826e-01
4.552592727209658907e-01 -1.288866890666943432e-01 8.809808261153928566e-01
5.238852687059128987e-01 -1.689872338402387611e-02 8.516211941825531095e-01
5.113607080206842292e-01 1.196933126538639036e-01 8.509898572830294494e-01
4.213147815397952911e-01 2.239725337411763162e-01 8.788231670738333445e-01
2.971851414618771337e-01 2.610840412692132517e-01 9.184313338997246445e-01
1.869724138514016754e-01 2.342692271246955282e-01 9.540226651819962989e-01
1.156808795301355053e-01 1.660662439153497427e-01 9.793058443320836748e-01
8.764035365596825611e-02 7.762117263059485628e-02 9.931234172903556923e-01
1.277853710159082279e-01 -3.248342002150040458e-02 9.912697545966088208e-01
1.969913543717921323e-01 -1.657384923166898005e-01 9.662945505731579399e-01
3.234046467341039066e-01 -2.741026976691440242e-01 9.056915289441997974e-01
5.016186447483139688e-01 -3.198746631976864263e-01 8.037779140316331228e-01
6.920463842076882699e-01 -2.511430911413689571e-01 6.767561967777045995e-01
8.127159245169337520e-01 -5.370997660580600908e-02 5.801793381788100668e-01
7.935528416774342286e-01 1.973370052436312638e-01 5.756144489388593799e-01
6.423458963207577810e-01 3.802473387718922071e-01 6.654349786694609969e-01
4.386918422032008436e-01 4.288468589969636757e-01 7.897087052279344599e-01
2.647074774836961630e-01 3.659077913013689121e-01 8.922115442142475317e-01
1.559830804824874351e-01 2.465536535713341582e-01 9.564938967468000763e-01
1.131048687433559574e-01 1.082111769415886049e-01 9.876728354326149706e-01
1.249038042123346431e-01 -6.090441436270069286e-02 9.902977794605175577e-01
2.049730002079324931e-01 -2.589308786580736266e-01 9.438966411971032588e-01
3.545180785329531958e-01 -4.387565635677866394e-01 8.257176332859962331e-01
5.767915776792944538e-01 -5.404863664452780325e-01 6.125242555238449293e-01
8.268360328703319162e-01 -4.557439741721234228e-01 3.296052256154961002e-01
9.857965269726046698e-01 -1.303616824728612011e-01 1.058821946861997904e-01
9.486030416039822333e-01 3.017778228181978717e-01 9.530170572877776081e-02
7.390835903169415966e-01 6.006613833519902634e-01 3.048956363640866751e-01
4.785411655036503897e-01 6.556233387141133795e-01 5.840859445764619018e-01
2.710659997440590385e-01 5.337789080414259146e-01 8.010014363987252306e-01
1.495790021983779972e-01 3.428625897727174965e-01 9.274003270624781026e-01
1.054782955337926348e-01 1.399951055623464280e-01 9.845180036900581522e-01
8.759457969049508352e-02 -9.360146287204892945e-02 9.917489378653695509e-01
1.578201727466130855e-01 -3.552227463872382196e-01 9.213629000146368320e-01
2.840314595072463422e-01 -6.125526235585732060e-01 7.376350136630700494e-01
4.761706839212086484e-01 -7.879566410950437083e-01 3.903662530601051395e-01
7.000613923206209233e-01 -7.077792439044067185e-01 -9.467095056142230125e-02
8.335390717110964243e-01 -2.473613977305183231e-01 -4.939888205656439712e-01
7.629436022719414678e-01 3.992842979484160781e-01 -5.084182423597504163e-01
5.516219204412098343e-01 8.240875220017986891e-01 -1.288138694772162918e-01
3.296428706643006468e-01 8.768324924660181319e-01 3.500005113939630430e-01
1.702871679017061712e-01 6.897766715298898621e-01 7.037118898107919129e-01
8.583022340389087623e-02 4.274578180919221815e-01 8.999516578697611680e-01
6.281803455035159245e-02 1.636421497176356321e-01 9.845177201914806497e-01
2.381032094103607138e-02 -1.182240525904508371e-01 9.927014364882105202e-01
6.156262902873847753e-02 -4.148257752464952208e-01 9.078158507639291219e-01
1.113407580600584007e-01 -7.192434640478690966e-01 6.857784445570285214e-01
1.764017077817431334e-01 -9.500602849317452137e-01 2.574255086177845708e-01
2.407390688275548862e-01 -9.010047135782581762e-01 -3.608811533591603782e-01
2.425651260616319416e-01 -3.834262199523320591e-01 -8.911489737814667356e-01
1.402810172425069668e-01 4.040908627464598890e-01 -9.038981197271278578e-01
4.368108619958639693e-02 9.162521823905183105e-01 -3.982133862303136040e-01
-6.537975233773861937e-03 9.773981145695495032e-01 2.113058932348310937e-01
-2.503926881209154673e-02 7.603766038430515017e-01 6.489995803892819604e-01
-2.277876258003235649e-02 4.627658275032737190e-01 8.861878564224168198e-01
-4.927923328716171322e-03 1.682418091953067629e-01 9.857334371980847054e-01
-4.658581919769113483e-02 -1.245359955980540334e-01 9.911208540082847573e-01
-4.963203243868814785e-02 -4.091277464374982742e-01 9.111263076275218920e-01
-9.374238150810308701e-02 -7.023992411305054473e-01 7.055832140636943972e-01
-1.901002524037664065e-01 -9.307529815126355244e-01 3.123472129560077026e-01
-3.391724005055106739e-01 -9.061966425268230818e-01 -2.525266873193127704e-01
-5.083455459764414375e-01 -4.494662323539233562e-01 -7.345508231970673263e-01
-6.011048638907098285e-01 2.835969875284115593e-01 -7.471584110961471126e-01
-5.279355417727495947e-01 7.978534844537593651e-01 -2.910564912145882643e-01
-3.729809689493749358e-01 8.882707191692807980e-01 2.680677643210720995e-01
-2.330760824039428136e-01 7.016940372982426455e-01 6.732763309602932678e-01
-1.362796062467232228e-01 4.272962617930208817e-01 8.937817259146499937e-01
-7.610584988367032067e-02 1.491640085605599186e-01 9.858793020262215379e-01
-1.002224386674660100e-01 -1.117409035265766043e-01 9.886705382819134247e-01
-1.319806653694170218e-01 -3.442099308999280183e-01 9.295701304573695811e-01
-2.360639327096632767e-01 -5.753246220980292591e-01 7.831190196141035731e-01
-4.269006236885653505e-01 -7.447279907131141297e-01 5.129679106364339880e-01
-6.841744620825072065e-01 -7.158474207025590230e-01 1.395269712549982721e-01
-9.116753878718724113e-01 -3.759080384615925419e-01 -1.659552161537797277e-01
-9.720185753706174214e-01 1.551793118764639712e-01 -1.763498519988893898e-01
-8.231152185319120518e-01 5.571784993188346746e-01 1.096971144471665521e-01
-5.770572476593177624e-01 6.611082959868632702e-01 4.795213800250648362e-01
-3.582242030357327689e-01 5.425673371087531560e-01 7.598000428152995589e-01
-2.101208665526153874e-01 3.366323621443526037e-01 9.178931714509570572e-01
-1.270768034782438216e-01 1.137106135132738977e-01 9.853534301925168659e-01
-1.220185327148048809e-01 -8.748956128340634741e-02 9.886642778722348757e-01
-1.610684837428720539e-01 -2.533025621013702544e-01 9.538840367558696354e-01
-2.718205729046841990e-01 -4.067787508739348357e-01 8.721494275542768237e-01
-4.602702264704401913e-01 -5.046647711151058813e-01 7.303867382559536825e-01
-6.948631495635724242e-01 -4.693642297505064565e-01 5.448508265656536453e-01
-8.819542640640561926e-01 -2.522048933354835154e-01 3.981825810817042899e-01
-9.179946105180113447e-01 6.983081514553728109e-02 3.903966602265302455e-01
-7.856791698044557348e-01 3.273931613073059466e-01 5.249018575549170285e-01
-5.691901943291820531e-01 4.168167910668428844e-01 7.087215852252992665e-01
-3.672603770207444884e-01 3.611694015156750037e-01 8.571327078576462810e-01
-2.245146614276519459e-01 2.318946979845021295e-01 9.464766324905953265e-01
-1.441459668772406277e-01 7.639704641791981998e-02 9.866029756348875246e-01
-1.094274094128842301e-01 -6.069843653289953150e-02 9.921397794018890215e-01
-1.393408192640818166e-01 -1.688257807502502317e-01 9.757468892294386409e-01
-2.216237339175707866e-01 -2.596745090043179882e-01 9.399213105030637116e-01
-3.549958325568566830e-01 -3.067111174817299113e-01 8.831230091444560726e-01
-5.125272751279674743e-01 -2.747335243254649950e-01 8.135338240427359979e-01
-6.330995873041133093e-01 -1.495247160031339118e-01 7.594914560806892423e-01
-6.559572155311218511e-01 2.689503691502056343e-02 7.543187578086535394e-01
-5.725729789667812764e-01 1.746255322102861218e-01 8.010406402033785067e-01
-4.315051231335014226e-01 2.391039699149068998e-01 8.698463199211872166e-01
-2.923627339440951212e-01 2.206715361886168458e-01 9.304988473484808731e-01
-1.879962514190364753e-01 1.484878504339008087e-01 9.708804085601442369e-01
-1.266575575962876898e-01 4.914125733060534240e-02 9.907285197932357290e-01
-6.898805899508607398e-02 -3.718351070486267118e-02 9.969242871190209243e-01
-8.225609103887629447e-02 -1.073401293919315908e-01 9.908138231318160960e-01
-1.246387663189416906e-01 -1.596292957302462290e-01 9.792771139340648023e-01
-1.939504265982031628e-01 -1.790212937980157348e-01 9.645385468654104066e-01
-2.752216400618360259e-01 -1.524687666161656241e-01 9.492135292168041305e-01
-3.385120838687861178e-01 -7.956184848078516614e-02 9.375923854965531046e-01
-3.545895849719321591e-01 1.734644641757368891e-02 9.348611271339487550e-01
-3.180160657325885043e-01 1.014732084499604531e-01 9.426393636501568807e-01
-2.498689230838129771e-01 1.449890675197481049e-01 9.573628839560687220e-01
-1.778659917400358670e-01 1.417893812770513740e-01 9.737861471285349513e-01
-1.197057616357321830e-01 1.011002909659795973e-01 9.876483492608877368e-01
-8.240568280879051466e-02 3.681394063216347073e-02 9.959186900626026961e-01
-1.190030958199799795e-02 -2.017501101372772693e-02 9.997256381440188244e-01
-6.058702924490361880e-03 -7.393363656816119567e-02 9.972447590750393998e-01
-7.689584298257821394e-03 -1.093921650654212790e-01 9.939689253269978764e-01
-1.789460416262089043e-02 -1.164013734663214283e-01 9.930410381232794848e-01
-3.488814862938394157e-02 -9.016615730875618406e-02 9.953154681614083676e-01
-5.318620122499298497e-02 -3.520797495108628217e-02 9.979637400723490037e-01
-6.579916285076178872e-02 3.250877203478330646e-02 9.973031885584937584e-01
-6.866275778809130537e-02 9.090331747544830310e-02 9.934898150282631679e-01
-6.259188230863671487e-02 1.225989268720841519e-01 9.904805699249774609e-01
-5.094323574545434052e-02 1.212765129579823492e-01 9.913106446198047816e-01
-3.692848712184063076e-02 9.034079001234611439e-02 9.952260188012008735e-01
-2.304840662609877397e-02 3.907692761130251297e-02 9.989703522529842505e-01
4.744873093176455586e-02 8.654198772094404135e-03 9.988361841546326003e-01
9.560197924764583799e-02 -3.218025106420720205e-02 9.948993381269141123e-01
1.479682793787173156e-01 -5.103406768539383437e-02 9.876744971058082356e-01
1.947924124484743946e-01 -3.970148653529322058e-02 9.800406665130688699e-01
2.225870988453814148e-01 3.751731406498551736e-03 9.749055892439354443e-01
2.172789411185907238e-01 6.944041531741407258e-02 9.736364262222960697e-01
1.745802344695430164e-01 1.352581406732412672e-01 9.753086573563002348e-01
1.084705932686969576e-01 1.773145341933617669e-01 9.781583135463068901e-01
4.484330973477215765e-02 1.841400873348463252e-01 9.818765226892601783e-01
4.496395902721061349e-03 1.596958251535209872e-01 9.871560291323591141e-01
-5.658108177241686840e-03 1.149559793615159281e-01 9.933544727945373687e-01
1.112527144511007982e-02 6.116008621061908707e-02 9.980659658509876131e-01
9.215683067367450021e-02 2.625305276912015887e-02 9.953983603465220709e-01
1.701667375680022964e-01 -3.150536312698570818e-02 9.849115155787722120e-01
2.717160837288952746e-01 -5.729679965400166081e-02 9.606703110809856616e-01
3.821165504735564711e-01 -3.573732643282013371e-02 9.234228637810545370e-01
4.706604345714446858e-01 4.326103662078938789e-02 8.812532201583586078e-01
4.959660872194850412e-01 1.658703508077954136e-01 8.523524312460848407e-01
4.347599812272488484e-01 2.863530622904237322e-01 8.538065837413973957e-01
3.086239202245837365e-01 3.517432414019263098e-01 8.837578672878677599e-01
1.737716343442391731e-01 3.420250571094037850e-01 9.234837732232168417e-01
7.803297095293834640e-02 2.780833325969381820e-01 9.573821157594580855e-01
3.688588144806033420e-02 1.915911510959064923e-01 9.807814550507976126e-01
4.502157227027266118e-02 1.037640309829287039e-01 9.935824494748882740e-01
1.229438521310328158e-01 2.256824134952530383e-02 9.921569854138717615e-01
2.373905463843601904e-01 -7.378856544309796150e-02 9.686077514129270982e-01
3.959742249026553251e-01 -1.319456694699585597e-01 9.087324983298782355e-01
5.812940304170762795e-01 -1.198663860480552040e-01 8.048163142588949936e-01
7.396186181337395249e-01 -2.073010446576070253e-04 6.730261932022203464e-01
7.900575247827973380e-01 2.190163617743784985e-01 5.725739609947311237e-01
6.882098472395452582e-01 4.498279906405346917e-01 5.692292903555966621e-01
4.757287874900933411e-01 5.755833549033605445e-01 6.651209832138407219e-01
2.553791038818235548e-01 5.517170180466162144e-01 7.939709347943485485e-01
1.067258640023206334e-01 4.306942162585379874e-01 8.961652091184879598e-01
4.560862993655590003e-02 2.824516686807536647e-01 9.581966957440002375e-01
5.644902125267908105e-02 1.429534959622092427e-01 9.881183157860050637e-01
1.309864958881009900e-01 -5.246296691015378717e-03 9.913702710218816883e-01
2.781240636268165756e-01 -1.602973260593147931e-01 9.470753784625027816e-01
4.832802113632973517e-01 -2.827558229767823117e-01 8.285465478036375675e-01
7.292369253870867318e-01 -3.159250033675667924e-01 6.069636718117460417e-01
9.364760402558470753e-01 -1.671367403536261342e-01 3.083471031981286359e-01
9.805075112799301884e-01 1.824230394857964954e-01 7.298530666099214970e-02
8.102932745351458799e-01 5.827339872146235500e-01 6.201539637927307169e-02
5.092344507803991949e-01 8.122630804699761953e-01 2.844450074158736408e-01
2.281223599785966449e-01 7.820025453333888654e-01 5.800277648268009623e-01
6.133442355617168412e-02 5.925389089796819775e-01 8.032034174679265615e-01
8.911019330033931665e-03 3.706870869775216737e-01 9.287150678666928894e-01
3.943365705349169414e-02 1.699306684200273809e-01 9.846667226131451400e-01
1.105193598450058268e-01 -5.177075772732775416e-02 9.925246897401482915e-01
2.691693165910349350e-01 -2.719479862286690586e-01 9.239005205064294568e-01
4.755755382944253373e-01 -4.806242365773724101e-01 7.367687904562764123e-01
7.096213527152386291e-01 -5.986975411301946881e-01 3.714818838318751371e-01
8.768803952029253779e-01 -4.609447033328754606e-01 -1.364212336042875950e-01
8.432813451866330023e-01 3.875702346813401748e-03 -5.374584186628635907e-01
5.935188514976352803e-01 5.859524163971590038e-01 -5.517201633393349347e-01
2.687584109567853208e-01 9.482259885906277885e-01 -1.692229035955624405e-01
2.589883429487182739e-02 9.424942204446010718e-01 3.332174887527817320e-01
-7.802043908769007441e-02 7.071579156758548423e-01 7.027378553781636894e-01
-7.460789881568161142e-02 4.271751942847895611e-01 9.010854647712915888e-01
-4.856892044847029542e-03 1.749691334611598315e-01 9.845619396135010248e-01
6.398036775636514739e-02 -1.016556493914329840e-01 9.927601127607225129e-01
2.020931537065522310e-01 -3.660497821582878175e-01 9.083864344027013926e-01
3.465376606007716243e-01 -6.452455686248877997e-01 6.808596081097040287e-01
4.669774330627894376e-01 -8.536193547436611295e-01 2.307944414778884401e-01
4.806927908590060139e-01 -7.784117955601758121e-01 -4.037443712907428095e-01
3.099815814897881605e-01 -2.891470371284662333e-01 -9.057071326079662033e-01
1.301468499413681139e-02 3.940893200090223036e-01 -9.189799920723686899e-01
-2.303926275874086937e-01 8.679045037775225957e-01 -4.400693234890466488e-01
-3.188433809174477940e-01 9.291338004580994570e-01 1.872145274582673879e-01
-2.803450887100343847e-01 7.094838528344797890e-01 6.465595825624496085e-01
-1.831574039562108014e-01 4.210749818705581959e-01 8.883407144889302609e-01
-6.464574931666960955e-02 1.517355797241021764e-01 9.863048417913786725e-01
5.493626888137518108e-03 -1.366049777638839169e-01 9.906103674571783424e-01
1.004765723697084584e-01 -4.018790585831560902e-01 9.101635461152925988e-01
1.504892124090373151e-01 -6.978001636532991103e-01 7.003055965462372523e-01
1.155064442280720888e-01 -9.502405371309164961e-01 2.893115672333137489e-01
-5.601455300183440927e-02 -9.545340443952976539e-01 -2.927919533430020094e-01
-3.499497365875743338e-01 -5.513341716331865427e-01 -7.573412791151873380e-01
-6.313962910790724692e-01 9.037731849265158435e-02 -7.701757357341750820e-01
-7.357808143623918440e-01 5.910185644172508690e-01 -3.306412704584719142e-01
-6.417764520440886189e-01 7.259859970391029371e-01 2.471180238364832638e-01
-4.570041460766859354e-01 5.815497505057196648e-01 6.730134457464161946e-01
-2.740605694640216861e-01 3.449837022444504075e-01 8.977065497425901208e-01
-1.197351903803197531e-01 1.045201378639771805e-01 9.872887242167135424e-01
-4.480337820951420247e-02 -1.463500893815056214e-01 9.882177435358622253e-01
6.556929970868245576e-03 -3.708788587705469930e-01 9.286581065098278298e-01
-1.818194610744712503e-02 -6.245636961432450285e-01 7.807621957392846257e-01
-1.569967612117170452e-01 -8.511616681027911469e-01 5.008750659809765304e-01
-4.276995270413884720e-01 -8.972403890222809819e-01 1.096941150459548320e-01
-7.512534752378555725e-01 -6.279517771416190941e-01 -2.032111747118012790e-01
-9.659797126294168423e-01 -1.472271292784131380e-01 -2.126202417288715063e-01
-9.600049266209891297e-01 2.678615467791106153e-01 8.149069039155458494e-02
-7.688502859213571794e-01 4.333265380741230799e-01 4.702098991295136088e-01
-5.224658536242003937e-01 3.802012859088175212e-01 7.632014242583694541e-01
-3.100600907555676189e-01 2.292460223845197154e-01 9.226640782763282367e-01
-1.515998329795871236e-01 4.996847023078486438e-02 9.871781210214061186e-01
-7.163462401056273909e-02 -1.320998012721127657e-01 9.886445888926563841e-01
-4.842243147221066135e-02 -2.961060481944233214e-01 9.539268715960478318e-01
-1.016399789070687731e-01 -4.770340324458935410e-01 8.729878845529178699e-01
-2.552728139505285876e-01 -6.349893924575845672e-01 7.291256832152911427e-01
-5.031893088944304759e-01 -6.780393385232961201e-01 5.357827683205574898e-01
-7.597981326965408400e-01 -5.262601512308437979e-01 3.817814175379976027e-01
-8.976284449336597859e-01 -2.326699802506147496e-01 3.743365532995803213e-01
-8.553911123009770856e-01 4.509743534547477894e-02 5.160157616989550222e-01
-6.794431912694358644e-01 1.900328027213775139e-01 7.086920937385499109e-01
-4.677489054249290290e-01 1.974595946088940623e-01 8.615222980113305118e-01
-2.860068491878310359e-01 1.225899176980326521e-01 9.503535101721044542e-01
-1.530968440222007232e-01 7.876707456228796214e-03 9.881797983313096445e-01
-7.010324562282838068e-02 -1.014253279013940384e-01 9.923701113058928103e-01
-5.726923298788575561e-02 -2.083629186241885700e-01 9.763734577995035746e-01
-1.020299528135422545e-01 -3.198934671636747273e-01 9.419437660470288964e-01
-2.147194973864334500e-01 -4.104924537378985550e-01 8.862231563587036343e-01
-3.817854816908448634e-01 -4.348685188020521841e-01 8.155545458919130075e-01
-5.445703732268724062e-01 -3.572048052061422840e-01 7.588463848113179422e-01
-6.273123922218706294e-01 -2.010515729237595528e-01 7.523678804878358717e-01
-5.982422864735624790e-01 -4.060702837902267770e-02 8.002857214277424580e-01
-4.868771570509190516e-01 6.095177699450836373e-02 8.713412160705024112e-01
-3.485889221270525029e-01 8.785505723472861184e-02 9.331491050676453680e-01
-2.234375723654632717e-01 5.718870205194094558e-02 9.730391069289504591e-01
-1.282154654844093744e-01 -1.022443234311663264e-02 9.916936298040232023e-01
-4.390168386226205033e-02 -6.270466225325653509e-02 9.970660797989658874e-01
-2.841327143287102411e-02 -1.285115600276006964e-01 9.913008952612747393e-01
-4.763881146757260876e-02 -1.897574845128247034e-01 9.806745845148000518e-01
-1.061657724305304362e-01 -2.319542883195812033e-01 9.669157341228609148e-01
-1.949811729939419647e-01 -2.369436883495280588e-01 9.517562874650318250e-01
-2.843018727112120447e-01 -1.933001142830515218e-01 9.390460643605583746e-01
-3.366239970516408109e-01 -1.124254531611845326e-01 9.349036325153623483e-01
-3.337991499043884147e-01 -2.642086543007602165e-02 9.422738802455491447e-01
-2.860301075845974594e-01 3.380499975990120670e-02 9.576241431513642377e-01
-2.168813480969227769e-01 5.480295637216620747e-02 9.746584616267397472e-01
-1.462066810375679815e-01 3.920855500945463756e-02 9.884767552320536943e-01
-8.583308776142134500e-02 -3.426031128995079764e-03 9.963036401399427699e-01
-1.349318267424636864e-03 -2.353230032922533008e-02 9.997221664949758058e-01
2.611282569982920423e-02 -6.730766041900271279e-02 9.973904948328345954e-01
3.929399758948441679e-02 -9.837581516513209390e-02 9.943732602721072622e-01
3.273070324951024568e-02 -1.083181361455276270e-01 9.935773157871520267e-01
5.743354816954450263e-03 -9.205293073315683194e-02 9.957375516765827328e-01
-3.460754089734727895e-02 -5.130163377159379506e-02 9.980833935525554867e-01
-7.476968523709266734e-02 2.449385338244902677e-03 9.971978212375496309e-01
-1.015717376801212463e-01 5.135033229303012647e-02 9.935020510688945539e-01
-1.085324873472058166e-01 8.030283011637001644e-02 9.908441626540237523e-01
-9.641097532615881815e-02 8.303509430338687491e-02 9.918720164167640352e-01
-7.007300044736822220e-02 6.154199443377324913e-02 9.956416812937523009e-01
-3.594135730085931679e-02 2.287550276931136009e-02 9.990920529202294009e-01
