Step    Position
0    232
1    233
2    234
3    235
4    236
5    237
6    238
7    240
8    241
9    242
10    243
11    245
12    246
13    247
14    249
15    250
16    252
17    253
18    255
19    256
20    258
21    259
22    261
23    263
24    264
25    266
26    268
27    270
28    272
29    273
30    275
31    277
32    279
33    281
34    283
35    285
36    287
37    289
38    291
39    293
40    295
41    298
42    300
43    302
44    304
45    306
46    309
47    311
48    313
49    315
50    318
51    320
52    322
53    325
54    327
55    330
56    332
57    335
58    337
59    340
60    342
61    345
62    347
63    350
64    352
65    355
66    357
67    360
68    363
69    365
70    368
71    371
72    373
73    376
74    379
75    381
76    384
77    387
78    389
79    392
80    395
81    398
82    401
83    403
84    406
85    409
86    412
87    415
88    418
89    420
90    423
91    426
92    429
93    432
94    435
95    438
96    441
97    444
98    447
99    450
100    453
101    456
102    459
103    462
104    465
105    468
106    471
107    474
108    477
109    480
110    483
111    486
112    489
113    492
114    495
115    498
116    501
117    504
118    507
119    510
120    514
121    517
122    520
123    523
124    526
125    529
126    532
127    536
128    539
129    542
130    545
131    548
132    551
133    555
134    558
135    561
136    564
137    567
138    571
139    574
140    577
141    580
142    583
143    587
144    590
145    593
146    596
147    600
148    603
149    606
150    609
151    613
152    616
153    619
154    622
155    626
156    629
157    632
158    635
159    639
160    642
161    645
162    649
163    652
164    655
165    658
166    662
167    665
168    668
169    672
170    675
171    678
172    682
173    685
174    688
175    692
176    695
177    698
178    702
179    705
180    708
181    712
182    715
183    718
184    722
185    725
186    728
187    732
188    735
189    738
190    742
191    745
192    748
193    752
194    755
195    758
196    762
197    765
198    769
199    772
200    775
201    779
202    782
203    785
204    789
205    792
206    795
207    799
208    802
209    805
210    809
211    812
212    816
213    819
214    822
215    826
216    829
217    832
218    836
219    839
220    843
221    846
222    849
223    853
224    856
225    859
226    863
227    866
228    869
229    873
230    876
231    880
232    883
233    886
234    890
235    893
236    896
237    900
238    903
239    907
240    910
241    913
242    917
243    920
244    923
245    927
246    930
247    933
248    937
249    940
250    943
251    947
252    950
253    953
254    957
255    960
256    963
257    967
258    970
259    973
260    977
261    980
262    983
263    987
264    990
265    993
266    997
267    1000
268    1003
269    1007
270    1010
271    1013
272    1017
273    1020
274    1023
275    1027
276    1030
277    1033
278    1036
279    1040
280    1043
281    1046
282    1050
283    1053
284    1056
285    1059
286    1063
287    1066
288    1069
289    1072
290    1076
291    1079
292    1082
293    1085
294    1089
295    1092
296    1095
297    1098
298    1102
299    1105
300    1108
301    1111
302    1114
303    1118
304    1121
305    1124
306    1127
307    1130
308    1134
309    1137
310    1140
311    1143
312    1146
313    1149
314    1153
315    1156
316    1159
317    1162
318    1165
319    1168
320    1171
321    1174
322    1178
323    1181
324    1184
325    1187
326    1190
327    1193
328    1196
329    1199
330    1202
331    1205
332    1208
333    1211
334    1214
335    1217
336    1220
337    1223
338    1226
339    1229
340    1232
341    1235
342    1238
343    1241
344    1244
345    1247
346    1250
347    1253
348    1256
349    1259
350    1261
351    1264
352    1267
353    1270
354    1273
355    1276
356    1279
357    1281
358    1284
359    1287
360    1290
361    1292
362    1295
363    1298
364    1301
365    1303
366    1306
367    1309
368    1312
369    1314
370    1317
371    1319
372    1322
373    1325
374    1327
375    1330
376    1332
377    1335
378    1338
379    1340
380    1343
381    1345
382    1348
383    1350
384    1352
385    1355
386    1357
387    1360
388    1362
389    1364
390    1367
391    1369
392    1371
393    1374
394    1376
395    1378
396    1380
397    1383
398    1385
399    1387
400    1389
401    1391
402    1393
403    1395
404    1397
405    1399
406    1401
407    1403
408    1405
409    1407
410    1409
411    1411
412    1413
413    1415
414    1416
415    1418
416    1420
417    1422
418    1423
419    1425
420    1427
421    1428
422    1430
423    1431
424    1433
425    1434
426    1436
427    1437
428    1438
429    1440
430    1441
431    1442
432    1443
433    1445
434    1446
435    1447
436    1448
437    1449
438    1450
439    1451
440    1452
441    1453
442    1453
443    1454
444    1455
445    1456
446    1456
447    1457
448    1457
449    1458
450    1458
451    1459
452    1459
453    1460
454    1460
455    1460
456    1460
457    1460
458    1461
459    1461
460    1461
461    1461
462    1460
463    1460
464    1460
465    1460
466    1460
467    1459
468    1459
469    1458
470    1458
471    1457
472    1457
473    1456
474    1455
475    1455
476    1454
477    1453
478    1452
479    1451
480    1450
481    1449
482    1448
483    1447
484    1446
485    1445
486    1444
487    1443
488    1441
489    1440
490    1439
491    1437
492    1436
493    1434
494    1433
495    1431
496    1430
497    1428
498    1427
499    1425
500    1424
501    1422
502    1420
503    1419
504    1417
505    1415
506    1414
507    1412
508    1410
509    1409
510    1407
511    1406
512    1404
513    1402
514    1401
515    1399
516    1397
517    1396
518    1394
519    1393
520    1391
521    1390
522    1388
523    1387
524    1385
525    1384
526    1382
527    1381
528    1380
529    1379
530    1377
531    1376
532    1375
533    1374
534    1373
535    1372
536    1371
537    1370
538    1369
539    1368
540    1367
541    1366
542    1366
543    1365
544    1364
545    1364
546    1363
547    1363
548    1362
549    1362
550    1362
551    1361
552    1361
553    1361
554    1361
555    1361
556    1361
557    1361
558    1361
559    1361
560    1361
561    1361
562    1362
563    1362
564    1362
565    1363
566    1363
567    1364
568    1364
569    1365
570    1365
571    1366
572    1367
573    1367
574    1368
575    1369
576    1370
577    1371
578    1372
579    1373
580    1374
581    1375
582    1376
583    1377
584    1378
585    1380
586    1381
587    1382
588    1383
589    1385
590    1386
591    1388
592    1389
593    1391
594    1392
595    1394
596    1395
597    1397
598    1399
599    1400
600    1402
601    1404
602    1405
603    1407
604    1409
605    1411
606    1413
607    1415
608    1417
609    1419
610    1421
611    1423
612    1425
613    1427
614    1429
615    1431
616    1433
617    1435
618    1437
619    1439
620    1442
621    1444
622    1446
623    1448
624    1451
625    1453
626    1455
627    1458
628    1460
629    1462
630    1465
631    1467
632    1470
633    1472
634    1475
635    1477
636    1480
637    1482
638    1485
639    1487
640    1490
641    1492
642    1495
643    1498
644    1500
645    1503
646    1505
647    1508
648    1511
649    1513
650    1516
651    1519
652    1522
653    1524
654    1527
655    1530
656    1533
657    1535
658    1538
659    1541
660    1544
661    1547
662    1550
663    1552
664    1555
665    1558
666    1561
667    1564
668    1567
669    1570
670    1573
671    1576
672    1578
673    1581
674    1584
675    1587
676    1590
677    1593
678    1596
679    1599
680    1602
681    1605
682    1608
683    1611
684    1614
685    1617
686    1620
687    1623
688    1626
689    1630
690    1633
691    1636
692    1639
693    1642
694    1645
695    1648
696    1651
697    1654
698    1657
699    1661
700    1664
701    1667
702    1670
703    1673
704    1676
705    1679
706    1683
707    1686
708    1689
709    1692
710    1695
711    1699
712    1702
713    1705
714    1708
715    1711
716    1715
717    1718
718    1721
719    1724
720    1727
721    1731
722    1734
723    1737
724    1740
725    1744
726    1747
727    1750
728    1753
729    1757
730    1760
731    1763
732    1767
733    1770
734    1773
735    1776
736    1780
737    1783
738    1786
739    1790
740    1793
741    1796
742    1799
743    1803
744    1806
745    1809
746    1813
747    1816
748    1819
749    1823
750    1826
751    1829
752    1833
753    1836
754    1839
755    1843
756    1846
757    1849
758    1853
759    1856
760    1859
761    1863
762    1866
763    1869
764    1873
765    1876
766    1879
767    1883
768    1886
769    1889
770    1893
771    1896
772    1899
773    1903
774    1906
775    1909
776    1913
777    1916
778    1920
779    1923
780    1926
781    1930
782    1933
783    1936
784    1940
785    1943
786    1946
787    1950
788    1953
789    1957
790    1960
791    1963
792    1967
793    1970
794    1973
795    1977
796    1980
797    1984
798    1987
799    1990
800    1994
801    1997
802    2000
803    2004
804    2007
805    2010
806    2014
807    2017
808    2021
809    2024
810    2027
811    2031
812    2034
813    2037
814    2041
815    2044
816    2047
817    2051
818    2054
819    2058
820    2061
821    2064
822    2068
823    2071
824    2074
825    2078
826    2081
827    2084
828    2088
829    2091
830    2094
831    2098
832    2101
833    2104
834    2108
835    2111
836    2114
837    2118
838    2121
839    2124
840    2128
841    2131
842    2134
843    2138
844    2141
845    2144
846    2148
847    2151
848    2154
849    2158
850    2161
851    2164
852    2167
853    2171
854    2174
855    2177
856    2181
857    2184
858    2187
859    2190
860    2194
861    2197
862    2200
863    2204
864    2207
865    2210
866    2213
867    2217
868    2220
869    2223
870    2226
871    2230
872    2233
873    2236
874    2239
875    2242
876    2246
877    2249
878    2252
879    2255
880    2258
881    2262
882    2265
883    2268
884    2271
885    2274
886    2278
887    2281
888    2284
889    2287
890    2290
891    2293
892    2296
893    2300
894    2303
895    2306
896    2309
897    2312
898    2315
899    2318
900    2321
901    2324
902    2328
903    2331
904    2334
905    2337
906    2340
907    2343
908    2346
909    2349
910    2352
911    2355
912    2358
913    2361
914    2364
915    2367
916    2370
917    2373
918    2376
919    2379
920    2382
921    2385
922    2387
923    2390
924    2393
925    2396
926    2399
927    2402
928    2405
929    2408
930    2410
931    2413
932    2416
933    2419
934    2422
935    2425
936    2427
937    2430
938    2433
939    2436
940    2438
941    2441
942    2444
943    2446
944    2449
945    2452
946    2454
947    2457
948    2460
949    2462
950    2465
951    2467
952    2470
953    2473
954    2475
955    2478
956    2480
957    2483
958    2485
959    2488
960    2490
961    2492
962    2495
963    2497
964    2500
965    2502
966    2504
967    2507
968    2509
969    2511
970    2514
971    2516
972    2518
973    2520
974    2522
975    2525
976    2527
977    2529
978    2531
979    2533
980    2535
981    2537
982    2539
983    2541
984    2542
985    2544
986    2546
987    2547
988    2547
989    2547
990    2547
991    2546
992    2545
993    2544
994    2542
995    2541
996    2539
997    2538
998    2536
999    2534
1000    2533
1001    2531
1002    2529
1003    2528
1004    2526
1005    2524
1006    2523
1007    2521
1008    2519
1009    2518
1010    2516
1011    2514
1012    2513
1013    2511
1014    2510
1015    2508
1016    2506
1017    2505
1018    2503
1019    2502
1020    2500
1021    2499
1022    2498
1023    2496
1024    2495
1025    2494
1026    2492
1027    2491
1028    2490
1029    2489
1030    2487
1031    2486
1032    2485
1033    2484
1034    2483
1035    2482
1036    2482
1037    2481
1038    2480
1039    2479
1040    2479
1041    2478
1042    2477
1043    2477
1044    2476
1045    2476
1046    2475
1047    2475
1048    2475
1049    2474
1050    2474
1051    2474
1052    2474
1053    2474
1054    2474
1055    2474
1056    2474
1057    2474
1058    2474
1059    2475
1060    2475
1061    2475
1062    2476
1063    2476
1064    2476
1065    2477
1066    2478
1067    2478
1068    2479
1069    2479
1070    2480
1071    2481
1072    2482
1073    2483
1074    2484
1075    2484
1076    2485
1077    2486
1078    2488
1079    2489
1080    2490
1081    2491
1082    2492
1083    2493
1084    2495
1085    2496
1086    2497
1087    2499
1088    2500
1089    2502
1090    2503
1091    2505
1092    2506
1093    2508
1094    2509
1095    2511
1096    2513
1097    2514
1098    2516
1099    2518
1100    2520
1101    2521
1102    2523
1103    2525
1104    2527
1105    2529
1106    2531
1107    2533
1108    2535
1109    2537
1110    2540
1111    2542
1112    2545
1113    2549
1114    2553
1118    2555
1119    2556