Step    Position
0    1841
1    1840
2    2041
3    1841
4    1842
5    1842
6    1842
7    1843
8    1843
9    1843
10    1844
11    1844
12    1844
13    1845
14    1845
15    1845
16    1845
17    1846
18    1846
19    1846
20    1847
21    1847
22    1847
23    1847
24    1848
25    1848
26    1848
27    1848
28    1848
29    1849
30    1849
31    1849
32    1849
33    1849
34    1850
35    1850
36    1850
37    1850
38    1850
39    1851
40    1851
41    1851
42    1851
43    1851
44    1851
45    1852
46    1852
47    1852
48    1852
49    1852
50    1852
51    1852
52    1853
53    1853
54    1853
55    1853
56    1853
57    1853
58    1853
59    1853
60    1854
61    1854
62    1854
63    1854
64    1854
65    1854
66    1854
67    1854
68    1854
69    1854
70    1855
71    1855
72    1855
73    1855
74    1855
75    1855
76    1855
77    1855
78    1855
79    1855
80    1855
81    1855
82    1856
83    1856
84    1856
85    1856
86    1856
87    1856
88    1856
89    1856
90    1856
91    1856
92    1856
93    1856
94    1856
95    1856
96    1856
97    1856
98    1856
99    1857
100    1857
101    1857
102    1857
103    1857
104    1857
105    1857
106    1857
107    1857
108    1857
109    1857
110    1857
111    1857
112    1857
113    1857
114    1857
115    1857
116    1857
117    1857
118    1857
119    1857
120    1857
121    1857
122    1857
123    1857
124    1857
125    1858
126    1858
127    1858
128    1858
129    1858
130    1858
131    1858
132    1858
133    1858
134    1858
135    1858
136    1858
137    1858
138    1858
139    1858
140    1858
141    1858
142    1858
143    1858
144    1858
145    1858
146    1858
147    1858
148    1858
149    1858
150    1858
151    1858
152    1858
153    1858
154    1858
155    1858
156    1858
157    1858
158    1858
159    1858
160    1858
161    1858
162    1858
163    1858
164    1858
165    1858
166    1858
167    1858
168    1858
169    1858
170    1858
171    1858
172    1858
173    1858
174    1858
175    1858
176    1858
177    1858
178    1858
179    1858
180    1858
181    1858
182    1858
183    1858
184    1858
185    1858
186    1858
187    1858
188    1858
189    1858
190    1858
191    1858
192    1858
193    1859
194    1859
195    1859
196    1859
197    1859
198    1859
199    1859
200    1859
201    1859
202    1859
203    1859
204    1859
205    1859
206    1859
207    1859
208    1859
209    1859
210    1859
211    1859
212    1859
213    1859
214    1859
215    1859
216    1859
217    1859
218    1859
219    1859
220    1859
221    1859
222    1859
223    1859
224    1859
225    1859
226    1859
227    1859
228    1859
229    1859
230    1859
231    1859
232    1859
233    1859
234    1859
235    1859
236    1859
237    1859
238    1859
239    1859
240    1859
241    1859
242    1859
243    1859
244    1859
245    1859
246    1859
247    1859
248    1859
249    1859
250    1859
251    1859
252    1859
253    1859
254    1859
255    1859
256    1859
257    1859
258    1859
259    1859
260    1859
261    1859
262    1859
263    1859
264    1859
265    1859
266    1859
267    1859
268    1859
269    1859
270    1859
271    1859
272    1859
273    1859
274    1859
275    1859
276    1859
277    1859
278    1859
279    1859
280    1859
281    1859
282    1859
283    1859
284    1859
285    1859
286    1859
287    1859
288    1859
289    1859
290    1859
291    1859
292    1859
293    1859
294    1859
295    1859
296    1859
297    1859
298    1859
299    1859
300    1859
301    1859
302    1859
303    1859
304    1859
305    1859
306    1859
307    1859
308    1859
309    1859
310    1859
311    1859
312    1859
313    1859
314    1859
315    1859
316    1859
317    1859
318    1859
319    1859
320    1859
321    1859
322    1859
323    1859
324    1859
325    1859
326    1859
327    1859
328    1859
329    1859
330    1859
331    1859
332    1859
333    1859
334    1859
335    1859
336    1859
337    1859
338    1859
339    1859
340    1859
341    1859
342    1859
343    1859
344    1859
345    1859
346    1859
347    1859
348    1859
349    1859
350    1859
351    1859
352    1859
353    1859
354    1859
355    1859
356    1859
357    1859
358    1859
359    1859
360    1859
361    1859
362    1859
363    1859
364    1859
365    1859
366    1859
367    1859
368    1859
369    1859
370    1859
371    1859
372    1859
373    1859
374    1859
375    1859
376    1859
377    1859
378    1859
379    1859
380    1859
381    1859
382    1859
383    1859
384    1859
385    1859
386    1859
387    1859
388    1859
389    1859
390    1859
391    1859
392    1859
393    1859
394    1859
395    1859
396    1859
397    1859
398    1859
399    1859
400    1859
401    1859
402    1859
403    1859
404    1859
405    1859
406    1859
407    1859
408    1859
409    1859
410    1859
411    1859
412    1859
413    1859
414    1859
415    1859
416    1859
417    1859
418    1859
419    1859
420    1859
421    1859
422    1859
423    1859
424    1859
425    1859
426    1859
427    1859
428    1859
429    1859
430    1859
431    1859
432    1859
433    1859
434    1859
435    1859
436    1859
437    1859
438    1859
439    1859
440    1859
441    1859
442    1859
443    1859
444    1859
445    1859
446    1859
447    1859
448    1859
449    1859
450    1859
451    1859
452    1859
453    1859
454    1859
455    1859
456    1859
457    1859
458    1859
459    1859
460    1859
461    1859
462    1859
463    1859
464    1859
465    1859
466    1859
467    1859
468    1859
469    1859
470    1859
471    1859
472    1859
473    1859
474    1859
475    1859
476    1859
477    1859
478    1859
479    1859
480    1859
481    1859
482    1859
483    1859
484    1859
485    1859
486    1859
487    1859
488    1859
489    1859
490    1859
491    1859
492    1859
493    1859
494    1859
495    1859
496    1859
497    1859
498    1859
499    1859