### Spin Configuration for NOS =      513 and iteration        0
       1.0000000000       0.0000000000       0.0000000000
       1.0000000000       0.0000000000       0.0000000000
       1.0000000000       0.0000000000       0.0000000000
       1.0000000000       0.0000000000       0.0000000000
       1.0000000000       0.0000000000       0.0000000000
       1.0000000000       0.0000000000       0.0000000000
       1.0000000000       0.0000000000       0.0000000000
       1.0000000000       0.0000000000       0.0000000000
       1.0000000000       0.0000000000       0.0000000000
       1.0000000000       0.0000000000       0.0000000000
       1.0000000000       0.0000000000       0.0000000000
       1.0000000000       0.0000000000       0.0000000000
       1.0000000000       0.0000000000       0.0000000000
       1.0000000000       0.0000000000       0.0000000000
       1.0000000000       0.0000000000       0.0000000000
       1.0000000000       0.0000000000       0.0000000000
       1.0000000000       0.0000000000       0.0000000000
       1.0000000000       0.0000000000       0.0000000000
       1.0000000000       0.0000000000       0.0000000000
       1.0000000000       0.0000000001       0.0000000000
       1.0000000000       0.0000000001       0.0000000000
       1.0000000000       0.0000000001       0.0000000000
       1.0000000000       0.0000000001       0.0000000000
       1.0000000000       0.0000000001       0.0000000000
       1.0000000000       0.0000000001       0.0000000000
       1.0000000000       0.0000000001       0.0000000000
       1.0000000000       0.0000000001       0.0000000000
       1.0000000000       0.0000000001       0.0000000000
       1.0000000000       0.0000000002       0.0000000000
       1.0000000000       0.0000000002       0.0000000000
       1.0000000000       0.0000000002       0.0000000000
       1.0000000000       0.0000000002       0.0000000000
       1.0000000000       0.0000000002       0.0000000000
       1.0000000000       0.0000000003       0.0000000000
       1.0000000000       0.0000000003       0.0000000000
       1.0000000000       0.0000000003       0.0000000000
       1.0000000000       0.0000000004       0.0000000000
       1.0000000000       0.0000000004       0.0000000000
       1.0000000000       0.0000000005       0.0000000000
       1.0000000000       0.0000000005       0.0000000000
       1.0000000000       0.0000000006       0.0000000000
       1.0000000000       0.0000000007       0.0000000000
       1.0000000000       0.0000000008       0.0000000000
       1.0000000000       0.0000000008       0.0000000000
       1.0000000000       0.0000000009       0.0000000000
       1.0000000000       0.0000000011       0.0000000000
       1.0000000000       0.0000000012       0.0000000000
       1.0000000000       0.0000000013       0.0000000000
       1.0000000000       0.0000000015       0.0000000000
       1.0000000000       0.0000000016       0.0000000000
       1.0000000000       0.0000000018       0.0000000000
       1.0000000000       0.0000000020       0.0000000000
       1.0000000000       0.0000000023       0.0000000000
       1.0000000000       0.0000000025       0.0000000000
       1.0000000000       0.0000000028       0.0000000000
       1.0000000000       0.0000000031       0.0000000000
       1.0000000000       0.0000000035       0.0000000000
       1.0000000000       0.0000000039       0.0000000000
       1.0000000000       0.0000000043       0.0000000000
       1.0000000000       0.0000000048       0.0000000000
       1.0000000000       0.0000000054       0.0000000000
       1.0000000000       0.0000000060       0.0000000000
       1.0000000000       0.0000000067       0.0000000000
       1.0000000000       0.0000000074       0.0000000000
       1.0000000000       0.0000000083       0.0000000000
       1.0000000000       0.0000000092       0.0000000000
       1.0000000000       0.0000000102       0.0000000000
       1.0000000000       0.0000000114       0.0000000000
       1.0000000000       0.0000000127       0.0000000000
       1.0000000000       0.0000000141       0.0000000000
       1.0000000000       0.0000000157       0.0000000000
       1.0000000000       0.0000000174       0.0000000000
       1.0000000000       0.0000000194       0.0000000000
       1.0000000000       0.0000000215       0.0000000000
       1.0000000000       0.0000000239       0.0000000000
       1.0000000000       0.0000000266       0.0000000000
       1.0000000000       0.0000000295       0.0000000000
       1.0000000000       0.0000000328       0.0000000000
       1.0000000000       0.0000000364       0.0000000000
       1.0000000000       0.0000000404       0.0000000000
       1.0000000000       0.0000000448       0.0000000000
       1.0000000000       0.0000000498       0.0000000000
       1.0000000000       0.0000000552       0.0000000000
       1.0000000000       0.0000000613       0.0000000000
       1.0000000000       0.0000000680       0.0000000000
       1.0000000000       0.0000000754       0.0000000000
       1.0000000000       0.0000000837       0.0000000000
       1.0000000000       0.0000000928       0.0000000000
       1.0000000000       0.0000001029       0.0000000000
       1.0000000000       0.0000001141       0.0000000000
       1.0000000000       0.0000001266       0.0000000000
       1.0000000000       0.0000001403       0.0000000000
       1.0000000000       0.0000001555       0.0000000000
       1.0000000000       0.0000001724       0.0000000000
       1.0000000000       0.0000001911       0.0000000000
       1.0000000000       0.0000002118       0.0000000000
       1.0000000000       0.0000002347       0.0000000000
       1.0000000000       0.0000002600       0.0000000000
       1.0000000000       0.0000002881       0.0000000000
       1.0000000000       0.0000003191       0.0000000000
       1.0000000000       0.0000003535       0.0000000000
       1.0000000000       0.0000003915       0.0000000000
       1.0000000000       0.0000004336       0.0000000000
       1.0000000000       0.0000004802       0.0000000000
       1.0000000000       0.0000005318       0.0000000000
       1.0000000000       0.0000005888       0.0000000000
       1.0000000000       0.0000006520       0.0000000000
       1.0000000000       0.0000007218       0.0000000000
       1.0000000000       0.0000007990       0.0000000000
       1.0000000000       0.0000008845       0.0000000000
       1.0000000000       0.0000009791       0.0000000000
       1.0000000000       0.0000010837       0.0000000000
       1.0000000000       0.0000011994       0.0000000000
       1.0000000000       0.0000013273       0.0000000000
       1.0000000000       0.0000014689       0.0000000000
       1.0000000000       0.0000016254       0.0000000000
       1.0000000000       0.0000017985       0.0000000000
       1.0000000000       0.0000019900       0.0000000000
       1.0000000000       0.0000022017       0.0000000000
       1.0000000000       0.0000024359       0.0000000000
       1.0000000000       0.0000026948       0.0000000000
       1.0000000000       0.0000029811       0.0000000000
       1.0000000000       0.0000032977       0.0000000000
       1.0000000000       0.0000036478       0.0000000000
       1.0000000000       0.0000040348       0.0000000000
       1.0000000000       0.0000044628       0.0000000000
       1.0000000000       0.0000049359       0.0000000000
       1.0000000000       0.0000054590       0.0000000000
       1.0000000000       0.0000060373       0.0000000000
       1.0000000000       0.0000066767       0.0000000000
       1.0000000000       0.0000073836       0.0000000000
       1.0000000000       0.0000081650       0.0000000000
       1.0000000000       0.0000090289       0.0000000000
       1.0000000000       0.0000099839       0.0000000000
       0.9999999999       0.0000110395       0.0000000000
       0.9999999999       0.0000122065       0.0000000000
       0.9999999999       0.0000134965       0.0000000000
       0.9999999999       0.0000149225       0.0000000000
       0.9999999999       0.0000164987       0.0000000000
       0.9999999998       0.0000182410       0.0000000000
       0.9999999998       0.0000201669       0.0000000000
       0.9999999998       0.0000222956       0.0000000000
       0.9999999997       0.0000246486       0.0000000000
       0.9999999996       0.0000272494       0.0000000000
       0.9999999995       0.0000301240       0.0000000000
       0.9999999994       0.0000333013       0.0000000000
       0.9999999993       0.0000368131       0.0000000000
       0.9999999992       0.0000406947       0.0000000000
       0.9999999990       0.0000449848       0.0000000000
       0.9999999988       0.0000497265       0.0000000000
       0.9999999985       0.0000549672       0.0000000000
       0.9999999982       0.0000607595       0.0000000000
       0.9999999977       0.0000671613       0.0000000000
       0.9999999972       0.0000742368       0.0000000000
       0.9999999966       0.0000820567       0.0000000000
       0.9999999959       0.0000906994       0.0000000000
       0.9999999950       0.0001002514       0.0000000000
       0.9999999939       0.0001108083       0.0000000000
       0.9999999925       0.0001224757       0.0000000000
       0.9999999908       0.0001353704       0.0000000000
       0.9999999888       0.0001496215       0.0000000000
       0.9999999863       0.0001653716       0.0000000000
       0.9999999833       0.0001827782       0.0000000000
       0.9999999796       0.0002020156       0.0000000000
       0.9999999751       0.0002232763       0.0000000000
       0.9999999696       0.0002467729       0.0000000000
       0.9999999628       0.0002727406       0.0000000000
       0.9999999546       0.0003014391       0.0000000000
       0.9999999445       0.0003331555       0.0000000000
       0.9999999322       0.0003682072       0.0000000000
       0.9999999172       0.0004069447       0.0000000000
       0.9999998989       0.0004497556       0.0000000000
       0.9999998765       0.0004970681       0.0000000000
       0.9999998491       0.0005493555       0.0000000000
       0.9999998157       0.0006071408       0.0000000000
       0.9999997749       0.0006710019       0.0000000000
       0.9999997250       0.0007415776       0.0000000000
       0.9999996641       0.0008195739       0.0000000000
       0.9999995898       0.0009057707       0.0000000000
       0.9999994990       0.0010010303       0.0000000000
       0.9999993880       0.0011063054       0.0000000000
       0.9999992526       0.0012226488       0.0000000000
       0.9999990871       0.0013512242       0.0000000000
       0.9999988850       0.0014933174       0.0000000000
       0.9999986382       0.0016503496       0.0000000000
       0.9999983367       0.0018238910       0.0000000000
       0.9999979685       0.0020156774       0.0000000000
       0.9999975188       0.0022276267       0.0000000000
       0.9999969696       0.0024618585       0.0000000000
       0.9999962988       0.0027207152       0.0000000000
       0.9999954796       0.0030067854       0.0000000000
       0.9999944791       0.0033229299       0.0000000000
       0.9999932570       0.0036723100       0.0000000000
       0.9999917646       0.0040584195       0.0000000000
       0.9999899418       0.0044851194       0.0000000000
       0.9999877156       0.0049566762       0.0000000000
       0.9999849967       0.0054778052       0.0000000000
       0.9999816761       0.0060537169       0.0000000000
       0.9999776206       0.0066901694       0.0000000000
       0.9999726675       0.0073935260       0.0000000000
       0.9999666183       0.0081708181       0.0000000000
       0.9999592304       0.0090298162       0.0000000000
       0.9999502075       0.0099791065       0.0000000000
       0.9999391878       0.0110281769       0.0000000000
       0.9999257295       0.0121875114       0.0000000000
       0.9999092930       0.0134686940       0.0000000000
       0.9998892193       0.0148845241       0.0000000000
       0.9998647037       0.0164491429       0.0000000000
       0.9998347633       0.0181781738       0.0000000000
       0.9997981982       0.0200888759       0.0000000000
       0.9997535426       0.0222003144       0.0000000000
       0.9996990072       0.0245335470       0.0000000000
       0.9996324068       0.0271118295       0.0000000000
       0.9995510732       0.0299608413       0.0000000000
       0.9994517490       0.0331089330       0.0000000000
       0.9993304570       0.0365873973       0.0000000000
       0.9991823424       0.0404307646       0.0000000000
       0.9990014787       0.0446771256       0.0000000000
       0.9987806331       0.0493684812       0.0000000000
       0.9985109790       0.0545511206       0.0000000000
       0.9981817472       0.0602760279       0.0000000000
       0.9977798009       0.0665993164       0.0000000000
       0.9972891196       0.0735826872       0.0000000000
       0.9966901727       0.0812939087       0.0000000000
       0.9959591594       0.0898073096       0.0000000000
       0.9950670893       0.0992042731       0.0000000000
       0.9939786721       0.1095737168       0.0000000000
       0.9926509794       0.1210125329       0.0000000000
       0.9910318379       0.1336259569       0.0000000000
       0.9890579072       0.1475278151       0.0000000000
       0.9866523919       0.1628405892       0.0000000000
       0.9837223346       0.1796952097       0.0000000000
       0.9801554381       0.1982304648       0.0000000000
       0.9758163730       0.2185918713       0.0000000000
       0.9705425416       0.2409298132       0.0000000000
       0.9641393011       0.2653966993       0.0000000000
       0.9563747010       0.2921428270       0.0000000000
       0.9469738708       0.3213105786       0.0000000000
       0.9356133189       0.3530265111       0.0000000000
       0.9219155757       0.3873908508       0.0000000000
       0.9054448600       0.4244639037       0.0000000000
       0.8857047544       0.4642489505       0.0000000000
       0.8621392580       0.5066713923       0.0000000000
       0.8341389960       0.5515542904       0.0000000000
       0.8010547511       0.5985910840       0.0000000000
       0.7622206989       0.6473172377       0.0000000000
       0.7169895944       0.6970838698       0.0000000000
       0.6647813868       0.7470379560       0.0000000000
       0.6051450751       0.7961152166       0.0000000000
       0.5378308595       0.8430527662       0.0000000000
       0.4628659195       0.8864283054       0.0000000000
       0.3806230523       0.9247302807       0.0000000000
       0.2918681836       0.9564585529       0.0000000000
       0.1977720668       0.9802480347       0.0000000000
       0.0998748443       0.9950000078       0.0000000000
      -0.0000000000       1.0000000000       0.0000000000
      -0.0998748443       0.9950000078       0.0000000000
      -0.1977720668       0.9802480347       0.0000000000
      -0.2918681836       0.9564585529       0.0000000000
      -0.3806230523       0.9247302807       0.0000000000
      -0.4628659195       0.8864283054       0.0000000000
      -0.5378308595       0.8430527662       0.0000000000
      -0.6051450751       0.7961152166       0.0000000000
      -0.6647813868       0.7470379560       0.0000000000
      -0.7169895944       0.6970838698       0.0000000000
      -0.7622206989       0.6473172377       0.0000000000
      -0.8010547511       0.5985910840       0.0000000000
      -0.8341389960       0.5515542904       0.0000000000
      -0.8621392580       0.5066713923       0.0000000000
      -0.8857047544       0.4642489505       0.0000000000
      -0.9054448600       0.4244639037       0.0000000000
      -0.9219155757       0.3873908508       0.0000000000
      -0.9356133189       0.3530265111       0.0000000000
      -0.9469738708       0.3213105786       0.0000000000
      -0.9563747010       0.2921428270       0.0000000000
      -0.9641393011       0.2653966993       0.0000000000
      -0.9705425416       0.2409298132       0.0000000000
      -0.9758163730       0.2185918713       0.0000000000
      -0.9801554381       0.1982304648       0.0000000000
      -0.9837223346       0.1796952097       0.0000000000
      -0.9866523919       0.1628405892       0.0000000000
      -0.9890579072       0.1475278151       0.0000000000
      -0.9910318379       0.1336259569       0.0000000000
      -0.9926509794       0.1210125329       0.0000000000
      -0.9939786721       0.1095737168       0.0000000000
      -0.9950670893       0.0992042731       0.0000000000
      -0.9959591594       0.0898073096       0.0000000000
      -0.9966901727       0.0812939087       0.0000000000
      -0.9972891196       0.0735826872       0.0000000000
      -0.9977798009       0.0665993164       0.0000000000
      -0.9981817472       0.0602760279       0.0000000000
      -0.9985109790       0.0545511206       0.0000000000
      -0.9987806331       0.0493684812       0.0000000000
      -0.9990014787       0.0446771256       0.0000000000
      -0.9991823424       0.0404307646       0.0000000000
      -0.9993304570       0.0365873973       0.0000000000
      -0.9994517490       0.0331089330       0.0000000000
      -0.9995510732       0.0299608413       0.0000000000
      -0.9996324068       0.0271118295       0.0000000000
      -0.9996990072       0.0245335470       0.0000000000
      -0.9997535426       0.0222003144       0.0000000000
      -0.9997981982       0.0200888759       0.0000000000
      -0.9998347633       0.0181781738       0.0000000000
      -0.9998647037       0.0164491429       0.0000000000
      -0.9998892193       0.0148845241       0.0000000000
      -0.9999092930       0.0134686940       0.0000000000
      -0.9999257295       0.0121875114       0.0000000000
      -0.9999391878       0.0110281769       0.0000000000
      -0.9999502075       0.0099791065       0.0000000000
      -0.9999592304       0.0090298162       0.0000000000
      -0.9999666183       0.0081708181       0.0000000000
      -0.9999726675       0.0073935260       0.0000000000
      -0.9999776206       0.0066901694       0.0000000000
      -0.9999816761       0.0060537169       0.0000000000
      -0.9999849967       0.0054778052       0.0000000000
      -0.9999877156       0.0049566762       0.0000000000
      -0.9999899418       0.0044851194       0.0000000000
      -0.9999917646       0.0040584195       0.0000000000
      -0.9999932570       0.0036723100       0.0000000000
      -0.9999944791       0.0033229299       0.0000000000
      -0.9999954796       0.0030067854       0.0000000000
      -0.9999962988       0.0027207152       0.0000000000
      -0.9999969696       0.0024618585       0.0000000000
      -0.9999975188       0.0022276267       0.0000000000
      -0.9999979685       0.0020156774       0.0000000000
      -0.9999983367       0.0018238910       0.0000000000
      -0.9999986382       0.0016503496       0.0000000000
      -0.9999988850       0.0014933174       0.0000000000
      -0.9999990871       0.0013512242       0.0000000000
      -0.9999992526       0.0012226488       0.0000000000
      -0.9999993880       0.0011063054       0.0000000000
      -0.9999994990       0.0010010303       0.0000000000
      -0.9999995898       0.0009057707       0.0000000000
      -0.9999996641       0.0008195739       0.0000000000
      -0.9999997250       0.0007415776       0.0000000000
      -0.9999997749       0.0006710019       0.0000000000
      -0.9999998157       0.0006071408       0.0000000000
      -0.9999998491       0.0005493555       0.0000000000
      -0.9999998765       0.0004970681       0.0000000000
      -0.9999998989       0.0004497556       0.0000000000
      -0.9999999172       0.0004069447       0.0000000000
      -0.9999999322       0.0003682072       0.0000000000
      -0.9999999445       0.0003331555       0.0000000000
      -0.9999999546       0.0003014391       0.0000000000
      -0.9999999628       0.0002727406       0.0000000000
      -0.9999999696       0.0002467729       0.0000000000
      -0.9999999751       0.0002232763       0.0000000000
      -0.9999999796       0.0002020156       0.0000000000
      -0.9999999833       0.0001827782       0.0000000000
      -0.9999999863       0.0001653716       0.0000000000
      -0.9999999888       0.0001496215       0.0000000000
      -0.9999999908       0.0001353704       0.0000000000
      -0.9999999925       0.0001224757       0.0000000000
      -0.9999999939       0.0001108083       0.0000000000
      -0.9999999950       0.0001002514       0.0000000000
      -0.9999999959       0.0000906994       0.0000000000
      -0.9999999966       0.0000820567       0.0000000000
      -0.9999999972       0.0000742368       0.0000000000
      -0.9999999977       0.0000671613       0.0000000000
      -0.9999999982       0.0000607595       0.0000000000
      -0.9999999985       0.0000549672       0.0000000000
      -0.9999999988       0.0000497265       0.0000000000
      -0.9999999990       0.0000449848       0.0000000000
      -0.9999999992       0.0000406947       0.0000000000
      -0.9999999993       0.0000368131       0.0000000000
      -0.9999999994       0.0000333013       0.0000000000
      -0.9999999995       0.0000301240       0.0000000000
      -0.9999999996       0.0000272494       0.0000000000
      -0.9999999997       0.0000246486       0.0000000000
      -0.9999999998       0.0000222956       0.0000000000
      -0.9999999998       0.0000201669       0.0000000000
      -0.9999999998       0.0000182410       0.0000000000
      -0.9999999999       0.0000164987       0.0000000000
      -0.9999999999       0.0000149225       0.0000000000
      -0.9999999999       0.0000134965       0.0000000000
      -0.9999999999       0.0000122065       0.0000000000
      -0.9999999999       0.0000110395       0.0000000000
      -1.0000000000       0.0000099839       0.0000000000
      -1.0000000000       0.0000090289       0.0000000000
      -1.0000000000       0.0000081650       0.0000000000
      -1.0000000000       0.0000073836       0.0000000000
      -1.0000000000       0.0000066767       0.0000000000
      -1.0000000000       0.0000060373       0.0000000000
      -1.0000000000       0.0000054590       0.0000000000
      -1.0000000000       0.0000049359       0.0000000000
      -1.0000000000       0.0000044628       0.0000000000
      -1.0000000000       0.0000040348       0.0000000000
      -1.0000000000       0.0000036478       0.0000000000
      -1.0000000000       0.0000032977       0.0000000000
      -1.0000000000       0.0000029811       0.0000000000
      -1.0000000000       0.0000026948       0.0000000000
      -1.0000000000       0.0000024359       0.0000000000
      -1.0000000000       0.0000022017       0.0000000000
      -1.0000000000       0.0000019900       0.0000000000
      -1.0000000000       0.0000017985       0.0000000000
      -1.0000000000       0.0000016254       0.0000000000
      -1.0000000000       0.0000014689       0.0000000000
      -1.0000000000       0.0000013273       0.0000000000
      -1.0000000000       0.0000011994       0.0000000000
      -1.0000000000       0.0000010837       0.0000000000
      -1.0000000000       0.0000009791       0.0000000000
      -1.0000000000       0.0000008845       0.0000000000
      -1.0000000000       0.0000007990       0.0000000000
      -1.0000000000       0.0000007218       0.0000000000
      -1.0000000000       0.0000006520       0.0000000000
      -1.0000000000       0.0000005888       0.0000000000
      -1.0000000000       0.0000005318       0.0000000000
      -1.0000000000       0.0000004802       0.0000000000
      -1.0000000000       0.0000004336       0.0000000000
      -1.0000000000       0.0000003915       0.0000000000
      -1.0000000000       0.0000003535       0.0000000000
      -1.0000000000       0.0000003191       0.0000000000
      -1.0000000000       0.0000002881       0.0000000000
      -1.0000000000       0.0000002600       0.0000000000
      -1.0000000000       0.0000002347       0.0000000000
      -1.0000000000       0.0000002118       0.0000000000
      -1.0000000000       0.0000001911       0.0000000000
      -1.0000000000       0.0000001724       0.0000000000
      -1.0000000000       0.0000001555       0.0000000000
      -1.0000000000       0.0000001403       0.0000000000
      -1.0000000000       0.0000001266       0.0000000000
      -1.0000000000       0.0000001141       0.0000000000
      -1.0000000000       0.0000001029       0.0000000000
      -1.0000000000       0.0000000928       0.0000000000
      -1.0000000000       0.0000000837       0.0000000000
      -1.0000000000       0.0000000754       0.0000000000
      -1.0000000000       0.0000000680       0.0000000000
      -1.0000000000       0.0000000613       0.0000000000
      -1.0000000000       0.0000000552       0.0000000000
      -1.0000000000       0.0000000498       0.0000000000
      -1.0000000000       0.0000000448       0.0000000000
      -1.0000000000       0.0000000404       0.0000000000
      -1.0000000000       0.0000000364       0.0000000000
      -1.0000000000       0.0000000328       0.0000000000
      -1.0000000000       0.0000000295       0.0000000000
      -1.0000000000       0.0000000266       0.0000000000
      -1.0000000000       0.0000000239       0.0000000000
      -1.0000000000       0.0000000215       0.0000000000
      -1.0000000000       0.0000000194       0.0000000000
      -1.0000000000       0.0000000174       0.0000000000
      -1.0000000000       0.0000000157       0.0000000000
      -1.0000000000       0.0000000141       0.0000000000
      -1.0000000000       0.0000000127       0.0000000000
      -1.0000000000       0.0000000114       0.0000000000
      -1.0000000000       0.0000000102       0.0000000000
      -1.0000000000       0.0000000092       0.0000000000
      -1.0000000000       0.0000000083       0.0000000000
      -1.0000000000       0.0000000074       0.0000000000
      -1.0000000000       0.0000000067       0.0000000000
      -1.0000000000       0.0000000060       0.0000000000
      -1.0000000000       0.0000000054       0.0000000000
      -1.0000000000       0.0000000048       0.0000000000
      -1.0000000000       0.0000000043       0.0000000000
      -1.0000000000       0.0000000039       0.0000000000
      -1.0000000000       0.0000000035       0.0000000000
      -1.0000000000       0.0000000031       0.0000000000
      -1.0000000000       0.0000000028       0.0000000000
      -1.0000000000       0.0000000025       0.0000000000
      -1.0000000000       0.0000000023       0.0000000000
      -1.0000000000       0.0000000020       0.0000000000
      -1.0000000000       0.0000000018       0.0000000000
      -1.0000000000       0.0000000016       0.0000000000
      -1.0000000000       0.0000000015       0.0000000000
      -1.0000000000       0.0000000013       0.0000000000
      -1.0000000000       0.0000000012       0.0000000000
      -1.0000000000       0.0000000011       0.0000000000
      -1.0000000000       0.0000000009       0.0000000000
      -1.0000000000       0.0000000008       0.0000000000
      -1.0000000000       0.0000000008       0.0000000000
      -1.0000000000       0.0000000007       0.0000000000
      -1.0000000000       0.0000000006       0.0000000000
      -1.0000000000       0.0000000005       0.0000000000
      -1.0000000000       0.0000000005       0.0000000000
      -1.0000000000       0.0000000004       0.0000000000
      -1.0000000000       0.0000000004       0.0000000000
      -1.0000000000       0.0000000003       0.0000000000
      -1.0000000000       0.0000000003       0.0000000000
      -1.0000000000       0.0000000003       0.0000000000
      -1.0000000000       0.0000000002       0.0000000000
      -1.0000000000       0.0000000002       0.0000000000
      -1.0000000000       0.0000000002       0.0000000000
      -1.0000000000       0.0000000002       0.0000000000
      -1.0000000000       0.0000000002       0.0000000000
      -1.0000000000       0.0000000001       0.0000000000
      -1.0000000000       0.0000000001       0.0000000000
      -1.0000000000       0.0000000001       0.0000000000
      -1.0000000000       0.0000000001       0.0000000000
      -1.0000000000       0.0000000001       0.0000000000
      -1.0000000000       0.0000000001       0.0000000000
      -1.0000000000       0.0000000001       0.0000000000
      -1.0000000000       0.0000000001       0.0000000000
      -1.0000000000       0.0000000001       0.0000000000
      -1.0000000000       0.0000000000       0.0000000000
      -1.0000000000       0.0000000000       0.0000000000
      -1.0000000000       0.0000000000       0.0000000000
      -1.0000000000       0.0000000000       0.0000000000
      -1.0000000000       0.0000000000       0.0000000000
      -1.0000000000       0.0000000000       0.0000000000
      -1.0000000000       0.0000000000       0.0000000000
      -1.0000000000       0.0000000000       0.0000000000
      -1.0000000000       0.0000000000       0.0000000000
      -1.0000000000       0.0000000000       0.0000000000
      -1.0000000000       0.0000000000       0.0000000000
      -1.0000000000       0.0000000000       0.0000000000
      -1.0000000000       0.0000000000       0.0000000000
      -1.0000000000       0.0000000000       0.0000000000
      -1.0000000000       0.0000000000       0.0000000000
      -1.0000000000       0.0000000000       0.0000000000
      -1.0000000000       0.0000000000       0.0000000000
      -1.0000000000       0.0000000000       0.0000000000
      -1.0000000000       0.0000000000       0.0000000000
      -1.0000000000       0.0000000000       0.0000000000
      -1.0000000000       0.0000000000       0.0000000000
