### Spin Configuration for NOS =     1025 and iteration        0
       1.0000000000       0.0000000000       0.0000000000
       1.0000000000       0.0000000000       0.0000000000
       1.0000000000       0.0000000000       0.0000000000
       1.0000000000       0.0000000000       0.0000000000
       1.0000000000       0.0000000000       0.0000000000
       1.0000000000       0.0000000000       0.0000000000
       1.0000000000       0.0000000000       0.0000000000
       1.0000000000       0.0000000000       0.0000000000
       1.0000000000       0.0000000000       0.0000000000
       1.0000000000       0.0000000000       0.0000000000
       1.0000000000       0.0000000000       0.0000000000
       1.0000000000       0.0000000000       0.0000000000
       1.0000000000       0.0000000000       0.0000000000
       1.0000000000       0.0000000000       0.0000000000
       1.0000000000       0.0000000000       0.0000000000
       1.0000000000       0.0000000000       0.0000000000
       1.0000000000       0.0000000000       0.0000000000
       1.0000000000       0.0000000000       0.0000000000
       1.0000000000       0.0000000000       0.0000000000
       1.0000000000       0.0000000000       0.0000000000
       1.0000000000       0.0000000000       0.0000000000
       1.0000000000       0.0000000000       0.0000000000
       1.0000000000       0.0000000000       0.0000000000
       1.0000000000       0.0000000000       0.0000000000
       1.0000000000       0.0000000000       0.0000000000
       1.0000000000       0.0000000000       0.0000000000
       1.0000000000       0.0000000000       0.0000000000
       1.0000000000       0.0000000000       0.0000000000
       1.0000000000       0.0000000000       0.0000000000
       1.0000000000       0.0000000000       0.0000000000
       1.0000000000       0.0000000000       0.0000000000
       1.0000000000       0.0000000000       0.0000000000
       1.0000000000       0.0000000000       0.0000000000
       1.0000000000       0.0000000000       0.0000000000
       1.0000000000       0.0000000000       0.0000000000
       1.0000000000       0.0000000000       0.0000000000
       1.0000000000       0.0000000000       0.0000000000
       1.0000000000       0.0000000000       0.0000000000
       1.0000000000       0.0000000000       0.0000000000
       1.0000000000       0.0000000000       0.0000000000
       1.0000000000       0.0000000000       0.0000000000
       1.0000000000       0.0000000000       0.0000000000
       1.0000000000       0.0000000000       0.0000000000
       1.0000000000       0.0000000000       0.0000000000
       1.0000000000       0.0000000000       0.0000000000
       1.0000000000       0.0000000000       0.0000000000
       1.0000000000       0.0000000000       0.0000000000
       1.0000000000       0.0000000000       0.0000000000
       1.0000000000       0.0000000000       0.0000000000
       1.0000000000       0.0000000000       0.0000000000
       1.0000000000       0.0000000000       0.0000000000
       1.0000000000       0.0000000000       0.0000000000
       1.0000000000       0.0000000000       0.0000000000
       1.0000000000       0.0000000000       0.0000000000
       1.0000000000       0.0000000000       0.0000000000
       1.0000000000       0.0000000000       0.0000000000
       1.0000000000       0.0000000000       0.0000000000
       1.0000000000       0.0000000000       0.0000000000
       1.0000000000       0.0000000000       0.0000000000
       1.0000000000       0.0000000000       0.0000000000
       1.0000000000       0.0000000000       0.0000000000
       1.0000000000       0.0000000000       0.0000000000
       1.0000000000       0.0000000000       0.0000000000
       1.0000000000       0.0000000000       0.0000000000
       1.0000000000       0.0000000000       0.0000000000
       1.0000000000       0.0000000000       0.0000000000
       1.0000000000       0.0000000000       0.0000000000
       1.0000000000       0.0000000000       0.0000000000
       1.0000000000       0.0000000000       0.0000000000
       1.0000000000       0.0000000000       0.0000000000
       1.0000000000       0.0000000000       0.0000000000
       1.0000000000       0.0000000000       0.0000000000
       1.0000000000       0.0000000000       0.0000000000
       1.0000000000       0.0000000000       0.0000000000
       1.0000000000       0.0000000000       0.0000000000
       1.0000000000       0.0000000000       0.0000000000
       1.0000000000       0.0000000000       0.0000000000
       1.0000000000       0.0000000000       0.0000000000
       1.0000000000       0.0000000000       0.0000000000
       1.0000000000       0.0000000000       0.0000000000
       1.0000000000       0.0000000000       0.0000000000
       1.0000000000       0.0000000000       0.0000000000
       1.0000000000       0.0000000000       0.0000000000
       1.0000000000       0.0000000000       0.0000000000
       1.0000000000       0.0000000000       0.0000000000
       1.0000000000       0.0000000000       0.0000000000
       1.0000000000       0.0000000000       0.0000000000
       1.0000000000       0.0000000000       0.0000000000
       1.0000000000       0.0000000000       0.0000000000
       1.0000000000       0.0000000000       0.0000000000
       1.0000000000       0.0000000000       0.0000000000
       1.0000000000       0.0000000000       0.0000000000
       1.0000000000       0.0000000000       0.0000000000
       1.0000000000       0.0000000000       0.0000000000
       1.0000000000       0.0000000000       0.0000000000
       1.0000000000       0.0000000000       0.0000000000
       1.0000000000       0.0000000000       0.0000000000
       1.0000000000       0.0000000000       0.0000000000
       1.0000000000       0.0000000000       0.0000000000
       1.0000000000       0.0000000000       0.0000000000
       1.0000000000       0.0000000000       0.0000000000
       1.0000000000       0.0000000000       0.0000000000
       1.0000000000       0.0000000000       0.0000000000
       1.0000000000       0.0000000000       0.0000000000
       1.0000000000       0.0000000000       0.0000000000
       1.0000000000       0.0000000000       0.0000000000
       1.0000000000       0.0000000000       0.0000000000
       1.0000000000       0.0000000000       0.0000000000
       1.0000000000       0.0000000000       0.0000000000
       1.0000000000       0.0000000000       0.0000000000
       1.0000000000       0.0000000000       0.0000000000
       1.0000000000       0.0000000000       0.0000000000
       1.0000000000       0.0000000000       0.0000000000
       1.0000000000       0.0000000000       0.0000000000
       1.0000000000       0.0000000000       0.0000000000
       1.0000000000       0.0000000000       0.0000000000
       1.0000000000       0.0000000000       0.0000000000
       1.0000000000       0.0000000000       0.0000000000
       1.0000000000       0.0000000000       0.0000000000
       1.0000000000       0.0000000000       0.0000000000
       1.0000000000       0.0000000000       0.0000000000
       1.0000000000       0.0000000000       0.0000000000
       1.0000000000       0.0000000000       0.0000000000
       1.0000000000       0.0000000000       0.0000000000
       1.0000000000       0.0000000000       0.0000000000
       1.0000000000       0.0000000000       0.0000000000
       1.0000000000       0.0000000000       0.0000000000
       1.0000000000       0.0000000000       0.0000000000
       1.0000000000       0.0000000000       0.0000000000
       1.0000000000       0.0000000000       0.0000000000
       1.0000000000       0.0000000000       0.0000000000
       1.0000000000       0.0000000000       0.0000000000
       1.0000000000       0.0000000000       0.0000000000
       1.0000000000       0.0000000000       0.0000000000
       1.0000000000       0.0000000000       0.0000000000
       1.0000000000       0.0000000000       0.0000000000
       1.0000000000       0.0000000000       0.0000000000
       1.0000000000       0.0000000000       0.0000000000
       1.0000000000       0.0000000000       0.0000000000
       1.0000000000       0.0000000000       0.0000000000
       1.0000000000       0.0000000000       0.0000000000
       1.0000000000       0.0000000000       0.0000000000
       1.0000000000       0.0000000000       0.0000000000
       1.0000000000       0.0000000000       0.0000000000
       1.0000000000       0.0000000000       0.0000000000
       1.0000000000       0.0000000000       0.0000000000
       1.0000000000       0.0000000000       0.0000000000
       1.0000000000       0.0000000000       0.0000000000
       1.0000000000       0.0000000000       0.0000000000
       1.0000000000       0.0000000000       0.0000000000
       1.0000000000       0.0000000000       0.0000000000
       1.0000000000       0.0000000000       0.0000000000
       1.0000000000       0.0000000000       0.0000000000
       1.0000000000       0.0000000000       0.0000000000
       1.0000000000       0.0000000000       0.0000000000
       1.0000000000       0.0000000000       0.0000000000
       1.0000000000       0.0000000000       0.0000000000
       1.0000000000       0.0000000000       0.0000000000
       1.0000000000       0.0000000000       0.0000000000
       1.0000000000       0.0000000000       0.0000000000
       1.0000000000       0.0000000000       0.0000000000
       1.0000000000       0.0000000000       0.0000000000
       1.0000000000       0.0000000000       0.0000000000
       1.0000000000       0.0000000000       0.0000000000
       1.0000000000       0.0000000000       0.0000000000
       1.0000000000       0.0000000000       0.0000000000
       1.0000000000       0.0000000000       0.0000000000
       1.0000000000       0.0000000000       0.0000000000
       1.0000000000       0.0000000000       0.0000000000
       1.0000000000       0.0000000000       0.0000000000
       1.0000000000       0.0000000000       0.0000000000
       1.0000000000       0.0000000000       0.0000000000
       1.0000000000       0.0000000000       0.0000000000
       1.0000000000       0.0000000000       0.0000000000
       1.0000000000       0.0000000000       0.0000000000
       1.0000000000       0.0000000000       0.0000000000
       1.0000000000       0.0000000000       0.0000000000
       1.0000000000       0.0000000000       0.0000000000
       1.0000000000       0.0000000000       0.0000000000
       1.0000000000       0.0000000000       0.0000000000
       1.0000000000       0.0000000000       0.0000000000
       1.0000000000       0.0000000000       0.0000000000
       1.0000000000       0.0000000000       0.0000000000
       1.0000000000       0.0000000000       0.0000000000
       1.0000000000       0.0000000000       0.0000000000
       1.0000000000       0.0000000000       0.0000000000
       1.0000000000       0.0000000000       0.0000000000
       1.0000000000       0.0000000000       0.0000000000
       1.0000000000       0.0000000000       0.0000000000
       1.0000000000       0.0000000000       0.0000000000
       1.0000000000       0.0000000000       0.0000000000
       1.0000000000       0.0000000000       0.0000000000
       1.0000000000       0.0000000000       0.0000000000
       1.0000000000       0.0000000000       0.0000000000
       1.0000000000       0.0000000000       0.0000000000
       1.0000000000       0.0000000000       0.0000000000
       1.0000000000       0.0000000000       0.0000000000
       1.0000000000       0.0000000000       0.0000000000
       1.0000000000       0.0000000000       0.0000000000
       1.0000000000       0.0000000000       0.0000000000
       1.0000000000       0.0000000000       0.0000000000
       1.0000000000       0.0000000000       0.0000000000
       1.0000000000       0.0000000000       0.0000000000
       1.0000000000       0.0000000000       0.0000000000
       1.0000000000       0.0000000000       0.0000000000
       1.0000000000       0.0000000000       0.0000000000
       1.0000000000       0.0000000000       0.0000000000
       1.0000000000       0.0000000000       0.0000000000
       1.0000000000       0.0000000000       0.0000000000
       1.0000000000       0.0000000000       0.0000000000
       1.0000000000       0.0000000000       0.0000000000
       1.0000000000       0.0000000000       0.0000000000
       1.0000000000       0.0000000000       0.0000000000
       1.0000000000       0.0000000000       0.0000000000
       1.0000000000       0.0000000000       0.0000000000
       1.0000000000       0.0000000000       0.0000000000
       1.0000000000       0.0000000000       0.0000000000
       1.0000000000       0.0000000000       0.0000000000
       1.0000000000       0.0000000000       0.0000000000
       1.0000000000       0.0000000000       0.0000000000
       1.0000000000       0.0000000000       0.0000000000
       1.0000000000       0.0000000000       0.0000000000
       1.0000000000       0.0000000000       0.0000000000
       1.0000000000       0.0000000000       0.0000000000
       1.0000000000       0.0000000000       0.0000000000
       1.0000000000       0.0000000000       0.0000000000
       1.0000000000       0.0000000000       0.0000000000
       1.0000000000       0.0000000000       0.0000000000
       1.0000000000       0.0000000000       0.0000000000
       1.0000000000       0.0000000000       0.0000000000
       1.0000000000       0.0000000000       0.0000000000
       1.0000000000       0.0000000000       0.0000000000
       1.0000000000       0.0000000000       0.0000000000
       1.0000000000       0.0000000000       0.0000000000
       1.0000000000       0.0000000000       0.0000000000
       1.0000000000       0.0000000000       0.0000000000
       1.0000000000       0.0000000000       0.0000000000
       1.0000000000       0.0000000000       0.0000000000
       1.0000000000       0.0000000000       0.0000000000
       1.0000000000       0.0000000000       0.0000000000
       1.0000000000       0.0000000000       0.0000000000
       1.0000000000       0.0000000000       0.0000000000
       1.0000000000       0.0000000000       0.0000000000
       1.0000000000       0.0000000000       0.0000000000
       1.0000000000       0.0000000000       0.0000000000
       1.0000000000       0.0000000000       0.0000000000
       1.0000000000       0.0000000000       0.0000000000
       1.0000000000       0.0000000000       0.0000000000
       1.0000000000       0.0000000000       0.0000000000
       1.0000000000       0.0000000000       0.0000000000
       1.0000000000       0.0000000000       0.0000000000
       1.0000000000       0.0000000000       0.0000000000
       1.0000000000       0.0000000000       0.0000000000
       1.0000000000       0.0000000000       0.0000000000
       1.0000000000       0.0000000000       0.0000000000
       1.0000000000       0.0000000000       0.0000000000
       1.0000000000       0.0000000000       0.0000000000
       1.0000000000       0.0000000000       0.0000000000
       1.0000000000       0.0000000000       0.0000000000
       1.0000000000       0.0000000000       0.0000000000
       1.0000000000       0.0000000000       0.0000000000
       1.0000000000       0.0000000000       0.0000000000
       1.0000000000       0.0000000000       0.0000000000
       1.0000000000       0.0000000000       0.0000000000
       1.0000000000       0.0000000000       0.0000000000
       1.0000000000       0.0000000000       0.0000000000
       1.0000000000       0.0000000000       0.0000000000
       1.0000000000       0.0000000000       0.0000000000
       1.0000000000       0.0000000000       0.0000000000
       1.0000000000       0.0000000000       0.0000000000
       1.0000000000       0.0000000000       0.0000000000
       1.0000000000       0.0000000000       0.0000000000
       1.0000000000       0.0000000000       0.0000000000
       1.0000000000       0.0000000000       0.0000000000
       1.0000000000       0.0000000000       0.0000000000
       1.0000000000       0.0000000000       0.0000000000
       1.0000000000       0.0000000000       0.0000000000
       1.0000000000       0.0000000000       0.0000000000
       1.0000000000       0.0000000000       0.0000000000
       1.0000000000       0.0000000000       0.0000000000
       1.0000000000       0.0000000000       0.0000000000
       1.0000000000       0.0000000000       0.0000000000
       1.0000000000       0.0000000001       0.0000000000
       1.0000000000       0.0000000001       0.0000000000
       1.0000000000       0.0000000001       0.0000000000
       1.0000000000       0.0000000001       0.0000000000
       1.0000000000       0.0000000001       0.0000000000
       1.0000000000       0.0000000001       0.0000000000
       1.0000000000       0.0000000001       0.0000000000
       1.0000000000       0.0000000001       0.0000000000
       1.0000000000       0.0000000001       0.0000000000
       1.0000000000       0.0000000002       0.0000000000
       1.0000000000       0.0000000002       0.0000000000
       1.0000000000       0.0000000002       0.0000000000
       1.0000000000       0.0000000002       0.0000000000
       1.0000000000       0.0000000003       0.0000000000
       1.0000000000       0.0000000003       0.0000000000
       1.0000000000       0.0000000004       0.0000000000
       1.0000000000       0.0000000004       0.0000000000
       1.0000000000       0.0000000005       0.0000000000
       1.0000000000       0.0000000005       0.0000000000
       1.0000000000       0.0000000006       0.0000000000
       1.0000000000       0.0000000006       0.0000000000
       1.0000000000       0.0000000007       0.0000000000
       1.0000000000       0.0000000008       0.0000000000
       1.0000000000       0.0000000009       0.0000000000
       1.0000000000       0.0000000010       0.0000000000
       1.0000000000       0.0000000012       0.0000000000
       1.0000000000       0.0000000013       0.0000000000
       1.0000000000       0.0000000015       0.0000000000
       1.0000000000       0.0000000017       0.0000000000
       1.0000000000       0.0000000019       0.0000000000
       1.0000000000       0.0000000021       0.0000000000
       1.0000000000       0.0000000024       0.0000000000
       1.0000000000       0.0000000027       0.0000000000
       1.0000000000       0.0000000030       0.0000000000
       1.0000000000       0.0000000034       0.0000000000
       1.0000000000       0.0000000038       0.0000000000
       1.0000000000       0.0000000043       0.0000000000
       1.0000000000       0.0000000048       0.0000000000
       1.0000000000       0.0000000054       0.0000000000
       1.0000000000       0.0000000061       0.0000000000
       1.0000000000       0.0000000068       0.0000000000
       1.0000000000       0.0000000076       0.0000000000
       1.0000000000       0.0000000085       0.0000000000
       1.0000000000       0.0000000095       0.0000000000
       1.0000000000       0.0000000107       0.0000000000
       1.0000000000       0.0000000120       0.0000000000
       1.0000000000       0.0000000134       0.0000000000
       1.0000000000       0.0000000150       0.0000000000
       1.0000000000       0.0000000168       0.0000000000
       1.0000000000       0.0000000188       0.0000000000
       1.0000000000       0.0000000210       0.0000000000
       1.0000000000       0.0000000235       0.0000000000
       1.0000000000       0.0000000262       0.0000000000
       1.0000000000       0.0000000293       0.0000000000
       1.0000000000       0.0000000327       0.0000000000
       1.0000000000       0.0000000365       0.0000000000
       1.0000000000       0.0000000408       0.0000000000
       1.0000000000       0.0000000455       0.0000000000
       1.0000000000       0.0000000508       0.0000000000
       1.0000000000       0.0000000567       0.0000000000
       1.0000000000       0.0000000632       0.0000000000
       1.0000000000       0.0000000705       0.0000000000
       1.0000000000       0.0000000786       0.0000000000
       1.0000000000       0.0000000876       0.0000000000
       1.0000000000       0.0000000977       0.0000000000
       1.0000000000       0.0000001088       0.0000000000
       1.0000000000       0.0000001212       0.0000000000
       1.0000000000       0.0000001350       0.0000000000
       1.0000000000       0.0000001503       0.0000000000
       1.0000000000       0.0000001673       0.0000000000
       1.0000000000       0.0000001863       0.0000000000
       1.0000000000       0.0000002073       0.0000000000
       1.0000000000       0.0000002306       0.0000000000
       1.0000000000       0.0000002565       0.0000000000
       1.0000000000       0.0000002853       0.0000000000
       1.0000000000       0.0000003172       0.0000000000
       1.0000000000       0.0000003527       0.0000000000
       1.0000000000       0.0000003921       0.0000000000
       1.0000000000       0.0000004357       0.0000000000
       1.0000000000       0.0000004842       0.0000000000
       1.0000000000       0.0000005379       0.0000000000
       1.0000000000       0.0000005975       0.0000000000
       1.0000000000       0.0000006637       0.0000000000
       1.0000000000       0.0000007370       0.0000000000
       1.0000000000       0.0000008183       0.0000000000
       1.0000000000       0.0000009084       0.0000000000
       1.0000000000       0.0000010083       0.0000000000
       1.0000000000       0.0000011191       0.0000000000
       1.0000000000       0.0000012418       0.0000000000
       1.0000000000       0.0000013778       0.0000000000
       1.0000000000       0.0000015285       0.0000000000
       1.0000000000       0.0000016954       0.0000000000
       1.0000000000       0.0000018803       0.0000000000
       1.0000000000       0.0000020852       0.0000000000
       1.0000000000       0.0000023121       0.0000000000
       1.0000000000       0.0000025633       0.0000000000
       1.0000000000       0.0000028416       0.0000000000
       1.0000000000       0.0000031497       0.0000000000
       1.0000000000       0.0000034908       0.0000000000
       1.0000000000       0.0000038685       0.0000000000
       1.0000000000       0.0000042866       0.0000000000
       1.0000000000       0.0000047494       0.0000000000
       1.0000000000       0.0000052616       0.0000000000
       1.0000000000       0.0000058285       0.0000000000
       1.0000000000       0.0000064559       0.0000000000
       1.0000000000       0.0000071502       0.0000000000
       1.0000000000       0.0000079185       0.0000000000
       1.0000000000       0.0000087686       0.0000000000
       1.0000000000       0.0000097092       0.0000000000
       0.9999999999       0.0000107498       0.0000000000
       0.9999999999       0.0000119011       0.0000000000
       0.9999999999       0.0000131747       0.0000000000
       0.9999999999       0.0000145834       0.0000000000
       0.9999999999       0.0000161418       0.0000000000
       0.9999999998       0.0000178654       0.0000000000
       0.9999999998       0.0000197718       0.0000000000
       0.9999999998       0.0000218803       0.0000000000
       0.9999999997       0.0000242121       0.0000000000
       0.9999999996       0.0000267909       0.0000000000
       0.9999999996       0.0000296427       0.0000000000
       0.9999999995       0.0000327963       0.0000000000
       0.9999999993       0.0000362834       0.0000000000
       0.9999999992       0.0000401394       0.0000000000
       0.9999999990       0.0000444029       0.0000000000
       0.9999999988       0.0000491170       0.0000000000
       0.9999999985       0.0000543292       0.0000000000
       0.9999999982       0.0000600919       0.0000000000
       0.9999999978       0.0000664631       0.0000000000
       0.9999999973       0.0000735069       0.0000000000
       0.9999999967       0.0000812941       0.0000000000
       0.9999999960       0.0000899029       0.0000000000
       0.9999999951       0.0000994199       0.0000000000
       0.9999999940       0.0001099407       0.0000000000
       0.9999999926       0.0001215709       0.0000000000
       0.9999999910       0.0001344273       0.0000000000
       0.9999999890       0.0001486388       0.0000000000
       0.9999999865       0.0001643482       0.0000000000
       0.9999999835       0.0001817130       0.0000000000
       0.9999999798       0.0002009074       0.0000000000
       0.9999999753       0.0002221238       0.0000000000
       0.9999999698       0.0002455749       0.0000000000
       0.9999999631       0.0002714960       0.0000000000
       0.9999999550       0.0003001466       0.0000000000
       0.9999999449       0.0003318140       0.0000000000
       0.9999999327       0.0003668154       0.0000000000
       0.9999999178       0.0004055015       0.0000000000
       0.9999998995       0.0004482597       0.0000000000
       0.9999998772       0.0004955184       0.0000000000
       0.9999998500       0.0005477508       0.0000000000
       0.9999998167       0.0006054799       0.0000000000
       0.9999997760       0.0006692838       0.0000000000
       0.9999997263       0.0007398011       0.0000000000
       0.9999996657       0.0008177378       0.0000000000
       0.9999995915       0.0009038740       0.0000000000
       0.9999995009       0.0009990719       0.0000000000
       0.9999993903       0.0011042842       0.0000000000
       0.9999992551       0.0012205639       0.0000000000
       0.9999990900       0.0013490745       0.0000000000
       0.9999988883       0.0014911020       0.0000000000
       0.9999986419       0.0016480675       0.0000000000
       0.9999983410       0.0018215415       0.0000000000
       0.9999979734       0.0020132596       0.0000000000
       0.9999975244       0.0022251397       0.0000000000
       0.9999969759       0.0024593016       0.0000000000
       0.9999963060       0.0027180877       0.0000000000
       0.9999954877       0.0030040866       0.0000000000
       0.9999944883       0.0033201592       0.0000000000
       0.9999932675       0.0036694669       0.0000000000
       0.9999917764       0.0040555035       0.0000000000
       0.9999899552       0.0044821299       0.0000000000
       0.9999877308       0.0049536130       0.0000000000
       0.9999850139       0.0054746679       0.0000000000
       0.9999816955       0.0060505052       0.0000000000
       0.9999776425       0.0066868832       0.0000000000
       0.9999726924       0.0073901651       0.0000000000
       0.9999666464       0.0081673826       0.0000000000
       0.9999592621       0.0090263061       0.0000000000
       0.9999502432       0.0099755218       0.0000000000
       0.9999392282       0.0110245179       0.0000000000
       0.9999257750       0.0121837782       0.0000000000
       0.9999093443       0.0134648871       0.0000000000
       0.9998892771       0.0148806438       0.0000000000
       0.9998647687       0.0164451898       0.0000000000
       0.9998348365       0.0181741485       0.0000000000
       0.9997982805       0.0200847791       0.0000000000
       0.9997536352       0.0221961469       0.0000000000
       0.9996991112       0.0245293097       0.0000000000
       0.9996325236       0.0271075233       0.0000000000
       0.9995512043       0.0299564673       0.0000000000
       0.9994518961       0.0331044925       0.0000000000
       0.9993306220       0.0365828916       0.0000000000
       0.9991825272       0.0404261951       0.0000000000
       0.9990016858       0.0446724940       0.0000000000
       0.9987808650       0.0493637893       0.0000000000
       0.9985112385       0.0545463702       0.0000000000
       0.9981820374       0.0602712213       0.0000000000
       0.9977801253       0.0665944559       0.0000000000
       0.9972894820       0.0735777752       0.0000000000
       0.9966905773       0.0812889483       0.0000000000
       0.9959596107       0.0898023039       0.0000000000
       0.9950675925       0.0991992257       0.0000000000
       0.9939792327       0.1095686316       0.0000000000
       0.9926516033       0.1210074146       0.0000000000
       0.9910325317       0.1336208107       0.0000000000
       0.9890586781       0.1475226469       0.0000000000
       0.9866532474       0.1628354058       0.0000000000
       0.9837232828       0.1796900190       0.0000000000
       0.9801564875       0.1982252758       0.0000000000
       0.9758175326       0.2185866946       0.0000000000
       0.9705438206       0.2409246612       0.0000000000
       0.9641407086       0.2653915862       0.0000000000
       0.9563762459       0.2921377693       0.0000000000
       0.9469755615       0.3213055958       0.0000000000
       0.9356151624       0.3530216252       0.0000000000
       0.9219175773       0.3873860874       0.0000000000
       0.9054470221       0.4244592916       0.0000000000
       0.8857070755       0.4642445221       0.0000000000
       0.8621417315       0.5066671835       0.0000000000
       0.8341416085       0.5515503394       0.0000000000
       0.8010574807       0.5985874310       0.0000000000
       0.7622235140       0.6473139228       0.0000000000
       0.7169924518       0.6970809308       0.0000000000
       0.6647842310       0.7470354250       0.0000000000
       0.6051478384       0.7961131161       0.0000000000
       0.5378334637       0.8430511048       0.0000000000
       0.4628682787       0.8864270735       0.0000000000
       0.3806250779       0.9247294470       0.0000000000
       0.2918697914       0.9564580623       0.0000000000
       0.1977731838       0.9802478094       0.0000000000
       0.0998754170       0.9949999503       0.0000000000
       0.0000000000       1.0000000000       0.0000000000
      -0.0998754170       0.9949999503       0.0000000000
      -0.1977731838       0.9802478094       0.0000000000
      -0.2918697914       0.9564580623       0.0000000000
      -0.3806250779       0.9247294470       0.0000000000
      -0.4628682787       0.8864270735       0.0000000000
      -0.5378334637       0.8430511048       0.0000000000
      -0.6051478384       0.7961131161       0.0000000000
      -0.6647842310       0.7470354250       0.0000000000
      -0.7169924518       0.6970809308       0.0000000000
      -0.7622235140       0.6473139228       0.0000000000
      -0.8010574807       0.5985874310       0.0000000000
      -0.8341416085       0.5515503394       0.0000000000
      -0.8621417315       0.5066671835       0.0000000000
      -0.8857070755       0.4642445221       0.0000000000
      -0.9054470221       0.4244592916       0.0000000000
      -0.9219175773       0.3873860874       0.0000000000
      -0.9356151624       0.3530216252       0.0000000000
      -0.9469755615       0.3213055958       0.0000000000
      -0.9563762459       0.2921377693       0.0000000000
      -0.9641407086       0.2653915862       0.0000000000
      -0.9705438206       0.2409246612       0.0000000000
      -0.9758175326       0.2185866946       0.0000000000
      -0.9801564875       0.1982252758       0.0000000000
      -0.9837232828       0.1796900190       0.0000000000
      -0.9866532474       0.1628354058       0.0000000000
      -0.9890586781       0.1475226469       0.0000000000
      -0.9910325317       0.1336208107       0.0000000000
      -0.9926516033       0.1210074146       0.0000000000
      -0.9939792327       0.1095686316       0.0000000000
      -0.9950675925       0.0991992257       0.0000000000
      -0.9959596107       0.0898023039       0.0000000000
      -0.9966905773       0.0812889483       0.0000000000
      -0.9972894820       0.0735777752       0.0000000000
      -0.9977801253       0.0665944559       0.0000000000
      -0.9981820374       0.0602712213       0.0000000000
      -0.9985112385       0.0545463702       0.0000000000
      -0.9987808650       0.0493637893       0.0000000000
      -0.9990016858       0.0446724940       0.0000000000
      -0.9991825272       0.0404261951       0.0000000000
      -0.9993306220       0.0365828916       0.0000000000
      -0.9994518961       0.0331044925       0.0000000000
      -0.9995512043       0.0299564673       0.0000000000
      -0.9996325236       0.0271075233       0.0000000000
      -0.9996991112       0.0245293097       0.0000000000
      -0.9997536352       0.0221961469       0.0000000000
      -0.9997982805       0.0200847791       0.0000000000
      -0.9998348365       0.0181741485       0.0000000000
      -0.9998647687       0.0164451898       0.0000000000
      -0.9998892771       0.0148806438       0.0000000000
      -0.9999093443       0.0134648871       0.0000000000
      -0.9999257750       0.0121837782       0.0000000000
      -0.9999392282       0.0110245179       0.0000000000
      -0.9999502432       0.0099755218       0.0000000000
      -0.9999592621       0.0090263061       0.0000000000
      -0.9999666464       0.0081673826       0.0000000000
      -0.9999726924       0.0073901651       0.0000000000
      -0.9999776425       0.0066868832       0.0000000000
      -0.9999816955       0.0060505052       0.0000000000
      -0.9999850139       0.0054746679       0.0000000000
      -0.9999877308       0.0049536130       0.0000000000
      -0.9999899552       0.0044821299       0.0000000000
      -0.9999917764       0.0040555035       0.0000000000
      -0.9999932675       0.0036694669       0.0000000000
      -0.9999944883       0.0033201592       0.0000000000
      -0.9999954877       0.0030040866       0.0000000000
      -0.9999963060       0.0027180877       0.0000000000
      -0.9999969759       0.0024593016       0.0000000000
      -0.9999975244       0.0022251397       0.0000000000
      -0.9999979734       0.0020132596       0.0000000000
      -0.9999983410       0.0018215415       0.0000000000
      -0.9999986419       0.0016480675       0.0000000000
      -0.9999988883       0.0014911020       0.0000000000
      -0.9999990900       0.0013490745       0.0000000000
      -0.9999992551       0.0012205639       0.0000000000
      -0.9999993903       0.0011042842       0.0000000000
      -0.9999995009       0.0009990719       0.0000000000
      -0.9999995915       0.0009038740       0.0000000000
      -0.9999996657       0.0008177378       0.0000000000
      -0.9999997263       0.0007398011       0.0000000000
      -0.9999997760       0.0006692838       0.0000000000
      -0.9999998167       0.0006054799       0.0000000000
      -0.9999998500       0.0005477508       0.0000000000
      -0.9999998772       0.0004955184       0.0000000000
      -0.9999998995       0.0004482597       0.0000000000
      -0.9999999178       0.0004055015       0.0000000000
      -0.9999999327       0.0003668154       0.0000000000
      -0.9999999449       0.0003318140       0.0000000000
      -0.9999999550       0.0003001466       0.0000000000
      -0.9999999631       0.0002714960       0.0000000000
      -0.9999999698       0.0002455749       0.0000000000
      -0.9999999753       0.0002221238       0.0000000000
      -0.9999999798       0.0002009074       0.0000000000
      -0.9999999835       0.0001817130       0.0000000000
      -0.9999999865       0.0001643482       0.0000000000
      -0.9999999890       0.0001486388       0.0000000000
      -0.9999999910       0.0001344273       0.0000000000
      -0.9999999926       0.0001215709       0.0000000000
      -0.9999999940       0.0001099407       0.0000000000
      -0.9999999951       0.0000994199       0.0000000000
      -0.9999999960       0.0000899029       0.0000000000
      -0.9999999967       0.0000812941       0.0000000000
      -0.9999999973       0.0000735069       0.0000000000
      -0.9999999978       0.0000664631       0.0000000000
      -0.9999999982       0.0000600919       0.0000000000
      -0.9999999985       0.0000543292       0.0000000000
      -0.9999999988       0.0000491170       0.0000000000
      -0.9999999990       0.0000444029       0.0000000000
      -0.9999999992       0.0000401394       0.0000000000
      -0.9999999993       0.0000362834       0.0000000000
      -0.9999999995       0.0000327963       0.0000000000
      -0.9999999996       0.0000296427       0.0000000000
      -0.9999999996       0.0000267909       0.0000000000
      -0.9999999997       0.0000242121       0.0000000000
      -0.9999999998       0.0000218803       0.0000000000
      -0.9999999998       0.0000197718       0.0000000000
      -0.9999999998       0.0000178654       0.0000000000
      -0.9999999999       0.0000161418       0.0000000000
      -0.9999999999       0.0000145834       0.0000000000
      -0.9999999999       0.0000131747       0.0000000000
      -0.9999999999       0.0000119011       0.0000000000
      -0.9999999999       0.0000107498       0.0000000000
      -1.0000000000       0.0000097092       0.0000000000
      -1.0000000000       0.0000087686       0.0000000000
      -1.0000000000       0.0000079185       0.0000000000
      -1.0000000000       0.0000071502       0.0000000000
      -1.0000000000       0.0000064559       0.0000000000
      -1.0000000000       0.0000058285       0.0000000000
      -1.0000000000       0.0000052616       0.0000000000
      -1.0000000000       0.0000047494       0.0000000000
      -1.0000000000       0.0000042866       0.0000000000
      -1.0000000000       0.0000038685       0.0000000000
      -1.0000000000       0.0000034908       0.0000000000
      -1.0000000000       0.0000031497       0.0000000000
      -1.0000000000       0.0000028416       0.0000000000
      -1.0000000000       0.0000025633       0.0000000000
      -1.0000000000       0.0000023121       0.0000000000
      -1.0000000000       0.0000020852       0.0000000000
      -1.0000000000       0.0000018803       0.0000000000
      -1.0000000000       0.0000016954       0.0000000000
      -1.0000000000       0.0000015285       0.0000000000
      -1.0000000000       0.0000013778       0.0000000000
      -1.0000000000       0.0000012418       0.0000000000
      -1.0000000000       0.0000011191       0.0000000000
      -1.0000000000       0.0000010083       0.0000000000
      -1.0000000000       0.0000009084       0.0000000000
      -1.0000000000       0.0000008183       0.0000000000
      -1.0000000000       0.0000007370       0.0000000000
      -1.0000000000       0.0000006637       0.0000000000
      -1.0000000000       0.0000005975       0.0000000000
      -1.0000000000       0.0000005379       0.0000000000
      -1.0000000000       0.0000004842       0.0000000000
      -1.0000000000       0.0000004357       0.0000000000
      -1.0000000000       0.0000003921       0.0000000000
      -1.0000000000       0.0000003527       0.0000000000
      -1.0000000000       0.0000003172       0.0000000000
      -1.0000000000       0.0000002853       0.0000000000
      -1.0000000000       0.0000002565       0.0000000000
      -1.0000000000       0.0000002306       0.0000000000
      -1.0000000000       0.0000002073       0.0000000000
      -1.0000000000       0.0000001863       0.0000000000
      -1.0000000000       0.0000001673       0.0000000000
      -1.0000000000       0.0000001503       0.0000000000
      -1.0000000000       0.0000001350       0.0000000000
      -1.0000000000       0.0000001212       0.0000000000
      -1.0000000000       0.0000001088       0.0000000000
      -1.0000000000       0.0000000977       0.0000000000
      -1.0000000000       0.0000000876       0.0000000000
      -1.0000000000       0.0000000786       0.0000000000
      -1.0000000000       0.0000000705       0.0000000000
      -1.0000000000       0.0000000632       0.0000000000
      -1.0000000000       0.0000000567       0.0000000000
      -1.0000000000       0.0000000508       0.0000000000
      -1.0000000000       0.0000000455       0.0000000000
      -1.0000000000       0.0000000408       0.0000000000
      -1.0000000000       0.0000000365       0.0000000000
      -1.0000000000       0.0000000327       0.0000000000
      -1.0000000000       0.0000000293       0.0000000000
      -1.0000000000       0.0000000262       0.0000000000
      -1.0000000000       0.0000000235       0.0000000000
      -1.0000000000       0.0000000210       0.0000000000
      -1.0000000000       0.0000000188       0.0000000000
      -1.0000000000       0.0000000168       0.0000000000
      -1.0000000000       0.0000000150       0.0000000000
      -1.0000000000       0.0000000134       0.0000000000
      -1.0000000000       0.0000000120       0.0000000000
      -1.0000000000       0.0000000107       0.0000000000
      -1.0000000000       0.0000000095       0.0000000000
      -1.0000000000       0.0000000085       0.0000000000
      -1.0000000000       0.0000000076       0.0000000000
      -1.0000000000       0.0000000068       0.0000000000
      -1.0000000000       0.0000000061       0.0000000000
      -1.0000000000       0.0000000054       0.0000000000
      -1.0000000000       0.0000000048       0.0000000000
      -1.0000000000       0.0000000043       0.0000000000
      -1.0000000000       0.0000000038       0.0000000000
      -1.0000000000       0.0000000034       0.0000000000
      -1.0000000000       0.0000000030       0.0000000000
      -1.0000000000       0.0000000027       0.0000000000
      -1.0000000000       0.0000000024       0.0000000000
      -1.0000000000       0.0000000021       0.0000000000
      -1.0000000000       0.0000000019       0.0000000000
      -1.0000000000       0.0000000017       0.0000000000
      -1.0000000000       0.0000000015       0.0000000000
      -1.0000000000       0.0000000013       0.0000000000
      -1.0000000000       0.0000000012       0.0000000000
      -1.0000000000       0.0000000010       0.0000000000
      -1.0000000000       0.0000000009       0.0000000000
      -1.0000000000       0.0000000008       0.0000000000
      -1.0000000000       0.0000000007       0.0000000000
      -1.0000000000       0.0000000006       0.0000000000
      -1.0000000000       0.0000000006       0.0000000000
      -1.0000000000       0.0000000005       0.0000000000
      -1.0000000000       0.0000000005       0.0000000000
      -1.0000000000       0.0000000004       0.0000000000
      -1.0000000000       0.0000000004       0.0000000000
      -1.0000000000       0.0000000003       0.0000000000
      -1.0000000000       0.0000000003       0.0000000000
      -1.0000000000       0.0000000002       0.0000000000
      -1.0000000000       0.0000000002       0.0000000000
      -1.0000000000       0.0000000002       0.0000000000
      -1.0000000000       0.0000000002       0.0000000000
      -1.0000000000       0.0000000001       0.0000000000
      -1.0000000000       0.0000000001       0.0000000000
      -1.0000000000       0.0000000001       0.0000000000
      -1.0000000000       0.0000000001       0.0000000000
      -1.0000000000       0.0000000001       0.0000000000
      -1.0000000000       0.0000000001       0.0000000000
      -1.0000000000       0.0000000001       0.0000000000
      -1.0000000000       0.0000000001       0.0000000000
      -1.0000000000       0.0000000001       0.0000000000
      -1.0000000000       0.0000000000       0.0000000000
      -1.0000000000       0.0000000000       0.0000000000
      -1.0000000000       0.0000000000       0.0000000000
      -1.0000000000       0.0000000000       0.0000000000
      -1.0000000000       0.0000000000       0.0000000000
      -1.0000000000       0.0000000000       0.0000000000
      -1.0000000000       0.0000000000       0.0000000000
      -1.0000000000       0.0000000000       0.0000000000
      -1.0000000000       0.0000000000       0.0000000000
      -1.0000000000       0.0000000000       0.0000000000
      -1.0000000000       0.0000000000       0.0000000000
      -1.0000000000       0.0000000000       0.0000000000
      -1.0000000000       0.0000000000       0.0000000000
      -1.0000000000       0.0000000000       0.0000000000
      -1.0000000000       0.0000000000       0.0000000000
      -1.0000000000       0.0000000000       0.0000000000
      -1.0000000000       0.0000000000       0.0000000000
      -1.0000000000       0.0000000000       0.0000000000
      -1.0000000000       0.0000000000       0.0000000000
      -1.0000000000       0.0000000000       0.0000000000
      -1.0000000000       0.0000000000       0.0000000000
      -1.0000000000       0.0000000000       0.0000000000
      -1.0000000000       0.0000000000       0.0000000000
      -1.0000000000       0.0000000000       0.0000000000
      -1.0000000000       0.0000000000       0.0000000000
      -1.0000000000       0.0000000000       0.0000000000
      -1.0000000000       0.0000000000       0.0000000000
      -1.0000000000       0.0000000000       0.0000000000
      -1.0000000000       0.0000000000       0.0000000000
      -1.0000000000       0.0000000000       0.0000000000
      -1.0000000000       0.0000000000       0.0000000000
      -1.0000000000       0.0000000000       0.0000000000
      -1.0000000000       0.0000000000       0.0000000000
      -1.0000000000       0.0000000000       0.0000000000
      -1.0000000000       0.0000000000       0.0000000000
      -1.0000000000       0.0000000000       0.0000000000
      -1.0000000000       0.0000000000       0.0000000000
      -1.0000000000       0.0000000000       0.0000000000
      -1.0000000000       0.0000000000       0.0000000000
      -1.0000000000       0.0000000000       0.0000000000
      -1.0000000000       0.0000000000       0.0000000000
      -1.0000000000       0.0000000000       0.0000000000
      -1.0000000000       0.0000000000       0.0000000000
      -1.0000000000       0.0000000000       0.0000000000
      -1.0000000000       0.0000000000       0.0000000000
      -1.0000000000       0.0000000000       0.0000000000
      -1.0000000000       0.0000000000       0.0000000000
      -1.0000000000       0.0000000000       0.0000000000
      -1.0000000000       0.0000000000       0.0000000000
      -1.0000000000       0.0000000000       0.0000000000
      -1.0000000000       0.0000000000       0.0000000000
      -1.0000000000       0.0000000000       0.0000000000
      -1.0000000000       0.0000000000       0.0000000000
      -1.0000000000       0.0000000000       0.0000000000
      -1.0000000000       0.0000000000       0.0000000000
      -1.0000000000       0.0000000000       0.0000000000
      -1.0000000000       0.0000000000       0.0000000000
      -1.0000000000       0.0000000000       0.0000000000
      -1.0000000000       0.0000000000       0.0000000000
      -1.0000000000       0.0000000000       0.0000000000
      -1.0000000000       0.0000000000       0.0000000000
      -1.0000000000       0.0000000000       0.0000000000
      -1.0000000000       0.0000000000       0.0000000000
      -1.0000000000       0.0000000000       0.0000000000
      -1.0000000000       0.0000000000       0.0000000000
      -1.0000000000       0.0000000000       0.0000000000
      -1.0000000000       0.0000000000       0.0000000000
      -1.0000000000       0.0000000000       0.0000000000
      -1.0000000000       0.0000000000       0.0000000000
      -1.0000000000       0.0000000000       0.0000000000
      -1.0000000000       0.0000000000       0.0000000000
      -1.0000000000       0.0000000000       0.0000000000
      -1.0000000000       0.0000000000       0.0000000000
      -1.0000000000       0.0000000000       0.0000000000
      -1.0000000000       0.0000000000       0.0000000000
      -1.0000000000       0.0000000000       0.0000000000
      -1.0000000000       0.0000000000       0.0000000000
      -1.0000000000       0.0000000000       0.0000000000
      -1.0000000000       0.0000000000       0.0000000000
      -1.0000000000       0.0000000000       0.0000000000
      -1.0000000000       0.0000000000       0.0000000000
      -1.0000000000       0.0000000000       0.0000000000
      -1.0000000000       0.0000000000       0.0000000000
      -1.0000000000       0.0000000000       0.0000000000
      -1.0000000000       0.0000000000       0.0000000000
      -1.0000000000       0.0000000000       0.0000000000
      -1.0000000000       0.0000000000       0.0000000000
      -1.0000000000       0.0000000000       0.0000000000
      -1.0000000000       0.0000000000       0.0000000000
      -1.0000000000       0.0000000000       0.0000000000
      -1.0000000000       0.0000000000       0.0000000000
      -1.0000000000       0.0000000000       0.0000000000
      -1.0000000000       0.0000000000       0.0000000000
      -1.0000000000       0.0000000000       0.0000000000
      -1.0000000000       0.0000000000       0.0000000000
      -1.0000000000       0.0000000000       0.0000000000
      -1.0000000000       0.0000000000       0.0000000000
      -1.0000000000       0.0000000000       0.0000000000
      -1.0000000000       0.0000000000       0.0000000000
      -1.0000000000       0.0000000000       0.0000000000
      -1.0000000000       0.0000000000       0.0000000000
      -1.0000000000       0.0000000000       0.0000000000
      -1.0000000000       0.0000000000       0.0000000000
      -1.0000000000       0.0000000000       0.0000000000
      -1.0000000000       0.0000000000       0.0000000000
      -1.0000000000       0.0000000000       0.0000000000
      -1.0000000000       0.0000000000       0.0000000000
      -1.0000000000       0.0000000000       0.0000000000
      -1.0000000000       0.0000000000       0.0000000000
      -1.0000000000       0.0000000000       0.0000000000
      -1.0000000000       0.0000000000       0.0000000000
      -1.0000000000       0.0000000000       0.0000000000
      -1.0000000000       0.0000000000       0.0000000000
      -1.0000000000       0.0000000000       0.0000000000
      -1.0000000000       0.0000000000       0.0000000000
      -1.0000000000       0.0000000000       0.0000000000
      -1.0000000000       0.0000000000       0.0000000000
      -1.0000000000       0.0000000000       0.0000000000
      -1.0000000000       0.0000000000       0.0000000000
      -1.0000000000       0.0000000000       0.0000000000
      -1.0000000000       0.0000000000       0.0000000000
      -1.0000000000       0.0000000000       0.0000000000
      -1.0000000000       0.0000000000       0.0000000000
      -1.0000000000       0.0000000000       0.0000000000
      -1.0000000000       0.0000000000       0.0000000000
      -1.0000000000       0.0000000000       0.0000000000
      -1.0000000000       0.0000000000       0.0000000000
      -1.0000000000       0.0000000000       0.0000000000
      -1.0000000000       0.0000000000       0.0000000000
      -1.0000000000       0.0000000000       0.0000000000
      -1.0000000000       0.0000000000       0.0000000000
      -1.0000000000       0.0000000000       0.0000000000
      -1.0000000000       0.0000000000       0.0000000000
      -1.0000000000       0.0000000000       0.0000000000
      -1.0000000000       0.0000000000       0.0000000000
      -1.0000000000       0.0000000000       0.0000000000
      -1.0000000000       0.0000000000       0.0000000000
      -1.0000000000       0.0000000000       0.0000000000
      -1.0000000000       0.0000000000       0.0000000000
      -1.0000000000       0.0000000000       0.0000000000
      -1.0000000000       0.0000000000       0.0000000000
      -1.0000000000       0.0000000000       0.0000000000
      -1.0000000000       0.0000000000       0.0000000000
      -1.0000000000       0.0000000000       0.0000000000
      -1.0000000000       0.0000000000       0.0000000000
      -1.0000000000       0.0000000000       0.0000000000
      -1.0000000000       0.0000000000       0.0000000000
      -1.0000000000       0.0000000000       0.0000000000
      -1.0000000000       0.0000000000       0.0000000000
      -1.0000000000       0.0000000000       0.0000000000
      -1.0000000000       0.0000000000       0.0000000000
      -1.0000000000       0.0000000000       0.0000000000
      -1.0000000000       0.0000000000       0.0000000000
      -1.0000000000       0.0000000000       0.0000000000
      -1.0000000000       0.0000000000       0.0000000000
      -1.0000000000       0.0000000000       0.0000000000
      -1.0000000000       0.0000000000       0.0000000000
      -1.0000000000       0.0000000000       0.0000000000
      -1.0000000000       0.0000000000       0.0000000000
      -1.0000000000       0.0000000000       0.0000000000
      -1.0000000000       0.0000000000       0.0000000000
      -1.0000000000       0.0000000000       0.0000000000
      -1.0000000000       0.0000000000       0.0000000000
      -1.0000000000       0.0000000000       0.0000000000
      -1.0000000000       0.0000000000       0.0000000000
      -1.0000000000       0.0000000000       0.0000000000
      -1.0000000000       0.0000000000       0.0000000000
      -1.0000000000       0.0000000000       0.0000000000
      -1.0000000000       0.0000000000       0.0000000000
      -1.0000000000       0.0000000000       0.0000000000
      -1.0000000000       0.0000000000       0.0000000000
      -1.0000000000       0.0000000000       0.0000000000
      -1.0000000000       0.0000000000       0.0000000000
      -1.0000000000       0.0000000000       0.0000000000
      -1.0000000000       0.0000000000       0.0000000000
      -1.0000000000       0.0000000000       0.0000000000
      -1.0000000000       0.0000000000       0.0000000000
      -1.0000000000       0.0000000000       0.0000000000
      -1.0000000000       0.0000000000       0.0000000000
      -1.0000000000       0.0000000000       0.0000000000
      -1.0000000000       0.0000000000       0.0000000000
      -1.0000000000       0.0000000000       0.0000000000
      -1.0000000000       0.0000000000       0.0000000000
      -1.0000000000       0.0000000000       0.0000000000
      -1.0000000000       0.0000000000       0.0000000000
      -1.0000000000       0.0000000000       0.0000000000
      -1.0000000000       0.0000000000       0.0000000000
      -1.0000000000       0.0000000000       0.0000000000
      -1.0000000000       0.0000000000       0.0000000000
      -1.0000000000       0.0000000000       0.0000000000
      -1.0000000000       0.0000000000       0.0000000000
      -1.0000000000       0.0000000000       0.0000000000
      -1.0000000000       0.0000000000       0.0000000000
      -1.0000000000       0.0000000000       0.0000000000
      -1.0000000000       0.0000000000       0.0000000000
      -1.0000000000       0.0000000000       0.0000000000
      -1.0000000000       0.0000000000       0.0000000000
      -1.0000000000       0.0000000000       0.0000000000
      -1.0000000000       0.0000000000       0.0000000000
      -1.0000000000       0.0000000000       0.0000000000
      -1.0000000000       0.0000000000       0.0000000000
      -1.0000000000       0.0000000000       0.0000000000
      -1.0000000000       0.0000000000       0.0000000000
      -1.0000000000       0.0000000000       0.0000000000
      -1.0000000000       0.0000000000       0.0000000000
      -1.0000000000       0.0000000000       0.0000000000
      -1.0000000000       0.0000000000       0.0000000000
      -1.0000000000       0.0000000000       0.0000000000
      -1.0000000000       0.0000000000       0.0000000000
      -1.0000000000       0.0000000000       0.0000000000
      -1.0000000000       0.0000000000       0.0000000000
      -1.0000000000       0.0000000000       0.0000000000
      -1.0000000000       0.0000000000       0.0000000000
      -1.0000000000       0.0000000000       0.0000000000
      -1.0000000000       0.0000000000       0.0000000000
      -1.0000000000       0.0000000000       0.0000000000
      -1.0000000000       0.0000000000       0.0000000000
      -1.0000000000       0.0000000000       0.0000000000
      -1.0000000000       0.0000000000       0.0000000000
      -1.0000000000       0.0000000000       0.0000000000
      -1.0000000000       0.0000000000       0.0000000000
      -1.0000000000       0.0000000000       0.0000000000
      -1.0000000000       0.0000000000       0.0000000000
      -1.0000000000       0.0000000000       0.0000000000
      -1.0000000000       0.0000000000       0.0000000000
      -1.0000000000       0.0000000000       0.0000000000
      -1.0000000000       0.0000000000       0.0000000000
      -1.0000000000       0.0000000000       0.0000000000
      -1.0000000000       0.0000000000       0.0000000000
      -1.0000000000       0.0000000000       0.0000000000
      -1.0000000000       0.0000000000       0.0000000000
      -1.0000000000       0.0000000000       0.0000000000
      -1.0000000000       0.0000000000       0.0000000000
      -1.0000000000       0.0000000000       0.0000000000
      -1.0000000000       0.0000000000       0.0000000000
      -1.0000000000       0.0000000000       0.0000000000
      -1.0000000000       0.0000000000       0.0000000000
      -1.0000000000       0.0000000000       0.0000000000
      -1.0000000000       0.0000000000       0.0000000000
      -1.0000000000       0.0000000000       0.0000000000
      -1.0000000000       0.0000000000       0.0000000000
      -1.0000000000       0.0000000000       0.0000000000
      -1.0000000000       0.0000000000       0.0000000000
      -1.0000000000       0.0000000000       0.0000000000
      -1.0000000000       0.0000000000       0.0000000000
      -1.0000000000       0.0000000000       0.0000000000
      -1.0000000000       0.0000000000       0.0000000000
      -1.0000000000       0.0000000000       0.0000000000
      -1.0000000000       0.0000000000       0.0000000000
      -1.0000000000       0.0000000000       0.0000000000
      -1.0000000000       0.0000000000       0.0000000000
      -1.0000000000       0.0000000000       0.0000000000
      -1.0000000000       0.0000000000       0.0000000000
      -1.0000000000       0.0000000000       0.0000000000
      -1.0000000000       0.0000000000       0.0000000000
      -1.0000000000       0.0000000000       0.0000000000
      -1.0000000000       0.0000000000       0.0000000000
      -1.0000000000       0.0000000000       0.0000000000
      -1.0000000000       0.0000000000       0.0000000000
      -1.0000000000       0.0000000000       0.0000000000
      -1.0000000000       0.0000000000       0.0000000000
      -1.0000000000       0.0000000000       0.0000000000
      -1.0000000000       0.0000000000       0.0000000000
      -1.0000000000       0.0000000000       0.0000000000
      -1.0000000000       0.0000000000       0.0000000000
      -1.0000000000       0.0000000000       0.0000000000
      -1.0000000000       0.0000000000       0.0000000000
      -1.0000000000       0.0000000000       0.0000000000
      -1.0000000000       0.0000000000       0.0000000000
      -1.0000000000       0.0000000000       0.0000000000
      -1.0000000000       0.0000000000       0.0000000000
      -1.0000000000       0.0000000000       0.0000000000
      -1.0000000000       0.0000000000       0.0000000000
      -1.0000000000       0.0000000000       0.0000000000
      -1.0000000000       0.0000000000       0.0000000000
      -1.0000000000       0.0000000000       0.0000000000
      -1.0000000000       0.0000000000       0.0000000000
      -1.0000000000       0.0000000000       0.0000000000
      -1.0000000000       0.0000000000       0.0000000000
      -1.0000000000       0.0000000000       0.0000000000
      -1.0000000000       0.0000000000       0.0000000000
      -1.0000000000       0.0000000000       0.0000000000
