1.000000000000000000e+00 0.000000000000000000e+00 0.000000000000000000e+00
9.999999999983189003e-01 -6.665325887430323042e-13 -4.091676823754561523e-13
9.999999999969193532e-01 -1.321706933492544272e-12 -8.338412833451061601e-13
9.999999999984298116e-01 -1.964323899236267618e-12 -1.272837506177207532e-12
9.999999999949428231e-01 -2.593305117849169812e-12 -1.725064742036250029e-12
9.999999999990663024e-01 -3.207677721565923962e-12 -2.189509691090962139e-12
9.999999999973246956e-01 -3.806563186573647895e-12 -2.665215583544472095e-12
9.999999999988907762e-01 -4.389166387300542341e-12 -3.151258529771804218e-12
9.999999999970227149e-01 -4.954763307676475666e-12 -3.646732494779142108e-12
9.999999999963328223e-01 -5.502691818044854672e-12 -4.150748716783848357e-12
9.999999999974796827e-01 -6.032348921876817659e-12 -4.662445697466538575e-12
9.999999999954636287e-01 -6.543191875218742403e-12 -5.180997489004306704e-12
9.999999999976345588e-01 -7.034738143604217405e-12 -5.705609987059630481e-12
9.999999999976052489e-01 -7.506560626347715751e-12 -6.235507393035395785e-12
9.999999999982880361e-01 -7.958278454897791949e-12 -6.769919766411723949e-12
9.999999999960750285e-01 -8.389549499133922154e-12 -7.308079340373984227e-12
9.999999999968131048e-01 -8.800070622904120663e-12 -7.849225466650413331e-12
9.999999999960333952e-01 -9.189582326687286725e-12 -8.392612601859458807e-12
9.999999999974216180e-01 -9.557869250675019685e-12 -8.937513480551152887e-12
9.999999999972767339e-01 -9.904754903652423446e-12 -9.483213334972906528e-12
9.999999999971735942e-01 -1.023009506930859085e-11 -1.002899958967641836e-11
9.999999999971285192e-01 -1.053377192121668768e-11 -1.057415551377695652e-11
9.999999999964275244e-01 -1.081568972322214185e-11 -1.111796195348146499e-11
9.999999999994270139e-01 -1.107577588307349193e-11 -1.165970445494138536e-11
9.999999999975256459e-01 -1.131398839016132580e-11 -1.219867893950756823e-11
9.999999999962165820e-01 -1.153032340815161011e-11 -1.273419045654762381e-11
9.999999999977052800e-01 -1.172481689794787107e-11 -1.326554772672583082e-11
9.999999999954984897e-01 -1.189754160699035303e-11 -1.379206306673116439e-11
9.999999999967388309e-01 -1.204860389161616907e-11 -1.431306203365389365e-11
9.999999999984922061e-01 -1.217814058999675257e-11 -1.482789482574201746e-11
9.999999999959854335e-01 -1.228631408260519499e-11 -1.533593745177171538e-11
9.999999999968393061e-01 -1.237330949056477002e-11 -1.583657970430842534e-11
9.999999999973929743e-01 -1.243934153026073607e-11 -1.632921093249176126e-11
9.999999999977932097e-01 -1.248466730940137740e-11 -1.681322006275263437e-11
9.999999999992672528e-01 -1.250958692506302936e-11 -1.728801258952265798e-11
9.999999999955586638e-01 -1.251442283871430268e-11 -1.775302505923365552e-11
9.999999999960407226e-01 -1.249949669657185407e-11 -1.820771735512710452e-11
9.999999999950819340e-01 -1.246512874398956906e-11 -1.865155073696216342e-11
9.999999999975220932e-01 -1.241165811635163017e-11 -1.908397830651114195e-11
9.999999999968173237e-01 -1.233945994441969538e-11 -1.950445871854028643e-11
9.999999999963246067e-01 -1.224894436855448286e-11 -1.991247764236160040e-11
9.999999999962034813e-01 -1.214054370915508800e-11 -2.030755712357935275e-11
9.999999999969499953e-01 -1.201470201447434647e-11 -2.068924867057310239e-11
9.999999999982815968e-01 -1.187187489995299124e-11 -2.105712132064964491e-11
9.999999999980010434e-01 -1.171253570892417621e-11 -2.141075761300461509e-11
9.999999999970082820e-01 -1.153717760328458936e-11 -2.174975810198395243e-11
9.999999999957756014e-01 -1.134630835666749236e-11 -2.207374453016498703e-11
9.999999999958503194e-01 -1.114044475481451232e-11 -2.238235704708782328e-11
9.999999999971111997e-01 -1.092011121726214533e-11 -2.267525129184469213e-11
9.999999999954368723e-01 -1.068583955888425236e-11 -2.295210028492149878e-11
9.999999999957378538e-01 -1.043816783211709400e-11 -2.321259918447660296e-11
9.999999999974378273e-01 -1.017764084627834552e-11 -2.345646996847297719e-11
9.999999999962314590e-01 -9.904812448124146908e-12 -2.368346536018640410e-11
9.999999999959627850e-01 -9.620244721408964717e-12 -2.389337068616501167e-11
9.999999999981461496e-01 -9.324501923601496080e-12 -2.408600152909478862e-11
9.999999999965173414e-01 -9.018144194616382006e-12 -2.426119721550728587e-11
9.999999999942338347e-01 -8.701727229162371968e-12 -2.441881317205469302e-11
9.999999999978472776e-01 -8.375807105057473519e-12 -2.455871691743519301e-11
9.999999999970620168e-01 -8.040942538088075854e-12 -2.468079124686299690e-11
9.999999999934608974e-01 -7.697689189964144413e-12 -2.478494195316179967e-11
9.999999999952979834e-01 -7.346591598855945615e-12 -2.487110261731568559e-11
9.999999999959271468e-01 -6.988182757203904836e-12 -2.493923472948961007e-11
9.999999999959801045e-01 -6.622990012802008813e-12 -2.498932820301092034e-11
9.999999999969719777e-01 -6.251537115370362958e-12 -2.502140097475882167e-11
9.999999999966771025e-01 -5.874342325398826988e-12 -2.503549078435456982e-11
9.999999999959251484e-01 -5.491920131952162606e-12 -2.503164424173569402e-11
9.999999999958458785e-01 -5.104781215711374316e-12 -2.500991635539823686e-11
9.999999999969322317e-01 -4.713420252416938614e-12 -2.497037791749664435e-11
9.999999999956722396e-01 -4.318301905461063947e-12 -2.491311650440483084e-11
9.999999999959958696e-01 -3.919864480327650988e-12 -2.483823168508805830e-11
9.999999999961090014e-01 -3.518536863411994369e-12 -2.474583727763289039e-11
9.999999999956855623e-01 -3.114746696571454647e-12 -2.463607115678773133e-11
9.999999999947617457e-01 -2.708912824457847763e-12 -2.450910026482515138e-11
9.999999999969308995e-01 -2.301434797766769223e-12 -2.436511495742922715e-11
9.999999999965364372e-01 -1.892689500791276006e-12 -2.420431884514208594e-11
9.999999999969089171e-01 -1.483031622185927842e-12 -2.402692115329092335e-11
9.999999999962490005e-01 -1.072793928757734666e-12 -2.383313200918588128e-11
9.999999999972403186e-01 -6.622921292846816873e-13 -2.362316144139173747e-11
9.999999999973344655e-01 -2.518339883121096867e-13 -2.339722744306052193e-11
9.999999999971478370e-01 1.582817925253629488e-13 -2.315556815344294522e-11
9.999999999976214582e-01 5.677812282550563113e-13 -2.289843909019158331e-11
9.999999999957231989e-01 9.764240344832465594e-13 -2.262609178059237141e-11
9.999999999976432186e-01 1.383990288867874820e-12 -2.233875921349210255e-11
9.999999999963212760e-01 1.790261117461063508e-12 -2.203666795526306880e-11
9.999999999972480902e-01 2.195017998660228454e-12 -2.172006284476791731e-11
9.999999999959303665e-01 2.598060663533281383e-12 -2.138921721263187555e-11
9.999999999966979747e-01 2.999224266013593696e-12 -2.104442139751592382e-11
9.999999999957931429e-01 3.398382633909646192e-12 -2.068596214360005399e-11
9.999999999974411580e-01 3.795437430729748796e-12 -2.031410566947665786e-11
9.999999999962857489e-01 4.190297330402051723e-12 -1.992909267551842231e-11
9.999999999946328488e-01 4.582857580176319706e-12 -1.953115299091459969e-11
9.999999999959903185e-01 4.972998934495207160e-12 -1.912053403199111871e-11
9.999999999971962428e-01 5.360610649561232472e-12 -1.869751563711703960e-11
9.999999999956020735e-01 5.745611070987997936e-12 -1.826239295445296222e-11
9.999999999960894614e-01 6.127939952685773670e-12 -1.781544764083550468e-11
9.999999999971225240e-01 6.507533671200012178e-12 -1.735693946115502275e-11
9.999999999957775998e-01 6.884311339848187378e-12 -1.688712179211266673e-11
9.999999999955965224e-01 7.258180815467802608e-12 -1.640626489348912610e-11
9.999999999968128828e-01 7.629059837622859863e-12 -1.591467429150198920e-11
9.999999999974856779e-01 7.996904746427610397e-12 -1.541269138297851750e-11
9.999999999977750020e-01 8.361727998470030716e-12 -1.490066898403083559e-11
9.999999999980359044e-01 8.723587165217250314e-12 -1.437893966255893453e-11
9.999999999953500529e-01 9.082554879635138768e-12 -1.384780522842428359e-11
9.999999999971984632e-01 9.438696021731564928e-12 -1.330755382257041824e-11
9.999999999943629536e-01 9.792067187659236195e-12 -1.275848721153915550e-11
9.999999999971103115e-01 1.014273356728345379e-11 -1.220093754944609324e-11
9.999999999951001417e-01 1.049078692917012465e-11 -1.163526674308805871e-11
9.999999999958427699e-01 1.083635296448410343e-11 -1.106185801661106780e-11
9.999999999968017805e-01 1.117958934091513113e-11 -1.048111090172494186e-11
9.999999999984584553e-01 1.152068061870210904e-11 -9.893443323366651706e-12
9.999999999955271335e-01 1.185983660195931878e-11 -9.299302386035376087e-12
9.999999999966375785e-01 1.219730279346785097e-11 -8.699180243971675554e-12
9.999999999964848119e-01 1.253338352083449945e-11 -8.093622211823908757e-12
9.999999999956626917e-01 1.286846510569939478e-11 -7.483219053319739091e-12
9.999999999966319164e-01 1.320302651710236239e-11 -6.868590663336161557e-12
9.999999999961283192e-01 1.353763635397954974e-11 -6.250376282879281602e-12
9.999999999985267340e-01 1.387294663616417909e-11 -5.629241557469997541e-12
9.999999999973661069e-01 1.420969728124776057e-11 -5.005898819817386340e-12
9.999999999973547826e-01 1.454873539410262333e-11 -4.381126915318236020e-12
9.999999999969204634e-01 1.489104215507631246e-11 -3.755782036338565256e-12
9.999999999979677368e-01 1.523776089859330223e-11 -3.130800151784542443e-12
9.999999999991256994e-01 1.559022330023134326e-11 -2.507191212946999271e-12
9.999999999993635091e-01 1.594996668839020734e-11 -1.886027070783340724e-12
1.000000000000092371e+00 1.631873972413128611e-11 -1.268435498931852570e-12
9.999999999964097608e-01 1.669850855261120045e-11 -6.556111600367496732e-13
1.000000000015083268e+00 1.709147723769297160e-11 -4.883936822350985691e-14
1.000000000022807534e+00 1.750012599350120966e-11 5.504784141613352962e-13
1.000000000025947910e+00 1.792726240491555902e-11 1.140809246455222936e-12
1.000000000020574875e+00 1.837606980881450927e-11 1.720488969706364659e-12
1.000000000030261127e+00 1.885014114458459772e-11 2.287722605185738397e-12
1.000000000021123325e+00 1.935351391238671850e-11 2.840569379474226724e-12
1.000000000025644153e+00 1.989072430713310795e-11 3.376925002499824803e-12
1.000000000024079849e+00 2.046687199027201546e-11 3.894516108278703087e-12
1.000000000048628657e+00 2.108768321978973908e-11 4.390900510606747251e-12
9.999999999509359139e-01 2.175957085330772122e-11 4.863464518474019693e-12
9.999999999641028259e-01 2.248969088484541846e-11 5.309409923137446996e-12
9.999999999919161331e-01 2.328600676545062049e-11 5.725722371366276469e-12
1.000000000020642155e+00 2.415737935818545121e-11 6.109131371741606953e-12
1.000000000032585490e+00 2.511367788935832594e-11 6.456080612928568457e-12
9.999999999725361910e-01 2.616589401333907253e-11 6.762706730860705196e-12
9.999999999934973127e-01 2.732625521873896977e-11 7.024811916634427755e-12
1.000000000041778359e+00 2.860834928966438044e-11 7.237823139679602885e-12
9.999999999942249529e-01 3.002727508540413885e-11 7.396746239779281042e-12
9.999999999583268906e-01 3.159981725601244849e-11 7.496131975401894078e-12
9.999999999574818998e-01 3.334462527509323226e-11 7.530049635613910671e-12
9.999999999505055914e-01 3.528239855652630313e-11 7.492044277707348913e-12
9.999999999832221986e-01 3.743609704943358435e-11 7.375076991045191084e-12
1.000000000027969849e+00 3.983117452902588642e-11 7.171458771400234292e-12
1.000000000000064393e+00 4.249583363076226612e-11 6.872764576243392315e-12
1.000000000049056759e+00 4.546133114229840402e-11 6.469726850899472016e-12
1.000000000019506619e+00 4.876234199633235502e-11 5.952143793529739422e-12
1.000000000055900840e+00 5.243734640686021762e-11 5.308818778728547803e-12
9.999999999492227287e-01 5.652900994583064423e-11 4.527498329047476008e-12
9.999999999587340094e-01 6.108457124321115222e-11 3.594757320604386048e-12
9.999999999731424838e-01 6.615629840290052479e-11 2.495809653468509516e-12
1.000000000005976997e+00 7.180206911367656134e-11 1.214296178662019246e-12
1.000000000018241630e+00 7.808603849136897403e-11 -2.678796296336841906e-13
1.000000000043379522e+00 8.507932404573741646e-11 -1.970697634829700962e-12
9.999999999942821294e-01 9.286073710000713962e-11 -3.916220056742581087e-12
9.999999999636098869e-01 1.015176204642424895e-10 -6.128823751571868816e-12
9.999999999925349714e-01 1.111467685916376574e-10 -8.635439219014054349e-12
9.999999999685039720e-01 1.218554295491954502e-10 -1.146584199941230502e-11
1.000000000011186163e+00 1.337624500745638870e-10 -1.465299142874927344e-11
1.000000000015536905e+00 1.469995539277673811e-10 -1.823336693731805271e-11
1.000000000019178659e+00 1.617127169963535692e-10 -2.224733888966799975e-11
1.000000000036220138e+00 1.780636939975616816e-10 -2.673962405664314953e-11
9.999999999874997769e-01 1.962317541493301099e-10 -3.175979005450378068e-11
1.000000000031656677e+00 2.164156092127897626e-10 -3.736277864985418406e-11
1.000000000000064837e+00 2.388355220483236968e-10 -4.360948128826684330e-11
9.999999999821714836e-01 2.637356378878707446e-10 -5.056740706523697750e-11
1.000000000013750778e+00 2.913866043455029430e-10 -5.831143743558837259e-11
1.000000000037052805e+00 3.220885006319742689e-10 -6.692461853071392739e-11
1.000000000046445070e+00 3.561740305479568880e-10 -7.649900170522307330e-11
9.999999999925651695e-01 3.940120083380609493e-10 -8.713663564257138545e-11
1.000000000014190205e+00 4.360112756211913607e-10 -9.895073432748954349e-11
1.000000000020328184e+00 4.826251105419254650e-10 -1.120669439854669025e-10
9.999999999743272028e-01 5.343561188848638443e-10 -1.266247042098877998e-10
9.999999999522122263e-01 5.917616548094701768e-10 -1.427787327284918797e-10
1.000000000005750733e+00 6.554598010671812432e-10 -1.607006337745875856e-10
1.000000000042148063e+00 7.261359301511688101e-10 -1.805807100308357886e-10
9.999999999541362428e-01 8.045499898744349497e-10 -2.026300631438998742e-10
1.000000000046081805e+00 8.915446685187118674e-10 -2.270829407782138953e-10
1.000000000005289102e+00 9.880544889031895884e-10 -2.541992746489357980e-10
1.000000000006509238e+00 1.095115861099576154e-09 -2.842674372343271148e-10
1.000000000024112712e+00 1.213878165401733235e-09 -3.176073052044891198e-10
9.999999999871599377e-01 1.345616035736634289e-09 -3.545737218309480770e-10
9.999999999682488427e-01 1.491743043960657568e-09 -3.955603518191966954e-10
9.999999999610829082e-01 1.653826884633096538e-09 -4.410039003361933216e-10
9.999999999806821194e-01 1.833606161200491457e-09 -4.913887938998829805e-10
9.999999999598853107e-01 2.033009012956636464e-09 -5.472524275729408440e-10
9.999999999868672829e-01 2.254173833457673880e-09 -6.091909708155092197e-10
1.000000000037511327e+00 2.499472236481395673e-09 -6.778657464439905065e-10
9.999999999537451112e-01 2.771534469360666832e-09 -7.540103168808001827e-10
1.000000000006435519e+00 3.073277616179156080e-09 -8.384384065868657481e-10
9.999999999888571356e-01 3.407936948887082645e-09 -9.320526687278853521e-10
9.999999999969577669e-01 3.779100687995639096e-09 -1.035854314268721245e-09
9.999999999789805916e-01 4.190748439384104795e-09 -1.150953783036222404e-09
1.000000000005497602e+00 4.647293791160179244e-09 -1.278582686275843389e-09
1.000000000024814373e+00 5.153631648476286396e-09 -1.420107107219100795e-09
9.999999999906609149e-01 5.715190805426372478e-09 -1.577042279008481128e-09
9.999999999882652757e-01 6.337992195190086421e-09 -1.751068789225299261e-09
1.000000000010207390e+00 7.028713424241223579e-09 -1.944050603379611319e-09
1.000000000014447776e+00 7.794760407235682377e-09 -2.158055108839244560e-09
9.999999999908530945e-01 8.644346849789259261e-09 -2.395375264873045927e-09
9.999999999834606745e-01 9.586582294259269879e-09 -2.658554156430483642e-09
9.999999999674316076e-01 1.063156978698672415e-08 -2.950412350571730565e-09
9.999999999695780017e-01 1.179051434557100306e-08 -3.274078170851060330e-09
1.000000000000762501e+00 1.307584314269790554e-08 -3.633021109287019648e-09
9.999999999550348573e-01 1.450133862778402138e-08 -4.031089038463718237e-09
1.000000000038990811e+00 1.608228637265028550e-08 -4.472549650674460034e-09
9.999999999497788394e-01 1.783563917994082961e-08 -4.962136183326047678e-09
9.999999999700101005e-01 1.978019888182388856e-08 -5.505097994942526877e-09
1.000000000005341061e+00 2.193681781265863408e-08 -6.107256855654251486e-09
9.999999999754140001e-01 2.432862243903069363e-08 -6.775069448163328255e-09
1.000000000003371081e+00 2.698126137797867446e-08 -7.515696571733228587e-09
9.999999999643173210e-01 2.992318037500276793e-08 -8.337079947594466450e-09
1.000000000054931837e+00 3.318592739917816978e-08 -9.248027465310836009e-09
9.999999999999340528e-01 3.680449104553340509e-08 -1.025830760188152195e-08
1.000000000001955769e+00 4.081767581186626440e-08 -1.137875403149893335e-08
9.999999999717925636e-01 4.526851805761223477e-08 -1.262138165044357665e-08
9.999999999916476812e-01 5.020474731944950345e-08 -1.399951550253185993e-08
1.000000000023242075e+00 5.567929816322857021e-08 -1.552793386489997268e-08
9.999999999640163395e-01 6.175087800593211817e-08 -1.722302669378106261e-08
9.999999999729369815e-01 6.848459667674664566e-08 -1.910297122785362280e-08
1.000000000026086022e+00 7.595266450039473638e-08 -2.118792685901473166e-08
1.000000000022092994e+00 8.423516660350110785e-08 -2.350025130259993557e-08
1.000000000030870639e+00 9.342092168628182140e-08 -2.606474033186475783e-08
1.000000000001258771e+00 1.036084344140154339e-07 -2.890889363318122877e-08
1.000000000036913805e+00 1.149069516873770227e-07 -3.206320965243003708e-08
9.999999999976061371e-01 1.274376340397023154e-07 -3.556151263314808966e-08
9.999999999615215573e-01 1.413348549511243905e-07 -3.944131528770978870e-08
1.000000000007937428e+00 1.567476416447569430e-07 -4.374422089712410850e-08
9.999999999962496666e-01 1.738412728722609323e-07 -4.851636948296174644e-08
1.000000000040089709e+00 1.927990513792266341e-07 -5.380893281555600562e-08
9.999999999742885670e-01 2.138242696713109521e-07 -5.967866292636002396e-08
9.999999999590549749e-01 2.371423898336974211e-07 -6.618850029795163196e-08
1.000000000059271921e+00 2.630034606561756888e-07 -7.340824892530300451e-08
9.999999999655747596e-01 2.916847990078553502e-07 -8.141532519626263509e-08
1.000000000036396663e+00 3.234939641726034770e-07 -9.029558789126246739e-08
1.000000000028591129e+00 3.587720553055774250e-07 -1.001442583419774652e-07
1.000000000016968427e+00 3.978973690042515971e-07 -1.110669415882645893e-07
9.999999999918013360e-01 4.412894556539874529e-07 -1.231807588500753493e-07
9.999999999872747347e-01 4.894136183081825434e-07 -1.366156033493796764e-07
9.999999999640686310e-01 5.427859019809898435e-07 -1.515155331379754120e-07
1.000000000081880058e+00 6.019786273781365679e-07 -1.680403159071604470e-07
1.000000000013188783e+00 6.676265275928893453e-07 -1.863671419281928905e-07
1.000000000046037840e+00 7.404335549064475388e-07 -2.066925240270776354e-07
9.999999999618580659e-01 8.211804283641142807e-07 -2.292344045008413797e-07
1.000000000012327028e+00 9.107330060165572724e-07 -2.542344923695514321e-07
1.000000000039427128e+00 1.010051568976316372e-06 -2.819608549626460550e-07
1.000000000035795589e+00 1.120201118924949938e-06 -3.127107921385004351e-07
9.999999999983177901e-01 1.242362797613732542e-06 -3.468140240332353549e-07
1.000000000031445957e+00 1.377846552286677724e-06 -3.846362268486235195e-07
9.999999999738380385e-01 1.528105181979592206e-06 -4.265829536685359114e-07
1.000000000042510884e+00 1.694749916630371308e-06 -4.731039830016459607e-07
9.999999999966201480e-01 1.879567692801434074e-06 -5.246981412084410040e-07
1.000000000039033887e+00 2.084540316406511690e-06 -5.819186516428621030e-07
9.999999999658941707e-01 2.311865712097445183e-06 -6.453790660329853417e-07
1.000000000016166180e+00 2.563981493115245639e-06 -7.157598435021395652e-07
9.999999999901041381e-01 2.843591097475497585e-06 -7.938156461503358864e-07
9.999999999994604316e-01 3.153692778516415061e-06 -8.803834315576101581e-07
9.999999999995873301e-01 3.497611754081720733e-06 -9.763914265624380376e-07
9.999999999976053600e-01 3.879035863170466029e-06 -1.082869079752026769e-06
9.999999999385056348e-01 4.302055109610438397e-06 -1.200958099360653885e-06
9.999999999839758180e-01 4.771205520034889989e-06 -1.331924695550469999e-06
9.999999999966392439e-01 5.291517781489251407e-06 -1.477173156258408628e-06
1.000000000033816949e+00 5.868571187209143239e-06 -1.638260904537427056e-06
9.999999999310595911e-01 6.508553460707036171e-06 -1.816915196842248042e-06
9.999999999457475086e-01 7.218327110044016355e-06 -2.015051643785624765e-06
9.999999999510760240e-01 8.005503008839047707e-06 -2.234794747899042759e-06
9.999999999536689499e-01 8.878522010203823022e-06 -2.478500683559445470e-06
9.999999999586325350e-01 9.846745456456509074e-06 -2.748782559580290618e-06
9.999999999507236392e-01 1.092055555979673818e-05 -3.048538436597463792e-06
9.999999998508316557e-01 1.211146672922269164e-05 -3.380982399394181715e-06
9.999999999354614033e-01 1.343224904307476340e-05 -3.749679018960119239e-06
9.999999998158320968e-01 1.489706516874188473e-05 -4.158581567651098165e-06
9.999999997964384990e-01 1.652162224488183768e-05 -4.612074410043406615e-06
9.999999998175621574e-01 1.832334029310392069e-05 -5.115020006575141394e-06
9.999999997662645246e-01 2.032153901453096390e-05 -5.672811047886387024e-06
9.999999997108314220e-01 2.253764495669068933e-05 -6.291428274272814372e-06
9.999999996188853046e-01 2.499542126251958171e-05 -6.977504597074607672e-06
9.999999995799039310e-01 2.772122248437092044e-05 -7.738396214328666068e-06
9.999999995190971269e-01 3.074427717301576310e-05 -8.582261477521153849e-06
9.999999993721198077e-01 3.409700129521182427e-05 -9.518148361230323470e-06
9.999999992407501148e-01 3.781534583039982230e-05 -1.055609147002391111e-05
9.999999990452546061e-01 4.193918225523652336e-05 -1.170721961869464592e-05
9.999999988508019300e-01 4.651273009072077411e-05 -1.298387514997583771e-05
9.999999985360132904e-01 5.158503104756671375e-05 -1.439974625361151833e-05
9.999999982045367775e-01 5.721047490959955029e-05 -1.597001372244684207e-05
9.999999978418948610e-01 6.344938272919587862e-05 -1.771151370085953674e-05
9.999999973186329827e-01 7.036865363664768387e-05 -1.964291818195043640e-05
9.999999966950504637e-01 7.804248220432380260e-05 -2.178493519130972762e-05
9.999999959622366541e-01 8.655315400339540016e-05 -2.416053078802984059e-05
9.999999950200965104e-01 9.599192793092497969e-05 -2.679517527411726875e-05
9.999999939301731366e-01 1.064600147795350521e-04 -2.971711625587299094e-05
9.999999924535601936e-01 1.180696624522541279e-04 -3.295768145911881942e-05
9.999999907712930902e-01 1.309453596441062853e-04 -3.655161459483311133e-05
9.999999886086587964e-01 1.452251706031943790e-04 -4.053744779350788272e-05
9.999999860309648492e-01 1.610622156534706234e-04 -4.495791470332172933e-05
9.999999827684976639e-01 1.786263129676465161e-04 -4.986040857245675799e-05
9.999999787987240429e-01 1.981057995658758988e-04 -5.529749032767825625e-05
9.999999740140090854e-01 2.197095507441713849e-04 -6.132745200520438788e-05
9.999999679533941865e-01 2.436692197141441911e-04 -6.801494160973914425e-05
9.999999606437534050e-01 2.702417217251250879e-04 -7.543165616841786259e-05
9.999999515535904493e-01 2.997119886333915462e-04 -8.365711021951926401e-05
9.999999404252426505e-01 3.323960243270574519e-04 -9.277948821625156583e-05
9.999999267315445861e-01 3.686442929623679095e-04 -1.028965897568077058e-04
9.999999099034618810e-01 4.088454769119208906e-04 -1.141168779272694870e-04
9.999998892147656804e-01 4.534306443955769925e-04 -1.265606419015869594e-04
9.999998637275114843e-01 5.028778715962871045e-04 -1.403612862916644001e-04
9.999998323513982212e-01 5.577173688585870120e-04 -1.556667610723558228e-04
9.999997937905321654e-01 6.185371658326298044e-04 -1.726411473744795795e-04
9.999997464133237868e-01 6.859894165106161660e-04 -1.914664161377405312e-04
9.999996880607583405e-01 7.607973917409206407e-04 -2.123443784607602608e-04
9.999996162894695395e-01 8.437632345364994664e-04 -2.354988486404860370e-04
9.999995280487764537e-01 9.357765606483258673e-04 -2.611780428878591022e-04
9.999994195086344684e-01 1.037823997048027474e-03 -2.896572395369504641e-04
9.999992860197689515e-01 1.150999760610933601e-03 -3.212417292539344166e-04
9.999991217402628418e-01 1.276517389936032481e-03 -3.562700867187990820e-04
9.999989198511940458e-01 1.415722757045002108e-03 -3.951177990947891505e-04
9.999986713580497621e-01 1.570108495980302582e-03 -4.382012894608389663e-04
9.999983657466856579e-01 1.741330007053918348e-03 -4.859823794348352055e-04
9.999979899186909327e-01 1.931223203480192689e-03 -5.389732374431172425e-04
9.999975276073317376e-01 2.141824193368089841e-03 -5.977418663881622169e-04
9.999969590034682998e-01 2.375391107759982929e-03 -6.629181893966997917e-04
9.999962596170085538e-01 2.634428306474644998e-03 -7.352007982048071365e-04
9.999953994033684568e-01 2.921713222817928866e-03 -8.153644368833490048e-04
9.999943412760599060e-01 3.240326132346139660e-03 -9.042683003175161450e-04
9.999930398311036583e-01 3.593683166096079025e-03 -1.002865236665660947e-03
9.999914390953192900e-01 3.985572917592355123e-03 -1.112211951054294448e-03
9.999894700928434466e-01 4.420197036546267590e-03 -1.233480319893831816e-03
9.999870484190451769e-01 4.902215243515383770e-03 -1.367969936710300817e-03
9.999840696826226560e-01 5.436795235917072679e-03 -1.517122020420220508e-03
9.999804058484986768e-01 6.029668029138919756e-03 -1.682534837384678595e-03
9.999758994856845495e-01 6.687189306928569867e-03 -1.865980797035730323e-03
9.999703567718499775e-01 7.416407433701986511e-03 -2.069425402669150798e-03
9.999635392674729450e-01 8.225138847309172371e-03 -2.295048257321460634e-03
9.999551538868579614e-01 9.122051622470265381e-03 -2.545266344564407843e-03
9.999448401337414083e-01 1.011675807302928227e-02 -2.822759825691601235e-03
9.999321544487215219e-01 1.121991735555347147e-02 -3.130500620991923284e-03
9.999165514091026274e-01 1.244334913438699050e-02 -3.471784069901993376e-03
9.998973602538282490e-01 1.380015945980027879e-02 -3.850263990235372469e-03
9.998737559360033611e-01 1.530488012747035359e-02 -4.269991489030572004e-03
9.998447237593116599e-01 1.697362290461762804e-02 -4.735457910059111611e-03
9.998090156861472177e-01 1.882425011766143338e-02 -5.251642333377269309e-03
9.997650971514485674e-01 2.087656323257879379e-02 -5.824064080093771349e-03
9.997110805915151444e-01 2.315251113814261949e-02 -6.458840697335759863e-03
9.996446450865171807e-01 2.567642001692007139e-02 -7.162751946793370454e-03
9.995629365650521292e-01 2.847524669835118510e-02 -7.943310322593512968e-03
9.994624455511087469e-01 3.157885751136307179e-02 -8.808838658216673265e-03
9.993388571821537614e-01 3.502033464323417444e-02 -9.768555378834944264e-03
9.991868664601435412e-01 3.883631192820505978e-02 -1.083266793185543551e-02
9.989999522076238314e-01 4.306734187994494534e-02 -1.201247489752617879e-02
9.987700987665951713e-01 4.775829536876607939e-02 -1.332047716590722096e-02
9.984874553388831675e-01 5.295879490180358667e-02 -1.477049844262642679e-02
9.981399182610550813e-01 5.872368153667426732e-02 -1.637781508692730953e-02
9.977126190499167047e-01 6.511351418496336141e-02 -1.815929493006020884e-02
9.971872984050547117e-01 7.219509823201272769e-02 -2.013354421185368018e-02
9.965415407092850231e-01 8.004203762484217444e-02 -2.232106100009087490e-02
9.957478403261874611e-01 8.873530087232715802e-02 -2.474439242435267500e-02
9.947724636577186530e-01 9.836378597903719379e-02 -2.742829154573203643e-02
9.935740674601066802e-01 1.090248622417024776e-01 -3.039986770897182972e-02
9.921020230442043619e-01 1.208248565036991601e-01 -3.368872134698955995e-02
9.902943942662801868e-01 1.338794384353999001e-01 -3.732705058170282530e-02
9.880755061644193038e-01 1.483138409088520238e-01 -4.134971181716259880e-02
9.853530400620506002e-01 1.642628280564046861e-01 -4.579420998842070184e-02
9.820145861612655791e-01 1.818702920201400175e-01 -5.070058534370507769e-02
9.779235915345912966e-01 2.012883196287024445e-01 -5.611115257570030435e-02
9.729146539645904257e-01 2.226755195030073187e-01 -6.207003400878672444e-02
9.667881425507650617e-01 2.461943382386772572e-01 -6.862241135138200110e-02
9.593041795010225359e-01 2.720070211431245277e-01 -7.581340018309506990e-02
9.501761067633128777e-01 3.002697915520959882e-01 -8.368642871142320527e-02
9.390636974463120179e-01 3.311247394703403790e-01 -9.228097920062298953e-02
9.255665766608982548e-01 3.646888407700744628e-01 -1.016295311869073598e-01
9.092186031812972136e-01 4.010394974972489868e-01 -1.117535371215364892e-01
8.894843424423771738e-01 4.401960383257627618e-01 -1.226582746486601372e-01
8.657592410532527483e-01 4.820968108168750543e-01 -1.343264733885355666e-01
8.373756517156719648e-01 5.265719131751869231e-01 -1.467107299014089594e-01
8.036173798319512507e-01 5.733123525462684444e-01 -1.597249302148128491e-01
7.637457665262055162e-01 6.218375694480027249e-01 -1.732352198675393140e-01
7.170402169418483851e-01 6.714648627159178762e-01 -1.870515048875217579e-01
6.628551753238236532e-01 7.212861885870661682e-01 -2.009210062308619815e-01
6.006934327509403371e-01 7.701597407881433099e-01 -2.145259274684364059e-01
5.302920709360458007e-01 8.167249786300772030e-01 -2.274876454115042079e-01
4.517124352567699619e-01 8.594493728073471228e-01 -2.393797222839776639e-01
3.654201620935256245e-01 8.967120258283518552e-01 -2.497511719518705764e-01
2.723372212562574779e-01 9.269228913861550234e-01 -2.581596237946088834e-01
1.738475387894043711e-01 9.486671334277686496e-01 -2.642114744337077936e-01
7.174305877763059724e-02 9.608544842048727386e-01 -2.676034261915451462e-01
-3.189163603336237635e-02 9.628469309907569107e-01 -2.681579964144772954e-01
-1.348432965783948057e-01 9.545383049634108552e-01 -2.658456502013792355e-01
-2.349564575119970078e-01 9.363678660367111828e-01 -2.607885782234869443e-01
-3.303097109423205335e-01 9.092647262283103382e-01 -2.532452418068948941e-01
-4.193521394191410678e-01 8.745358449673958923e-01 -2.435792253757875780e-01
-5.009814667202406868e-01 8.337216931015112298e-01 -2.322190958078748368e-01
-5.745603141471256059e-01 7.884471146027771660e-01 -2.196169230367265579e-01
-6.398800026014187514e-01 7.402906344790182169e-01 -2.062119268496601376e-01
-6.970890387886595763e-01 6.906865202735931186e-01 -1.924032294813101118e-01
-7.466050433796256325e-01 6.408641680320642520e-01 -1.785329866811682931e-01
-7.890259385218590937e-01 5.918217377311882910e-01 -1.648790438136162884e-01
-8.250510915999795802e-01 5.443265954299685294e-01 -1.516550485725990105e-01
-8.554178742274081149e-01 4.989337915964938697e-01 -1.390155820620296578e-01
-8.808549513859875724e-01 4.560145553445482114e-01 -1.270640780623678578e-01
-9.020509522326224383e-01 4.157885574512638627e-01 -1.158617929656950846e-01
-9.196358448979171651e-01 3.783556885906886880e-01 -1.054366430086659673e-01
-9.341719708248418241e-01 3.437248501047059923e-01 -9.579121225655568006e-02
-9.461519019162283328e-01 3.118385790501583821e-01 -8.690960312929982279e-02
-9.560007609799537898e-01 2.825932185533863716e-01 -7.876304865362397656e-02
-9.640811930057555657e-01 2.558548736395243051e-01 -7.131435288252227500e-02
-9.706996818753463874e-01 2.314716600457054074e-01 -6.452130037360938319e-02
-9.761133266751053084e-01 2.092828491800743373e-01 -5.833920230653558830e-02
-9.805365138248404167e-01 1.891255064512903927e-01 -5.272274523677704383e-02
-9.841471546030912121e-01 1.708391615522452389e-01 -4.762729222453761235e-02
-9.870923185613280637e-01 1.542689691752077707e-01 -4.300976383332679592e-02
-9.894931989949907747e-01 1.392677353438696031e-01 -3.882920335038188980e-02
-9.914494123575456896e-01 1.256971076488350991e-01 -3.504710920741829078e-02
-9.930426713890123658e-01 1.134281612895925717e-01 -3.162759912461729495e-02
-9.943398911613824387e-01 1.023415579871241321e-01 -2.853745525161809071e-02
-9.953957947394003192e-01 9.232741087323637075e-02 -2.574608735358845449e-02
-9.962550854567421288e-01 8.328495402557294092e-02 -2.322544151113012725e-02
-9.969542489673961505e-01 7.512208879876371148e-02 -2.094987442497119046e-02
-9.975230423266401303e-01 6.775485897040504912e-02 -1.889600781449943603e-02
-9.979857205862751046e-01 6.110689161150655718e-02 -1.704257319422484290e-02
-9.983620446556605854e-01 5.510882937875811322e-02 -1.537025419118918934e-02
-9.986681077509698135e-01 4.969777167636054566e-02 -1.386153126953153236e-02
-9.989170119980400608e-01 4.481673613293443714e-02 -1.250053205686066371e-02
-9.991194216138715722e-01 4.041414751011095097e-02 -1.127288926127499764e-02
-9.992840147207929791e-01 3.644335808057677650e-02 -1.016560730993677254e-02
-9.994178520335773586e-01 3.286220134763985501e-02 -9.166938236417111058e-03
-9.995266775134886705e-01 2.963257948856617280e-02 -8.266266928515945966e-03
-9.996151634075081116e-01 2.672008389997910724e-02 -7.454005568058988396e-03
-9.996871098614309448e-01 2.409364757196700776e-02 -6.721496912127371444e-03
-9.997456074714355934e-01 2.172522761828380583e-02 -6.060925953464325715e-03
-9.997931696178453675e-01 1.958951606791439065e-02 -5.465239435455919795e-03
-9.998318401683214951e-01 1.766367692516850399e-02 -4.928072669343188002e-03
-9.998632811158406630e-01 1.592710749260389108e-02 -4.443683097355047990e-03
-9.998888438884289132e-01 1.436122199496535877e-02 -4.006890057345550114e-03
-9.999096273469100238e-01 1.294925562192271798e-02 -3.613020226396070501e-03
-9.999265249721959181e-01 1.167608721045270380e-02 -3.257858249285502591e-03
-9.999402632380678391e-01 1.052807890116194516e-02 -2.937602089132077248e-03
-9.999514328167311561e-01 9.492931222463108290e-03 -2.648822670609221695e-03
-9.999605139597016468e-01 8.559552175765417631e-03 -2.388427419203273481e-03
-9.999678971363742397e-01 7.717939011026206907e-03 -2.153627332204058938e-03
-9.999738998178621108e-01 6.959071493359364480e-03 -1.941907247998946560e-03
-9.999787801197443926e-01 6.274815566321758145e-03 -1.750999009375302229e-03
-9.999827478983820406e-01 5.657836415764787470e-03 -1.578857243815525628e-03
-9.999859737747018862e-01 5.101520029030678048e-03 -1.423637509004080154e-03
-9.999885964686916484e-01 4.599902428185326936e-03 -1.283676575084013918e-03
-9.999907287640271703e-01 4.147605833050690451e-03 -1.157474636605621433e-03
-9.999924623548849256e-01 3.739781080185569737e-03 -1.043679266678463865e-03
-9.999938717917354891e-01 3.372055688274541198e-03 -9.410709437054963575e-04
-9.999950176860671336e-01 3.040487018758124098e-03 -8.485499973023837798e-04
-9.999959493159196189e-01 2.741520033707736149e-03 -7.651248347986520275e-04
-9.999967067443416013e-01 2.471949201111949337e-03 -6.899013231030427275e-04
-9.999973225443772318e-01 2.228884141385873915e-03 -6.220732128512242816e-04
-9.999978231986053068e-01 2.009718648405855665e-03 -5.609135027440515908e-04
-9.999982302384042843e-01 1.812102754145651640e-03 -5.057666519333628126e-04
-9.999985611654408357e-01 1.633917538270135850e-03 -4.560415572927392115e-04
-9.999988302159037445e-01 1.473252413288059139e-03 -4.112052205494198635e-04
-9.999990489562412543e-01 1.328384642119016324e-03 -3.707770375578332313e-04
-9.999992267952336755e-01 1.197760868913733037e-03 -3.343236486701303364e-04
-9.999993713811136109e-01 1.079980465273436665e-03 -3.014542950914485546e-04
-9.999994889309319346e-01 9.737805135438250227e-04 -2.718166315426286594e-04
-9.999995845006288686e-01 8.780222663020245981e-04 -2.450929504082812404e-04
-9.999996621996456447e-01 7.916789369495528606e-04 -2.209967769468941328e-04
-9.999997253695501742e-01 7.138246905877653056e-04 -1.992697991084759976e-04
-9.999997767280057737e-01 6.436247171808806306e-04 -1.796790990806731894e-04
-9.999998184847611604e-01 5.803262806142571320e-04 -1.620146569154172023e-04
-9.999998524327977645e-01 5.232506477052472444e-04 -1.460870994933439961e-04
-9.999998800301216351e-01 4.717858106538078177e-04 -1.317256707145362821e-04
-9.999999024697661110e-01 4.253799249157844044e-04 -1.187764011686022464e-04
-9.999999207102548970e-01 3.835353921375714986e-04 -1.071004576671375061e-04
-9.999999355446069771e-01 3.458035247522852945e-04 -9.657265496524051367e-05
-9.999999476015654087e-01 3.117797349920769503e-04 -8.708011370798596565e-05
-9.999999574059942331e-01 2.810991967862502589e-04 -7.852105023023776419e-05
-9.999999653790891951e-01 2.534329339909414947e-04 -7.080368522798152666e-05
-9.999999718557240902e-01 2.284842930420741302e-04 -6.384525960891071299e-05
-9.999999771277205962e-01 2.059857622125412120e-04 -5.757114696656548554e-05
-9.999999814120952291e-01 1.856961033471968270e-04 -5.191405315330684074e-05
-9.999999848900300581e-01 1.673977653608466770e-04 -4.681329437723614323e-05
-9.999999877222526257e-01 1.508945517474044064e-04 -4.221414606953830017e-05
-9.999999900185571056e-01 1.360095170944421942e-04 -3.806725553156925897e-05
-9.999999919009393556e-01 1.225830700771715794e-04 -3.432811205891107408e-05
-9.999999934221648346e-01 1.104712625599251565e-04 -3.095656883798367432e-05
-9.999999946669879680e-01 9.954424651280761112e-05 -2.791641148837571357e-05
-9.999999956581412386e-01 8.968488215880602286e-05 -2.517496859170532226e-05
-9.999999964880280645e-01 8.078748248347005791e-05 -2.270276002166918595e-05
-9.999999971331898774e-01 7.275668060105761460e-05 -2.047317926613790277e-05
-9.999999976801181578e-01 6.550640791313841319e-05 -1.846220632344888277e-05
-9.999999981152701833e-01 5.895897204232526656e-05 -1.664814803926530532e-05
-9.999999985126276636e-01 5.304422473508670305e-05 -1.501140308134868156e-05
-9.999999988032659548e-01 4.769881077540372003e-05 -1.353424897030080461e-05
-9.999999990162877772e-01 4.286548992973549736e-05 -1.220064884474240856e-05
-9.999999992095216506e-01 3.849252463015854689e-05 -1.099607581778270027e-05
-9.999999993818156074e-01 3.453312687766226262e-05 -9.907352978037607100e-06
-9.999999994828034922e-01 3.094495846947289784e-05 -8.922507241236952411e-06
-9.999999996133915880e-01 2.768967922835584004e-05 -8.030635395734029853e-06
-9.999999996736613772e-01 2.473253840835806829e-05 -7.221780794770974935e-06
-9.999999997666919604e-01 2.204200498348468074e-05 -6.486819265179396696e-06
-9.999999997968123111e-01 1.958943286262171456e-05 -5.817352859667889479e-06
-9.999999998672838286e-01 1.734875754610025204e-05 -5.205610170117575816e-06
-9.999999998735951134e-01 1.529622100579410698e-05 -4.644351941525128240e-06
-9.999999999139916884e-01 1.341012195372670097e-05 -4.126780777063345430e-06
-9.999999999372146675e-01 1.167058888408221940e-05 -3.646453722053428079e-06
-9.999999999619206825e-01 1.005937358555155057e-05 -3.197196526520740993e-06
-9.999999999744111356e-01 8.559663020138185460e-06 -2.773018351109939939e-06
-9.999999999761529645e-01 7.155907698111977054e-06 -2.368025647571117889e-06
-9.999999999898259162e-01 5.833664866773252960e-06 -1.976333882602896786e-06
-9.999999999890742952e-01 4.579455017610363190e-06 -1.591975690579708371e-06
-9.999999999956529217e-01 3.380630387308130772e-06 -1.208803934172264745e-06
-9.999999999999144018e-01 2.225254283354349427e-06 -8.203880190619146839e-07
-9.999999999975623943e-01 1.101990220812595010e-06 -4.199016476765395486e-07
-1.000000000000000000e+00 0.000000000000000000e+00 0.000000000000000000e+00
