1.000000000000000000e+00 0.000000000000000000e+00 0.000000000000000000e+00
9.999999999979295451e-01 1.144719175094113021e-13 -2.415642144311800301e-14
9.999999999981948884e-01 2.300688868599275129e-13 -4.457856589660810683e-14
9.999999999962385644e-01 3.469101837679176773e-13 -6.203527986271977247e-14
9.999999999976680876e-01 4.651674097881896861e-13 -7.724577720303685140e-14
9.999999999987960742e-01 5.850707553239408932e-13 -9.088619766380408726e-14
9.999999999977901011e-01 7.069103956724397271e-13 -1.035925349448342578e-13
9.999999999964521713e-01 8.310284675852429291e-13 -1.159584481761562948e-13
9.999999999947566387e-01 9.578080554602640765e-13 -1.285318706068438481e-13
9.999999999984355847e-01 1.087667622663084706e-12 -1.418142777540662421e-13
9.999999999961447505e-01 1.221061124948887965e-12 -1.562616698067509617e-13
9.999999999974491516e-01 1.358477185141011226e-12 -1.722841023814745597e-13
9.999999999979688470e-01 1.500433390283090001e-12 -1.902438907370437490e-13
9.999999999968413045e-01 1.647468997256503709e-12 -2.104558050497201844e-13
9.999999999970295983e-01 1.800141553428108612e-12 -2.331905522660769930e-13
9.999999999972676301e-01 1.959028660246371078e-12 -2.586783794824615839e-13
9.999999999961948216e-01 2.124730870904363503e-12 -2.871087008957768592e-13
9.999999999974418241e-01 2.297869901296441754e-12 -3.186253877900797195e-13
9.999999999957551733e-01 2.479079124671397932e-12 -3.533215368658751655e-13
9.999999999954102270e-01 2.668989551414367031e-12 -3.912380838009449467e-13
9.999999999954448660e-01 2.868219459627903466e-12 -4.323677129088090738e-13
9.999999999974193976e-01 3.077374120621182305e-12 -4.766619579347426733e-13
9.999999999969069187e-01 3.297054259205635281e-12 -5.240370635570210834e-13
9.999999999977607912e-01 3.527864876568268467e-12 -5.743739982945006882e-13
9.999999999962828623e-01 3.770415726150200659e-12 -6.275113348862645461e-13
9.999999999981766807e-01 4.025310921541393543e-12 -6.832355960850095041e-13
9.999999999973854248e-01 4.293132664455478219e-12 -7.412766409343392224e-13
9.999999999967368325e-01 4.574426786085633527e-12 -8.013116916575599177e-13
9.999999999956409313e-01 4.869694159269114118e-12 -8.629746694129840255e-13
9.999999999988803401e-01 5.179387188781753314e-12 -9.258647503346438034e-13
9.999999999992142952e-01 5.503909600929722223e-12 -9.895504146598604608e-13
9.999999999950404117e-01 5.843618731603403192e-12 -1.053568823025715416e-12
9.999999999968384179e-01 6.198828427599751977e-12 -1.117423108455622249e-12
9.999999999965850650e-01 6.569809291659776438e-12 -1.180581532168807303e-12
9.999999999954473084e-01 6.956785223124334797e-12 -1.242480898786692939e-12
9.999999999951642016e-01 7.359929240263895665e-12 -1.302532779457364605e-12
9.999999999963725683e-01 7.779361818246172411e-12 -1.360128690397595946e-12
9.999999999985575982e-01 8.215150394801226816e-12 -1.414641987334564942e-12
9.999999999963008479e-01 8.667305687797798032e-12 -1.465428381557931939e-12
9.999999999983673060e-01 9.135774657262433142e-12 -1.511828883361592166e-12
9.999999999973556708e-01 9.620436012109518114e-12 -1.553175342662857069e-12
9.999999999974431564e-01 1.012110192420404229e-11 -1.588793999278684799e-12
9.999999999979748422e-01 1.063752129857934359e-11 -1.618004367028565120e-12
9.999999999963967712e-01 1.116937854868693013e-11 -1.640117562082325378e-12
9.999999999947205565e-01 1.171628961519469850e-11 -1.654439693195218679e-12
9.999999999967589259e-01 1.227780145143316561e-11 -1.660279940725947878e-12
9.999999999960506036e-01 1.285339602359386512e-11 -1.656958342676132856e-12
9.999999999957454033e-01 1.344249410569325590e-11 -1.643810245767155230e-12
9.999999999964754860e-01 1.404445604555600069e-11 -1.620188091544238377e-12
9.999999999958102403e-01 1.465858165979433349e-11 -1.585462098469332965e-12
9.999999999949368279e-01 1.528411178482976265e-11 -1.539021097434956408e-12
9.999999999954973795e-01 1.592023074431735072e-11 -1.480275169198799672e-12
9.999999999943687268e-01 1.656606780460909789e-11 -1.408661112538467143e-12
9.999999999961821651e-01 1.722069766873728895e-11 -1.323649160232889429e-12
9.999999999967263964e-01 1.788314170472506714e-11 -1.224747176168018194e-12
9.999999999969528819e-01 1.855237093317839709e-11 -1.111499368265787835e-12
9.999999999933212314e-01 1.922731025028130374e-11 -9.834801943811683691e-13
9.999999999963719022e-01 1.990684272580448927e-11 -8.402881761835641938e-13
9.999999999966099340e-01 2.058981293985734758e-11 -6.815454115033814922e-13
9.999999999962176922e-01 2.127502851415590938e-11 -5.069049467092682443e-13
9.999999999957651653e-01 2.196125982225042940e-11 -3.160624430945624242e-13
9.999999999951471041e-01 2.264723982257686430e-11 -1.087660303055279065e-13
9.999999999976036946e-01 2.333166727032293555e-11 1.151791916300133949e-13
9.999999999945885509e-01 2.401321474149408474e-11 3.559118721410342554e-13
9.999999999967804643e-01 2.469053819090917652e-11 6.135193341897575006e-13
9.999999999964852559e-01 2.536228158891778207e-11 8.880450799130813766e-13
9.999999999948039342e-01 2.602707400956373337e-11 1.179493969504954300e-12
9.999999999961872721e-01 2.668352555664846069e-11 1.487829589032793036e-12
9.999999999965428765e-01 2.733023151441992500e-11 1.812965734030535578e-12
9.999999999962516650e-01 2.796578506593375689e-11 2.154761133883324680e-12
9.999999999946294071e-01 2.858878888886477285e-11 2.513022228017439563e-12
9.999999999951642016e-01 2.919785852273026538e-11 2.887508215388739124e-12
9.999999999959215957e-01 2.979162119631875559e-11 3.277930883481257353e-12
9.999999999970171638e-01 3.036871720729995642e-11 3.683950509897623717e-12
9.999999999968175457e-01 3.092780400049371276e-11 4.105174172556658268e-12
9.999999999983564258e-01 3.146755926528238844e-11 4.541157112133128392e-12
9.999999999971811437e-01 3.198668484245451818e-11 4.991403242324083170e-12
9.999999999946757034e-01 3.248391504353519290e-11 5.455366306866762602e-12
9.999999999968982589e-01 3.295802405630642829e-11 5.932456641746443175e-12
9.999999999944947371e-01 3.340782329903679786e-11 6.422050342739071474e-12
9.999999999965455411e-01 3.383215147309719038e-11 6.923491177817961492e-12
9.999999999970211606e-01 3.422987117317933196e-11 7.436083338722124079e-12
9.999999999992739141e-01 3.459987959317624175e-11 7.959084227115082716e-12
9.999999999940654138e-01 3.494112573205712424e-11 8.491705695840584000e-12
9.999999999959801045e-01 3.525262090280724926e-11 9.033121942422882710e-12
9.999999999989609423e-01 3.553343785107466723e-11 9.582475327777742680e-12
9.999999999950501817e-01 3.578270606695338457e-11 1.013887500649653280e-11
9.999999999949783502e-01 3.599961347222415868e-11 1.070139338690392533e-11
9.999999999963501418e-01 3.618341449667678389e-11 1.126907012457286202e-11
9.999999999973736564e-01 3.633343423067819406e-11 1.184092501878548220e-11
9.999999999946326268e-01 3.644906212833099958e-11 1.241596884639364621e-11
9.999999999964388486e-01 3.652974226815821094e-11 1.299320136289595414e-11
9.999999999970680120e-01 3.657497259589171448e-11 1.357159937762245142e-11
9.999999999956240559e-01 3.658431647380551499e-11 1.415010881392610814e-11
9.999999999965799580e-01 3.655741745813983981e-11 1.472765117318217935e-11
9.999999999955460073e-01 3.649400536764837179e-11 1.530314118859914940e-11
9.999999999967658093e-01 3.639389030721235892e-11 1.587550217203943981e-11
9.999999999947883911e-01 3.625695235532929796e-11 1.644366827821574759e-11
9.999999999972242204e-01 3.608313704557624413e-11 1.700657556082964919e-11
9.999999999950941465e-01 3.587245837212829011e-11 1.756315302476148327e-11
9.999999999953006480e-01 3.562500205776001976e-11 1.811232048473417944e-11
9.999999999976507681e-01 3.534092531003721499e-11 1.865298839082817730e-11
9.999999999958487651e-01 3.502046085955745006e-11 1.918405546215416091e-11
9.999999999969031439e-01 3.466392989252048108e-11 1.970441369044400139e-11
9.999999999941889817e-01 3.427174954314031901e-11 2.021296900467778581e-11
9.999999999963956610e-01 3.384441985664196306e-11 2.070866338462930671e-11
9.999999999970153874e-01 3.338250115867787086e-11 2.119047772832246493e-11
9.999999999953398389e-01 3.288660475639146501e-11 2.165741846761023614e-11
9.999999999963177233e-01 3.235740041971110377e-11 2.210850658102091834e-11
9.999999999959727770e-01 3.179562819527823907e-11 2.254277637156986105e-11
9.999999999955980767e-01 3.120210713141857922e-11 2.295928045295641192e-11
9.999999999966644459e-01 3.057773833407137793e-11 2.335709843181712360e-11
9.999999999978426146e-01 2.992349968670506135e-11 2.373534468554072255e-11
9.999999999959963137e-01 2.924043665760350138e-11 2.409316872559505355e-11
9.999999999963512520e-01 2.852965878574574655e-11 2.442975096889398126e-11
9.999999999979192200e-01 2.779234250444846437e-11 2.474430466274800207e-11
9.999999999963579134e-01 2.702973031312465057e-11 2.503608732051238107e-11
9.999999999952955410e-01 2.624312010208782590e-11 2.530441205354226687e-11
9.999999999952875473e-01 2.543385214501038065e-11 2.554864876464562238e-11
9.999999999970622389e-01 2.460330487585512701e-11 2.576821876533256119e-11
9.999999999996634914e-01 2.375289672319892369e-11 2.596259272539032898e-11
9.999999999973905318e-01 2.288408401071720552e-11 2.613128905240422678e-11
9.999999999962830843e-01 2.199836036872597661e-11 2.627386420978919918e-11
9.999999999977390308e-01 2.109727002087758734e-11 2.638990612611545827e-11
9.999999999970796694e-01 2.018242313413472083e-11 2.647905055087842205e-11
1.000000000011822987e+00 1.925548621130590320e-11 2.654101162254202427e-11
1.000000000025297764e+00 1.831814769436323077e-11 2.657559434885979448e-11
1.000000000022478241e+00 1.737208948324697035e-11 2.658267800349428721e-11
1.000000000024388269e+00 1.641898381693131252e-11 2.656219283421511994e-11
1.000000000025491609e+00 1.546050449766043392e-11 2.651411112142409644e-11
1.000000000022105873e+00 1.449833572034298744e-11 2.643845052968353318e-11
1.000000000027257530e+00 1.353417544140330798e-11 2.633528059903508653e-11
1.000000000020222712e+00 1.256973453098967236e-11 2.620473011986597431e-11
1.000000000051360693e+00 1.160673079567772020e-11 2.604699339833707234e-11
9.999999999498924153e-01 1.064688102293424582e-11 2.586233277556645889e-11
9.999999999600485134e-01 9.691893707987498665e-12 2.565108015673039532e-11
9.999999999958301133e-01 8.743458297144735511e-12 2.541363763408217634e-11
1.000000000023633095e+00 7.803231797348526963e-12 2.515047044236105189e-11
1.000000000030926817e+00 6.872833062829747452e-12 2.486209370248873974e-11
9.999999999766054914e-01 5.953846656100192268e-12 2.454906625968008514e-11
9.999999999972218889e-01 5.047824044812856713e-12 2.421199568555112387e-11
1.000000000039888759e+00 4.156276239453191112e-12 2.385154144497257718e-11
9.999999999917739135e-01 3.280669288617717289e-12 2.346840780077112550e-11
9.999999999584562316e-01 2.422431836890864337e-12 2.306333839131549258e-11
9.999999999565695186e-01 1.582962228529762057e-12 2.263712614124230190e-11
9.999999999516276938e-01 7.636174336647739260e-13 2.219062836638947775e-11
9.999999999824801256e-01 -3.431020761243828059e-14 2.172476604196043480e-11
1.000000000030282221e+00 -8.096078785248600446e-13 2.124050647324614599e-11
1.000000000000063061e+00 -1.561142743687059269e-12 2.073884418579051303e-11
1.000000000047572168e+00 -2.287853680288534304e-12 2.022078671578164403e-11
1.000000000017761570e+00 -2.988735572041111856e-12 1.968734761476808759e-11
1.000000000059116045e+00 -3.662822009756797153e-12 1.913955521398933965e-11
9.999999999465979394e-01 -4.309184909403946200e-12 1.857847632516756276e-11
9.999999999571209663e-01 -4.926960128992634323e-12 1.800523330728013844e-11
9.999999999764499492e-01 -5.515379798987931755e-12 1.742099485417939511e-11
1.000000000004738876e+00 -6.073783766636430700e-12 1.682694901802977282e-11
1.000000000015889290e+00 -6.601606355175190972e-12 1.622428411379941589e-11
1.000000000043859361e+00 -7.098358980104737822e-12 1.561419008656396656e-11
9.999999999919462201e-01 -7.563628344293184029e-12 1.499786975863333216e-11
9.999999999650431848e-01 -7.997090709883236966e-12 1.437654023233787093e-11
9.999999999890331059e-01 -8.398524436752860198e-12 1.375141547503765267e-11
9.999999999691315811e-01 -8.767803510514019188e-12 1.312368257915943848e-11
1.000000000008356205e+00 -9.104876344232599691e-12 1.249449254815233121e-11
1.000000000016532109e+00 -9.409750209123295752e-12 1.186496908818782124e-11
1.000000000020342394e+00 -9.682490540988735390e-12 1.123622009661357469e-11
1.000000000033039571e+00 -9.923225947807439041e-12 1.060934209007822958e-11
9.999999999830233577e-01 -1.013215203237032361e-11 9.985422431635968276e-12
1.000000000036954217e+00 -1.030953880578346734e-11 9.365541068255561379e-12
9.999999999928979033e-01 -1.045574155297178622e-11 8.750762429460248690e-12
9.999999999799880079e-01 -1.057120140277527419e-11 8.142115077323223214e-12
1.000000000015307311e+00 -1.065642630671067432e-11 7.540575644538039253e-12
1.000000000037284620e+00 -1.071196605669488987e-11 6.947076207356608071e-12
1.000000000046888715e+00 -1.073840888385207962e-11 6.362530634677164084e-12
9.999999999932972505e-01 -1.073640903208599156e-11 5.787848184140714504e-12
1.000000000015603074e+00 -1.070671614699081270e-11 5.223909392115792372e-12
1.000000000019414692e+00 -1.065016937031892523e-11 4.671523691432845145e-12
9.999999999726760791e-01 -1.056766275841316374e-11 4.131410179802331304e-12
9.999999999548245810e-01 -1.046011930012603969e-11 3.604205808328632834e-12
1.000000000005465406e+00 -1.032848059493643809e-11 3.090473482740709971e-12
1.000000000044233284e+00 -1.017369164541999847e-11 2.590708788370952201e-12
9.999999999523235816e-01 -9.996689048076087093e-12 2.105365502147990315e-12
1.000000000049607873e+00 -9.798421275738476896e-12 1.634883648314421879e-12
1.000000000002211564e+00 -9.579885194857680607e-12 1.179678205957116118e-12
1.000000000012258639e+00 -9.342125720360421749e-12 7.400964003401091511e-13
1.000000000020955904e+00 -9.086194712324420791e-12 3.164031416079843928e-13
9.999999999843668386e-01 -8.813129861939158571e-12 -9.118956620442630160e-14
9.999999999701342235e-01 -8.523978686206652873e-12 -4.825070382482944586e-13
9.999999999561071107e-01 -8.219814727650830117e-12 -8.574419866082846240e-13
9.999999999822341001e-01 -7.901708938893168905e-12 -1.215985432225950075e-12
9.999999999613922164e-01 -7.570688431654761959e-12 -1.558218925415848073e-12
9.999999999847927201e-01 -7.227719209136108655e-12 -1.884282692852346936e-12
1.000000000035401015e+00 -6.873716982379025999e-12 -2.194345426568417260e-12
9.999999999513120574e-01 -6.509579022621854586e-12 -2.488594556672761193e-12
1.000000000005357492e+00 -6.136214206200003604e-12 -2.767262740769228241e-12
9.999999999864928046e-01 -5.754537147158032593e-12 -3.030676699016202634e-12
9.999999999985592636e-01 -5.365422211962293058e-12 -3.279287214534673123e-12
9.999999999790509797e-01 -4.969651453841122189e-12 -3.513656751396248094e-12
9.999999999994615418e-01 -4.567891674736065967e-12 -3.734420808234096517e-12
1.000000000024322988e+00 -4.160705477093821284e-12 -3.942256438625759461e-12
9.999999999877384749e-01 -3.748578259593913745e-12 -4.137876777398568807e-12
9.999999999850298638e-01 -3.331941084470727534e-12 -4.322056582198123171e-12
1.000000000008207435e+00 -2.911159343410846368e-12 -4.495681344181163707e-12
1.000000000009926060e+00 -2.486470064391586812e-12 -4.659769919773235947e-12
9.999999999895502478e-01 -2.057929303843645669e-12 -4.815423220223881294e-12
9.999999999807139828e-01 -1.625449360922201794e-12 -4.963761417865323930e-12
9.999999999608516488e-01 -1.188875103990057224e-12 -5.105957666621530445e-12
9.999999999750515123e-01 -7.479740674229799712e-13 -5.243340625567491650e-12
1.000000000000076161e+00 -3.023399693445904240e-13 -5.377438166819052387e-12
9.999999999600966971e-01 1.486748299747502289e-13 -5.509935114471554953e-12
1.000000000040770942e+00 6.059525842222124459e-13 -5.642637968332945587e-12
9.999999999474589174e-01 1.070597387587405090e-12 -5.777499146320602775e-12
9.999999999676375539e-01 1.543964293457983909e-12 -5.916653684846289833e-12
1.000000000000083711e+00 2.027693497759288705e-12 -6.062433054752777237e-12
9.999999999730061484e-01 2.523729768175345611e-12 -6.217392269428870040e-12
1.000000000000799139e+00 3.034373413766311004e-12 -6.384354035980742917e-12
9.999999999627471325e-01 3.562356162477418924e-12 -6.566406485909574100e-12
1.000000000056474825e+00 4.110856987757619093e-12 -6.766864767772521551e-12
9.999999999998548939e-01 4.683457253100898921e-12 -6.989303810217859475e-12
1.000000000004525047e+00 5.284151562211764260e-12 -7.237689257492379443e-12
9.999999999715327714e-01 5.917469894161511820e-12 -7.516500878741008968e-12
9.999999999907299708e-01 6.588631328031980376e-12 -7.830770783979221857e-12
1.000000000022871927e+00 7.303644651783364672e-12 -8.186078871202503017e-12
9.999999999651341120e-01 8.069363027446044954e-12 -8.588577756046148305e-12
9.999999999741963075e-01 8.893538508151482073e-12 -9.045065733088806456e-12
1.000000000023883340e+00 9.784904093186882842e-12 -9.563098133855745194e-12
1.000000000016034507e+00 1.075330547639807676e-11 -1.015111946275754212e-11
1.000000000013165691e+00 1.180988248743686566e-11 -1.081857434714651820e-11
1.000000000006222800e+00 1.296724502628051927e-11 -1.157597834556625575e-11
1.000000000043628212e+00 1.423960180784179202e-11 -1.243501036921857515e-11
9.999999999991801003e-01 1.564289565077729111e-11 -1.340868988209034444e-11
9.999999999629568537e-01 1.719501300416062111e-11 -1.451160788484007451e-11
9.999999999972805087e-01 1.891605980856258713e-11 -1.576016434714746630e-11
1.000000000000015543e+00 2.082869208738538436e-11 -1.717280650091417534e-11
1.000000000013959056e+00 2.295848877912163899e-11 -1.877024074671409472e-11
9.999999999788815597e-01 2.533430115977826465e-11 -2.057563446346312398e-11
9.999999999617631419e-01 2.798858801515413709e-11 -2.261490117551417956e-11
1.000000000052137406e+00 3.095782368623418583e-11 -2.491707431177045763e-11
9.999999999486646196e-01 3.428297961570012508e-11 -2.751472686539809032e-11
1.000000000015257129e+00 3.801008634032042251e-11 -3.044446741496471908e-11
1.000000000010283108e+00 4.219093396346837092e-11 -3.374747141487975197e-11
1.000000000010193624e+00 4.688383717593852028e-11 -3.746998089098734979e-11
9.999999999999035216e-01 5.215438652087269215e-11 -4.166387861663301034e-11
9.999999999871650447e-01 5.807629172764944547e-11 -4.638743485771043963e-11
9.999999999618079949e-01 6.473241095208762592e-11 -5.170616416436486926e-11
1.000000000057070126e+00 7.221594254959449653e-11 -5.769373727026999682e-11
1.000000000018920199e+00 8.063174646958174525e-11 -6.443295813744787739e-11
1.000000000007107426e+00 9.009777356887359276e-11 -7.201685181715186048e-11
9.999999999632661618e-01 1.007466391525982208e-10 -8.054994645273575333e-11
1.000000000015888624e+00 1.127274471765278917e-10 -9.014976497479828204e-11
1.000000000022571500e+00 1.262079034565195914e-10 -1.009484587400926331e-10
1.000000000020419000e+00 1.413766637236766916e-10 -1.130945693174146383e-10
9.999999999993318678e-01 1.584458757924207349e-10 -1.267550127527595346e-10
1.000000000014772628e+00 1.776540011518207081e-10 -1.421174382560501950e-10
9.999999999728076405e-01 1.992691442880095785e-10 -1.593929726551166422e-10
1.000000000030289549e+00 2.235929510013853508e-10 -1.788191336769114602e-10
9.999999999978003151e-01 2.509648194812312447e-10 -2.006628997035290871e-10
1.000000000030277114e+00 2.817664008860798944e-10 -2.252243195869746950e-10
9.999999999723442334e-01 3.164267966485680182e-10 -2.528408084684439394e-10
1.000000000017619017e+00 3.554286190748312479e-10 -2.838918673945181709e-10
9.999999999988664623e-01 3.993147181647211654e-10 -3.188042116501867684e-10
1.000000000022457591e+00 4.486956035909167240e-10 -3.580576020350775254e-10
1.000000000023280711e+00 5.042578234485970186e-10 -4.021915178126231121e-10
1.000000000014940493e+00 5.667734869425623372e-10 -4.518126688144646014e-10
9.999999999661155492e-01 6.371110266272672356e-10 -5.076033506416870327e-10
1.000000000006694867e+00 7.162472088157121402e-10 -5.703307450104897295e-10
1.000000000017740920e+00 8.052805106312260044e-10 -6.408574765349437649e-10
1.000000000058552718e+00 9.054462696478611907e-10 -7.201536380262688093e-10
9.999999999601257850e-01 1.018133888961960335e-09 -8.093102139352794782e-10
9.999999999877161594e-01 1.144906114430590468e-09 -9.095540115058022791e-10
9.999999999962744246e-01 1.287520570590636913e-09 -1.022264479022689255e-09
1.000000000010992096e+00 1.447953953800604540e-09 -1.148992717990085630e-09
1.000000000008642864e+00 1.628429271612202709e-09 -1.291482945741229060e-09
1.000000000010456080e+00 1.831446594314501518e-09 -1.451696685077708531e-09
9.999999999468180967e-01 2.059817787252754417e-09 -1.631839860524695985e-09
1.000000000049579452e+00 2.316705533250136657e-09 -1.834393043320068895e-09
9.999999999634358039e-01 2.605666951889366151e-09 -2.062145398618864534e-09
9.999999999789755956e-01 2.930702500440908145e-09 -2.318233121079409083e-09
1.000000000013686607e+00 3.296311193322235574e-09 -2.606182873210838813e-09
1.000000000000061950e+00 3.707552942477717729e-09 -2.929960438224331475e-09
9.999999999955697660e-01 4.170118489654074064e-09 -3.294025229977166193e-09
9.999999999639257453e-01 4.690407918686040944e-09 -3.703391766562789305e-09
1.000000000000531131e+00 5.275619156034830746e-09 -4.163698869554966631e-09
1.000000000052331472e+00 5.933847543382922970e-09 -4.681287251254784625e-09
1.000000000008332890e+00 6.674197598166522770e-09 -5.263286707802210017e-09
1.000000000008910428e+00 7.506908632301898867e-09 -5.917714368903719395e-09
1.000000000017226220e+00 8.443496211732234409e-09 -6.653585261872134258e-09
1.000000000025295321e+00 9.496911360593547889e-09 -7.481036452831098596e-09
9.999999999734185963e-01 1.068171943252483352e-08 -8.411466513151633896e-09
9.999999999637136927e-01 1.201430117946324048e-08 -9.457692477027871532e-09
1.000000000024024338e+00 1.351307896779501359e-08 -1.063412635978258455e-08
9.999999999918937066e-01 1.519877116496660398e-08 -1.195697358531548675e-08
9.999999999724005217e-01 1.709467825593031859e-08 -1.344445615455583302e-08
1.000000000002470690e+00 1.922700467985043008e-08 -1.511706343481138918e-08
9.999999999998092637e-01 2.162522054474909394e-08 -1.699783401748385300e-08
1.000000000052592819e+00 2.432246824286578118e-08 -1.911267290344508527e-08
9.999999999648468973e-01 2.735601997847827586e-08 -2.149070831435694210e-08
1.000000000002498668e+00 3.076779252554513361e-08 -2.416469263923690830e-08
9.999999999758760749e-01 3.460492583485338482e-08 -2.717145299148264470e-08
1.000000000004081846e+00 3.892043357869575125e-08 -3.055239801000947671e-08
9.999999999665238892e-01 4.377393484230918767e-08 -3.435408772686024949e-08
9.999999999486006708e-01 4.923247693281902794e-08 -3.862887413295022610e-08
1.000000000036484593e+00 5.537146042390716198e-08 -4.343562153611298112e-08
9.999999999541402396e-01 6.227567966987889966e-08 -4.884051666284162763e-08
1.000000000005763168e+00 7.004049310992780238e-08 -5.491797913526801086e-08
9.999999999704368703e-01 7.877313868956611868e-08 -6.175168492865453877e-08
9.999999999710040832e-01 8.859421308260946649e-08 -6.943571767585010950e-08
9.999999999787493321e-01 9.963933548522598099e-08 -7.807586315228204144e-08
9.999999999916550086e-01 1.120610187658085087e-07 -8.779106426312411699e-08
1.000000000014677815e+00 1.260307731239452153e-07 -9.871505670967110858e-08
1.000000000012147172e+00 1.417414714748737088e-07 -1.109982083655265061e-07
9.999999999884221502e-01 1.594100096463499332e-07 -1.248095873753361291e-07
9.999999999942071893e-01 1.792802976129215838e-07 -1.403392870483037271e-07
1.000000000022927660e+00 2.016266228635748801e-07 -1.578010400468389210e-07
1.000000000003606448e+00 2.267574329860078421e-07 -1.774351576336832024e-07
9.999999999852379196e-01 2.550195891330928125e-07 -1.995118335585805852e-07
9.999999999960162977e-01 2.868031479889459403e-07 -2.243348586268253098e-07
9.999999999953170793e-01 3.225467391164951039e-07 -2.522457978692541146e-07
1.000000000000769829e+00 3.627436125225916453e-07 -2.836286866595544903e-07
9.999999999557609431e-01 4.079484385004007495e-07 -3.189153095982259954e-07
1.000000000030203617e+00 4.587849531903836813e-07 -3.585911358931480395e-07
9.999999999901963976e-01 5.159545555121329718e-07 -4.032019926360179127e-07
9.999999999583544241e-01 5.802459749677007099e-07 -4.533615677005853953e-07
9.999999999795345929e-01 6.525461418993792466e-07 -5.097598443590789681e-07
9.999999999642499304e-01 7.338524104716616451e-07 -5.731725842133813039e-07
9.999999999799370487e-01 8.252863029313834853e-07 -6.444719887565421526e-07
9.999999999917283944e-01 9.281089637271648291e-07 -7.246386852781234304e-07
1.000000000012265522e+00 1.043738536463863072e-06 -8.147752023730684155e-07
1.000000000009154455e+00 1.173769702839037048e-06 -9.161211203480039761e-07
9.999999999991963096e-01 1.319995653678635037e-06 -1.030070104052081163e-06
1.000000000052916338e+00 1.484432793030154352e-06 -1.158189051000149682e-06
9.999999999608752965e-01 1.669348514340844005e-06 -1.302239618935857835e-06
1.000000000050774496e+00 1.877292434986841332e-06 -1.464202430155299278e-06
9.999999999985313970e-01 2.111131513698527598e-06 -1.646304279348870400e-06
9.999999999526164585e-01 2.374089539654043817e-06 -1.851048724867300406e-06
9.999999999672459783e-01 2.669791531062193951e-06 -2.081250479021597986e-06
1.000000000008291590e+00 3.002313658546830313e-06 -2.340074071307173018e-06
1.000000000029337865e+00 3.376239378606708818e-06 -2.631077314429101991e-06
1.000000000005078382e+00 3.796722549011078299e-06 -2.958260169939871939e-06
1.000000000051397997e+00 4.269558394957319405e-06 -3.326119684866153498e-06
1.000000000032863268e+00 4.801263300642627327e-06 -3.739711751456564648e-06
1.000000000027081892e+00 5.399164528923163403e-06 -4.204720540677970386e-06
9.999999999629010095e-01 6.071501095293679524e-06 -4.727536557786952474e-06
9.999999999958018027e-01 6.827537192230132587e-06 -5.315344397353011745e-06
9.999999999948692153e-01 7.677689715436071462e-06 -5.976221392993244540e-06
9.999999999396415040e-01 8.633671653700916804e-06 -6.719248524298138046e-06
9.999999999811280960e-01 9.708653309231107684e-06 -7.554635099718308509e-06
9.999999999392377159e-01 1.091744356387543441e-05 -8.493858920767311224e-06
9.999999999066661038e-01 1.227669369610864693e-05 -9.549823860855080791e-06
9.999999998620201502e-01 1.380512653164271840e-05 -1.073703700818512017e-05
9.999999997810646857e-01 1.552379409420116555e-05 -1.207180781425570903e-05
9.999999997405986107e-01 1.745636729558225459e-05 -1.357247197509866722e-05
9.999999996596173890e-01 1.962946164021985718e-05 -1.525964311017043433e-05
9.999999996171922145e-01 2.207300343499639091e-05 -1.715649570448808035e-05
9.999999995698527488e-01 2.482064152153994386e-05 -1.928908318112330976e-05
9.999999994093146105e-01 2.791021020751598399e-05 -2.168669547611496644e-05
9.999999992214684275e-01 3.138424975797363061e-05 -2.438226102071390473e-05
9.999999989926068311e-01 3.529059158207610748e-05 -2.741279863030057456e-05
9.999999986989585032e-01 3.968301618214845506e-05 -3.081992551385081072e-05
9.999999983464721298e-01 4.462199289662518011e-05 -3.465042836329627261e-05
9.999999980365863461e-01 5.017551160689707150e-05 -3.895690535594406112e-05
9.999999974593239971e-01 5.642001780686476623e-05 -4.379848784999563333e-05
9.999999968099161363e-01 6.344146398002051940e-05 -4.924165174587055466e-05
9.999999959470421418e-01 7.133649157876298884e-05 -5.536112951621926294e-05
9.999999948703917063e-01 8.021376000191647463e-05 -6.224093552835450527e-05
9.999999934742305197e-01 9.019544071453268431e-05 -6.997551863304363618e-05
9.999999917122680548e-01 1.014188971133418894e-04 -7.867105787800199855e-05
9.999999895498572489e-01 1.140385731728461215e-04 -8.844691907240062275e-05
9.999999867913640372e-01 1.282281168135761251e-04 -9.943729217200946303e-05
9.999999833456023612e-01 1.441827672279782750e-04 -1.117930319816155219e-04
9.999999790069967753e-01 1.621220388566231368e-04 -1.256837273252222351e-04
9.999999734018956143e-01 1.822927389453283978e-04 -1.413000271005464357e-04
9.999999663568055475e-01 2.049723601912519487e-04 -1.588562551488864735e-04
9.999999575315517975e-01 2.304728948837225560e-04 -1.785933496321188052e-04
9.999999462898245817e-01 2.591451230630964020e-04 -2.007821673149517321e-04
9.999999320709710426e-01 2.913834336830211204e-04 -2.257271981107411118e-04
9.999999140962663180e-01 3.276312447181872235e-04 -2.537707405932261811e-04
9.999998913943854983e-01 3.683870968619439436e-04 -2.852975958682259119e-04
9.999998628317846583e-01 4.142115044285632052e-04 -3.207403440841253097e-04
9.999998265620804183e-01 4.657346572893277122e-04 -3.605852757022983573e-04
9.999997807542123640e-01 5.236650803097719431e-04 -4.053790593607018832e-04
9.999997228395361981e-01 5.887993680676527298e-04 -4.557362368436924330e-04
9.999996496337608676e-01 6.620331294561376725e-04 -5.123476485947448802e-04
9.999995570911512921e-01 7.443732918613553927e-04 -5.759899047835119511e-04
9.999994401110541276e-01 8.369519339915605823e-04 -6.475360318280715252e-04
9.999992922631963932e-01 9.410418371297571069e-04 -7.279674401486141075e-04
9.999991053714917255e-01 1.058073968140887423e-03 -8.183873770182438371e-04
9.999988691338225211e-01 1.189657134265231526e-03 -9.200360488683641605e-04
9.999985705248628509e-01 1.337600079114600275e-03 -1.034307619941622711e-03
9.999981930694126220e-01 1.503936322995794378e-03 -1.162769320059182194e-03
9.999977159782514891e-01 1.690952088204730969e-03 -1.307182923049615307e-03
9.999971129293530048e-01 1.901217691815760896e-03 -1.469528889514925152e-03
9.999963506691358361e-01 2.137622836439040039e-03 -1.652033504387129736e-03
9.999953871933588978e-01 2.403416282039952823e-03 -1.857199380080981144e-03
9.999941693676503984e-01 2.702250441681965099e-03 -2.087839741896711353e-03
9.999926300686859948e-01 3.038231511606029420e-03 -2.347116964114699320e-03
9.999906844440992204e-01 3.415975820139625831e-03 -2.638585882021619086e-03
9.999882252484525447e-01 3.840673164947269996e-03 -2.966242470302840519e-03
9.999851169397708794e-01 4.318158001805584220e-03 -3.334578550023577399e-03
9.999811882000686492e-01 4.854989453436132051e-03 -3.748643267180855852e-03
9.999762225105143232e-01 5.458541224713280016e-03 -4.214112176080049739e-03
9.999699462217334078e-01 6.137102641273177103e-03 -4.737364860948244105e-03
9.999620134732447596e-01 6.899992174391936413e-03 -5.325572140941172566e-03
9.999519871577171592e-01 7.757684976590089113e-03 -5.986794027498207847e-03
9.999393148460740122e-01 8.721956130320654768e-03 -6.730089739270492775e-03
9.999232983695303112e-01 9.806041508166423587e-03 -7.565641229988827147e-03
9.999030553990958525e-01 1.102481835647159923e-02 -8.504891848123296086e-03
9.998774708723906501e-01 1.239500794454258953e-02 -9.560701923411060732e-03
9.998451356544102442e-01 1.393540286846250975e-02 -1.074752326424733770e-02
9.998042690257725740e-01 1.566712185547726802e-02 -1.208159474647433999e-02
9.997526207782663210e-01 1.761389517878540409e-02 -1.358116137581707322e-02
9.996873475570827727e-01 1.980238405027369766e-02 -1.526671940302908211e-02
9.996048566999726770e-01 2.226253759521129583e-02 -1.716129025116979248e-02
9.995006090747997618e-01 2.502799120278330694e-02 -1.929072615877767960e-02
9.993688702127891954e-01 2.813651015196062463e-02 -2.168405052209091896e-02
9.992023962686013006e-01 3.163048237825581699e-02 -2.437383589143078330e-02
9.989920379247635429e-01 3.555746399429850213e-02 -2.739662238062126262e-02
9.987262410300165039e-01 3.997078058698980141e-02 -3.079337879249243945e-02
9.983904174810160903e-01 4.493018622356437924e-02 -3.461000792327132564e-02
9.979661532667727375e-01 5.050258026723779964e-02 -3.889789609889126448e-02
9.974302125818957920e-01 5.676277919842455388e-02 -4.371450476228861542e-02
9.967532871485043078e-01 6.379433618563185027e-02 -4.912399850861826067e-02
9.958984282044893721e-01 7.169039449548060550e-02 -5.519789885197737278e-02
9.948190848656012220e-01 8.055455106515692354e-02 -6.201574550532513996e-02
9.934566567689291361e-01 9.050169243908560979e-02 -6.966573611055584814e-02
9.917374514394335927e-01 1.016587451191994923e-01 -7.824529988301225092e-02
9.895689186604933463e-01 1.141652539762307017e-01 -8.786153883242446561e-02
9.868350172222867256e-01 1.281736628514161813e-01 -9.863143989251220434e-02
9.833905573982930637e-01 1.438491172818421038e-01 -1.106817197037540113e-01
9.790543615453857207e-01 1.613685362244586252e-01 -1.241481077422425666e-01
9.736011054320201641e-01 1.809186032890538198e-01 -1.391737995681701368e-01
9.667517601366185653e-01 2.026922045330166178e-01 -1.559067172852821037e-01
9.581626723368198428e-01 2.268826880686067859e-01 -1.744950979104165356e-01
9.474135335898841159e-01 2.536751454312327070e-01 -1.950807959845397288e-01
9.339948423884358863e-01 2.832337328265532861e-01 -2.177895474562321076e-01
9.172960121197014649e-01 3.156839006984923923e-01 -2.427173273354101268e-01
8.965960806819118778e-01 3.510883564528250456e-01 -2.699119005697704354e-01
8.710600698991847191e-01 3.894157731545196954e-01 -2.993488103300624426e-01
8.397453952418986178e-01 4.305018670795436320e-01 -3.309015164828706945e-01
8.016241658976803741e-01 4.740037512095984229e-01 -3.643063827165597401e-01
7.556283175881149949e-01 5.193506963789438213e-01 -3.991249175748368128e-01
7.007245004101211316e-01 5.656977466180800329e-01 -4.347082170783884703e-01
6.360233332827291974e-01 6.118928238611192061e-01 -4.701717682156315026e-01
5.609217182846217842e-01 6.564720861107284922e-01 -5.043919370031130223e-01
4.752666087941608275e-01 6.977004282906534849e-01 -5.360370910009756296e-01
3.795149157325801714e-01 7.336713197484134863e-01 -5.636442347037842193e-01
2.748510827870260242e-01 7.624700317172840025e-01 -5.857442556470131567e-01
1.632183125145887093e-01 7.823864318306894550e-01 -6.010251689801262565e-01
4.722904357721094404e-02 7.921422455105493476e-01 -6.085064340827434082e-01
-7.005216729268860798e-02 7.910821684763560402e-01 -6.076855244085872521e-01
-1.854217074240048502e-01 7.792785452859423145e-01 -5.986181915646329177e-01
-2.958809404239869933e-01 7.575195832501241400e-01 -5.819094002391763665e-01
-3.989348191314218139e-01 7.271845653765229844e-01 -5.586175954641350305e-01
-4.927853273926832700e-01 6.900414496816779097e-01 -5.300994423945326606e-01
-5.763957961511882999e-01 6.480187796355036944e-01 -4.978348595858560488e-01
-6.494395558281635950e-01 6.030004609934710436e-01 -4.632695838995223858e-01
-7.121706411364291389e-01 5.566744682692026380e-01 -4.276990931483244385e-01
-7.652604666345554918e-01 5.104453359985953176e-01 -3.922014497212222284e-01
-8.096367174142825585e-01 4.654037518477296964e-01 -3.576139448902693196e-01
-8.463469639317483528e-01 4.223380133344533660e-01 -3.245418603743338015e-01
-8.764562617874198658e-01 3.817705916380661479e-01 -2.933864968490009772e-01
-9.009785517225751272e-01 3.440057635715196294e-01 -2.643817012663646215e-01
-9.208365532967927036e-01 3.091785318395925408e-01 -2.376313900988091532e-01
-9.368430875103342936e-01 2.772991171030805835e-01 -2.131436816716966998e-01
-9.496970435437546154e-01 2.482904082680603974e-01 -1.908596307364067435e-01
-9.599884220965584358e-01 2.220177803183563392e-01 -1.706761104032717413e-01
-9.682083340239117097e-01 1.983118199839525309e-01 -1.524632545223299773e-01
-9.747611422913441404e-01 1.769850091103365164e-01 -1.360772649176917037e-01
-9.799769703912480923e-01 1.578435456049075147e-01 -1.213694879792588943e-01
-9.841235495966842439e-01 1.406954095819232531e-01 -1.081926099670273422e-01
-9.874168837652722575e-01 1.253556219252034420e-01 -9.640469753015674936e-02
-9.900305320735192094e-01 1.116494597754627977e-01 -8.587166990505055997e-02
-9.921035010842341739e-01 9.941422190778914647e-02 -7.646865773555117096e-02
-9.937468413859824601e-01 8.849999059223907782e-02 -6.808059120844067724e-02
-9.950490924256799596e-01 7.876971857964390478e-02 -6.060226972701541343e-02
-9.960807342456888813e-01 7.009887838674629112e-02 -5.393809517678932464e-02
-9.968978010212293794e-01 6.237484202514957665e-02 -4.800159787402288880e-02
-9.975447979744119786e-01 5.549610830497460345e-02 -4.271484514149648248e-02
-9.980570458413386969e-01 4.937145775170680151e-02 -3.800779398785811281e-02
-9.984625589512068355e-01 4.391908858796015475e-02 -3.381762895832727406e-02
-9.987835457523464022e-01 3.906576841020131113e-02 -3.008811177381866958e-02
-9.990376052482407010e-01 3.474602303756372385e-02 -2.676895927474700135e-02
-9.992386794225293078e-01 3.090137493426777654e-02 -2.381525921414661198e-02
-9.993978104714854593e-01 2.747963744614906334e-02 -2.118692871015381493e-02
-9.995237422439672281e-01 2.443426698597211608e-02 -1.884821701095034177e-02
-9.996233975622161871e-01 2.172377263873740555e-02 -1.676725217559288383e-02
-9.997022568082875038e-01 1.931118099480669953e-02 -1.491562999236826538e-02
-9.997646580505523684e-01 1.716355304119757813e-02 -1.326804270110503239e-02
-9.998140348787113441e-01 1.525154942938061926e-02 -1.180194468799316242e-02
-9.998531048122103471e-01 1.354904023554707321e-02 -1.049725216131605805e-02
-9.998840185356718813e-01 1.203275532925844257e-02 -9.336073811433424213e-03
-9.999084780521072524e-01 1.068197159194925715e-02 -8.302469549498018089e-03
-9.999278302470312463e-01 9.478233430207760879e-03 -7.382234570014017429e-03
-9.999431409450044717e-01 8.405103271120758363e-03 -6.562706162284049662e-03
-9.999552535423008592e-01 7.447938989198603539e-03 -5.832590890431237768e-03
-9.999648353932732991e-01 6.593695478179517795e-03 -5.181809956776519017e-03
-9.999724145479123028e-01 5.830747839704475063e-03 -4.601360753604760712e-03
-9.999784088028995654e-01 5.148733905562965715e-03 -4.083192786810672416e-03
-9.999831487064076985e-01 4.538414041133193369e-03 -3.620096321561351929e-03
-9.999868957483913912e-01 3.991546390393878145e-03 -3.205602251315422570e-03
-9.999898567598480836e-01 3.500775919353544922e-03 -2.833891828549080748e-03
-9.999921953002604003e-01 3.059535793946586372e-03 -2.499715017311023284e-03
-9.999940406673883952e-01 2.661959792110074781e-03 -2.198316335303933129e-03
-9.999954950140473864e-01 2.302804598575293373e-03 -1.925367146745445100e-03
-9.999966389727177329e-01 1.977380966503866459e-03 -1.676903447640862082e-03
-9.999975360965139837e-01 1.681492853568207794e-03 -1.449268252701728550e-03
-9.999982363623679538e-01 1.411383752948354052e-03 -1.239057748644420117e-03
-9.999987789127926519e-01 1.163689543268023752e-03 -1.043070422378026326e-03
-9.999991942094386133e-01 9.353972771902834514e-04 -8.582584051093870977e-04
-9.999995057037240898e-01 7.238094172556439445e-04 -6.816802946727627995e-04
-9.999997311078732132e-01 5.265131110462742186e-04 -5.104547287232068069e-04
-9.999998833532971476e-01 3.413541770689111133e-04 -3.417139806754341418e-04
-9.999999712648449668e-01 1.664155489552744378e-04 -1.725568381535846831e-04
-1.000000000000000000e+00 0.000000000000000000e+00 0.000000000000000000e+00
