9.479729220565596970e-02 1.000802994055862982e-01 9.904531321882924511e-01
1.278970880319166281e-01 7.652997305903752601e-02 9.888303687167553369e-01
1.593226808878367706e-01 3.694802948781054919e-02 9.865349088966308688e-01
1.779797698537848305e-01 -3.958261400768581760e-03 9.840261854693501675e-01
1.805697025012105716e-01 -3.255985206873027171e-02 9.830231119213215241e-01
1.691428117807721732e-01 -4.259887558021199783e-02 9.846705261266498477e-01
1.475531501027433079e-01 -3.443536599600794529e-02 9.884544872998731746e-01
1.204612789354478769e-01 -1.203395485780793701e-02 9.926450847143494238e-01
9.340749640183580726e-02 1.922029868231152350e-02 9.954424241183837951e-01
7.258954773694639706e-02 5.327719449738545221e-02 9.959378987193339139e-01
6.393247305470114994e-02 8.324859199218920258e-02 9.944758975563022796e-01
7.140832205116064146e-02 1.013317215254965903e-01 9.922866187521942605e-01
7.909943571764053993e-02 7.849069518560486403e-02 9.937718500934510368e-01
1.035158154089117766e-01 5.917373181094798956e-02 9.928660259187417347e-01
1.274307598193985536e-01 2.765413812750503603e-02 9.914618752613789665e-01
1.431777804551501165e-01 -5.481349398033427342e-03 9.896818064372694401e-01
1.473564326412107328e-01 -2.957643419404989288e-02 9.886411463719594339e-01
1.403605207363400054e-01 -3.867994620803699019e-02 9.893446244764111386e-01
1.245634418553551032e-01 -3.221540587679384837e-02 9.916885179215584323e-01
1.035365663693960797e-01 -1.323464460483274666e-02 9.945375928573240154e-01
8.188672177722979006e-02 1.342046940688819065e-02 9.965512810675606348e-01
6.483730144617004532e-02 4.209194318069313379e-02 9.970077194587783076e-01
5.724043831286142192e-02 6.658066719643132569e-02 9.961378152532187613e-01
6.212123565074562787e-02 8.049190535920257294e-02 9.948175738561123582e-01
4.707265331664384211e-02 4.751612181130309559e-02 9.977606844718405199e-01
6.406156792036647729e-02 2.818568405904251298e-02 9.975478348078210544e-01
8.287662708364480768e-02 2.528140245278091684e-04 9.965597828369522349e-01
9.796087371945695621e-02 -2.736431478951682761e-02 9.948139833637839047e-01
1.055463242067666702e-01 -4.608352157395106952e-02 9.933460034076978529e-01
1.042270458024799479e-01 -5.123570790364095906e-02 9.932329158658692592e-01
9.460018673844756976e-02 -4.276335455648871964e-02 9.945964509168832013e-01
7.897859965329577514e-02 -2.387089267610964169e-02 9.965904681861446068e-01
6.111021489192691725e-02 6.063316184095659525e-04 9.981308401195191360e-01
4.554048032704519078e-02 2.521959246446323077e-02 9.986440991703011694e-01
3.656394875442771364e-02 4.439303012863640013e-02 9.983447984175917167e-01
3.699438924261893441e-02 5.298826282197325460e-02 9.979096447915867252e-01
5.766437489077859066e-03 1.360297493838708710e-02 9.998908476786583233e-01
1.751999770929614161e-02 -9.201512475035174624e-03 9.998041717498913350e-01
3.431820566569857706e-02 -3.748411177322458904e-02 9.987077661280331364e-01
5.143512679130332610e-02 -6.224471628649528437e-02 9.967346803571666136e-01
6.407137893096191694e-02 -7.598709533761233148e-02 9.950481494601260968e-01
6.885838359048900015e-02 -7.560819871008526982e-02 9.947572182685425757e-01
6.466075272812388253e-02 -6.246986976559958105e-02 9.959500501673252959e-01
5.272648950515031185e-02 -4.077471061974014682e-02 9.977761974903326392e-01
3.627994184356072432e-02 -1.590200018547681393e-02 9.992151381009206634e-01
1.964908172930518102e-02 6.583962503490707087e-03 9.997852594556321248e-01
7.153168459523522212e-03 2.145195451832335523e-02 9.997442902204182191e-01
2.057367244421163480e-03 2.445828137705854249e-02 9.996987344756242955e-01
-3.807359997433862331e-02 -1.568402754715022066e-02 9.991518464499878904e-01
-2.925726394057215352e-02 -4.457180271164785240e-02 9.985776719462914341e-01
-1.126494764623880811e-02 -7.677346943766087672e-02 9.969849223258013815e-01
1.081228421905120959e-02 -1.016803390419281361e-01 9.947583642083553945e-01
3.017033355923789267e-02 -1.118087282018690592e-01 9.932716442497872000e-01
4.114697339170878682e-02 -1.055360482480266621e-01 9.935638223591203300e-01
4.107092974442574235e-02 -8.615565996777070634e-02 9.954347698294464530e-01
3.059504131327882986e-02 -5.945232018347144237e-02 9.977621786136775528e-01
1.296779633739465060e-02 -3.177799030867192731e-02 9.994108242311207091e-01
-7.165400644753607863e-03 -9.133663730355370131e-03 9.999326143397458955e-01
-2.495564898244780755e-02 3.220152009872956182e-03 9.996833729761287479e-01
-3.622593836552897434e-02 1.399944659141400937e-03 9.993426447141914304e-01
-7.686787774973244391e-02 -3.266805681215843860e-02 9.965059595580979535e-01
-6.883580808767852943e-02 -6.943610405070066438e-02 9.952086509770552425e-01
-4.668602630381547131e-02 -1.090645115151701733e-01 9.929377358507042173e-01
-1.701593136930870664e-02 -1.375551045657842086e-01 9.903479445564966621e-01
1.028792907081638522e-02 -1.461654366004652705e-01 9.892066637759778791e-01
2.697189328376331172e-02 -1.345786280935685475e-01 9.905357690830450812e-01
2.922562694696094476e-02 -1.083765571476755923e-01 9.936802225012841827e-01
1.778739591201953379e-02 -7.527452440371625031e-02 9.970041898218534593e-01
-3.419954853352045500e-03 -4.279384149198272452e-02 9.990780705426722808e-01
-2.893770643744120186e-02 -1.753722392915605180e-02 9.994273635052803861e-01
-5.305981609584793646e-02 -5.135977537912091509e-03 9.985781279653397347e-01
-7.052490649606457662e-02 -9.796799631407846279e-03 9.974619091878266230e-01
-1.010727519425895227e-01 -3.122099062995334698e-02 9.943890328029851844e-01
-9.157795473572358236e-02 -7.661571282568074848e-02 9.928461667119456990e-01
-6.293639362280850635e-02 -1.270694795762367102e-01 9.898951246056242326e-01
-2.437654867109867798e-02 -1.627600565731267546e-01 9.863645106445985133e-01
1.045082317046809942e-02 -1.723036046902039209e-01 9.849884507475988871e-01
3.096569231813153106e-02 -1.567273987433264459e-01 9.871563444471642690e-01
3.300854410464722916e-02 -1.242064455292197500e-01 9.917072122884607044e-01
1.819732021844144843e-02 -8.442818075929425792e-02 9.962633887834361213e-01
-8.307247229364508531e-03 -4.593285670091048351e-02 9.989099870952932170e-01
-3.991210364342540062e-02 -1.581825053402069470e-02 9.990779784044402367e-01
-6.994993146583340649e-02 -2.704050712087704717e-04 9.975504668783035100e-01
-9.222147553965906464e-02 -4.542193270095388688e-03 9.957281596550373592e-01
-9.984644102565970458e-02 -9.267541420858345369e-03 9.949596981236651372e-01
-8.581785575105939368e-02 -6.223415864697436767e-02 9.943652272338580067e-01
-4.943515877571382638e-02 -1.257775509817674886e-01 9.908260052834537701e-01
-3.678245600552531008e-03 -1.712763082572385243e-01 9.852161675181380085e-01
3.487925757083746442e-02 -1.839046217061993116e-01 9.823250620372321329e-01
5.495955231986413697e-02 -1.664362950515563266e-01 9.845193788331987328e-01
5.331785227032569824e-02 -1.295883251947265447e-01 9.901333610187683654e-01
3.306236497233913663e-02 -8.451216225386888603e-02 9.958737743579364476e-01
7.627303352653346837e-04 -4.021752764467497604e-02 9.991906568382061815e-01
-3.585113075915964675e-02 -3.937000040165186676e-03 9.993493865780089802e-01
-6.922702631521565619e-02 1.762831594388830983e-02 9.974451670667930925e-01
-9.255215491161372654e-02 1.766700759161825285e-02 9.955510913377475513e-01
-6.612049732141350722e-02 2.844734462010432147e-02 9.974060499204073782e-01
-4.301384717112594763e-02 -2.799607196311596283e-02 9.986821460836268205e-01
7.633824198014869250e-04 -1.029791849804334442e-01 9.946832182700117153e-01
4.755460419547465067e-02 -1.578196989133121286e-01 9.863222101599333769e-01
8.186267137866670707e-02 -1.750638496086358020e-01 9.811478744791995998e-01
9.506388596858489359e-02 -1.590924003077170690e-01 9.826761754255628478e-01
8.606089962273272276e-02 -1.219328930731334165e-01 9.888002281263762461e-01
5.934933703327123500e-02 -7.501016850895093901e-02 9.954150545447176812e-01
2.241004413153781585e-02 -2.708217992205674829e-02 9.993819817530733562e-01
-1.627620032974678999e-02 1.484288318752485791e-02 9.997573576229222825e-01
-4.844150123911641903e-02 4.373045849857889328e-02 9.978682618247698421e-01
-6.685812091639969923e-02 5.121605491544956035e-02 9.964471422940543999e-01
-6.966167189612688937e-03 6.939787631324188799e-02 9.975647383895528408e-01
2.887514323439648034e-02 1.690790945703226841e-02 9.994400175602529135e-01
7.726676279897143340e-02 -6.020636718456258418e-02 9.951909569107321163e-01
1.164196820455541126e-01 -1.200272401166090075e-01 9.859208483759713815e-01
1.381513369936506752e-01 -1.434909490496674156e-01 9.799615072170451135e-01
1.394480041889606670e-01 -1.338338711894593025e-01 9.811435924726668034e-01
1.215276503636481126e-01 -1.018455052263654154e-01 9.873492407767232582e-01
8.941384057962258047e-02 -5.791828792443284163e-02 9.943091254920175537e-01
5.058882588276610720e-02 -1.014984313795256297e-02 9.986679885627643971e-01
1.365160544046296193e-02 3.472118302747916746e-02 9.993037942078261127e-01
-1.274812048785954263e-02 6.944922117945942497e-02 9.975040306192786144e-01
-2.111103363264827878e-02 8.469251166457220092e-02 9.961834684068821000e-01
5.126995676686659648e-02 9.757100732821696876e-02 9.939070832135864508e-01
9.400151037203478832e-02 5.454203968503278099e-02 9.940768994170480211e-01
1.405302898927703603e-01 -1.218307787103992471e-02 9.900014193104207383e-01
1.707559401472474314e-01 -6.968060796295502679e-02 9.828463876813138267e-01
1.806596786703182078e-01 -9.856647176247824993e-02 9.785942627806680782e-01
1.718621047492933374e-01 -9.791952113070599706e-02 9.802424110048983952e-01
1.477570147737834461e-01 -7.493225629988503611e-02 9.861810287929821950e-01
1.135882645602180469e-01 -3.793969167208478127e-02 9.928032463433865695e-01
7.634941384312012025e-02 5.802132135060439171e-03 9.970642417960403625e-01
4.416601475977305347e-02 4.969602008104717639e-02 9.977873865349300431e-01
2.534545476572747438e-02 8.630236680809480476e-02 9.959465394316978637e-01
2.679133686285714577e-02 1.059948717654702194e-01 9.940056898372250371e-01
8.697727083056820685e-02 1.074811313274540991e-01 9.903952548188228455e-01
1.275673463976957633e-01 7.541511424860777857e-02 9.889586101935681217e-01
1.673891941909523839e-01 2.334212781094135991e-02 9.856145305024567316e-01
1.908371208636605865e-01 -2.652746590124687234e-02 9.812632097725262348e-01
1.946714995010252747e-01 -5.718546838643063374e-02 9.792000967563874170e-01
1.818503605339569507e-01 -6.394379193638290160e-02 9.812449428385695560e-01
1.567642116517782014e-01 -4.992124775318598773e-02 9.863735859034710174e-01
1.246451622679042998e-01 -2.101808928401981483e-02 9.919787414284806371e-01
9.184068316207533167e-02 1.648114286853303787e-02 9.956373139080004764e-01
6.559733504369429091e-02 5.617042783890660584e-02 9.962639573284585159e-01
5.315549357090748606e-02 9.068731903840251962e-02 9.944598049538875273e-01
5.998101375462355778e-02 1.110012012473757387e-01 9.920085742121540484e-01
2.658139196506952365e-02 1.861162959307754439e-01 9.821680884604059303e-01
8.230519400050513579e-02 1.884392986317444119e-01 9.786299023489322124e-01
1.479697690274742738e-01 1.662814445318691048e-01 9.749130364592536457e-01
1.962352499787373972e-01 1.283734925903870783e-01 9.721172630222552069e-01
2.146080650765730957e-01 9.137960311611235953e-02 9.724161385632110743e-01
2.045554792805619193e-01 6.629137751071863260e-02 9.766076536481126391e-01
1.728921769443482193e-01 5.622020694183890721e-02 9.833349294533669793e-01
1.277699024655810922e-01 6.008653208123580086e-02 9.899820506890499860e-01
7.800035404404370709e-02 7.571597947337593837e-02 9.940739586275190165e-01
3.319366180210572836e-02 1.007925828867645701e-01 9.943535769791177481e-01
3.649695946752185439e-03 1.320714026510526051e-01 9.912334862792843149e-01
-7.122488467601603224e-04 1.637186948814622067e-01 9.865068077047910444e-01
2.639576973015522396e-02 1.448456206744392627e-01 9.891021228931849985e-01
6.601276712165903005e-02 1.439533258020931072e-01 9.873802482161722072e-01
1.130812527096693165e-01 1.263262773615375090e-01 9.855223497889706863e-01
1.509486581860539633e-01 9.802920289331339132e-02 9.836690388397121287e-01
1.691252635363051093e-01 7.014745010913084333e-02 9.830951024581157105e-01
1.655726289451168176e-01 5.121824170499379714e-02 9.848666895884349293e-01
1.435571194684213403e-01 4.436554705961211903e-02 9.886470814624156445e-01
1.090509064996601496e-01 4.896316832833801785e-02 9.928295462659706416e-01
6.962249915598439642e-02 6.293428716346015361e-02 9.955862509650742487e-01
3.382378074464425372e-02 8.373864334106267959e-02 9.959135461814647705e-01
1.036884612048878836e-02 1.080112985337749465e-01 9.940955921937717488e-01
6.669896963119920433e-03 1.306951941449295274e-01 9.914001607331196508e-01
1.323187882843276583e-02 8.583306578983758428e-02 9.962216631853154647e-01
4.275727429892266923e-02 7.815931700544080651e-02 9.960235623014221940e-01
7.947797949152875241e-02 6.086786814814303115e-02 9.949765592228835276e-01
1.117597302727239977e-01 3.979564683195108143e-02 9.929380993709483461e-01
1.304523392036698037e-01 2.244926820059637770e-02 9.912003922285199664e-01
1.316877550088037807e-01 1.375327921741870303e-02 9.911958345812462712e-01
1.164035828687515206e-01 1.464872354726964518e-02 9.930939637285912669e-01
8.896674703841525589e-02 2.345341747925911227e-02 9.957584321157504359e-01
5.598975273551989873e-02 3.759277335939016640e-02 9.977233739768275322e-01
2.523905338078449509e-02 5.433176292837967047e-02 9.982039118946667289e-01
4.395456168776010371e-03 7.056303670082120227e-02 9.974976380006077559e-01
-4.739151280164452550e-04 8.245262891804330807e-02 9.965948722471389409e-01
-9.699294988178831095e-03 1.960843568561012121e-02 9.997606878282407905e-01
1.552183468224967861e-02 3.015700803001942782e-03 9.998749812834814010e-01
4.954742741102385190e-02 -1.653457769604911240e-02 9.986348983375561428e-01
8.199498631282191308e-02 -3.224463990610621639e-02 9.961109905111393825e-01
1.033207097538376695e-01 -3.903427802612596809e-02 9.938818622327226793e-01
1.082514763823802101e-01 -3.579597197300760786e-02 9.934788705611105053e-01
9.648323660676107194e-02 -2.479008416948162014e-02 9.950258472927098197e-01
7.174224881276886068e-02 -9.653470141190964235e-03 9.973764887190661454e-01
4.040109084714767901e-02 6.100821418212767563e-03 9.991649172366170450e-01
1.006588339927051018e-02 1.947442655029891015e-02 9.997596834748567751e-01
-1.181369229568438560e-02 2.771531791460215069e-02 9.995460458763633094e-01
-1.934461198282188057e-02 2.826720588906651843e-02 9.994132033639870905e-01
-4.061406207685498010e-02 -4.302632961268412076e-02 9.982480818522850852e-01
-1.474355157900339962e-02 -7.014672923026517293e-02 9.974277237300608334e-01
2.389475413799495990e-02 -9.407709584014135873e-02 9.952781223170313885e-01
6.295432440043394196e-02 -1.060130103295635479e-01 9.923698880357614271e-01
9.011296540075773576e-02 -1.026988214517219750e-01 9.906223324451350898e-01
9.836111586688082997e-02 -8.701890425699383702e-02 9.913388932083198046e-01
8.708723750863749113e-02 -6.492834904825879605e-02 9.940825531881711807e-01
6.055464512755127232e-02 -4.236965220961196044e-02 9.972652342907968315e-01
2.584822117627851024e-02 -2.390650078092712918e-02 9.993799821301635466e-01
-8.844446893809919039e-03 -1.281300174813653284e-02 9.998787940271028907e-01
-3.553759770401546114e-02 -1.159448257513946180e-02 9.993010793166217098e-01
-4.751757802122193869e-02 -2.187268401719277486e-02 9.986308955127446430e-01
-7.723583953255451495e-02 -8.999951892151358823e-02 9.929424513463211976e-01
-4.664086759786042341e-02 -1.290672634024729870e-01 9.905383743135044439e-01
4.025007736345489508e-03 -1.600054096828795180e-01 9.871079313755588558e-01
5.665819202946498212e-02 -1.702072326338691655e-01 9.837780985748181273e-01
9.311574776727891967e-02 -1.577606215749618457e-01 9.830773335795741641e-01
1.043023447530495029e-01 -1.300455458929631603e-01 9.860066819613743094e-01
9.051416711638772539e-02 -9.705605349646270752e-02 9.911545328713234904e-01
5.791995896193402604e-02 -6.692785835522925553e-02 9.960752683055319467e-01
1.526192512344308472e-02 -4.496768881644149646e-02 9.988718539451895140e-01
-2.811472181282443847e-02 -3.454099024403889384e-02 9.990077489240500874e-01
-6.319993427962541932e-02 -3.810073961201984605e-02 9.972733336193035925e-01
-8.177144108933792621e-02 -5.709827960513809419e-02 9.950141797423996959e-01
-1.139474184406112922e-01 -1.075614112730934185e-01 9.876469655882090803e-01
-7.536973679751310384e-02 -1.591643585527797722e-01 9.843709208126996124e-01
-4.988175955557928865e-03 -2.009543460487223654e-01 9.795879076964628673e-01
6.759400449066182981e-02 -2.127355616087426016e-01 9.747690143741262192e-01
1.152098399846860494e-01 -1.932885975752460239e-01 9.743542532456173078e-01
1.275612480329571807e-01 -1.554952969906039650e-01 9.795658939623307360e-01
1.078620814388621812e-01 -1.135275285484881880e-01 9.876625292323109040e-01
6.555939705707697351e-02 -7.702813031730801341e-02 9.948711638183581618e-01
1.161735714556473217e-02 -5.127366111141843513e-02 9.986170680942847433e-01
-4.332593291565651344e-02 -3.926765975990961777e-02 9.982889934451372183e-01
-8.918454900188545198e-02 -4.351493906544395135e-02 9.950641016019232676e-01
-1.160014367191067458e-01 -6.633229364907919368e-02 9.910316309272740876e-01
-1.386546062182412720e-01 -8.219759767268947082e-02 9.869237331785288836e-01
-8.904625006803586207e-02 -1.435001447491085769e-01 9.856360757428964670e-01
8.170849705816021075e-03 -2.008174532744345930e-01 9.795946037395881767e-01
1.026252565653238968e-01 -2.191233485578073792e-01 9.702850173180079807e-01
1.579145852090055868e-01 -1.972670419862611879e-01 9.675477755254585643e-01
1.665793679264291893e-01 -1.546201453499548295e-01 9.738295152814055999e-01
1.372605489826079772e-01 -1.086573818591837354e-01 9.845573193373008403e-01
8.317299116452551988e-02 -6.911164900277642908e-02 9.941357218774615756e-01
1.712941382604208848e-02 -4.023357000173594794e-02 9.990434640328492710e-01
-4.938107277006440615e-02 -2.410657454481160075e-02 9.984890498727904129e-01
-1.054719141864363524e-01 -2.310476342412916273e-02 9.941538337827264815e-01
-1.396080246144575931e-01 -4.110473719854994962e-02 9.893533241685169566e-01
-1.335006382984591233e-01 -8.476391976580640794e-03 9.910124773950829136e-01
-6.808162040283743943e-02 -6.775747490621819580e-02 9.953762191039035034e-01
5.855446148652063837e-02 -1.414659920835137918e-01 9.882098704849633375e-01
1.644620453751945433e-01 -1.724052592626033609e-01 9.711995995725493103e-01
2.150261213577038255e-01 -1.580925640701975887e-01 9.637274035326013344e-01
2.125985914723403647e-01 -1.216468860595832924e-01 9.695379693525034703e-01
1.714619405532685492e-01 -8.078170113933487440e-02 9.818732706936708077e-01
1.067303503479019311e-01 -4.390818649559340148e-02 9.933180273573849473e-01
3.152900361101219906e-02 -1.394681607554779275e-02 9.994055274274157297e-01
-4.255075615151035495e-02 8.067126739648220260e-03 9.990617371398718971e-01
-1.039827400636440663e-01 2.032780841961730200e-02 9.943713441032618894e-01
-1.396166597843634394e-01 1.795361530502707567e-02 9.900428556421517756e-01
-8.974481618507688940e-02 9.410556374224045284e-02 9.915089565105728031e-01
-3.523484831118613072e-03 5.939495954364516078e-02 9.982283425327854731e-01
1.385397979566604099e-01 -1.413848624832263895e-02 9.902559404460131720e-01
2.317516582409125947e-01 -6.575057889813959444e-02 9.705503749301641614e-01
2.643500143149259962e-01 -7.618935688646941151e-02 9.614126334872771240e-01
2.481836771178967949e-01 -6.121629180646689233e-02 9.667768243134909900e-01
1.983197692840746873e-01 -3.587600864112126808e-02 9.794805669920761959e-01
1.285205393646437211e-01 -7.808043471930875210e-03 9.916761091297728870e-01
5.077326109366065571e-02 2.029147871977391576e-02 9.985040469868835533e-01
-2.362588060906863421e-02 4.773483999059623117e-02 9.985805940517732404e-01
-8.239991828376859451e-02 7.335479206234392369e-02 9.938960347784389082e-01
-1.105402162043453429e-01 9.265104521124126191e-02 9.895436546321434435e-01
-3.242624018366158101e-02 1.700143235127905550e-01 9.849079493781078831e-01
5.802116016166772999e-02 1.576774664251583413e-01 9.857846425843413973e-01
1.807122486710372455e-01 1.047978846887924059e-01 9.779368520232817330e-01
2.576994127671369261e-01 4.713403580184524072e-02 9.650748133321670474e-01
2.789036420052569132e-01 1.378646034887261174e-02 9.602201268392469569e-01
2.575069660758138590e-01 4.529123189172227712e-03 9.662658275370430427e-01
2.074698719749806242e-01 1.131577685878240765e-02 9.781759583105830158e-01
1.407589631477060010e-01 2.812216196785145839e-02 9.896444100280034073e-01
6.819844765335944525e-02 5.202509177251856548e-02 9.963143889172519918e-01
7.923814420443226836e-04 8.184492098336645927e-02 9.966447617084043253e-01
-4.883809938110308946e-02 1.160285458042859541e-01 9.920444630193154811e-01
-6.541457628957873804e-02 1.495847758654890725e-01 9.865826513973133816e-01
8.518329173575525312e-03 1.984399092226032946e-01 9.800760381194963955e-01
8.403469828485364557e-02 1.979141800258301942e-01 9.766105399947342391e-01
1.763168482933101799e-01 1.644879556454484915e-01 9.704927003618037951e-01
2.382270202445855856e-01 1.151748132323163060e-01 9.643560800982642345e-01
2.567921919422905264e-01 7.420837370925809084e-02 9.636134533249910428e-01
2.394191489978527432e-01 5.102240028220883516e-02 9.695747448043710026e-01
1.970431458278299186e-01 4.499520620603270765e-02 9.793617462921152539e-01
1.399324579833348681e-01 5.290195857101327032e-02 9.887468280516185093e-01
7.799348275104410477e-02 7.208787097764060570e-02 9.943441836239300669e-01
2.172995264100976293e-02 1.006811779252007877e-01 9.946814110911548212e-01
-1.699942688433952673e-02 1.361303998569246831e-01 9.905450689999817371e-01
-2.515194957057250921e-02 1.726369091141304601e-01 9.846643474016693043e-01
-1.278796173850784423e-01 2.460744457461057078e-01 9.607778986884795147e-01
-6.628801498370731626e-02 3.026771783858910325e-01 9.507851622494658539e-01
3.357860392585389209e-02 3.294787799261429395e-01 9.435656897837054746e-01
1.239785477289351845e-01 3.091921500541386369e-01 9.428836269911600176e-01
1.732430544790780347e-01 2.607323914081500771e-01 9.497396823050424652e-01
1.781013825278353613e-01 2.080301695310940446e-01 9.617709426398000083e-01
1.479197590518747940e-01 1.639169393304940880e-01 9.753209635205964956e-01
9.407800201394288242e-02 1.330571362501076493e-01 9.866332287277048696e-01
2.728731637948697900e-02 1.175603687464968489e-01 9.926907686008130671e-01
-4.185716986957813829e-02 1.198360697850401058e-01 9.919109303304558534e-01
-1.012942778123519516e-01 1.426426508654111414e-01 9.845773425366339815e-01
-1.358809883699453047e-01 1.867446167888896780e-01 9.729659835266153411e-01
-8.461683541091367944e-02 1.882289328286454455e-01 9.784732290723848758e-01
-4.236203476671832752e-02 2.213940945663239734e-01 9.742638825808930259e-01
2.290341742553227145e-02 2.355544738639383795e-01 9.715912326245755848e-01
8.642544493419937468e-02 2.234192999412838165e-01 9.708833394808615846e-01
1.267694243302472934e-01 1.936344563745896197e-01 9.728490172474639763e-01
1.361648003272218910e-01 1.596817129945055369e-01 9.777325287045529612e-01
1.173107111471242414e-01 1.303945590002969779e-01 9.844975652754215378e-01
7.765700888470558616e-02 1.097643220065209479e-01 9.909193623024714626e-01
2.640541812238427280e-02 9.991891772658260951e-02 9.946451446490877091e-01
-2.639034662857239755e-02 1.028384454373702378e-01 9.943479289187338033e-01
-6.988962172267235151e-02 1.199941332665125648e-01 9.903114907730113936e-01
-9.270328319322537758e-02 1.504396087801561643e-01 9.842631890888066115e-01
-5.297832182023496511e-02 1.062044976202324159e-01 9.929319725448462197e-01
-1.888541367959398545e-02 1.196251996601592066e-01 9.926394878083006912e-01
3.023262455265324222e-02 1.243006173831310152e-01 9.917839204840864786e-01
7.812152496567542626e-02 1.185143373367201908e-01 9.898744259666443224e-01
1.096782377758487859e-01 1.060923057947196074e-01 9.882889794029570130e-01
1.175514053898856492e-01 9.223400695710827490e-02 9.887742690076244401e-01
1.022430458522317620e-01 8.008837061394775969e-02 9.915302377976364934e-01
6.929280053265361727e-02 7.106188396301656163e-02 9.950621671242543265e-01
2.689181356937886749e-02 6.634503042498364478e-02 9.974342922221171026e-01
-1.555348683777498658e-02 6.744610561837442730e-02 9.976016799725202500e-01
-4.839478959007346981e-02 7.542690255429011781e-02 9.959762681466357570e-01
-6.286571258892671710e-02 8.953913913006250613e-02 9.939973062059300757e-01
-3.399855542628961447e-02 1.166495615684481034e-02 9.993538047293782922e-01
1.090276598085931957e-03 8.441702174438316802e-03 9.999637738245108487e-01
4.773446696301245767e-02 7.129631538591439666e-03 9.988346154484558648e-01
9.085482647762067876e-02 8.960375620587856735e-03 9.958238359139676144e-01
1.173136624854072690e-01 1.380249401442479144e-02 9.929989908118156405e-01
1.210727759202805398e-01 1.982871381227589713e-02 9.924455677969035161e-01
1.032200213776207215e-01 2.454602261665919660e-02 9.943556305268851370e-01
6.959042611444080095e-02 2.633343739257231267e-02 9.972280193959522920e-01
2.853556213523910159e-02 2.517681794639520590e-02 9.992756624333722915e-01
-1.059579432049822731e-02 2.223251244744606572e-02 9.996966762638028747e-01
-3.862025646428989684e-02 1.875216634338300672e-02 9.990779909737717013e-01
-4.783737827751190219e-02 1.526116002249890309e-02 9.987385454833926923e-01
-3.062837182136602526e-02 -8.589967370169312999e-02 9.958328920546071217e-01
1.365516471000165037e-02 -1.042817731638769341e-01 9.944540453246144551e-01
7.042723533584950568e-02 -1.083633882625880812e-01 9.916135238122300022e-01
1.196566500286640189e-01 -9.566321277370713749e-02 9.881957477270161272e-01
1.458692842913504317e-01 -7.171480236433439015e-02 9.867011396679583601e-01
1.442800551664107089e-01 -4.566959481740743426e-02 9.884824499151604327e-01
1.187119970786652268e-01 -2.525051315984177050e-02 9.926076129743278686e-01
7.739746789416451778e-02 -1.451432294079874237e-02 9.968946616334577460e-01
3.013171066665472353e-02 -1.419217366024199019e-02 9.994451771952889141e-01
-1.304294739212865165e-02 -2.315943111439712834e-02 9.996466987259156056e-01
-4.251294692664390334e-02 -3.975210742990453738e-02 9.983047727513413294e-01
-4.999754573409759262e-02 -6.192950319390352204e-02 9.968274585176081226e-01
-4.787143696397425791e-02 -1.751517201652164346e-01 9.833769371131360071e-01
1.348234962534552647e-02 -2.091820051576881445e-01 9.777837772057397236e-01
9.504762252197783423e-02 -2.134075225517269025e-01 9.723287400724637264e-01
1.627266885049240552e-01 -1.852807255606427894e-01 9.691187118119254373e-01
1.935334084390933906e-01 -1.390964112130057828e-01 9.711833030925673960e-01
1.849840849324676517e-01 -9.292346423404684863e-02 9.783384476327759982e-01
1.465794845394729484e-01 -5.893655945055878420e-02 9.874416117787206959e-01
9.104659833266078028e-02 -4.204658026562801271e-02 9.949585931181895715e-01
3.052458613054434208e-02 -4.250699708336293237e-02 9.986297636462895255e-01
-2.392745974786140636e-02 -5.873891866231265718e-02 9.979865811243135987e-01
-6.173670866614103248e-02 -8.884398369822966990e-02 9.941304367957519705e-01
-7.253761303962047435e-02 -1.299814915631784251e-01 9.888594978789375656e-01
-9.136783001197783249e-02 -2.378591379913050918e-01 9.669927352947098598e-01
-6.421935314896919447e-03 -2.896152126071902533e-01 9.571216157694577564e-01
1.202469498610348464e-01 -2.925895668041453290e-01 9.486474668950948264e-01
2.209466525067020626e-01 -2.443062312923774404e-01 9.441912105594093552e-01
2.591224833707277408e-01 -1.736359235356408071e-01 9.501084699494749541e-01
2.400084488972571428e-01 -1.097874226284614035e-01 9.645427239320593094e-01
1.835891119546973482e-01 -6.711923763277773125e-02 9.807089506635346954e-01
1.086777412215955557e-01 -4.849788229093370678e-02 9.928932993914671989e-01
2.958273012385839035e-02 -5.199674861875365484e-02 9.982089962584533849e-01
-4.222860734214666650e-02 -7.504910274464351994e-02 9.962852889104610865e-01
-9.554093842408739601e-02 -1.159399033564580128e-01 9.886505286979653251e-01
-1.171161234756808167e-01 -1.726588780594042749e-01 9.779942358979317740e-01
-1.614873386731265625e-01 -2.429050682067893929e-01 9.565139660703925184e-01
-5.161001391817010564e-02 -3.112561059916636452e-01 9.489236233470454973e-01
1.501898965129895847e-01 -3.139636431883021661e-01 9.374805735272910834e-01
2.958038712320247843e-01 -2.446255881732680437e-01 9.233950353856839044e-01
3.365958640242064370e-01 -1.547052292651287242e-01 9.288538724469840302e-01
3.005219666564923897e-01 -8.399247953446509207e-02 9.500693716452788262e-01
2.227920887116329185e-01 -4.327754582671805572e-02 9.739048922943953635e-01
1.272091007187222123e-01 -2.980258951932727995e-02 9.914280863239973707e-01
2.829388250171157096e-02 -3.834067244092136117e-02 9.988640793669967266e-01
-6.357482746641325566e-02 -6.510608030962206083e-02 9.958511131788002624e-01
-1.376984914564501339e-01 -1.085793276291547454e-01 9.845047765562283670e-01
-1.786396892894099586e-01 -1.687366149677786697e-01 9.693378235578354873e-01
-2.390841430089672148e-01 -1.485551395948426778e-01 9.595676855029064978e-01
-1.122112173702214111e-01 -2.069140663195549734e-01 9.719028819052197843e-01
1.981965600969305408e-01 -2.099936841129773080e-01 9.574031419408898236e-01
3.757989395965674606e-01 -1.387527557688085222e-01 9.162547843066360942e-01
4.023654716222458960e-01 -6.033034721021428293e-02 9.134890675052862452e-01
3.458749276367562020e-01 -1.001178965259962202e-02 9.382272104880972075e-01
2.511628498439900659e-01 1.132603311430490679e-02 9.678785790749847573e-01
1.411242730644820809e-01 1.132969449593814772e-02 9.899270566939644134e-01
2.780330855234579290e-02 -3.315757192415628475e-03 9.996079140281327602e-01
-8.055620755211877204e-02 -2.816143024813811888e-02 9.963521622757122165e-01
-1.746441178681199247e-01 -6.061895783322907016e-02 9.827638444943612717e-01
-2.383799862681615367e-01 -9.996374567135468681e-02 9.660135773882653210e-01
-2.772709541224996910e-01 4.986689779650459176e-02 9.594968006741938504e-01
-1.452689045963455883e-01 9.311589018110563720e-02 9.850006986562787059e-01
2.226073648983087627e-01 1.207042693913429193e-01 9.674070707016571014e-01
3.909925907136312384e-01 1.028667176798771371e-01 9.146273735249177417e-01
4.073720866842812649e-01 9.958311237957910567e-02 9.078167142763079456e-01
3.484834963699959265e-01 9.425909291537430679e-02 9.325633898885964390e-01
2.542743289397123574e-01 8.138410158389187965e-02 9.637018178106682154e-01
1.441136003184246006e-01 6.321183708372749011e-02 9.875401429086372307e-01
2.829245911152041340e-02 4.340678361321569090e-02 9.986567918427632362e-01
-8.585326473256725544e-02 2.605039436228811373e-02 9.959671650654500219e-01
-1.894340377740089121e-01 1.642801470969726049e-02 9.817560112703683783e-01
-2.656994613570693442e-01 2.194161166308587416e-02 9.638061848277881261e-01
-2.416139474653238861e-01 2.053446021750660044e-01 9.483966969300453576e-01
-1.155255974296043736e-01 2.964122082276026138e-01 9.480472768550114449e-01
1.478828352996164885e-01 3.420215927988622950e-01 9.279827030085274764e-01
3.055631234506673288e-01 2.939586817272306640e-01 9.056596883069827353e-01
3.413051458657819781e-01 2.333647259496534343e-01 9.105227630804649808e-01
3.049091539922714200e-01 1.820520863045477500e-01 9.348194722425064995e-01
2.297287128886842944e-01 1.406897648247750765e-01 9.630322468890849530e-01
1.340865849245910513e-01 1.085909785897782170e-01 9.850019223901875787e-01
2.889728474263353331e-02 8.675226772347174875e-02 9.958107204582732352e-01
-7.727334960354378945e-02 7.851621298570858609e-02 9.939134940925906658e-01
-1.737475816603726575e-01 9.014079628736441918e-02 9.806561144010147446e-01
-2.412672227258297886e-01 1.305162253730156319e-01 9.616421590970472000e-01
-1.821719757853532129e-01 2.614691602983020835e-01 9.478645733707073973e-01
-8.924564598826029149e-02 3.422694422072728448e-01 9.353538600995859875e-01
7.332323449750875743e-02 3.823858251359037452e-01 9.210889121132175283e-01
1.991759702465741577e-01 3.484960558225542737e-01 9.159036149903994062e-01
2.496722952285148345e-01 2.837096234685233531e-01 9.258361596667931126e-01
2.392808984509943449e-01 2.204278220844381186e-01 9.455983433189106835e-01
1.891171574226674090e-01 1.696105063092600285e-01 9.671954181645067150e-01
1.150257335270111758e-01 1.335793487333038210e-01 9.843402045120397403e-01
2.853120339639842948e-02 1.135065405270916372e-01 9.931275022324558277e-01
-6.022033124595287112e-02 1.121922827681982177e-01 9.918600724859106821e-01
-1.390103514775407056e-01 1.344065098871750907e-01 9.811274189838506965e-01
-1.892099056405807389e-01 1.848872334793816852e-01 9.643735388861789382e-01
-3.528188711486134332e-01 2.034865054683296093e-01 9.132973701121190890e-01
-3.322346087405440573e-01 3.263627242648112770e-01 8.849336342153447665e-01
-2.273829396025554839e-01 4.381004654845416235e-01 8.696924634144559407e-01
-8.671888385979836800e-02 4.681733661947620195e-01 8.793711016219806220e-01
2.153158807547369755e-02 4.220726210248693655e-01 9.063062911047348180e-01
7.126796277208806429e-02 3.415263177959371732e-01 9.371662881981207560e-01
6.827051825725240219e-02 2.567878377477220142e-01 9.640534957781563552e-01
2.643060567555846271e-02 1.818028427063549668e-01 9.829797299372090569e-01
-4.196805581792668882e-02 1.232096583841891385e-01 9.914928453456627322e-01
-1.272028342687658575e-01 8.708824948245458275e-02 9.880460898947101001e-01
-2.194106560409019580e-01 8.188090212530331480e-02 9.721905584208774265e-01
-3.034964166099901051e-01 1.181981040344684403e-01 9.454729680468608732e-01
-2.352443715341237251e-01 1.633439765496714491e-01 9.581121181713356805e-01
-2.159797758791987543e-01 2.349253039425924505e-01 9.477145340123785955e-01
-1.514348903222601239e-01 2.956698514636685315e-01 9.432109058576039207e-01
-6.478309565376330625e-02 3.167136497658457617e-01 9.463063006074119432e-01
8.340815200040393659e-03 2.959314983128707444e-01 9.551727483068109814e-01
4.667853886741171743e-02 2.505090560069566097e-01 9.669882764893009686e-01
4.761139627328568602e-02 1.973044485246372159e-01 9.791854316406934933e-01
1.799254195363399200e-02 1.468256954807047321e-01 9.889987277952161371e-01
-3.278425390617038110e-02 1.060844935042381948e-01 9.938165187466742045e-01
-9.512521015646686895e-02 8.166779049910533050e-02 9.921096544171278397e-01
-1.587694170007888650e-01 8.042414784426886454e-02 9.840346684283324263e-01
-2.109821852591274305e-01 1.077422843001052538e-01 9.715338993966790015e-01
-1.345831981532316646e-01 8.558855597038449170e-02 9.871990487544360926e-01
-1.101300687704324793e-01 1.229358687404177169e-01 9.862850197227756022e-01
-6.159638357777428436e-02 1.568568428364789102e-01 9.856986437981433147e-01
-4.721550405090536341e-03 1.748523373139669324e-01 9.845833469530671511e-01
4.043457918365618575e-02 1.733871089037236357e-01 9.840233509790747846e-01
6.111143932111446492e-02 1.566509905195309638e-01 9.857615630330445189e-01
5.511845447441859197e-02 1.306166945090001252e-01 9.898996085926999866e-01
2.727510894650425274e-02 1.007479183391395416e-01 9.945380462216109052e-01
-1.446097345162290770e-02 7.265504428516966762e-02 9.972522874312115260e-01
-6.103750298302164368e-02 5.253731408096069116e-02 9.967518516955755636e-01
-1.029688253903853629e-01 4.629827394594387274e-02 9.936065070376044472e-01
-1.305293915924189696e-01 5.761714154298382129e-02 9.897688330772321796e-01
-5.177852447816853193e-02 -1.628801473901824934e-02 9.985257557914397619e-01
-1.426696448805639568e-02 -1.741530752507600534e-03 9.998967050625591213e-01
3.457916805055101517e-02 2.137031340294336113e-02 9.991734538317841308e-01
7.845397775987861255e-02 4.608143100568345280e-02 9.958521351536585575e-01
1.038184407181298730e-01 6.502635763270048219e-02 9.924682887528208930e-01
1.053594289362844022e-01 7.321029672044485070e-02 9.917356720359291611e-01
8.531422710459110603e-02 6.885988175190431437e-02 9.939717296474425146e-01
5.024160007572355674e-02 5.346347185206061503e-02 9.973050881246419141e-01
8.551635526152347525e-03 3.126917513731108239e-02 9.994744159887233304e-01
-3.071355350647816951e-02 8.111507789115072337e-03 9.994953131818933301e-01
-5.858196761270392100e-02 -1.016533893168728060e-02 9.982308445219035820e-01
-6.717073260549806524e-02 -1.908107292627420071e-02 9.975590234854526672e-01
1.088163746133464019e-02 -1.359157727377688640e-01 9.906606344694419697e-01
7.199219654044300420e-02 -1.369664700677263036e-01 9.879561274240500346e-01
1.367773414021022926e-01 -1.109077992317112488e-01 9.843736175600260596e-01
1.807684023742981705e-01 -6.683057242444420676e-02 9.812524951776769866e-01
1.918095743731085823e-01 -2.166600808442760429e-02 9.811929837051623915e-01
1.722105296964245857e-01 1.036515853737966439e-02 9.850056329534346844e-01
1.315821552589539201e-01 2.246363976724004285e-02 9.910507158090524626e-01
8.088012090366399065e-02 1.461302099152686843e-02 9.966167095027328449e-01
3.034400531328387482e-02 -9.001835150279927089e-03 9.994989786415915400e-01
-1.037016391915581565e-02 -4.242251658887483123e-02 9.990459397777624595e-01
-3.188448755819896230e-02 -7.938552389582574642e-02 9.963339390228890258e-01
-2.599768999490690430e-02 -1.132946519530895618e-01 9.932212452186569562e-01
4.539468290049734206e-02 -2.686721935218571167e-01 9.621614080767549870e-01
1.449089123912769561e-01 -2.819895497622305069e-01 9.484109346346349945e-01
2.463712487862720624e-01 -2.369437030629451268e-01 9.397653373850266556e-01
3.031938245229396922e-01 -1.557496141465001815e-01 9.401146538930292840e-01
3.014356208812173366e-01 -7.538308648184936789e-02 9.505019498857188998e-01
2.556510568556949470e-01 -2.036544321498756291e-02 9.665545953805136925e-01
1.870845522199532374e-01 1.694553414097190900e-03 9.823423531586252810e-01
1.128218698731203729e-01 -6.625457020802584009e-03 9.935931405747855383e-01
4.506725399619859740e-02 -3.914524702361165537e-02 9.982167060576594420e-01
-6.057167237335997663e-03 -8.942610003062874402e-02 9.959750415338983753e-01
-3.001805682390595517e-02 -1.512727645379320640e-01 9.880361668346646642e-01
-1.545622995970704662e-02 -2.162957922709718706e-01 9.762055291799320855e-01
3.292185896355462327e-02 -4.041999969895390121e-01 9.140779581831676159e-01
1.892919105886870512e-01 -4.329948637964561309e-01 8.812967834455663896e-01
3.630411141657683971e-01 -3.444952258659639277e-01 8.657506504650256396e-01
4.468010645299557160e-01 -1.997259862773303751e-01 8.720540918661754404e-01
4.271051837512914173e-01 -7.578494779764496925e-02 9.010204235755809865e-01
3.463524351706736559e-01 -4.326274448756311369e-03 9.380944909767613415e-01
2.431158405116725929e-01 1.623900258588793430e-02 9.698613214719976616e-01
1.398220888900388592e-01 -2.712190011553333550e-03 9.901729280704753000e-01
4.854528981359992890e-02 -5.110893940167921673e-02 9.975125218012077521e-01
-2.169232263830670263e-02 -1.224635642016607823e-01 9.922359188122855667e-01
-5.957319874979721819e-02 -2.123904663854687958e-01 9.753672763525481626e-01
-4.817494037937947171e-02 -3.135383798164041447e-01 9.483527083851042150e-01
-6.096897867427525375e-02 -5.099119350655078042e-01 8.580632856131185093e-01
1.607495305072159653e-01 -5.707648893248958855e-01 8.052248316811738693e-01
4.824016592747956689e-01 -3.942573145181561545e-01 7.822082900850082510e-01
6.015422167819443056e-01 -1.512725525069664734e-01 7.843873891688725175e-01
5.462088137446030611e-01 8.487299384094294796e-03 8.376060515162673248e-01
4.226642516107360636e-01 7.229488872082046047e-02 9.033982396901901746e-01
2.854462706001005268e-01 7.087121561070086617e-02 9.557707347467697678e-01
1.551471170929421828e-01 2.921971645527165692e-02 9.874591537010001252e-01
3.942993861877774203e-02 -3.961006478377787632e-02 9.984369397756431841e-01
-5.624240362587114295e-02 -1.307401096149584385e-01 9.898200926291801371e-01
-1.220236627765600157e-01 -2.434968623874268212e-01 9.621951484654386322e-01
-1.369013208623513222e-01 -3.758642500720100199e-01 9.165064614413632738e-01
-2.700939000520790612e-01 -4.977160951238948638e-01 8.242135486689345925e-01
-4.384348232646847338e-02 -5.975604728036187918e-01 8.006242754252939076e-01
5.895905437485888800e-01 -2.464108820217967011e-01 7.691974180556322427e-01
7.015256663975761864e-01 8.046841982207485200e-02 7.080865574185623013e-01
5.932727525682780501e-01 2.014043117728744059e-01 7.793996049904036161e-01
4.441185814389952413e-01 2.048614765034239282e-01 8.722330314001734974e-01
2.940432894584061319e-01 1.559490023738011322e-01 9.429838029272145095e-01
1.519487343369777255e-01 8.275907669880966377e-02 9.849175180476880120e-01
1.980330446886487822e-02 -5.231055720507442851e-03 9.997902105882553458e-01
-1.010539097207850817e-01 -1.065905204610378826e-01 9.891544713934570243e-01
-2.055077793191659175e-01 -2.230887584309045324e-01 9.528892687510743809e-01
-2.773210015507343584e-01 -3.558003658799040458e-01 8.924680172076034923e-01
-5.371559411768732639e-01 -2.385673149236924306e-01 8.090421071293874000e-01
-5.311201179544305928e-01 -7.655904152374554128e-02 8.438306307934727579e-01
2.576814395774125188e-01 5.298584438177554867e-01 8.079915254579653761e-01
4.965057144951112722e-01 5.183909770540955364e-01 6.962419625263357448e-01
4.726416098359147444e-01 4.409666022971580057e-01 7.629930303154310867e-01
3.767820296898120591e-01 3.433866653490114662e-01 8.603027956266486864e-01
2.566902225334635190e-01 2.409723811350168998e-01 9.359713890850908102e-01
1.278351225221851239e-01 1.405407236118879910e-01 9.817873937143001273e-01
-4.730357562268351808e-03 4.284740682288398078e-02 9.990704296724425282e-01
-1.401708017441808951e-01 -5.295585404545281177e-02 9.887101819346181264e-01
-2.784550249657986587e-01 -1.452510880934508863e-01 9.494024017660055437e-01
-4.166416576423191964e-01 -2.219297665115371188e-01 8.815650332524644917e-01
-5.793086536131429876e-01 4.268532126420546829e-02 8.139898323673225855e-01
-5.627336068905097743e-01 3.111716117914428703e-01 7.658349141238147695e-01
-1.592984585157637134e-01 6.951335366822478656e-01 7.010088211243474809e-01
1.571289864387117319e-01 6.876755169379273891e-01 7.088108810005907534e-01
2.646492471708773997e-01 5.572133425456750055e-01 7.870667486693174730e-01
2.556616853407440160e-01 4.172606168102434010e-01 8.720841016254291533e-01
1.883047726764733032e-01 2.913073359275945573e-01 9.379132948316991625e-01
9.022147858192398895e-02 1.822099996962589230e-01 9.791116385853280146e-01
-2.654500462525079957e-02 8.878441927789830490e-02 9.956970872827133334e-01
-1.577169938545451844e-01 1.168519075978213285e-02 9.874152146723406132e-01
-3.016777273534491655e-01 -4.185713220407862034e-02 9.524906977513006856e-01
-4.525430513490284468e-01 -4.932255961652758786e-02 8.903774883656691008e-01
-4.796431285426211444e-01 1.788424293217962535e-01 8.590447338270811306e-01
-4.542547998096623241e-01 3.746120338259335547e-01 8.082811398038438622e-01
-2.597344970878643355e-01 5.811703808718792219e-01 7.712191513567991930e-01
-3.368755530503743378e-02 6.131529433084920155e-01 7.892455997530724021e-01
1.017754005702711656e-01 5.269968899623485026e-01 8.437511752933249953e-01
1.425482508375402746e-01 4.077967624518756273e-01 9.018768190373593896e-01
1.180949917210414590e-01 2.936899135280462425e-01 9.485777815353493292e-01
5.250478220060973006e-02 1.959969673999252815e-01 9.791978536618881623e-01
-3.983791082771333258e-02 1.178600931727586676e-01 9.922307893319735062e-01
-1.508752519938791892e-01 6.317409859710304554e-02 9.865321543682148420e-01
-2.738800620083773896e-01 4.131809422902707474e-02 9.608759164031313027e-01
-3.953739289725384243e-01 7.086966687347179272e-02 9.157821501897029925e-01
-5.542362867588350728e-01 2.925488428173613972e-02 8.318451118959355739e-01
-6.145541844011395138e-01 1.886588566704488490e-01 7.659836749140769285e-01
-5.533379877929431867e-01 3.843165683393388599e-01 7.389978664143558307e-01
-3.857511889733005739e-01 5.033827721881257711e-01 7.731764383824309972e-01
-2.104797606458846393e-01 5.011213106792100636e-01 8.393900775810948511e-01
-9.411347093987940116e-02 4.187443418571593634e-01 9.032141666019063431e-01
-4.625298270816848023e-02 3.065398530485195505e-01 9.507333906431636450e-01
-5.380369446517167115e-02 1.926355647238784108e-01 9.797942139375750426e-01
-1.033963745674771478e-01 8.988405265056716165e-02 9.905705662926980182e-01
-1.869686489604264201e-01 6.966541835879124303e-03 9.823411788175907544e-01
-2.994029293603357456e-01 -4.442561471008798363e-02 9.530919423896949683e-01
-4.309961768988854747e-01 -4.531577865310534858e-02 9.012151661527511015e-01
-3.691682574690034468e-01 5.817820895209568910e-02 9.275398070596013733e-01
-3.941533365805208189e-01 1.538816245783831693e-01 9.060704127601728608e-01
-3.547437259977519464e-01 2.590861760267835212e-01 8.983491761319496449e-01
-2.606214703988044001e-01 3.267756512597499441e-01 9.084570011349024643e-01
-1.559719127781359904e-01 3.338946896891026861e-01 9.296166406759730494e-01
-7.970394820518837686e-02 2.923777292567917296e-01 9.529756261705327747e-01
-4.538468382620676478e-02 2.251843979418359232e-01 9.732585562930419210e-01
-4.996228086400255480e-02 1.500951146617216236e-01 9.874083385537653079e-01
-8.559395723404612799e-02 7.936953285677948722e-02 9.931637084284818950e-01
-1.448474747482861591e-01 2.363860769288344751e-02 9.891715853608876730e-01
-2.205163297593220884e-01 -5.771199496728734828e-03 9.753662089521394352e-01
-3.018672077637269413e-01 2.958380138250801469e-03 9.533453922183003915e-01
-1.996417336052223601e-01 2.305057547187332190e-02 9.795977996982028202e-01
-1.974760911185038104e-01 7.789596128034143030e-02 9.772079679642281524e-01
-1.647108089659530816e-01 1.389387195055922508e-01 9.765072358318759305e-01
-1.106381348183688440e-01 1.842019639337074688e-01 9.766416126741634951e-01
-5.631385037652857084e-02 2.002659165912732131e-01 9.781218292767144273e-01
-2.007620959434460589e-02 1.872164295575963477e-01 9.821135139645809087e-01
-9.017017578000243588e-03 1.524819197495773382e-01 9.882651251275735849e-01
-2.129452995013219815e-02 1.052774000774480967e-01 9.942148721616982376e-01
-5.113314920101521416e-02 5.540248353885185439e-02 9.971539328863224805e-01
-9.176632477846066727e-02 1.329538852694460774e-02 9.956918068762409257e-01
-1.360419197384844792e-01 -1.075230417055321290e-02 9.906447314899703427e-01
-1.755606776248870293e-01 -8.533527943872852226e-03 9.844316265604251548e-01
-4.822735016680591846e-02 -5.445400025581449699e-02 9.973509334993548858e-01
-1.713556375746471197e-02 -2.249776859725415024e-02 9.996000314439948964e-01
2.114304652567296564e-02 2.409333590062426658e-02 9.994861093324732826e-01
5.371497778114696364e-02 7.040025663774135412e-02 9.960715360993925849e-01
7.079080837166373819e-02 1.021718919748962340e-01 9.922447107141026956e-01
6.928856404784825007e-02 1.116441370317003967e-01 9.913297541982966088e-01
5.180264397220805950e-02 9.812816079789289658e-02 9.938246073305968542e-01
2.378196989689256025e-02 6.627875522018701615e-02 9.975176913290491054e-01
-8.345069140434414195e-03 2.430565699796828627e-02 9.996697428946527131e-01
-3.784023853145284527e-02 -1.774667771196269603e-02 9.991262041294913798e-01
-5.793854375697194553e-02 -4.984023305258974273e-02 9.970752611095297091e-01
-6.257134809424158561e-02 -6.369804832636358216e-02 9.960057153636308058e-01
8.675004160611264614e-02 -1.679264241454043183e-01 9.819751251202478715e-01
1.572990347187851745e-01 -1.443735070413867672e-01 9.769407884518942486e-01
2.145815701957403676e-01 -8.612861755607316427e-02 9.729011311383248817e-01
2.361250149524367903e-01 -1.511017391416882155e-02 9.716051975766080151e-01
2.199402822471987762e-01 4.289807570883027305e-02 9.745696626436417542e-01
1.783925758451085641e-01 7.227385877371965417e-02 9.813014716291671435e-01
1.262693883631166025e-01 6.977685517531964643e-02 9.895388987018892690e-01
7.495639720721057608e-02 4.035247708232519992e-02 9.963700196769450512e-01
3.267034600373199676e-02 -7.173754567680592706e-03 9.994404363128246427e-01
6.587344116070988943e-03 -6.262540758952238329e-02 9.980153632192823032e-01
3.982447346629672084e-03 -1.155123771380075770e-01 9.932980574032866938e-01
3.085903044455378177e-02 -1.547095637591508754e-01 9.874779344985249452e-01
2.011584605169953466e-01 -3.194854092413929592e-01 9.259937078857829462e-01
3.327989752405863810e-01 -2.910242483874561636e-01 8.969669608906919445e-01
4.283907375736139000e-01 -1.876078009228751009e-01 8.839030993237139144e-01
4.433618012351125404e-01 -6.116824590847266818e-02 8.942531850088256684e-01
3.879657160103614499e-01 3.531473320480560396e-02 9.209969993540814137e-01
2.977490435850171369e-01 8.005567823154831342e-02 9.512815542347312636e-01
2.031797165838256092e-01 7.586334703194810847e-02 9.761981127549616000e-01
1.215558486067924160e-01 3.445639904088385053e-02 9.919863568792890440e-01
6.180734230935475138e-02 -3.231297566376307995e-02 9.975648971571902113e-01
3.106664267288021183e-02 -1.143144865436544616e-01 9.929587412775978672e-01
3.848876283713487112e-02 -2.013603361779498779e-01 9.787607624694397712e-01
9.446936703599838336e-02 -2.784075422904507269e-01 9.558058270839390191e-01
2.729940112158618648e-01 -5.127874955916110755e-01 8.139553146242261006e-01
5.024676399386658332e-01 -4.684031862719582606e-01 7.267219041040158256e-01
6.695853919748474548e-01 -2.613218376671844201e-01 6.952454962183438614e-01
6.722970695131060825e-01 -3.377922593845719690e-02 7.395103881752235209e-01
5.596090137763255479e-01 1.073049061601800552e-01 8.217806330247680036e-01
4.093433882708163440e-01 1.507421939412689205e-01 8.998415312956369316e-01
2.678422288509179627e-01 1.241953495334565394e-01 9.554245420744830186e-01
1.531263128662783690e-01 5.387028149729135296e-02 9.867372117638562035e-01
7.096180839257852646e-02 -4.480578063852583282e-02 9.964722092317038760e-01
2.666459567993868796e-02 -1.640104166343664405e-01 9.860981607187272457e-01
3.201710821356388431e-02 -2.971987722531241327e-01 9.542786776161682472e-01
1.077226481498835542e-01 -4.282469031708657226e-01 8.972181568605089863e-01
2.396695980240207691e-01 -7.370503665305735419e-01 6.319139506136863815e-01
6.073154297645214639e-01 -6.849293676018920474e-01 4.025415881204540414e-01
9.115473932525484102e-01 -2.522509690682816497e-01 3.247318870369189092e-01
8.718619219022988309e-01 1.390151063954241373e-01 4.696079102087863388e-01
6.792724383700661228e-01 2.960717270220500907e-01 6.715135791097261997e-01
4.739727989447987122e-01 2.934943533861330556e-01 8.301872381521869793e-01
2.985849817690012786e-01 2.138650183394318338e-01 9.301122311812339838e-01
1.597559890223349821e-01 9.813042634273703990e-02 9.822669919108185654e-01
5.610247406003004977e-02 -3.987142691127192051e-02 9.976285790414828325e-01
-1.063820298291517225e-02 -1.990907474452103254e-01 9.799233148155619411e-01
-2.777498816161019790e-02 -3.816087067294235413e-01 9.239065672354900283e-01
3.717354423315141765e-02 -5.789748102007168384e-01 8.144975732082933018e-01
-1.822421377649700511e-02 -9.114867704518822000e-01 4.109254741717330850e-01
3.922340340753188714e-01 -9.103965394434552216e-01 -1.316457499593896574e-01
9.332929934256981586e-01 -1.416838316957487291e-02 -3.588362374969206181e-01
8.352394208912189422e-01 5.415070905256899048e-01 9.563043814406195497e-02
6.242917648392601881e-01 5.934850621652471014e-01 5.079717249420825365e-01
4.344938960811358108e-01 4.782637057296060257e-01 7.632030411693563332e-01
2.723036336783486999e-01 3.215968889618829873e-01 9.068771538061688453e-01
1.349927312004436386e-01 1.558554021317811178e-01 9.785121645381238409e-01
1.953842845548551047e-02 -1.661978867180823743e-02 9.996709620860287915e-01
-7.464309094461132887e-02 -2.042148784643615378e-01 9.760761714068348915e-01
-1.393029692051850066e-01 -4.186365775288124480e-01 8.974063175203856879e-01
-1.451225988081534524e-01 -6.660398109139178402e-01 7.316627649352853702e-01
-5.222070863564999277e-01 -7.943898345163903363e-01 3.102330571942073512e-01
-6.048755308762515659e-01 -6.732059739817866095e-01 -4.253461046518235422e-01
-1.233033730387596283e-01 6.093871453635313351e-01 -7.832263946413414724e-01
2.447093499572563779e-01 9.681717952017414586e-01 -5.254244968711946351e-02
3.204991471083586396e-01 8.318354590707558449e-01 4.531336069365044517e-01
2.774398148865944713e-01 6.140071545327161484e-01 7.389332603816241019e-01
1.883405762834139963e-01 4.016135593385308789e-01 8.962334384973043022e-01
8.301052920129349533e-02 2.058097154223858805e-01 9.750649276225425988e-01
-2.850074192395446113e-02 1.938090097486601729e-02 9.994058676969916899e-01
-1.451446184996685040e-01 -1.699879898266522249e-01 9.746984780101504153e-01
-2.679162975726046558e-01 -3.744238419123319117e-01 8.877092114554354652e-01
-3.952083217020507244e-01 -5.974430634365963666e-01 6.977622577991977604e-01
-7.858822834753490527e-01 -4.043100983949456939e-01 4.678914199419146325e-01
-9.908942409846515087e-01 -1.066638993338841768e-01 8.216699922955597590e-02
-7.682750023116824423e-01 6.329510199332584186e-01 -9.553285920740164916e-02
-2.868821080529709855e-01 9.334192460646587586e-01 2.154696432331497102e-01
-5.704488137770681762e-03 8.361107818368581635e-01 5.485309647696612334e-01
8.987987816670288399e-02 6.297559459351834699e-01 7.715756969085997286e-01
8.255249921793852974e-02 4.200969533355290442e-01 9.037165676643588164e-01
2.141421264441903394e-02 2.296778389894772177e-01 9.730311001064499976e-01
-7.244810409355324776e-02 5.654176983867903461e-02 9.957681961565437723e-01
-1.944062083117250317e-01 -1.058656194025241054e-01 9.751916205538490034e-01
-3.489542791733701299e-01 -2.590387794024661128e-01 9.006274600589159185e-01
-5.451278484845631933e-01 -3.848033864519745939e-01 7.448234573249937762e-01
-7.272701740592070196e-01 -1.073895819486747755e-01 6.778979064821372136e-01
-8.468544196519351974e-01 1.366588391238800493e-01 5.139668798721639398e-01
-7.372193088270553307e-01 5.117894150320795310e-01 4.411114205658234755e-01
-4.380134196151385106e-01 7.163535493593932157e-01 5.431223034983364562e-01
-1.797887752404390416e-01 6.869288957003030216e-01 7.041339990013344430e-01
-4.223434008919553506e-02 5.456211859369440864e-01 8.369670136713721620e-01
-3.043180549296494938e-03 3.799886796885181273e-01 9.249861309019055122e-01
-2.878561244426300347e-02 2.228835383641123713e-01 9.744199899646528440e-01
-9.929272554170595622e-02 8.234258417230604088e-02 9.916454273006721776e-01
-2.071939270399417998e-01 -3.902899913289034628e-02 9.775210554379081263e-01
-3.524903432871285824e-01 -1.329797510324293719e-01 9.263190291171281565e-01
-5.336779404269387239e-01 -1.743421222744272192e-01 8.275220119746328207e-01
-6.389775289537278358e-01 -2.005663127503377607e-01 7.426175810481829842e-01
-7.674858799928256925e-01 -3.706729157513544148e-02 6.399933123921250910e-01
-7.700420137760846107e-01 2.041478973187158541e-01 6.044492807838318660e-01
-6.331959467451263590e-01 4.016578136968234070e-01 6.616146111762840620e-01
-4.364892867255324993e-01 4.680874965437114565e-01 7.683561662101404677e-01
-2.687651983618078444e-01 4.157571192100794066e-01 8.688563091648054959e-01
-1.658610636451709197e-01 3.011583287006658338e-01 9.390387471349997961e-01
-1.256172350475670274e-01 1.662003102478278316e-01 9.780581614261941725e-01
-1.381492220403442717e-01 3.114419806287131026e-02 9.899216289065029262e-01
-1.988495904070800013e-01 -9.310842817548770078e-02 9.755970792276025261e-01
-3.084212430790818638e-01 -1.931609663596359772e-01 9.314317891786499937e-01
-4.638515383373441603e-01 -2.430073916615284879e-01 8.519326017823531938e-01
-4.354458623468175915e-01 -9.140058909449957913e-02 8.955628583623612693e-01
-5.071285171457206031e-01 8.811069105531574297e-03 8.618254070048073645e-01
-5.071567637735421297e-01 1.412796056941247880e-01 8.501953246011593190e-01
-4.298440242692165292e-01 2.507411758412446678e-01 8.673885966148857651e-01
-3.138343734201002877e-01 2.956469155962605511e-01 9.022753944103900636e-01
-2.076218321746533813e-01 2.743015615720567069e-01 9.389631665428143092e-01
-1.375150836185373149e-01 2.089445924007256594e-01 9.682105964530145492e-01
-1.081822211819168378e-01 1.222750629960548535e-01 9.865826959710743971e-01
-1.161496493636315908e-01 3.091141833297026548e-02 9.927505946456185448e-01
-1.581101851826171578e-01 -5.162497304589537539e-02 9.860710073314623569e-01
-2.318294944257529300e-01 -1.110717655074279914e-01 9.663944062448183159e-01
-3.309818396800813245e-01 -1.302376289345500704e-01 9.346064315055404581e-01
-2.241543700436528785e-01 -6.047088149729160089e-02 9.726757377879157174e-01
-2.497857203932644377e-01 6.883029901344658559e-04 9.683008933831613874e-01
-2.435413096423609813e-01 7.862309361871595847e-02 9.666985257294480327e-01
-2.053485648418008069e-01 1.461445165794948986e-01 9.677157367694074752e-01
-1.519105363218225535e-01 1.815011111972505975e-01 9.715866073535508463e-01
-1.038262895525555174e-01 1.785788866776569783e-01 9.784322576605928301e-01
-7.328843269750189016e-02 1.435636841587964452e-01 9.869236415364528447e-01
-6.318386727282637727e-02 8.762144252880203765e-02 9.941480180163259073e-01
-7.183195644927010959e-02 2.341917631133702549e-02 9.971417713712560360e-01
-9.657458398883014827e-02 -3.571397611609338635e-02 9.946848051706748128e-01
-1.344710510595899522e-01 -7.649784985030554096e-02 9.879603308812693330e-01
-1.804587399482408538e-01 -8.718756218689061033e-02 9.797106573760021586e-01
-2.114883896236073590e-02 -8.568644515024548269e-02 9.960976657576567916e-01
-4.277534454727483469e-03 -4.125709629577942184e-02 9.991394070419457041e-01
1.297110512721724729e-02 2.110794375918634974e-02 9.996930554636616062e-01
2.458656144679081598e-02 8.136573284988449228e-02 9.963810107151790385e-01
2.757603519201796624e-02 1.209456120487118480e-01 9.922760307541838021e-01
2.242163342284150471e-02 1.304020444629155340e-01 9.912076357426788942e-01
1.154934038093241751e-02 1.099782644671131460e-01 9.938668895189400887e-01
-2.192200298568614762e-03 6.661470096223197357e-02 9.977763656619245136e-01
-1.607936049210070828e-02 1.123577372173486556e-02 9.998075872662173236e-01
-2.742183704678039999e-02 -4.328574943609131420e-02 9.986863305106223887e-01
-3.344892111119922989e-02 -8.409085932426678400e-02 9.958965292913354306e-01
-3.168686026774455294e-02 -1.003590827771265043e-01 9.944465784498813798e-01
1.755738779228944446e-01 -1.611182743188311894e-01 9.711924191795056061e-01
2.421445685514779511e-01 -1.124726748947282723e-01 9.636990740490840590e-01
2.777690236443365324e-01 -3.023482436231265599e-02 9.601719767308793951e-01
2.672715796641533803e-01 5.488372583952427081e-02 9.620570042059775062e-01
2.204943224183805173e-01 1.132624771093616728e-01 9.687898972740914827e-01
1.597405761559211879e-01 1.313710616047140123e-01 9.783785527607968824e-01
1.035480970136902906e-01 1.111438337212694999e-01 9.883950828644509912e-01
6.164542641112685795e-02 6.229213970615915530e-02 9.961523632123786554e-01
3.823527359510117685e-02 -2.945199446240621619e-03 9.992644242907335883e-01
3.620314016085322828e-02 -7.159612048605958068e-02 9.967764685093373211e-01
5.877301475731545183e-02 -1.302299646672610001e-01 9.897403139406308892e-01
1.074215709698802396e-01 -1.646515779236815691e-01 9.804848106817205533e-01
3.640498601914821664e-01 -2.929242561300305359e-01 8.841171186359408907e-01
4.988811068486718736e-01 -2.163311743241410068e-01 8.392368344187094431e-01
5.637782978211186569e-01 -6.956036080553813783e-02 8.229917296731663612e-01
5.278916749613697945e-01 7.890086943674778919e-02 8.456388308899817075e-01
4.208816599391848601e-01 1.702073634029852844e-01 8.910039740484299031e-01
2.952955602929721590e-01 1.892850004252490947e-01 9.364676826698963286e-01
1.882916631426607423e-01 1.514453498308731827e-01 9.703661966523615678e-01
1.147367370808167197e-01 7.750802007288307149e-02 9.903676024530299049e-01
7.814314988177181731e-02 -1.646057314284362499e-02 9.968062488059102888e-01
8.091270993841549741e-02 -1.180606824367090302e-01 9.897044046750271828e-01
1.284947510421259043e-01 -2.138128736529524843e-01 9.683868824053415425e-01
2.260456151185591400e-01 -2.827068814429393728e-01 9.321910743353145623e-01
5.141063326757453478e-01 -4.899492222652566120e-01 7.040201973697588489e-01
7.413253429793168481e-01 -3.557431806815927189e-01 5.691076569994173440e-01
8.483105383150481016e-01 -7.612796222348364172e-02 5.239978663618428678e-01
7.768639071005708496e-01 1.860033205121913724e-01 6.015689774271133494e-01
5.961838502752760949e-01 3.160540530009529059e-01 7.380207668166774981e-01
4.016575173228097984e-01 3.148056241450059578e-01 8.599817775888858318e-01
2.464077370624921104e-01 2.335988378028970580e-01 9.405927971725158709e-01
1.438640776766621776e-01 1.133193345555478515e-01 9.830879185354470806e-01
9.277111752909636411e-02 -2.651055654355722810e-02 9.953344714939101889e-01
9.380595024188932707e-02 -1.776102639832400354e-01 9.796198435246485925e-01
1.565363162235377803e-01 -3.300641175612187839e-01 9.308888548058180668e-01
2.969823394116393733e-01 -4.555238305420562517e-01 8.392255536421460160e-01
5.329809054723346762e-01 -7.395815380352934731e-01 4.110358901594418080e-01
8.482776166395460393e-01 -5.213677610572650112e-01 9.274018998233131417e-02
9.998709915959239636e-01 -1.120550893316254494e-02 -1.150811602302897856e-02
8.891932730780895966e-01 4.156148567928376059e-01 1.913102556731912096e-01
6.551261466274869161e-01 5.630404144268468247e-01 5.037809283081731149e-01
4.262894186685537989e-01 5.011497067609990141e-01 7.530778863732728867e-01
2.524376515613074856e-01 3.474344280709938948e-01 9.030861256076201382e-01
1.379101188167699832e-01 1.645139392485132912e-01 9.766862151789850177e-01
7.596227631272391145e-02 -3.015943883183844210e-02 9.966544741416527575e-01
6.543927243718616893e-02 -2.378907489443663759e-01 9.690849772799414730e-01
1.193224517731607676e-01 -4.580188364988131977e-01 8.808977794925855198e-01
2.674335277637492903e-01 -6.601799907803962419e-01 7.018843836423616089e-01
2.775409618204751072e-01 -9.567069176285918353e-01 8.765208653295084029e-02
5.572142441062811757e-01 -6.676498675240760683e-01 -4.937164576561040019e-01
7.090836492055667684e-01 1.408561674876576963e-01 -6.909123812105196771e-01
6.282453801386433945e-01 7.266308909439179731e-01 -2.780562724708200983e-01
4.720983992370866855e-01 8.413486854565394024e-01 2.631643800333450245e-01
3.160542625515138093e-01 6.899652000715804645e-01 6.511971481917351312e-01
1.878242113454743900e-01 4.571866312496207785e-01 8.693114803332484541e-01
9.314662616309021814e-02 2.155963560182610483e-01 9.720297923963850950e-01
2.968020813942288602e-02 -2.511176676600901728e-02 9.992439564064221624e-01
-3.011521952881963515e-03 -2.772697133100608946e-01 9.607874045888160630e-01
5.699411909323286521e-03 -5.510632295597586161e-01 8.344440267214449092e-01
8.593279270808065751e-02 -8.213710894986391287e-01 5.638839317388376626e-01
-2.440509625170320385e-01 -9.693483037630074017e-01 -2.833714322829795212e-02
-2.447413963107908097e-01 -6.607913992216514210e-01 -7.095465986434534855e-01
-1.883048575755584264e-01 2.638713868712624921e-01 -9.459985051807868750e-01
-3.646317049439293939e-02 8.963186858382350408e-01 -4.419086451003960136e-01
6.964581587217877345e-02 9.810559817507301661e-01 1.807722904725932445e-01
9.385648589677998699e-02 7.829548232863573487e-01 6.149574820651386720e-01
6.754156489942041153e-02 5.125719127322553303e-01 8.559837447574754066e-01
2.072696300473738512e-02 2.455413420645120304e-01 9.691645073680777989e-01
-3.338718034513257771e-02 -1.149116020274014612e-02 9.993764302932502952e-01
-9.202111670630770679e-02 -2.742816485155076256e-01 9.572364866467460986e-01
-1.536181860202404936e-01 -5.557148373050955215e-01 8.170572027237139601e-01
-2.096113359000965903e-01 -8.321982120048261322e-01 5.133314950378878860e-01
-6.676740778849270530e-01 -7.242958815631278524e-01 1.720662711622900076e-01
-8.563904149240711972e-01 -4.183728485161120614e-01 -3.025881968131214905e-01
-8.441484104018950330e-01 2.745241068377194393e-01 -4.604888445780678241e-01
-5.817973534054904361e-01 8.010062880134647401e-01 -1.410700752574007288e-01
-2.990851155444038678e-01 8.991664953460731802e-01 3.194490684082994525e-01
-1.271486169150895795e-01 7.335439984469841468e-01 6.676424428981231340e-01
-5.828840969353769885e-02 4.889103478785972179e-01 8.703844742598755291e-01
-5.450310976410292080e-02 2.423478607933514384e-01 9.686572796374839367e-01
-9.291335241839190906e-02 6.663390629700322206e-03 9.956519011017953558e-01
-1.682001445042895504e-01 -2.265738497705439558e-01 9.593607256860937627e-01
-2.860323242570944058e-01 -4.615419027225408088e-01 8.397407823318537856e-01
-4.546063249943670392e-01 -6.674706486394227367e-01 5.897592919824503621e-01
-7.655548444922283258e-01 -4.171983145537835891e-01 4.897666244322440576e-01
-9.534311589765837036e-01 -1.737004651922130771e-01 2.465708285349896278e-01
-9.533651168870794779e-01 2.534902872136204355e-01 1.638219405066397294e-01
-7.388297424315266593e-01 5.974848234192600138e-01 3.116769120130883919e-01
-4.610039555686398227e-01 6.886352981681680419e-01 5.596934688439988426e-01
-2.529969473006288827e-01 5.857348023349976396e-01 7.700047311479094603e-01
-1.420386853614702405e-01 4.051204465671631172e-01 9.031624635878824359e-01
-1.076607583373670601e-01 2.109092561848032732e-01 9.715587716500061477e-01
-1.307015270466132528e-01 2.261410923317586433e-02 9.911638173839929511e-01
-2.054368499261593484e-01 -1.567579170802868016e-01 9.660345004838406524e-01
-3.369171488114559576e-01 -3.199527341899717214e-01 8.855038581063385816e-01
-5.304753082780166995e-01 -4.339780121733226026e-01 7.281888712809198028e-01
-5.946846529382526780e-01 -4.198409704770519335e-01 6.856265186445467119e-01
-7.791600819448436521e-01 -2.780298366200244509e-01 5.617908655831661546e-01
-8.528901156794298499e-01 -2.802110006820249244e-02 5.213379599908455342e-01
-7.782384760684949443e-01 2.114571934380568008e-01 5.912958055913057898e-01
-6.035726612442807726e-01 3.357086074972301937e-01 7.231872326381663107e-01
-4.145137031646622949e-01 3.288312448782920727e-01 8.485566582619002984e-01
-2.669411380802741984e-01 2.375802045780258387e-01 9.339689904880236204e-01
-1.753874729139868749e-01 1.081051319800202387e-01 9.785461229725501697e-01
-1.384286373381842239e-01 -3.561331528428231252e-02 9.897318849765539550e-01
-1.571870064566922298e-01 -1.826312541462770112e-01 9.705349401285128241e-01
-2.394740075981164062e-01 -3.202647448594946322e-01 9.165602505481932338e-01
-3.916088745404004978e-01 -4.182497328221284616e-01 8.195789470059162696e-01
-4.139080770829358658e-01 -2.461916940740803417e-01 8.763958885652175512e-01
-5.270167185988851033e-01 -1.618883257491594840e-01 8.342934425628234507e-01
-5.730745077813574895e-01 -2.470346323000682451e-02 8.191308487876637345e-01
-5.311328749243815484e-01 1.091446839963460813e-01 8.402293181803782707e-01
-4.271175349624124484e-01 1.879651841378028321e-01 8.844431586483327834e-01
-3.084105763174549431e-01 1.964450012318355865e-01 9.307482355108137595e-01
-2.098602859102730311e-01 1.497409285807871637e-01 9.661968302088624894e-01
-1.451997791750604949e-01 7.007836197557545943e-02 9.869174470595380999e-01
-1.176345624570864223e-01 -2.490753152311489527e-02 9.927445414550692959e-01
-1.296713853968979036e-01 -1.214569904856035998e-01 9.840902048448894046e-01
-1.855287250547462685e-01 -2.050544306676035100e-01 9.610056048969263243e-01
-2.857141597881079909e-01 -2.554765682509499425e-01 9.236336622120600026e-01
-1.993445792174219078e-01 -1.417964002258759459e-01 9.696161712861997017e-01
-2.524685033300416714e-01 -8.800834613540549356e-02 9.635944094049448960e-01
-2.781523310344827249e-01 -8.183424657327150950e-03 9.605021146779355590e-01
-2.658881050805042001e-01 7.005303853476195497e-02 9.614551925954353262e-01
-2.244460400883147022e-01 1.205440559998470634e-01 9.670021228785398160e-01
-1.724622100124556245e-01 1.315192148278641338e-01 9.761964363020967372e-01
-1.252866714609931209e-01 1.056897927871887632e-01 9.864749959603582585e-01
-9.086735343289928379e-02 5.336711683255244282e-02 9.944320363508665217e-01
-7.282699048300689260e-02 -1.254269972240715410e-02 9.972657169184651060e-01
-7.391689959538440269e-02 -7.839042772269519399e-02 9.941786724706336287e-01
-9.673112788382157157e-02 -1.304005257257832839e-01 9.867313675912400273e-01
-1.411841685513625377e-01 -1.552298237675650006e-01 9.777375580204253902e-01
2.121552220093560898e-02 -9.596635473233654234e-02 9.951584599335029369e-01
1.866723756870176248e-02 -4.769911895559897363e-02 9.986873025589159125e-01
8.675395990821378744e-03 1.815946352112721152e-02 9.997974651844424576e-01
-6.026395006929329869e-03 8.034213525012000312e-02 9.967491278485268724e-01
-2.011924632481539715e-02 1.196809769172601651e-01 9.926085228787917547e-01
-2.885021518301416135e-02 1.270645182942864715e-01 9.914747970949938649e-01
-3.026660678845363370e-02 1.036453788358781686e-01 9.941536943347516475e-01
-2.502818872446656295e-02 5.721591063855124143e-02 9.980480596339443844e-01
-1.522052874453576864e-02 -7.409663350147146664e-04 9.998838864956323125e-01
-3.372199200595944139e-03 -5.697854011341544483e-02 9.983697081937886741e-01
8.100274280433496926e-03 -9.827649809374801315e-02 9.951261806820225209e-01
1.699864746813642760e-02 -1.134451185322778027e-01 9.933988378618548998e-01
2.494249923607319008e-01 -1.072143154984731839e-01 9.624407845358590174e-01
2.985465975576372388e-01 -4.012274524149787164e-02 9.535513066434078144e-01
3.029903688876693924e-01 5.186116343304285337e-02 9.515814500550062727e-01
2.576804789700789522e-01 1.343189594135717757e-01 9.568485710393274113e-01
1.839438369151106811e-01 1.789846082782675374e-01 9.665035824353114258e-01
1.120782023377960984e-01 1.781991801931342156e-01 9.775906754563384871e-01
6.176189025282682182e-02 1.404364749161640669e-01 9.881614571646124556e-01
3.884181256671337401e-02 7.920470277193973618e-02 9.961013646487790751e-01
4.199767480350823090e-02 7.990843447783975775e-03 9.990857529421867111e-01
6.855686729355854603e-02 -5.993134457088797329e-02 9.958454648613711546e-01
1.162548489770081628e-01 -1.108101618363288854e-01 9.870187020127966226e-01
1.806868399056875685e-01 -1.304291142596402941e-01 9.748540978209135899e-01
4.846408591854037273e-01 -1.873183825485422171e-01 8.544208922816398655e-01
5.955019035082116385e-01 -7.333772817258350785e-02 7.999994128400484961e-01
6.145177170834420499e-01 9.338646929244086292e-02 7.833562042542077108e-01
5.276549849307514695e-01 2.384618598481751672e-01 8.153012684127457499e-01
3.801920524429309167e-01 3.043117869595609037e-01 8.734118957151402185e-01
2.366804256705420106e-01 2.865673224529526331e-01 9.283649852329476371e-01
1.359877943604803630e-01 2.145192964589489604e-01 9.672066951958803172e-01
8.685336210965778625e-02 1.167716887909984319e-01 9.893537619007085615e-01
8.545303272513320170e-02 1.107315868156166262e-02 9.962806654525783179e-01
1.280548028613457956e-01 -9.039471962498457636e-02 9.876389837020765894e-01
2.141204564786508557e-01 -1.734870684030470900e-01 9.612776223414046806e-01
3.402432735594969615e-01 -2.156217777653644530e-01 9.152823410025077155e-01
6.877451887673409203e-01 -3.540877044887023595e-01 6.337416294181933418e-01
8.651240912229359870e-01 -1.601909881321202656e-01 4.752884956601632904e-01
8.936867239697625642e-01 1.460684502547248687e-01 4.242499820159652546e-01
7.529394564493961939e-01 4.058547867080846694e-01 5.180386732934844085e-01
5.246388802064477774e-01 5.045380054291949135e-01 6.857079892005526478e-01
3.133850658689535940e-01 4.521055061321160862e-01 8.350990431172508055e-01
1.722863209116834438e-01 3.212346761780757731e-01 9.311958475247481548e-01
1.057568830705990087e-01 1.656208520680891305e-01 9.805025318903352050e-01
1.035784972745673882e-01 6.627431891115220276e-03 9.945992017132750940e-01
1.603095666318755108e-01 -1.487898873497951469e-01 9.757880980361544054e-01
2.794181107982492973e-01 -2.891813427795290048e-01 9.155870632256151165e-01
4.640715689480442441e-01 -3.796161165723927478e-01 8.003306709931508056e-01
7.428457079291669318e-01 -6.034006446217662356e-01 2.899791652539251974e-01
9.504856310328794189e-01 -3.069149636946608695e-01 -4.878801348955009998e-02
9.662323240921868450e-01 2.032116371401861687e-01 -1.584301941241081368e-01
7.804686326557307430e-01 6.232243682555368425e-01 4.959939771062833735e-02
5.151465342353345189e-01 7.556871223582843911e-01 4.044267812185819433e-01
2.888045900956117684e-01 6.487806195801537612e-01 7.040423399177178077e-01
1.474052187554446280e-01 4.410254296809795749e-01 8.853068800468220090e-01
8.593086235940293471e-02 2.158566479133985916e-01 9.726365171253519293e-01
8.917275331663700177e-02 -5.238008440315793102e-03 9.960024012691000017e-01
1.509550868347653008e-01 -2.256606575234779699e-01 9.624395198685773423e-01
2.784130671419419722e-01 -4.417856387456789991e-01 8.528256641558403794e-01
4.831984905046475820e-01 -6.072527749534801789e-01 6.306847755300016845e-01
5.062568346721655344e-01 -8.604500983377668666e-01 -5.770308153334925694e-02
6.340240875880051030e-01 -4.896967323184983623e-01 -5.985069479251240443e-01
5.950077309129443437e-01 2.189816849368615981e-01 -7.733128873981961471e-01
4.326525579670224553e-01 7.943923927813129060e-01 -4.263243957078284296e-01
2.579907694061429613e-01 9.572965858942641404e-01 1.304760879862487954e-01
1.266250173362461207e-01 8.036215136161284356e-01 5.815140306460848674e-01
5.218090280387970015e-02 5.320174612282034809e-01 8.451239993817248886e-01
2.776047494417693828e-02 2.502955778637833140e-01 9.677713984887018617e-01
4.314822832560367277e-02 -2.121003225223959052e-02 9.988435137319102708e-01
9.403907628904632776e-02 -2.961358793820281776e-01 9.505052304292564980e-01
1.855841726572302619e-01 -5.802748331622208378e-01 7.929940938353926549e-01
3.280369924067298992e-01 -8.224645882072216807e-01 4.646974636877700959e-01
1.293785730747871142e-02 -9.846327801287574344e-01 -1.741576875836171046e-01
-5.584131378466917345e-02 -6.226652959402146914e-01 -7.804932266883368719e-01
-1.676052473061762083e-01 1.373062581392485715e-01 -9.762456005285106153e-01
-2.059196939751788691e-01 7.842722402129403969e-01 -5.852470699322824821e-01
-1.731614917992570779e-01 9.842163025508747776e-01 3.651530570698234557e-02
-1.257720154124174761e-01 8.330045561758353534e-01 5.387808548283268273e-01
-8.597350547398556475e-02 5.489464470273123231e-01 8.314242927967643304e-01
-5.241021341923138288e-02 2.519086091987080001e-01 9.663308036801434575e-01
-2.218436785329645777e-02 -3.544346430564387918e-02 9.991254248896023205e-01
3.895050915518639793e-03 -3.290422599919167190e-01 9.443071638605005091e-01
2.289904376199529065e-02 -6.382215340163799322e-01 7.695121229146960617e-01
3.055466330012385559e-02 -9.133732452247572686e-01 4.059750330477897573e-01
-4.515461864656504232e-01 -8.918807901086002188e-01 2.558706165076433253e-02
-6.734179511580797861e-01 -5.891465726897157085e-01 -4.465585951986998370e-01
-8.030771022532321446e-01 3.813365508995505970e-02 -5.946536741547872040e-01
-7.359123467174079058e-01 6.059289324039855984e-01 -3.021310093732243462e-01
-5.416195441544926492e-01 8.189673424950724145e-01 1.895804876998396504e-01
-3.478013104034468617e-01 7.174355096299497303e-01 6.035897099882654437e-01
-2.101897240053999527e-01 4.800536708199218405e-01 8.516858300188442366e-01
-1.266628852762467505e-01 2.175594304523535416e-01 9.677935770166170570e-01
-8.581108586317087727e-02 -4.294630695406882748e-02 9.953853888126837912e-01
-8.619693825841906465e-02 -3.100253231144898258e-01 9.468127517427317175e-01
-1.380690323172394651e-01 -5.876402955769128855e-01 7.972551820648554610e-01
-2.578735705253423771e-01 -8.299973627634844586e-01 4.945761816244004239e-01
-6.508528856650599437e-01 -6.582285487241155142e-01 3.783195724066712451e-01
-8.933562775542779333e-01 -4.369370230665591270e-01 1.048837414855623151e-01
-9.997421357518944118e-01 -1.233930515553531039e-02 1.906314639957957385e-02
-9.045816232087184883e-01 3.855941844264464402e-01 1.817944220521903465e-01
-6.782903265209651034e-01 5.638308090704560183e-01 4.711868543273165510e-01
-4.451454306014555606e-01 5.197068372131977698e-01 7.292121426366093839e-01
-2.734807334430240933e-01 3.590940496711713115e-01 8.923338791765579314e-01
-1.707054706302383318e-01 1.623137913663002252e-01 9.718610370980250712e-01
-1.279292872589098407e-01 -4.243931609037412261e-02 9.908748669287191779e-01
-1.442573600863996941e-01 -2.523656324065979284e-01 9.568183744268848878e-01
-2.310318342984317153e-01 -4.616942736844306117e-01 8.564243627942195181e-01
-4.032835650814264317e-01 -6.306638908840868085e-01 6.630425498188881051e-01
-4.103762158319332887e-01 -6.030845271389875251e-01 6.840178467006838847e-01
-6.434213058471895952e-01 -5.280936350090915665e-01 5.541896208380446831e-01
-7.998465146181977792e-01 -3.138411620705393035e-01 5.116143841245188728e-01
-8.076547732312516770e-01 -6.705323023094333923e-02 5.858307192290376220e-01
-6.818314127771215594e-01 1.000943093053463656e-01 7.246289076451076783e-01
-4.979982681871164552e-01 1.500995228884172139e-01 8.540889052735292086e-01
-3.244141532284351981e-01 1.119687270659864842e-01 9.392648515431025746e-01
-1.900418884453077550e-01 2.440216755718473129e-02 9.814726765704692157e-01
-1.016112948435866081e-01 -9.210892651658549035e-02 9.905509024861395284e-01
-6.489174353016709251e-02 -2.309878456577059702e-01 9.707902331501336857e-01
-9.389487604403590204e-02 -3.858407673321646025e-01 9.177748386816323434e-01
-2.082013003810473661e-01 -5.311881456214696540e-01 8.212742370675527592e-01
-2.893634628030894995e-01 -3.755856187210407371e-01 8.804568299494597294e-01
-4.313940267786393057e-01 -3.362000486481352413e-01 8.371790256262314767e-01
-5.255648695445259699e-01 -2.249212027366276623e-01 8.204827971751527116e-01
-5.327932779235792227e-01 -8.962416932140622461e-02 8.414860850144422200e-01
-4.617802725635608008e-01 1.418422983447498870e-02 8.868809319717927409e-01
-3.521762399981058778e-01 5.941645601106489150e-02 9.340458129748271388e-01
-2.415423635030162774e-01 4.990525404842358764e-02 9.691061614971701044e-01
-1.503352058173362815e-01 1.242125598197301979e-03 9.886343019620288386e-01
-8.790545294553800404e-02 -7.286076822913960249e-02 9.934605879427669262e-01
-6.205133239672828288e-02 -1.624396199507600891e-01 9.847654553334647121e-01
-8.312474369569668176e-02 -2.571135655522241437e-01 9.627995073713869756e-01
-1.605895132942699033e-01 -3.387884944354384587e-01 9.270562896923103535e-01
-1.225697292401595057e-01 -1.998119059528282726e-01 9.721377802110321431e-01
-1.951871672454150997e-01 -1.708409383084508182e-01 9.657718900136584850e-01
-2.514685077449465567e-01 -1.092682764101365472e-01 9.616777180441312689e-01
-2.705467746209174740e-01 -3.679911017875821255e-02 9.620032579115269655e-01
-2.509977104392420166e-01 2.069319535237523072e-02 9.677664702915887984e-01
-2.059767563814977331e-01 4.738852632739781745e-02 9.774087698619057241e-01
-1.510207825627396527e-01 4.099148767712935959e-02 9.876803233700703899e-01
-9.769116701238306222e-02 7.810943513614131140e-03 9.951861258324211645e-01
-5.440138986639340979e-02 -4.254972501991034772e-02 9.976121539363543844e-01
-2.899808586807371344e-02 -9.973778078171804951e-02 9.945911150321005145e-01
-2.947567898124874020e-02 -1.530863526523564278e-01 9.877731282944197666e-01
-6.154154348062314955e-02 -1.908537414188771486e-01 9.796874439393420397e-01
6.347560373076061024e-02 -7.626851238054675741e-02 9.950648027894214431e-01
4.086701344082294129e-02 -3.601490828796177074e-02 9.985153046365523588e-01
3.835960912276808587e-03 1.693279085106534285e-02 9.998492716393242441e-01
-3.602014065733418618e-02 6.509439606845127124e-02 9.972287947444432588e-01
-6.542486663175069161e-02 9.361822675639855373e-02 9.934561965406716322e-01
-7.607053232143198840e-02 9.647880607011438681e-02 9.924238580826241218e-01
-6.704740414977655716e-02 7.568981313371273001e-02 9.948747146171449396e-01
-4.268144465088297840e-02 3.788385598242926394e-02 9.983702257871027719e-01
-9.731643072398269562e-03 -7.900738688249831290e-03 9.999214336391719637e-01
2.429133631205777563e-02 -5.144473385024053019e-02 9.983803735747002195e-01
5.200355118191810067e-02 -8.252798603244868025e-02 9.952310094574683408e-01
6.672570535185889939e-02 -9.245368179328357361e-02 9.934787350357231483e-01
2.755297713935412340e-01 -5.306553570497449072e-03 9.612778919568584213e-01
2.958645089474780110e-01 6.916941539067604505e-02 9.527223017856077947e-01
2.646198377971347160e-01 1.515693488940819955e-01 9.523670898974093690e-01
1.890368116613080074e-01 2.093738649755144954e-01 9.593892163779178528e-01
1.006753391513475621e-01 2.231435861955289868e-01 9.695728007874182541e-01
3.278605266136781077e-02 1.965366258023858725e-01 9.799481769304380085e-01
8.915137789187438768e-04 1.452000538122124318e-01 9.894019150861173006e-01
4.363016874153426670e-03 8.382617729764814396e-02 9.964708405584511430e-01
3.596221059590810898e-02 2.363992406244465674e-02 9.990735075055443559e-01
8.777029071269300264e-02 -2.534411114612725863e-02 9.958182826693514622e-01
1.523652060793725671e-01 -5.268161121518113998e-02 9.869191921410146451e-01
2.202313209737599697e-01 -4.799021382461261809e-02 9.742664443771532623e-01
5.219477359950334128e-01 -2.419665470293958821e-03 8.529740360107942454e-01
5.876013207896126911e-01 1.344289973272405347e-01 7.979057165378908856e-01
5.487216894867644745e-01 2.931775938293753048e-01 7.829121317002989411e-01
4.129895061815554436e-01 4.000197895040338847e-01 8.181832531831484401e-01
2.440944977975296470e-01 4.110511123059401029e-01 8.783250305080311238e-01
1.108285801335173876e-01 3.438034396376906110e-01 9.324785363314195274e-01
4.166682241582287533e-02 2.424526030240361785e-01 9.692680801493926968e-01
3.284963747907677922e-02 1.379564586940433824e-01 9.898933865937143972e-01
7.232301150607398088e-02 4.445129114663307762e-02 9.963902170947487313e-01
1.509446160655598113e-01 -3.008392935296741455e-02 9.880843486644652618e-01
2.626124854624281579e-01 -7.500921654875920830e-02 9.619814446818308884e-01
3.962076475965087830e-01 -7.236521860817460294e-02 9.153047444004515087e-01
7.719793410978960102e-01 -1.023476310968555042e-01 6.273538549550918830e-01
8.774003920722275307e-01 1.270390120982214377e-01 4.626333768730412355e-01
8.083339484227219929e-01 4.225472103023076853e-01 4.099391209593900576e-01
5.860945993248366515e-01 6.298081547189150475e-01 5.097399424135856671e-01
3.237502128067836771e-01 6.512476735021346386e-01 6.863397609533571364e-01
1.309752306668754696e-01 5.280803323847117481e-01 8.390331647200461873e-01
3.974979764087332307e-02 3.561627751982229251e-01 9.335780798360925337e-01
3.305122710410580283e-02 1.912095150940581745e-01 9.809926287818918622e-01
9.005210185671684575e-02 4.793779544577605328e-02 9.947826831619991372e-01
2.007821850007828757e-01 -7.255345248600957031e-02 9.769455003830949114e-01
3.634781689113066316e-01 -1.622279532484232623e-01 9.173689072067854333e-01
5.692454561412352287e-01 -1.900082176679196710e-01 7.999102998967995148e-01
9.021756782607792680e-01 -3.371419415975533407e-01 2.690991578782251925e-01
9.967489742579294099e-01 -6.820611866443045644e-03 -8.028051799522639698e-02
8.597764307151409824e-01 4.724922378027551773e-01 -1.937409982501671346e-01
5.567965790667153136e-01 8.304598493653392310e-01 1.772027459309443581e-02
2.473456952386665075e-01 8.865778956785999032e-01 3.908960756278590520e-01
5.096832075186724653e-02 7.081442216914267673e-01 7.042258100673135512e-01
-1.981573670656471345e-02 4.605783623283657979e-01 8.873978300253118068e-01
-2.518496052608037235e-04 2.306546372124767541e-01 9.730356493489988878e-01
8.259776261474346959e-02 3.085158853527682557e-02 9.961053102437933404e-01
2.202058003504316075e-01 -1.499432240598179145e-01 9.638601740141022889e-01
4.159495522541722390e-01 -3.119599699663007097e-01 8.542054478391593042e-01
6.640535877294264644e-01 -4.105208429523044544e-01 6.249043687842956718e-01
7.440813136401750461e-01 -6.618917201191877320e-01 -9.078738639931879795e-02
7.294157628466414467e-01 -2.806007161502789282e-01 -6.238716879347571131e-01
4.992261341446617706e-01 3.506632563161422023e-01 -7.923437055070985391e-01
1.865850879157590347e-01 8.638464560520160429e-01 -4.679266025069878099e-01
-4.857553522653392658e-02 9.936817892793345930e-01 1.011776607368059522e-01
-1.446993640517465207e-01 8.042336512071156518e-01 5.764289447183353898e-01
-1.339312243675074565e-01 5.138851491294516016e-01 8.473396489269415799e-01
-6.172893150985923894e-02 2.403617228810754070e-01 9.687186284923368085e-01
4.915886822073460560e-02 -3.519033854414072883e-03 9.987847726491736466e-01
1.941681624955229335e-01 -2.401975219151543384e-01 9.511066581298754929e-01
3.760824080561429583e-01 -4.812246074720774591e-01 7.918237805939803975e-01
5.834636936471648827e-01 -6.756678406568793482e-01 4.506030262856713930e-01
3.138939348006554164e-01 -9.257305701827100997e-01 -2.109348456857371157e-01
1.311545015052636154e-01 -5.860471148730607149e-01 -7.995919433586453628e-01
-1.659374276110284485e-01 7.198073098897211919e-02 -9.835057419680334201e-01
-4.007051184990473303e-01 6.667983282740906903e-01 -6.283433754083868061e-01
-4.649117543891950199e-01 8.853569324753524095e-01 4.034208644835747147e-04
-3.915160131206461003e-01 7.507869262542852251e-01 5.320095890448625076e-01
-2.654686370303335763e-01 4.816037212913422128e-01 8.352150970804974595e-01
-1.321823765023657227e-01 2.103003649019119514e-01 9.686596801066126305e-01
-1.818075165778757201e-03 -4.437112935191327850e-02 9.990134621128097248e-01
1.253309556262480196e-01 -3.068043281340636086e-01 9.434846346392626870e-01
2.443814484223605088e-01 -5.946359039744847363e-01 7.659542084036584653e-01
3.297153556801426522e-01 -8.605488973374177952e-01 3.882568473572999279e-01
-1.435175001968451991e-01 -9.896059622172381776e-01 -9.097619556369049287e-03
-4.478296366070080858e-01 -7.488938816621728556e-01 -4.884737153474801863e-01
-7.446758453316447701e-01 -1.985458705546837010e-01 -6.372106579972076634e-01
-8.693063034278795120e-01 3.485212234744601845e-01 -3.504846752830247381e-01
-7.768528799410793217e-01 6.086569442931331064e-01 1.613577611729040961e-01
-5.679752739632907277e-01 5.617227462019316331e-01 6.015576818273565829e-01
-3.573247086049682886e-01 3.695134266467393069e-01 8.577755418221757466e-01
-1.857485433356073079e-01 1.478754045696967778e-01 9.714063739610083736e-01
-5.378398354798167441e-02 -7.800889487700601865e-02 9.955008264355023062e-01
3.970114685055189246e-02 -3.236133682402071443e-01 9.453561269887249541e-01
8.164934857979379290e-02 -6.026158083416047750e-01 7.938435434097295129e-01
3.676056965653209246e-02 -8.761005438703052262e-01 4.807249707979343034e-01
-3.969996875853845641e-01 -8.444145257456121545e-01 3.596600572306268284e-01
-7.085011739850658463e-01 -7.020838341004494998e-01 7.144491834153481047e-02
-9.445738438140545146e-01 -3.277892236507443102e-01 -1.828875176082996393e-02
-9.853629012939311149e-01 7.438862975781707076e-02 1.533828038493673940e-01
-8.326220477982001489e-01 3.064402818453217381e-01 4.613403073469353188e-01
-5.947495522313268612e-01 3.293043416145837177e-01 7.333700435078724933e-01
-3.738080763389935446e-01 2.274601702210354570e-01 8.991826249582750563e-01
-2.051906556130707882e-01 7.744442263606242383e-02 9.756531946607729378e-01
-9.008941672860230898e-02 -9.477807819222620889e-02 9.914136436865081947e-01
-3.019336593529317603e-02 -2.916993333325609283e-01 9.560333987820608392e-01
-4.163502196405662742e-02 -5.163193947097366454e-01 8.553834272375107073e-01
-1.562010742593247514e-01 -7.367634376671825525e-01 6.578608221478926543e-01
