3.500946694881668791e-02 -1.951569658195631274e-01 9.801469766909177705e-01
5.540318978628494540e-02 -1.747472642530169817e-01 9.830533455502707962e-01
5.116412285253847669e-02 -1.342281659004110617e-01 9.896287344311108791e-01
2.658086874879440550e-02 -8.561928462539157569e-02 9.959732905638983835e-01
-1.070954950082962306e-02 -3.807806471906304696e-02 9.992173770188116366e-01
-5.209211053736431674e-02 1.237706248019481347e-03 9.986415173140822388e-01
-8.924928566462607404e-02 2.548235141853322575e-02 9.956832903962320458e-01
-1.147058118339252669e-01 2.704112344992672806e-02 9.930313964693709972e-01
-1.217856642662744349e-01 -1.295777462899699167e-03 9.925555767513088989e-01
-1.043944293647050131e-01 -6.032252110100531223e-02 9.927048889601546300e-01
-6.072069912390816449e-02 -1.328718848333273750e-01 9.892714788765933909e-01
-7.671410707688666383e-03 -1.829415933129774074e-01 9.830938525359393942e-01
8.597373641651126497e-02 -1.705098804340836327e-01 9.815981343302685458e-01
9.664124794390829831e-02 -1.546019107084385669e-01 9.832388918269501232e-01
8.469158607968617358e-02 -1.173011233000520182e-01 9.894785403030789128e-01
5.519668445193550571e-02 -6.992024632525478678e-02 9.960243396521643033e-01
1.601272021742522825e-02 -2.100187594711518460e-02 9.996511961669286572e-01
-2.403398040126317886e-02 2.258904750142163090e-02 9.994559033391179348e-01
-5.631386852814763283e-02 5.372602320612845928e-02 9.969665303519429367e-01
-7.335468672263986689e-02 6.347749989240926427e-02 9.952837268553590411e-01
-6.980352050204063907e-02 4.173845996923938872e-02 9.966871974119307920e-01
-4.308188730963536522e-02 -1.647067647175987776e-02 9.989357676058809865e-01
4.483681971863751579e-03 -9.590988832421025456e-02 9.953799224002951584e-01
5.273280271761719012e-02 -1.527986708256125203e-01 9.868494402448184655e-01
1.331580988114368369e-01 -1.294323569864370416e-01 9.826068316909482014e-01
1.322299085577881839e-01 -1.221704996733129212e-01 9.836613341452536963e-01
1.133583203102290216e-01 -9.287437968134855393e-02 9.892038418925370724e-01
8.148998144621294459e-02 -5.119682398354336028e-02 9.953583616657050159e-01
4.386447994702973030e-02 -4.953090613899827077e-03 9.990252120405329617e-01
8.872966027693286392e-03 3.914163907417759353e-02 9.991942766874474247e-01
-1.503447114378916004e-02 7.375204831922675675e-02 9.971632765231976947e-01
-2.073427879465197105e-02 8.944901942579693011e-02 9.957755583496090690e-01
-4.460464200556154071e-03 7.537668495464798502e-02 9.971451547414068584e-01
3.178503507966783798e-02 2.549532527965216178e-02 9.991695051061245669e-01
7.793824715134069214e-02 -4.739720260212504366e-02 9.958308766133326939e-01
1.143572103088952990e-01 -1.051875092175285076e-01 9.878552608329970175e-01
1.576302153322885480e-01 -8.781045609776692851e-02 9.835863149791239657e-01
1.495758278293125298e-01 -8.884404734431804174e-02 9.847506318762868638e-01
1.278892692560291422e-01 -6.878006143498972824e-02 9.894006458245918623e-01
9.726130850571043651e-02 -3.496228452400105408e-02 9.946445980997145053e-01
6.406597633322566598e-02 5.653965366610167950e-03 9.979296484983526394e-01
3.578508280838996886e-02 4.646377533253458897e-02 9.982787914357836856e-01
1.995092065570853307e-02 8.009479364105794030e-02 9.965875700593365139e-01
2.245122980581355440e-02 9.747733014739085045e-02 9.949844784656149965e-01
4.502590883825646761e-02 8.898267780209699607e-02 9.950149499301984557e-01
8.258601158220819916e-02 5.012685858955560209e-02 9.953224847951332999e-01
1.224539061593642869e-01 -8.549281623943002020e-03 9.924373787046000261e-01
1.489419236794553014e-01 -6.026848098071221210e-02 9.870076056297647504e-01
1.542545162426426919e-01 -6.016840302601659390e-02 9.861973978344952263e-01
1.449879469121553577e-01 -6.583219688350402943e-02 9.872409113806249747e-01
1.250455987206783026e-01 -5.269327990687442537e-02 9.907507337838485917e-01
9.862634704010585229e-02 -2.599546839053144820e-02 9.947849412274312186e-01
7.120263063644530210e-02 8.194093707627103998e-03 9.974282140678766284e-01
4.914921099102657898e-02 4.354615927366475153e-02 9.978417144374538417e-01
3.868959786955149943e-02 7.305701624165505947e-02 9.965770353537611870e-01
4.417754356444787700e-02 8.879616295419109906e-02 9.950696388139566029e-01
6.587183106870755922e-02 8.333828582498507831e-02 9.943418084278706770e-01
9.808574288512633688e-02 5.415196306209449362e-02 9.937035533492777351e-01
1.297648825621287028e-01 9.289364510330353972e-03 9.915012773368757637e-01
1.496516649341450567e-01 -3.354118174307524347e-02 9.881697062294236833e-01
1.292082343474764417e-01 -5.308679202631905181e-02 9.901954477221163176e-01
1.228112953340767810e-01 -5.903016666124322187e-02 9.906729153271143229e-01
1.074793151561412169e-01 -4.888147326983383750e-02 9.930049337162956125e-01
8.653289450567344665e-02 -2.666181234973249298e-02 9.958921658143724542e-01
6.453230314746195850e-02 2.209688905394361063e-03 9.979131721374489006e-01
4.683106313089632072e-02 3.179826422383394413e-02 9.983965754739543286e-01
3.850412913800622255e-02 5.578148740540635891e-02 9.977002845052931335e-01
4.281134286380305909e-02 6.770238675114439997e-02 9.967866249856206506e-01
5.955075441231725414e-02 6.239503555069986218e-02 9.962733395949299187e-01
8.408323267718999239e-02 3.901409750491980494e-02 9.956946872302802065e-01
1.083261822048073586e-01 3.981534744777856689e-03 9.941074316340809958e-01
1.244871208129822021e-01 -3.039954059038696768e-02 9.917554258402156986e-01
9.231154417825587766e-02 -6.560500610131864141e-02 9.935665865888695381e-01
9.082681090816083214e-02 -6.842352911504083479e-02 9.935133170137556702e-01
8.101557805132023060e-02 -5.741432780738592312e-02 9.950578229808872965e-01
6.511840929231818564e-02 -3.642572112505013809e-02 9.972124947129779038e-01
4.689207175318271109e-02 -1.069536882170598648e-02 9.988427016766884270e-01
3.098691887533648257e-02 1.413796714627544443e-02 9.994197960533796055e-01
2.184578527853174579e-02 3.246089877302889976e-02 9.992342326583171230e-01
2.239478371787313044e-02 3.922318257020744603e-02 9.989794870821676609e-01
3.289422076453184934e-02 3.125813391740748376e-02 9.989699191188450289e-01
5.042736319877838547e-02 9.354477040510353683e-03 9.986839213685203553e-01
6.962214664532087594e-02 -2.038657898143381164e-02 9.973651006998346391e-01
8.481577726019447205e-02 -4.824388597246222904e-02 9.952280197997025457e-01
5.257240950305536870e-02 -9.223737583582862498e-02 9.943482328932241598e-01
5.689741889753672371e-02 -8.993042235315949762e-02 9.943214786266206806e-01
5.223393782944540931e-02 -7.510656751129635156e-02 9.958065169778586023e-01
3.984926223045963389e-02 -5.233702576913576432e-02 9.978340904345424089e-01
2.300824640762697687e-02 -2.721775304796125380e-02 9.993647054585742540e-01
6.131592386610688721e-03 -5.376092168371232605e-03 9.999667500510511786e-01
-6.345780938637079170e-03 8.057392605874558883e-03 9.999474033610541435e-01
-1.108770557668514387e-02 9.123368286212532596e-03 9.998969081542807835e-01
-6.696676278627760118e-03 -3.683542635119021330e-03 9.999707925937777464e-01
5.818520363911137971e-03 -2.783982653566725862e-02 9.995954626143004340e-01
2.308172200509832003e-02 -5.638219619536415095e-02 9.981424157212098747e-01
4.024093200186396047e-02 -8.020880191509408008e-02 9.959654690232747631e-01
1.730307416611064075e-02 -1.257503085012821875e-01 9.919110159364117330e-01
2.785429187699526438e-02 -1.175942254159195455e-01 9.926710112483686510e-01
2.733003861249073269e-02 -9.705413260165797473e-02 9.949037965222479185e-01
1.639847286437112403e-02 -7.007512917658099971e-02 9.974069211503666654e-01
-1.668303117801529702e-03 -4.307786012654719193e-02 9.990703252182139282e-01
-2.214418270343054135e-02 -2.201284951621571007e-02 9.995124159452211110e-01
-4.005012713788199535e-02 -1.189482403916910722e-02 9.991268690597664426e-01
-5.108497571513864743e-02 -1.609645647198600094e-02 9.985645844638817437e-01
-5.225772662630888410e-02 -3.497108327362893204e-02 9.980211186856210448e-01
-4.256972787702280325e-02 -6.430161438068385249e-02 9.970221264627019409e-01
-2.399614996533368932e-02 -9.533118961890366116e-02 9.951563440347657163e-01
-1.799652308357692354e-03 -1.179969416287547507e-01 9.930123277267954851e-01
-7.181651824430548836e-03 -1.588951290036746677e-01 9.872693461544481686e-01
9.568442033452483758e-03 -1.451967205177564224e-01 9.893565369813821508e-01
1.178108993763931321e-02 -1.180351644256393412e-01 9.929395278056040164e-01
1.105758316075873760e-04 -8.515134983525679546e-02 9.963680220652366692e-01
-2.155899873020211688e-02 -5.406538587550550889e-02 9.983046346798590820e-01
-4.770703764009394388e-02 -3.127896406300908344e-02 9.983715064878082579e-01
-7.245335152301191073e-02 -2.207272369179996002e-02 9.971275278127442743e-01
-9.027503996037021528e-02 -2.991310462556597688e-02 9.954675400694250609e-01
-9.637811836554717460e-02 -5.487297776261251814e-02 9.938310795158934452e-01
-8.760163447433470807e-02 -9.153365738656164818e-02 9.919413002809082114e-01
-6.476603285419696432e-02 -1.286532270203883110e-01 9.895724875751380489e-01
-3.467714692270788129e-02 -1.535088736369322748e-01 9.875386175721181381e-01
-1.496756858941012368e-02 -1.851950728507493482e-01 9.825877858401959042e-01
6.913646577356817591e-03 -1.670841696298090429e-01 9.859183950763701354e-01
9.918483860673234578e-03 -1.334279463002906729e-01 9.910088833225989546e-01
-4.582616176437443942e-03 -9.392087604954850455e-02 9.955691179777522715e-01
-3.152989235516816258e-02 -5.714940938313235047e-02 9.978676319509619530e-01
-6.428494265747430880e-02 -3.015470922598651946e-02 9.974758842493607336e-01
-9.597345860233999493e-02 -1.875014282487723338e-02 9.952072786049137587e-01
-1.199714803943046915e-01 -2.727641109351207696e-02 9.924025600983549245e-01
-1.298943478735039292e-01 -5.684997179904701520e-02 9.898967315315032600e-01
-1.204082717224735505e-01 -1.020857193957119546e-01 9.874615708958658367e-01
-9.106605896524527788e-02 -1.489193908634287578e-01 9.846471387909891959e-01
-5.126700417781553110e-02 -1.797085516652441317e-01 9.823830875688334130e-01
-1.216538276312830336e-03 -1.989833762810462037e-01 9.800021102011002849e-01
2.270943541398363213e-02 -1.783133881629087314e-01 9.837116534560038650e-01
2.375669632498852643e-02 -1.396041773259902585e-01 9.899223671849300965e-01
4.680916953990994084e-03 -9.420446794524246770e-02 9.955418661389077162e-01
-2.801010677751709574e-02 -5.134033713161398338e-02 9.982883369556780906e-01
-6.652541360777594615e-02 -1.830563004442800276e-02 9.976167967976462547e-01
-1.031421963560450322e-01 -1.499860952206367570e-03 9.946654903775533629e-01
-1.305791739824359310e-01 -6.796143610077466125e-03 9.914145912553694595e-01
-1.416868049574043775e-01 -3.788225398940620048e-02 9.891864253685920261e-01
-1.296917248325943073e-01 -9.143679274731478235e-02 9.873294128315291962e-01
-9.281807542442269132e-02 -1.509848760937099466e-01 9.841688737536178344e-01
-4.396955453666752389e-02 -1.909816119230881848e-01 9.806083327103235492e-01
1.783961874870748643e-01 -2.055720451628554046e-01 9.622447373394207304e-01
1.821550790810540776e-01 -1.583545194065415773e-01 9.704346311567266792e-01
1.445322646937550748e-01 -1.103580015709419021e-01 9.833267696710388250e-01
8.124394138910794039e-02 -7.028772345487806217e-02 9.942127830193420168e-01
6.062893379275386893e-03 -4.114861300945443778e-02 9.991346420633486769e-01
-6.910185728728705790e-02 -2.414970789356020442e-02 9.973172639276459694e-01
-1.328099539362592729e-01 -2.137011997448302197e-02 9.909111131216216117e-01
-1.723268112090934334e-01 -3.752867204685957081e-02 9.843246765742361681e-01
-1.718108694236399059e-01 -7.967205002390358171e-02 9.819029430615476839e-01
-1.126158903871547351e-01 -1.488753331314650874e-01 9.824224124160250149e-01
9.061736894461840455e-03 -2.163966305559615610e-01 9.762634804235139629e-01
1.198522172203779629e-01 -2.335437368231620681e-01 9.649314841055248726e-01
2.272066428784793035e-01 -1.398914266189266453e-01 9.637466109877850240e-01
2.184348332470925635e-01 -1.075412055678476031e-01 9.699077856833933087e-01
1.717946597758229499e-01 -7.079964113827888483e-02 9.825853681422537234e-01
1.025957666785257683e-01 -3.676519155128955829e-02 9.940434745773542025e-01
2.373392200678172900e-02 -7.583271495380209011e-03 9.996895492800613736e-01
-5.322603125396212220e-02 1.618851499041228451e-02 9.984512614942008257e-01
-1.163555378677621349e-01 3.297987183055511168e-02 9.926599200439514270e-01
-1.516318363006845804e-01 3.745525307722506747e-02 9.877271334922830270e-01
-1.418434953615921590e-01 1.791588370281054637e-02 9.897269542328102077e-01
-6.814452563784142991e-02 -3.954001566867047096e-02 9.968916243938943378e-01
7.383862423564045707e-02 -1.194085718128896217e-01 9.900956774718783215e-01
1.817507353849665275e-01 -1.518376752406053187e-01 9.715513319245148161e-01
2.521473099917646010e-01 -5.071721288184283249e-02 9.663588869469698084e-01
2.345576734622199788e-01 -4.390385035061244307e-02 9.711102665219031316e-01
1.855833862582349780e-01 -2.514739530307457185e-02 9.823066808560313445e-01
1.180455726699651542e-01 -1.150183498631856876e-03 9.930075124845452184e-01
4.335759363790954446e-02 2.545663229496579472e-02 9.987352396639035401e-01
-2.729781631015768331e-02 5.380252846493447511e-02 9.981783994633561807e-01
-8.147992583687926893e-02 8.238702269918313226e-02 9.932640133301504637e-01
-1.042032552458894701e-01 1.060523021232785412e-01 9.888855296798640948e-01
-7.844375339988923779e-02 1.124715550022233751e-01 9.905537475916595946e-01
7.951866127104035772e-03 8.343136532286923868e-02 9.964817986826195462e-01
1.380979463697471488e-01 1.776309011264881263e-02 9.902592740481208633e-01
2.239138872764246113e-01 -3.362896725059078690e-02 9.740285743481524872e-01
2.425732631800996131e-01 1.935383367343536040e-02 9.699400193374734247e-01
2.251853425047394275e-01 7.252668723769649557e-03 9.742889511419977611e-01
1.816775112522311386e-01 1.091194777565081438e-02 9.832976209170942727e-01
1.226047906945431504e-01 2.549068898824581250e-02 9.921281621211176516e-01
5.813720390398944421e-02 4.806067130568366513e-02 9.971510604698451408e-01
-1.041700615415741809e-03 7.693040414289707696e-02 9.970359210069004163e-01
-4.289083339990562571e-02 1.097534235778700185e-01 9.930330117488586072e-01
-5.387971954833364885e-02 1.407487943559404542e-01 9.885781469913245134e-01
-2.154326339333239443e-02 1.580668087112263309e-01 9.871933811499438161e-01
5.659236365303480648e-02 1.461527056216713749e-01 9.876419852433372393e-01
1.562785015278349010e-01 1.019585047633180391e-01 9.824365085167279243e-01
2.224021359998903935e-01 5.198168563967980882e-02 9.735682791979828332e-01
2.092796864560003411e-01 4.858110015785523095e-02 9.766482936781174518e-01
1.974164075686816178e-01 3.006160035137302872e-02 9.798586950204585255e-01
1.635355132513003906e-01 2.668869113832115711e-02 9.861763785808715932e-01
1.160434328733506715e-01 3.574768072009398140e-02 9.926006372202204053e-01
6.394573588915195006e-02 5.449266336441264263e-02 9.964644963574824654e-01
1.707239669902549384e-02 8.057508661643264514e-02 9.966023222368165513e-01
-1.394369391513755434e-02 1.108508801819128725e-01 9.937392292563781426e-01
-1.859439466945500552e-02 1.394416685486561946e-01 9.900556901301844626e-01
1.035409979900672739e-02 1.565982760863099676e-01 9.876081067631108379e-01
7.023455960730952408e-02 1.515900272762646939e-01 9.859450138151333309e-01
1.411374501852209196e-01 1.222190162643867900e-01 9.824167813197314247e-01
1.914930774492119570e-01 8.201749518292060503e-02 9.780611084041119785e-01
1.684747463106678056e-01 3.770669607032921949e-02 9.849844998410058894e-01
1.627650149799079460e-01 2.246467446429849940e-02 9.864090877014077829e-01
1.384043832814008390e-01 1.979415934325991222e-02 9.901779728634616529e-01
1.017107504633077142e-01 2.788083578758629791e-02 9.944232409976795362e-01
6.048698535682658223e-02 4.410104475228111137e-02 9.971942751811770922e-01
2.351553388226735805e-02 6.578189963160457898e-02 9.975568962957427344e-01
-2.114693270988217064e-04 8.957125267501632460e-02 9.959803943729694797e-01
-2.943289155380825802e-03 1.103723638025154857e-01 9.938859483651802940e-01
1.917174200684891583e-02 1.212480808301529545e-01 9.924370746819510813e-01
6.229373698310729929e-02 1.159445100740622708e-01 9.913003384021745745e-01
1.125896076097298026e-01 9.407716729207406259e-02 9.891779753172360579e-01
1.514299333734978881e-01 6.403096272968127056e-02 9.863919155642716374e-01
1.313610952242647012e-01 -2.426308574412899908e-03 9.913316174157782434e-01
1.305848088274788321e-01 -8.965940847216215953e-03 9.913966005632238732e-01
1.132523645748821084e-01 -5.679515812293390968e-03 9.935500213973317285e-01
8.408401865905917871e-02 5.061767018321203931e-03 9.964458120343580028e-01
4.993578393055346509e-02 2.032554891769087352e-02 9.985455871136699191e-01
1.876993827878384660e-02 3.727894670192166693e-02 9.991286051104456556e-01
-1.579486272766590302e-03 5.285039200996601710e-02 9.986011923123866429e-01
-4.978268504604458147e-03 6.328040829080693042e-02 9.979833699863190910e-01
1.100943480085968436e-02 6.459576509869849326e-02 9.978507801654339371e-01
4.305511732026812144e-02 5.459050654914856388e-02 9.975801388695553218e-01
8.153433407124584253e-02 3.539737988282433412e-02 9.960417550807895148e-01
1.139683789902408012e-01 1.380918089815325045e-02 9.933884009355471445e-01
1.034787014035140895e-01 -5.910264921857236869e-02 9.928741285837613395e-01
1.065396480331581297e-01 -5.439056904302401463e-02 9.928197063899183439e-01
9.309607166804492739e-02 -4.217099759519016278e-02 9.947636545441699285e-01
6.713881030526124005e-02 -2.637791596824167265e-02 9.973948995759361891e-01
3.522380521945496501e-02 -1.067467410915034359e-02 9.993224378940478436e-01
5.090266074537123410e-03 1.944265650316396362e-03 9.999851544010026627e-01
-1.576362524354278996e-02 8.877622374742185143e-03 9.998363345769378796e-01
-2.155683775050363724e-02 7.859033423027687176e-03 9.997367345155564466e-01
-9.795807353532677217e-03 -2.181172340883392579e-03 9.999496410546629965e-01
1.722266068805734449e-02 -1.953039379762952846e-02 9.996609143489633142e-01
5.193438864807736061e-02 -3.897794621887423067e-02 9.978895424766355271e-01
8.373061189047106834e-02 -5.373728488593022129e-02 9.950384358635122606e-01
8.737475257180774002e-02 -1.205860886638973617e-01 9.888501645009428742e-01
9.382023392392090100e-02 -1.035705101774379994e-01 9.901873121425273094e-01
8.125513594715987054e-02 -8.094445622750714997e-02 9.934010257133398802e-01
5.402863494069422984e-02 -5.868731528208508130e-02 9.968132752083663783e-01
1.929028947327966412e-02 -4.137628213070414923e-02 9.989574004976863320e-01
-1.470240594461163369e-02 -3.219513679460626887e-02 9.993734599369725746e-01
-3.995781832833329716e-02 -3.334782677114065536e-02 9.986447292225739680e-01
-4.993988970105503467e-02 -4.585623571048125235e-02 9.976989591370071242e-01
-4.088729404072185408e-02 -6.823056452994419319e-02 9.968313895788775136e-01
-1.362031680960025526e-02 -9.486492023521671257e-02 9.953969730105820535e-01
2.478380693764930393e-02 -1.167569489547540251e-01 9.928512364823408598e-01
6.225682591975893049e-02 -1.260735877545121619e-01 9.900654211197471577e-01
8.500867482019634769e-02 -1.762974992285838427e-01 9.806593276826828243e-01
9.465799195894435136e-02 -1.468818806531783649e-01 9.846144309801501127e-01
8.014141107974474820e-02 -1.134937002982191884e-01 9.903012340811531145e-01
4.743801134726993024e-02 -8.418342338330452035e-02 9.953204440313674350e-01
5.215872055800888085e-03 -6.426028068064909560e-02 9.979195413486815491e-01
-3.714080266394668289e-02 -5.700044923769826549e-02 9.976830707013831789e-01
-7.058080266660465840e-02 -6.444878454627053777e-02 9.954218726075508838e-01
-8.699989415813261240e-02 -8.709697122680017112e-02 9.923936396509897007e-01
-8.018741666421452807e-02 -1.218772343369156491e-01 9.893007217014375687e-01
-4.842254240160080714e-02 -1.596581184908393014e-01 9.859840478362871252e-01
9.967991993980996300e-04 -1.865069188857013116e-01 9.824531416811206341e-01
5.098681414766155495e-02 -1.920788872243126000e-01 9.800541035400539558e-01
9.883127980453482175e-02 -2.160949863976738827e-01 9.713574702374635494e-01
1.107471964233481959e-01 -1.754685066501431301e-01 9.782360970942579614e-01
9.136152943795741721e-02 -1.324042547931245095e-01 9.869762835304629611e-01
4.964768683221715967e-02 -9.652322263811309588e-02 9.940917335353960382e-01
-3.555892510125817189e-03 -7.323632237577254456e-02 9.973082756666667992e-01
-5.753286940836237900e-02 -6.558000496463875506e-02 9.961873477848882663e-01
-1.020739247914570491e-01 -7.568979908490057473e-02 9.918931233717628304e-01
-1.271905573744766538e-01 -1.046704084187103923e-01 9.863400365574304107e-01
-1.232239844425183362e-01 -1.499446916807110897e-01 9.809854428556683548e-01
-8.394666173396189701e-02 -2.005123384749674942e-01 9.760879878898988116e-01
-1.612462330984982053e-02 -2.360251007651936184e-01 9.716131680518681479e-01
5.314266061856655343e-02 -2.406439662110582967e-01 9.691575409336901092e-01
1.308349181025399433e-01 -2.294118108208484663e-01 9.644959539889995659e-01
1.417844939830376905e-01 -1.812874755179957609e-01 9.731556959120847283e-01
1.144317975627385103e-01 -1.321206433989122186e-01 9.846062661259231685e-01
6.161108302916752655e-02 -9.189053011799647175e-02 9.938612603994567696e-01
-3.761070995169096473e-03 -6.513517466652547772e-02 9.978693618736498294e-01
-6.999469662741125697e-02 -5.413457124506588364e-02 9.960774019322176098e-01
-1.260743966990145182e-01 -6.115125954302137040e-02 9.901342181506832540e-01
-1.604156654355463618e-01 -8.902377847466091954e-02 9.830267448798236662e-01
-1.597389873362401180e-01 -1.387671835686511423e-01 9.773572144767128655e-01
-1.112617304210760660e-01 -2.018860425644179724e-01 9.730687813108798156e-01
-1.821581384212341698e-02 -2.512218560641665821e-01 9.677581119068443538e-01
7.438105408096282178e-02 -2.593016167597470556e-01 9.629278946729425970e-01
3.873956435190689107e-01 -1.290629891036952359e-01 9.128347935010732161e-01
3.329571425896277748e-01 -5.996331728555152896e-02 9.410334434962991379e-01
2.387991887857133511e-01 -2.741508751646980213e-02 9.706819048544853556e-01
1.291563907542435385e-01 -2.268524338706769117e-02 9.913647191926382440e-01
1.697332767106459958e-02 -3.822970445768859166e-02 9.991248149477622853e-01
-8.874411823048143633e-02 -6.964543188103873572e-02 9.936166239035232328e-01
-1.777729336801546212e-01 -1.154878697894327205e-01 9.772713727427034813e-01
-2.331229389464272994e-01 -1.769342887127566821e-01 9.562154322193202605e-01
-2.224974272522462770e-01 -2.556751675334693608e-01 9.408108755606047202e-01
-9.020673249149450956e-02 -3.366589493746423578e-01 9.372958429542239678e-01
1.874772972248878455e-01 -3.302878019394667186e-01 9.250741758989781127e-01
3.577034929877984104e-01 -2.331649689121537139e-01 9.042578771437072005e-01
4.121495566175947256e-01 2.577513804331634309e-03 9.111125613241187748e-01
3.464988513122257974e-01 3.158090852351619349e-02 9.375186356847176050e-01
2.471825846840782770e-01 3.642687976459257210e-02 9.682839729436288900e-01
1.337287013475270403e-01 2.607261583808465760e-02 9.906749482747375657e-01
1.615674438876024341e-02 6.991483606603603011e-03 9.998450273755477014e-01
-9.825424109925257055e-02 -1.631936524766172333e-02 9.950275284754314109e-01
-2.003553085175127368e-01 -4.042776130831819692e-02 9.788888325363727105e-01
-2.730739432364087671e-01 -6.335543409706767548e-02 9.599045319697873113e-01
-2.799399610974323549e-01 -8.874088398964978530e-02 9.559072516146277509e-01
-1.445262546620355582e-01 -1.288739243195943518e-01 9.810727156250480530e-01
2.318437548707167895e-01 -1.235579945677653113e-01 9.648740307966815477e-01
4.016804824089177939e-01 -5.645368644212332698e-02 9.140381673315495226e-01
3.630115810400302290e-01 1.483360240521713336e-01 9.199016338710561680e-01
3.139520306367816205e-01 1.224616925812331558e-01 9.415079693284814644e-01
2.296319805204741771e-01 9.681357199798680535e-02 9.684504560374656013e-01
1.277549783479948187e-01 7.272714885443974653e-02 9.891356971250001573e-01
1.831247637203465770e-02 5.288996372830401943e-02 9.984324238253204920e-01
-9.083612504350448147e-02 4.123219126071407670e-02 9.950119118839770849e-01
-1.895502548438315338e-01 4.349538359048212705e-02 9.809071579383659145e-01
-2.590517180338079428e-01 6.712180523282178235e-02 9.635283444954046983e-01
-2.608228675303754240e-01 1.166883195691456182e-01 9.583085452239257229e-01
-1.259035434797063369e-01 1.777655836904338260e-01 9.759854993770992193e-01
1.830746248262886400e-01 2.066399326837981554e-01 9.611366291869655187e-01
3.410003010709613536e-01 1.765450077687587827e-01 9.233366963906693980e-01
2.772143747223523302e-01 2.241432667569162596e-01 9.342975898583376626e-01
2.545420391067486077e-01 1.730597768293593020e-01 9.514508205741117886e-01
1.946585160882503274e-01 1.322012223930774388e-01 9.719212411056089573e-01
1.134517543571972459e-01 1.023631084501370470e-01 9.882562893610458143e-01
2.178139489904281495e-02 8.479073515134639971e-02 9.961606808486332953e-01
-7.081333596709141198e-02 8.266962181339096438e-02 9.940579485515916858e-01
-1.523826936707345925e-01 1.011399348952602001e-01 9.831328639807745962e-01
-2.036454869661636913e-01 1.454207841650863586e-01 9.681845439642325912e-01
-1.931073561282545814e-01 2.141169861559532872e-01 9.575298769482843975e-01
-8.434565020890903708e-02 2.857668856566575322e-01 9.545800638777295344e-01
1.083062317628622068e-01 3.169065339485657717e-01 9.422526247785899534e-01
2.376674362464086809e-01 2.800395599525709600e-01 9.301032386835565990e-01
1.987099132346774322e-01 2.218390473004984986e-01 9.546212900807086177e-01
1.947621400018635929e-01 1.735416721788869410e-01 9.653760908781789940e-01
1.566081502965293304e-01 1.345780609682759310e-01 9.784490956440857756e-01
9.648382546753966893e-02 1.076973052612425763e-01 9.894908599186891252e-01
2.504210379428618155e-02 9.444363849590137194e-02 9.952151989319275582e-01
-4.731568042803293433e-02 9.734389477841004501e-02 9.941254410459832158e-01
-1.084195631790274145e-01 1.195552013953540688e-01 9.868899392228130951e-01
-1.421874956550883973e-01 1.623009337334919977e-01 9.764430976706570675e-01
-1.288790675690122123e-01 2.197169493699766551e-01 9.670132615956588129e-01
-5.489929798147928641e-02 2.731642413983050299e-01 9.603995857465803532e-01
6.093604762470473252e-02 2.950175237284224927e-01 9.535467785025948384e-01
1.553606455137458153e-01 2.698223980003641720e-01 9.502941351827969285e-01
1.476094962756275553e-01 1.680464797456495407e-01 9.746649769301058974e-01
1.513894917903501336e-01 1.352796472000819261e-01 9.791734467543505849e-01
1.268681222872099779e-01 1.082379007891491746e-01 9.859964687460616162e-01
8.252592362609427468e-02 8.973085745080898457e-02 9.925411050182577632e-01
2.788819404953415959e-02 8.139197337861937831e-02 9.962919227326735294e-01
-2.689423288289506664e-02 8.519421183706844813e-02 9.960013285669702121e-01
-7.078151132742646623e-02 1.028057887849596203e-01 9.921798967154886739e-01
-9.182124264274746372e-02 1.334221253459307310e-01 9.867965321521133815e-01
-7.909372697757516280e-02 1.709662414911879702e-01 9.820971065138710543e-01
-2.913612919924142911e-02 2.028554120197043065e-01 9.787751364789634145e-01
4.416494011366812328e-02 2.142863320267719696e-01 9.757719128829598354e-01
1.103106327155738420e-01 1.989464027808720559e-01 9.737822616633926565e-01
1.257702776574947390e-01 8.848911670264753004e-02 9.881050113641692834e-01
1.299768644381373572e-01 7.470156570392429141e-02 9.886989889709398849e-01
1.109263502026393428e-01 6.317698123842796498e-02 9.918185387823241772e-01
7.494709234478690030e-02 5.484567234730075569e-02 9.956781033916989321e-01
3.061500621042040349e-02 5.067794367210196743e-02 9.982456949168105886e-01
-1.248978782453614121e-02 5.219082358034059232e-02 9.985590233600784016e-01
-4.461712436651930902e-02 6.054538019585199715e-02 9.971677738226686349e-01
-5.689873050211573247e-02 7.502627216679301492e-02 9.955569260229193418e-01
-4.343999297550434069e-02 9.194358423058583696e-02 9.948162364622350484e-01
-4.971987912408984932e-03 1.051311375402759624e-01 9.944459378246752745e-01
4.773125316632460813e-02 1.088087001225092193e-01 9.929161063497925488e-01
9.638021744842684146e-02 1.016839951435584699e-01 9.901369697251460877e-01
1.288192630698875296e-01 6.387630717733241374e-04 9.916678826319764717e-01
1.298225838172326341e-01 6.281049699425896894e-03 9.915173448535558043e-01
1.096073919621481790e-01 1.061010424260890386e-02 9.939183292981987883e-01
7.441517367957256601e-02 1.196827830962411340e-02 9.971555256029542846e-01
3.284654970102861976e-02 1.033678035055981409e-02 9.994069517192214480e-01
-5.626608385088207806e-03 6.951325858221646913e-03 9.999600093737495143e-01
-3.185547299588188663e-02 3.215236235002500321e-03 9.994873141247959669e-01
-3.840409056549964895e-02 -1.738590360934559999e-04 9.992622756817586271e-01
-2.160555748160874687e-02 -3.164602227274763979e-03 9.997615641634612915e-01
1.575847717404625647e-02 -5.466997495787058459e-03 9.998608814908284126e-01
6.300749256293171341e-02 -6.069007426383324875e-03 9.979946007016458065e-01
1.048443393930553885e-01 -4.009160096709531336e-03 9.944805634765190305e-01
1.523808954301782426e-01 -8.337127402384454655e-02 9.847991132080411436e-01
1.483425484625471857e-01 -5.801561719821511642e-02 9.872328380260750880e-01
1.214432598822713927e-01 -3.865283989390320973e-02 9.918454983500122335e-01
7.985846396839864358e-02 -2.919757018595665540e-02 9.963785062053389652e-01
3.342175081774700213e-02 -3.033378789921753818e-02 9.989809046642835755e-01
-7.757074503758293847e-03 -4.081869599036443141e-02 9.991364580741215473e-01
-3.415962533585527316e-02 -5.868271028256104999e-02 9.976920664768497149e-01
-3.801422859725695630e-02 -8.133957429562553576e-02 9.959612402486991423e-01
-1.549879277047825667e-02 -1.043205105916931580e-01 9.944229575449486935e-01
2.975807954900240582e-02 -1.202674738560285811e-01 9.922954154051597531e-01
8.436869319868209316e-02 -1.217616681680217389e-01 9.889671479745576477e-01
1.297473519020775623e-01 -1.075174893488252403e-01 9.857005702335935871e-01
1.938623195263821652e-01 -1.527949695133245522e-01 9.690568086336146525e-01
1.830988893535782369e-01 -1.073233510208775748e-01 9.772187549588580158e-01
1.443652019878247927e-01 -7.452367917500610228e-02 9.867141985889692490e-01
8.975905567308017918e-02 -5.929240148587790887e-02 9.941970242617773623e-01
3.128720138807130485e-02 -6.200140667308380593e-02 9.975855535240891747e-01
-1.986366733303766494e-02 -8.101616851888418513e-02 9.965148343896371719e-01
-5.308986809004837687e-02 -1.139709729907384950e-01 9.920645559748912934e-01
-5.857039553569127338e-02 -1.569092903022234753e-01 9.858747300666169666e-01
-2.942400687826049813e-02 -2.011467374398558938e-01 9.791191029882256869e-01
3.227032450845473965e-02 -2.309571538522325052e-01 9.724286190979568589e-01
1.080184097353528438e-01 -2.303973481589886296e-01 9.670827705629371218e-01
1.681896759311921064e-01 -1.994948705296171187e-01 9.653569441106383264e-01
2.516893278927837541e-01 -1.950883910861053727e-01 9.479414548843656529e-01
2.313107655035882837e-01 -1.306564414690477016e-01 9.640665039637363876e-01
1.757725649638340326e-01 -8.798106173855073375e-02 9.804913758831986792e-01
1.027798919813579931e-01 -7.042812859220144717e-02 9.922077264904736182e-01
2.657745893895880132e-02 -7.651171773398939002e-02 9.967144002799830371e-01
-4.097452294474866752e-02 -1.037833629530367230e-01 9.937555544717678879e-01
-8.825251125024886900e-02 -1.500791543435921471e-01 9.847272422806931935e-01
-1.022069758520809529e-01 -2.117902745620498239e-01 9.719560760077019523e-01
-6.912847011042869139e-02 -2.782594747644010491e-01 9.580150934741425983e-01
1.660457817441150091e-02 -3.247091545064490492e-01 9.456681516067104720e-01
1.314225476297316286e-01 -3.201988589715163980e-01 9.381901751181154214e-01
2.196734034471582442e-01 -2.674040708006132916e-01 9.382103488757085330e-01
3.215049425121911941e-01 -1.935923507210760008e-01 9.269069930054464335e-01
2.864567425631141528e-01 -1.170928385785930947e-01 9.509110377914796741e-01
2.106001565827819444e-01 -7.246029594795443118e-02 9.748831107155370157e-01
1.171190496695936750e-01 -5.788619015469400469e-02 9.914294312727837122e-01
2.098983701992518727e-02 -6.858227013008443007e-02 9.974246332257612480e-01
-6.663932823643138603e-02 -1.010115315588747675e-01 9.926509308030667667e-01
-1.341999721367679865e-01 -1.537063305450171447e-01 9.789610469417741045e-01
-1.657134517215705649e-01 -2.255992608875031502e-01 9.600229296250045730e-01
-1.375786641474920913e-01 -3.095333438168469953e-01 9.408832128575268516e-01
-2.467147016512734672e-02 -3.766096000427653356e-01 9.260434804669883668e-01
1.549700989997208345e-01 -3.687580521313313930e-01 9.165161031887055776e-01
2.846161475782025829e-01 -2.903870057470127053e-01 9.136022304214405088e-01
6.006948927904230962e-01 1.188063839746003325e-01 7.906014728688333104e-01
4.478955885618964294e-01 1.495387843605299472e-01 8.814917434207097946e-01
2.945749584061606030e-01 1.159599108746683233e-01 9.485667572448099882e-01
1.519208831679884630e-01 4.943829379871352708e-02 9.871554590658777606e-01
2.243520626323805209e-02 -3.823329074333280120e-02 9.990169553109403688e-01
-9.124509499508579036e-02 -1.448303388163236505e-01 9.852403288526476732e-01
-1.806392296978924783e-01 -2.724830665298134114e-01 9.450515579316064452e-01
-2.228354843342076064e-01 -4.229710972654752155e-01 8.783164565232171039e-01
-1.626329924160983820e-01 -5.851027406476705384e-01 7.944842935290072905e-01
1.128963647318065588e-01 -6.762948126969062779e-01 7.279283873773408908e-01
6.058130051650741921e-01 -3.677378275459152190e-01 7.055207246881484151e-01
7.060645494959778556e-01 -3.745399422900101000e-02 7.071563124664485001e-01
5.424040211671081746e-01 3.365370250766546167e-01 7.697666585236456749e-01
4.064436190983528041e-01 2.813394278095445733e-01 8.692822964110530348e-01
2.683324215235056709e-01 1.976575215603599556e-01 9.428304278766843627e-01
1.316733097441266653e-01 1.049520139722908557e-01 9.857216718039177872e-01
-2.913613965451086057e-03 7.669425979104431759e-03 9.999663448130148291e-01
-1.352866137459498574e-01 -9.466425992265027622e-02 9.862739021359440139e-01
-2.626567780442470856e-01 -2.030207372109195663e-01 9.432889256266209221e-01
-3.730081534119073505e-01 -3.147691403881822669e-01 8.728031311512535195e-01
-4.244825647887065512e-01 -4.191425140221943235e-01 8.025796565634698565e-01
-2.552112708369770333e-01 -4.860464835499349601e-01 8.358385149456309948e-01
6.105875609553396144e-01 5.110355644654974300e-02 7.902982075933588924e-01
6.577666961927322031e-01 3.049827060730313510e-01 6.887151242538034346e-01
3.463958254904126455e-01 4.922452542155930644e-01 7.985640498951899202e-01
2.973258224021406160e-01 3.687297491209958755e-01 8.807018379939254293e-01
2.080363577544182274e-01 2.537583381230748558e-01 9.446309224693452133e-01
9.823215459477339928e-02 1.500217586795212221e-01 9.837905853006139179e-01
-2.453769610730864581e-02 5.678891812023972169e-02 9.980846257950043432e-01
-1.580657958570167998e-01 -2.561346527757119365e-02 9.870963248724207162e-01
-3.013989401734190610e-01 -9.157121497485450068e-02 9.490908236045793034e-01
-4.492224553262077480e-01 -1.215980766395472895e-01 8.851062610716798895e-01
-5.739168447215953206e-01 -6.337005741820320170e-02 8.164580155572505049e-01
-5.467112761596306658e-01 1.867363242725843253e-01 8.162330094506626832e-01
1.948678187304213327e-02 6.406280898581007133e-01 7.676040097713507926e-01
3.026642730985361074e-01 6.098668328566199115e-01 7.324321019529929089e-01
1.669021949972452068e-01 4.981269740467459406e-01 8.508896373985800343e-01
1.827652020799033494e-01 3.774941641401390324e-01 9.077968037776211752e-01
1.405636384590661092e-01 2.661376148018121390e-01 9.536312880410986459e-01
6.347796910357499101e-02 1.706957668369011583e-01 9.832769206192597533e-01
-3.629831627770294805e-02 9.266458036570461576e-02 9.950355309139137239e-01
-1.524998830080778189e-01 3.541531856529904487e-02 9.876687404660056124e-01
-2.797298996895464795e-01 8.385272626701231746e-03 9.600421190876573529e-01
-4.052527242802151930e-01 3.183980230955387597e-02 9.136500733060879398e-01
-4.912849117899159568e-01 1.390028929039335837e-01 8.598356419757213764e-01
-4.475036497866147212e-01 3.518549593721348456e-01 8.221548339534847649e-01
-1.854401709322710812e-01 5.888211678174679609e-01 7.867029778350965730e-01
5.444357359243166827e-02 5.985315061129385938e-01 7.992471041453484970e-01
6.696150024751712504e-02 4.109630090630692067e-01 9.091895086650431113e-01
1.042634415036127055e-01 3.247166881714564912e-01 9.400469175467066618e-01
8.958112482476028593e-02 2.387383891952893078e-01 9.669432266680084709e-01
3.876328464079564773e-02 1.639328328599330420e-01 9.857096094055186608e-01
-3.621217121854555798e-02 1.054054846861935540e-01 9.937697733647964382e-01
-1.264603301489495568e-01 6.886053279101592151e-02 9.895787042585892923e-01
-2.227428464512645756e-01 6.323971620650108150e-02 9.728239114293779632e-01
-3.095293280541728809e-01 1.008091337303930052e-01 9.455311277957880733e-01
-3.573139257270722124e-01 1.917929525471508412e-01 9.140799865629017917e-01
-3.232071145972620352e-01 3.264761349290351555e-01 8.882288524898399595e-01
-1.907091506226588351e-01 4.486436766239291773e-01 8.731259194950471425e-01
-3.605307630042987183e-02 4.690044664226955540e-01 8.824596229657232227e-01
3.931549095229548707e-02 2.921557692656067129e-01 9.555622944925009632e-01
7.179639532808311519e-02 2.418490246348930228e-01 9.676540326486291477e-01
6.586412164094995747e-02 1.863272293443876682e-01 9.802775530865708298e-01
3.029018308176506177e-02 1.350135984084179508e-01 9.903806505852401632e-01
-2.508561535777118975e-02 9.418361339067359006e-02 9.952387446592640963e-01
-9.082283321082017247e-02 7.026633300440986163e-02 9.933850489179181231e-01
-1.567762867822402595e-01 7.042262306042575137e-02 9.851202211222329641e-01
-2.096647840485713066e-01 1.007012263528200696e-01 9.725738744900612742e-01
-2.314957508324365087e-01 1.612934137298278059e-01 9.593717486114590187e-01
-2.043682335406559192e-01 2.390072928895767834e-01 9.492676856741357749e-01
-1.276445731279135798e-01 3.030984409834980298e-01 9.443718536806030572e-01
-3.312588561389367275e-02 3.198158032881887047e-01 9.469004845650497160e-01
6.150840201783180222e-02 1.727789490686284235e-01 9.830382247096098869e-01
7.923503384517727177e-02 1.524654549813970195e-01 9.851274508655399886e-01
6.958618121409657076e-02 1.240060076480201529e-01 9.898385087735160903e-01
3.849967374629562761e-02 9.279303590911994193e-02 9.949408161334228895e-01
-5.593192234173046708e-03 6.430514121536902439e-02 9.979146080773073635e-01
-5.355225222066151147e-02 4.475630457891111025e-02 9.975615417019402242e-01
-9.590604291676467497e-02 4.017342307615288932e-02 9.945793719007436362e-01
-1.227678836946256707e-01 5.431459671154624524e-02 9.909480164555327653e-01
-1.246803206811117337e-01 8.599009218776899888e-02 9.884637179383289896e-01
-9.630331214034253129e-02 1.268316185355482795e-01 9.872382754989361686e-01
-4.295455931450185144e-02 1.621183156532892133e-01 9.858359688933912013e-01
1.686136166651156648e-02 1.780772480804979074e-01 9.838720385286802150e-01
1.172037779348478331e-01 6.577816467759706187e-02 9.909270949416133512e-01
1.170930062667129568e-01 7.089910319995923471e-02 9.905869699572952269e-01
9.559368602990660213e-02 6.401675710493001659e-02 9.933598049049743306e-01
5.959783426315235638e-02 4.689468799056170645e-02 9.971203469940282949e-01
1.775084510645486696e-02 2.389920095838264646e-02 9.995567696191205442e-01
-2.081956924245390028e-02 9.817975803841499927e-04 9.997827672100515484e-01
-4.725354250305750792e-02 -1.589628131273466971e-02 9.987564322503016401e-01
-5.400021427024070952e-02 -2.225855668168860713e-02 9.982928095068497321e-01
-3.689922091494698964e-02 -1.607774631171935906e-02 9.991896484499916964e-01
1.601411249029991140e-03 1.587315061499237510e-03 9.999974579533279506e-01
5.042426080447028752e-02 2.597291143215293627e-02 9.983901050162869995e-01
9.335179091750862856e-02 4.955718763156066048e-02 9.943990789850934986e-01
1.977513267606167136e-01 -2.131895598655148688e-02 9.800203645232090643e-01
1.773878211733924959e-01 7.323491732172948687e-03 9.841137776539287119e-01
1.371714095238493469e-01 1.666427713579073100e-02 9.904071416729109956e-01
8.767103634797404621e-02 6.823864311975646503e-03 9.961261086135781984e-01
3.912610915957039776e-02 -1.797980219409372679e-02 9.990725070258493767e-01
1.284743736051606250e-03 -5.163445083386788981e-02 9.986652256490264890e-01
-1.665586260930308066e-02 -8.755278574068282860e-02 9.960206282751969953e-01
-7.326321915710652492e-03 -1.187639101446836126e-01 9.928954923123550769e-01
3.129837876313084494e-02 -1.369864737283977563e-01 9.900783390733095546e-01
9.065434121064100403e-02 -1.335455647248895150e-01 9.868877203419266220e-01
1.505236763452734439e-01 -1.057962534650686987e-01 9.829291813819333035e-01
1.895495635671633761e-01 -6.324374948447845923e-02 9.798322259971551373e-01
2.989192635154113709e-01 -7.894586620499582930e-02 9.510072681680427076e-01
2.537005564753931353e-01 -2.784019287762379974e-02 9.668820772487560777e-01
1.875400739807842887e-01 -8.290160141602874802e-03 9.822219677321543108e-01
1.164947548286009021e-01 -1.836570924101886895e-02 9.930214865859802176e-01
5.276759152919856255e-02 -5.225257335348122700e-02 9.972388128536929797e-01
6.826706696140735428e-03 -1.033611970492302606e-01 9.946204597835200945e-01
-1.076141075418418462e-02 -1.647480438257649948e-01 9.862769763581613613e-01
1.020427005929774693e-02 -2.266945929234346624e-01 9.739124367271406735e-01
7.434472917930509683e-02 -2.722336486659769350e-01 9.593548362192578782e-01
1.691272187787789261e-01 -2.777112047011561780e-01 9.456598070405995982e-01
2.582564099008372027e-01 -2.311728796281927178e-01 9.380099820735537941e-01
3.046834458227823950e-01 -1.540809258850649732e-01 9.399080093924974122e-01
4.156402747352374583e-01 -9.089697267621621446e-02 9.049756363439840356e-01
3.379212483448079118e-01 -2.199980312714720429e-02 9.409172325870898135e-01
2.390363991705733715e-01 -1.749710911122123952e-03 9.710090310513690426e-01
1.403981784677432176e-01 -2.100539884188213149e-02 9.898722769642380737e-01
5.461686820634666095e-02 -7.051809242165291147e-02 9.960141546928439338e-01
-8.297948983061005299e-03 -1.435977779947132382e-01 9.896013450868204053e-01
-3.621788434303117171e-02 -2.346136885711128384e-01 9.714137542719609719e-01
-1.287190321519227770e-02 -3.333839947896342637e-01 9.427032545428994936e-01
7.733298901570476169e-02 -4.141783572967973059e-01 9.069045689360887286e-01
2.270425089625398851e-01 -4.286080622503447568e-01 8.744980435072808866e-01
3.735932140591169959e-01 -3.415314467452189029e-01 8.624293485807065229e-01
4.389448281752717507e-01 -2.072702096517534676e-01 8.742805602373150409e-01
5.315874655901131618e-01 -3.256119367882936294e-02 8.463773006724457648e-01
4.133271707096592973e-01 3.712846695775331302e-02 9.098253276835456260e-01
2.802524205311511807e-01 4.158940287580367018e-02 9.590249748336354685e-01
1.539776153552069593e-01 2.827921422622170500e-03 9.880702894176255358e-01
4.363450922729054937e-02 -6.640115124567565197e-02 9.968384606935070114e-01
-4.363044887233358954e-02 -1.607477256672326105e-01 9.860307057206720849e-01
-9.578929904570367138e-02 -2.783385878238024413e-01 9.556945331625790185e-01
-8.991214332126322428e-02 -4.136567038073420965e-01 9.059823054996757330e-01
1.082420109504020345e-02 -5.400440911876143169e-01 8.415671192746134732e-01
2.337580675148818732e-01 -5.765975692701225119e-01 7.828744528873625708e-01
4.924335146253529527e-01 -4.121644442864020319e-01 7.665700910809100099e-01
5.854406396799157752e-01 -1.892248502113753339e-01 7.883230387814742501e-01
6.564920641253423339e-01 5.002673235165439047e-01 5.645801756719531772e-01
4.507271001593905480e-01 4.196522472827670103e-01 7.878686899049237580e-01
2.802647224784938773e-01 2.825489772383655285e-01 9.173972753368232480e-01
1.412721045539460096e-01 1.262467405586452374e-01 9.818879533699698126e-01
2.931852500035552617e-02 -4.342005116461791075e-02 9.986266185360194170e-01
-5.512138775189621975e-02 -2.326996775850546928e-01 9.709853205194522996e-01
-9.920594325181160411e-02 -4.504189373257006523e-01 8.872885447936946779e-01
-6.440931311745666521e-02 -6.941701994818034738e-01 7.169234091137377529e-01
1.329643936786603919e-01 -9.025379292528238340e-01 4.095677676205793927e-01
5.875547210596325787e-01 -8.089505487833399400e-01 -1.945403258168369037e-02
9.917644427205496438e-01 -6.810785206318345497e-02 -1.084647898750840112e-01
8.823164354721442226e-01 4.114414047383331274e-01 2.285468839490729098e-01
4.357776964173534773e-01 7.573231669343167827e-01 4.863737453127078836e-01
3.272464012511075437e-01 5.634887954723681869e-01 7.585447714177125933e-01
2.107550922621540257e-01 3.649326866923199297e-01 9.068662664742626056e-01
9.461227348857018105e-02 1.757697204174139272e-01 9.798742384050002086e-01
-1.901450137519551317e-02 -1.016985655692355384e-02 9.997674843457858840e-01
-1.303801007459545469e-01 -2.052490336586476893e-01 9.699865274897410128e-01
-2.358245366427870748e-01 -4.228127336827834371e-01 8.749949600729245436e-01
-3.178788327495605803e-01 -6.697880988405781055e-01 6.710714942100066693e-01
-3.247551223868455073e-01 -9.101480943897818365e-01 2.572247203563956530e-01
-1.086217618885966379e-01 -8.476787848188889196e-01 -5.192706333042531597e-01
4.943158624376716714e-01 4.549661262880952406e-01 -7.407142850470141981e-01
5.179916464350975414e-01 8.553847352240971924e-01 -1.268451430198624420e-03
1.037997271865212789e-01 8.246048540859762799e-01 5.561047124902626093e-01
1.478905725082038658e-01 6.046194842320717910e-01 7.826644605768765528e-01
1.121795765133202227e-01 3.946745268038897581e-01 9.119472355928935903e-01
3.652419032134346377e-02 2.051726357950014457e-01 9.780440547553015396e-01
-6.413214678425416260e-02 2.992996966027451980e-02 9.974924885255986862e-01
-1.878689234895053739e-01 -1.399372308873373105e-01 9.721742842712692845e-01
-3.393175374975493930e-01 -3.090482313071427067e-01 8.884552883924062838e-01
-5.268237991458799563e-01 -4.646752384584196816e-01 7.117117446111534962e-01
-7.590178316562795624e-01 -5.293215385063297918e-01 3.790918623516256747e-01
-9.681041143211722710e-01 -2.143352284101973093e-01 -1.297491182885565641e-01
-6.055749343723011435e-01 7.431309612055581049e-01 -2.846671272866277413e-01
-1.080986786243756381e-01 9.772198315554224690e-01 1.826364599256206367e-01
-1.089880076496075323e-01 7.045882001750437551e-01 7.011968927217649972e-01
5.893810866735950567e-03 5.406583831963939213e-01 8.412215972458891855e-01
2.576757335626374615e-02 3.669530778248232261e-01 9.298825037809813621e-01
-1.292248402524008230e-02 2.066803741606705880e-01 9.783231737741366896e-01
-9.192625234952460367e-02 6.295192104449777448e-02 9.937739278958479527e-01
-2.062054230176948166e-01 -6.402999596371868052e-02 9.764115336963345992e-01
-3.580380971541038404e-01 -1.673285427828321015e-01 9.185912473762862795e-01
-5.492211349944937648e-01 -2.207479431945330028e-01 8.059941007543791613e-01
-7.609544621233995665e-01 -1.579943531387894007e-01 6.292742573400191830e-01
-8.941972710488306220e-01 1.259518002289084782e-01 4.295897862705977399e-01
-7.243052065660093852e-01 5.881985610408150267e-01 3.597282592888420005e-01
-3.645728056246136939e-01 7.769186579333307030e-01 5.133069923097135501e-01
-1.696840412800013909e-01 5.229982608452341530e-01 8.352724976243385280e-01
-5.996909447720039088e-02 4.237583849115050816e-01 9.037878838116230051e-01
-2.250817650249306925e-02 3.026783456636530367e-01 9.528269523144646813e-01
-3.921152993954252902e-02 1.843154646920865669e-01 9.820846528660943653e-01
-9.626307538083161974e-02 7.863196597130633902e-02 9.922451482600492811e-01
-1.867387566921563657e-01 -7.090375042773595753e-03 9.823840202950956391e-01
-3.070453802463103399e-01 -6.116701540106345841e-02 9.497271875102627492e-01
-4.485766801748154453e-01 -6.234313827159320559e-02 8.915673250594936539e-01
-5.825229917130502200e-01 2.011210452236572230e-02 8.125653619107511272e-01
-6.438460800415539698e-01 2.035149113634263096e-01 7.375933202434796776e-01
-5.561690857863006432e-01 4.297779230661252226e-01 7.113134926744653086e-01
-3.549525196811755823e-01 5.463382896595162519e-01 7.586324419795933416e-01
-1.326282929684954592e-01 3.526704177286284492e-01 9.263008757218940126e-01
-5.731146523117238573e-02 3.008614065402522297e-01 9.519442263114873404e-01
-2.769932194654779051e-02 2.267107310465845682e-01 9.735681753180251974e-01
-3.761691074362231990e-02 1.475503841030657293e-01 9.883389358805392266e-01
-7.830894674719258985e-02 7.463789340015233864e-02 9.941312256076363374e-01
-1.426154239591409523e-01 1.808151387723570119e-02 9.896130050201227268e-01
-2.238717914030909639e-01 -1.058543930899759171e-02 9.745611163436195268e-01
-3.111966864400443900e-01 1.601728317987703839e-03 9.503441780824323226e-01
-3.830334550574426844e-01 6.453280557110886717e-02 9.214775576820724012e-01
-4.062647558753099131e-01 1.724637729586197821e-01 8.973322657470501618e-01
-3.546531426157410460e-01 2.887091791797171680e-01 8.893076848258696376e-01
-2.448585828536042619e-01 3.554758196470140241e-01 9.020428016724960640e-01
-4.367615510234600096e-02 2.155618998911032480e-01 9.755129218983470407e-01
-6.726457157593573530e-03 1.961390473259162215e-01 9.805530219666908076e-01
2.964541273193726980e-03 1.563526224055844793e-01 9.876968507399920272e-01
-1.147068075289978638e-02 1.059114943915768492e-01 9.943093979434945995e-01
-4.365249765355762313e-02 5.456859615259235241e-02 9.975553757876706173e-01
-8.677683626079278623e-02 1.270269702630115287e-02 9.961467874648952670e-01
-1.338429775864314331e-01 -9.308986099787891488e-03 9.909588286747035291e-01
-1.762643457815812054e-01 -3.071845933747935440e-03 9.843380741233599407e-01
-2.024532880463049689e-01 3.433789745693187345e-02 9.786897235373424042e-01
-1.996720982845262837e-01 9.561118626656628372e-02 9.751869329659411667e-01
-1.623163559729101091e-01 1.608021291788509777e-01 9.735481887586150407e-01
-1.019907365919688336e-01 2.049253747728719821e-01 9.734492695686327579e-01
7.481031094975156004e-02 1.146213713703369552e-01 9.905883900999691294e-01
7.491843834226034893e-02 1.192352727616250996e-01 9.900354424594932645e-01
5.850239625625617418e-02 1.017915971308866324e-01 9.930840550455782845e-01
3.108796731959387674e-02 6.744588471718715450e-02 9.972384824717598351e-01
-6.973904168717330859e-04 2.459798893714842602e-02 9.996971804434500175e-01
-3.005678608007407784e-02 -1.658958845194372089e-02 9.994105138357335383e-01
-5.039758316094539170e-02 -4.602087364530246111e-02 9.976683631351301873e-01
-5.595684500266331907e-02 -5.559898236781660869e-02 9.968839374055623592e-01
-4.338271032055516369e-02 -4.117720933053783949e-02 9.982095861475647203e-01
-1.433990856339091048e-02 -4.875596576589484761e-03 9.998852912111998448e-01
2.292086827763258755e-02 4.312958028907336316e-02 9.988065243586687902e-01
5.612228251534745471e-02 8.730180174244064895e-02 9.945997611189117960e-01
2.146260042458713602e-01 5.173535512730297742e-02 9.753251413406565096e-01
1.762904463576081271e-01 7.622775203593214199e-02 9.813821927987951277e-01
1.278034972117556012e-01 7.047430110623575938e-02 9.892924941513119297e-01
7.980964540957050102e-02 3.931624893944109245e-02 9.960344637957453395e-01
4.053074002707141715e-02 -8.463970341582608900e-03 9.991424424570167773e-01
1.726947679276771147e-02 -6.248942310428860780e-02 9.978962056103620748e-01
1.700832025671004250e-02 -1.119389316696971365e-01 9.935695207777983651e-01
4.464334474778419715e-02 -1.456230295650615958e-01 9.883323859055409555e-01
9.802790054544242848e-02 -1.521239382205723245e-01 9.834880976071473935e-01
1.621746844281038713e-01 -1.238588248690842275e-01 9.789577944083771577e-01
2.122599728867294866e-01 -6.633829183022363352e-02 9.749589401339403549e-01
2.301061294137846103e-01 -2.860025273785734732e-04 9.731654984680632170e-01
3.714806066141995156e-01 3.635868482296548965e-02 9.277285189900337237e-01
2.876941461860216820e-01 7.610178336987293013e-02 9.546939807175303105e-01
1.998437103832061135e-01 7.004099777605328481e-02 9.773212112968658882e-01
1.241987616179895809e-01 2.830058103843627326e-02 9.918536911889913599e-01
7.001021116522541943e-02 -3.783022890804708938e-02 9.968286934640755437e-01
4.495447006888157737e-02 -1.178240879462804924e-01 9.920164211949027422e-01
5.800301942430154123e-02 -2.003722645285332671e-01 9.780013319752505208e-01
1.174381116826592047e-01 -2.691510938123711227e-01 9.559110725502067973e-01
2.207978379949368242e-01 -2.986472353934453983e-01 9.284708630477299662e-01
3.385417895053314807e-01 -2.626044920232362134e-01 9.035642409523207963e-01
4.173177525073198946e-01 -1.647633335262832233e-01 8.936995789233678211e-01
4.247765481165103330e-01 -5.040071902463282710e-02 9.038941595630201054e-01
5.330761520081565008e-01 9.005473956315679374e-02 8.412609345751425050e-01
3.939279902329185234e-01 1.318360188659297993e-01 9.096372918040716016e-01
2.616252345268400004e-01 1.076657074491561422e-01 9.591456261163684438e-01
1.544889600685859232e-01 3.986737496491046112e-02 9.871898265431099384e-01
7.967264373317478610e-02 -5.690714762187943504e-02 9.951953810132123657e-01
4.389475523931975209e-02 -1.738658916251747677e-01 9.837905784219487249e-01
5.952557341873170038e-02 -3.019464855828377092e-01 9.514646740438214012e-01
1.447454047725924564e-01 -4.208304163182414737e-01 8.955169057583667325e-01
3.091249905089963890e-01 -4.835075973893230850e-01 8.189396458285495006e-01
5.123206648941988073e-01 -4.232263158602565523e-01 7.472663660876237568e-01
6.438053785417756636e-01 -2.364859808118164042e-01 7.277286688320367958e-01
6.376416048003554771e-01 -3.737572736878758128e-02 7.694259151023641330e-01
6.586302017895774297e-01 2.430209703193118298e-01 7.121425877418942063e-01
4.641784031200432703e-01 2.525015468214792391e-01 8.489884445208623065e-01
2.952171723901977907e-01 1.840789831087004669e-01 9.375295990546183011e-01
1.620643891803337788e-01 7.510460363353699265e-02 9.839178991525276974e-01
6.543354162459853740e-02 -5.984601237115180772e-02 9.960606941516516599e-01
9.100168977974183032e-03 -2.177866017185463576e-01 9.759539861266149918e-01
8.128792368458009898e-03 -3.969989312308512264e-01 9.177830742263167751e-01
9.532887406529627627e-02 -5.805849785316734568e-01 8.085997084299735294e-01
3.143717713159316363e-01 -7.009857028222173936e-01 6.401479780789218754e-01
6.472230877598218468e-01 -6.074841184374237812e-01 4.605055054143301629e-01
8.742962903635618233e-01 -2.384789126121204805e-01 4.227692099664676628e-01
8.338135113228206663e-01 9.261282948163147843e-02 5.442222819316986371e-01
5.226572985420196993e-01 7.754956040486520319e-01 3.541693329212392549e-01
3.394661148607900358e-01 6.359966656242252991e-01 6.930158715180426698e-01
1.992624275569598591e-01 4.190714541595184084e-01 8.858180407244184984e-01
1.018388253435062729e-01 1.884266070174517582e-01 9.767928477525837927e-01
4.173067649245344735e-02 -4.705876198336236826e-02 9.980200516822880230e-01
1.906555273848636878e-02 -2.977365805778673380e-01 9.544576644798754561e-01
4.858378614547731456e-02 -5.686787439941873856e-01 8.211236824334530171e-01
1.665741682858240535e-01 -8.222823951539415255e-01 5.441550413987018553e-01
4.122526751474748785e-01 -9.071025963619873123e-01 8.492709524848285341e-02
7.226284967091102240e-01 -5.594634574785541936e-01 -4.059663723632946919e-01
8.467435850997238056e-01 1.810025790393962331e-01 -5.002632981475758633e-01
7.220245656777071197e-01 6.818352745808613502e-01 -1.173932915241351072e-01
1.852156451040508078e-01 9.524341180728547185e-01 2.420008585510086685e-01
1.491783752544490194e-01 7.465833847656007105e-01 6.483510329663580984e-01
9.390708733992536583e-02 4.815427552330912575e-01 8.713770904894598823e-01
3.524939177196069473e-02 2.197274792449137315e-01 9.749242612860340440e-01
-2.109167481387322005e-02 -3.661234486175368730e-02 9.991069399505079218e-01
-7.383869913960151854e-02 -3.041447381501992120e-01 9.497598774245147313e-01
-1.171095628042484321e-01 -5.942275435585375742e-01 7.957254405737090863e-01
-1.304129118545512001e-01 -8.754593456202456325e-01 4.653637357894119253e-01
-7.721474943119904788e-02 -9.905269822187874329e-01 -1.135525427577514235e-01
4.989204919385704928e-02 -6.043742512638373698e-01 -7.951368107669781748e-01
1.414868395666634693e-01 3.603954051374075318e-01 -9.220068471465709958e-01
1.807320892439749083e-01 9.143185724511067036e-01 -3.624326971845602818e-01
-1.935816221792338587e-01 9.231213506000859326e-01 3.322245138768445960e-01
-6.693961490610217391e-02 7.267495041315279458e-01 6.836331225158687186e-01
-2.641815777938742726e-02 4.729776713041403680e-01 8.806782632649069464e-01
-3.755250481935094864e-02 2.236668032459806221e-01 9.739419749181791319e-01
-8.270598487075964123e-02 -1.613871110785961710e-02 9.964433059991396613e-01
-1.591642815383390031e-01 -2.584793411441461131e-01 9.528143374677457977e-01
-2.719699808419016596e-01 -5.090837613091282465e-01 8.166186707957887592e-01
-4.254440669462382640e-01 -7.338105158539870443e-01 5.296408903422297199e-01
-6.076696076583419925e-01 -7.930231607758749801e-01 4.303387504364020871e-02
-7.541643051002516751e-01 -4.249602362964522984e-01 -5.006445829923023005e-01
-6.979370319489712760e-01 3.805067223115953801e-01 -6.067112440936970330e-01
-4.317413104924914258e-01 8.851618683062901782e-01 -1.734586628296534427e-01
-4.005410880519668093e-01 7.334601580263678811e-01 5.491839704232657215e-01
-2.081435212670950108e-01 5.991652724491504101e-01 7.730958872257625014e-01
-1.142408257304129288e-01 4.030929129581165005e-01 9.080006262440554199e-01
-9.214113838084050934e-02 2.012820774136946100e-01 9.751899999126536489e-01
-1.235078529301678885e-01 6.613362337323271979e-03 9.923215576128173732e-01
-2.048288326162027162e-01 -1.815861012810378872e-01 9.618064447437714160e-01
-3.432214165001418738e-01 -3.573842158715495598e-01 8.686055384937024781e-01
-5.457047598834643409e-01 -4.839414691190480067e-01 6.841103489258225645e-01
-7.908723797631355135e-01 -4.637197750105170879e-01 3.993555423329041565e-01
-9.782910906331419021e-01 -1.729466989500581531e-01 1.141752219623807796e-01
-9.434466999633414064e-01 3.278409478181173453e-01 4.928120597075002357e-02
-6.858267064112288924e-01 6.798939753039955347e-01 2.595879641251360170e-01
-4.108679741698428312e-01 5.091127984713175181e-01 7.563013065137338398e-01
-2.425022732892286037e-01 4.358121161984448433e-01 8.667528176038583609e-01
-1.463516327212842916e-01 3.074226052421481503e-01 9.402513182047504969e-01
-1.137364950796867780e-01 1.642534472832166137e-01 9.798391779993876893e-01
-1.334611725672021354e-01 2.321902026592894547e-02 9.907820105930967847e-01
-2.020096869167197773e-01 -1.069432930181831720e-01 9.735272047921129657e-01
-3.219300394395244735e-01 -2.130838897850775293e-01 9.224729294784598244e-01
-4.913796780327295832e-01 -2.657865904627716991e-01 8.293994817618290938e-01
-6.814695003779264182e-01 -2.147873681539364532e-01 6.996182577205363184e-01
-8.141284262308292607e-01 -2.300056283600524290e-02 5.802291613769620104e-01
-7.961704885454468084e-01 2.538982668187575453e-01 5.492251116581229331e-01
-6.261758342735984639e-01 4.602483425478869905e-01 6.293451261062505964e-01
-3.063630163822866348e-01 3.266315069174606234e-01 8.941216700661708261e-01
-1.952391440048409088e-01 2.934173543843517362e-01 9.358354197157209287e-01
-1.261730551953079982e-01 2.184669231350426788e-01 9.676531215464245772e-01
-1.003665323592887321e-01 1.252988048442920110e-01 9.870292643519400499e-01
-1.130497737939666625e-01 2.961627402044053267e-02 9.931478364060924990e-01
-1.611901485723380156e-01 -5.585712620886860991e-02 9.853414217695373178e-01
-2.433562803862445167e-01 -1.167245437436080918e-01 9.628878967379090881e-01
-3.531794566877345387e-01 -1.340369370376849056e-01 9.259040829823611540e-01
-4.678125415414616239e-01 -8.736940645088579760e-02 8.794987281361538178e-01
-5.423363582222608947e-01 2.770141630037947084e-02 8.397046540809691706e-01
-5.319971648891027582e-01 1.757169995223257786e-01 8.283130764564002879e-01
-4.363124724714095848e-01 2.896433375799759569e-01 8.519026724698679498e-01
-1.542822495283502626e-01 2.039211571226455522e-01 9.667539237874447355e-01
-1.010370520264365773e-01 1.942012092286198588e-01 9.757445385202596633e-01
-6.864489842104165573e-02 1.530938389331292782e-01 9.858246063077523713e-01
-5.891015362097074687e-02 9.282497884077980932e-02 9.939381857557402222e-01
-6.950156939342029550e-02 2.616531181659294270e-02 9.972386416046634672e-01
-9.774698994918362693e-02 -3.367091820986970602e-02 9.946415410704003701e-01
-1.409455931829942665e-01 -7.333547351700243910e-02 9.872974466118549230e-01
-1.937466566253921996e-01 -8.066854431118437863e-02 9.777294201390422934e-01
-2.440999603739093804e-01 -4.812855996323249508e-02 9.685550325413864181e-01
-2.727125442877932904e-01 2.049343167419183723e-02 9.618772725490786213e-01
-2.628457536215595414e-01 1.045337031983994691e-01 9.591583887443798639e-01
-2.161283390139256966e-01 1.730432994403954539e-01 9.609081941548911487e-01
1.703822639141788428e-02 1.367233303636642971e-01 9.904627351776591482e-01
1.741650244294289454e-02 1.414004704574787219e-01 9.897992586360963019e-01
1.066232792866489941e-02 1.171259343606950720e-01 9.930598321668291373e-01
-6.900782098173584766e-04 7.137711712324544544e-02 9.974491620845915563e-01
-1.378246960728675592e-02 1.528760001854073854e-02 9.997881439671207904e-01
-2.587809456919677384e-02 -3.816593941206930518e-02 9.989362768916384416e-01
-3.439214320796382673e-02 -7.612105450591208355e-02 9.965052762259770658e-01
-3.700740172626688917e-02 -8.803414555792336837e-02 9.954297772485608542e-01
-3.226849606734696896e-02 -6.833844286728590900e-02 9.971402114987668597e-01
-2.067035717702663672e-02 -1.992237259499061650e-02 9.995878327612862657e-01
-5.337628911895321918e-03 4.354724350025276913e-02 9.990371100719744879e-01
8.762064780366292382e-03 1.015616731952942720e-01 9.947906577559610941e-01
2.001709786465273311e-01 1.220140903054412057e-01 9.721338082151184112e-01
1.470046661381333719e-01 1.356407435002454920e-01 9.797914149637432235e-01
9.780538937281479939e-02 1.132408648181954247e-01 9.887419341490610858e-01
6.115487550187825166e-02 6.394349994822176586e-02 9.960779638243901779e-01
4.127308309341105180e-02 -2.186596165725838503e-04 9.991478793451652463e-01
4.121370649297303318e-02 -6.606151869264066667e-02 9.969640445597982570e-01
6.385016565442473702e-02 -1.198794957592213134e-01 9.907330936445447600e-01
1.095408322701142412e-01 -1.478057496502551416e-01 9.829314657879155703e-01
1.705312596892743227e-01 -1.377253881955227133e-01 9.756796640882146043e-01
2.268606481462179247e-01 -8.618813514144518795e-02 9.701061033121777255e-01
2.542411437250650108e-01 -7.307130268371393039e-03 9.671132543216842681e-01
2.421232989298465199e-01 7.057762576676598898e-02 9.676751039767593765e-01
3.892267819084060942e-01 1.674580300878222017e-01 9.057926475769180197e-01
2.752533184104372088e-01 1.823545674801429206e-01 9.439186524394592714e-01
1.787517925292415322e-01 1.449165904716246678e-01 9.731633873476106533e-01
1.132448790872351979e-01 7.319736226036790971e-02 9.908671674439269994e-01
8.277405799884490767e-02 -1.762753267741199587e-02 9.964124273683965249e-01
9.040669671490757231e-02 -1.145967938421485616e-01 9.892897472582818930e-01
1.411887085313376367e-01 -2.029693617390190274e-01 9.689526235986118952e-01
2.376789741926463029e-01 -2.610618995912131757e-01 9.356042912518219845e-01
3.659926226722683418e-01 -2.594811805779662639e-01 8.937107569427763520e-01
4.819914579164001345e-01 -1.792270844297264853e-01 8.576490463484887083e-01
5.296136335868424361e-01 -4.344869864219245981e-02 8.471254982026665825e-01
4.890795691291128233e-01 8.808131663948613743e-02 8.677804196450108476e-01
5.590593702989423708e-01 2.921744164696367663e-01 7.759424790807708527e-01
3.794245749672001677e-01 2.901066014647661895e-01 8.785642558728778972e-01
2.363931605007609793e-01 2.146314441484786784e-01 9.476558535941007611e-01
1.430940179579790195e-01 1.005440894297330440e-01 9.845887405943967163e-01
9.980712794393510612e-02 -3.392226562160300524e-02 9.944283871183167145e-01
1.087112843407049001e-01 -1.790559366147906617e-01 9.778143117279467500e-01
1.795266404200440147e-01 -3.217342696677029656e-01 9.296543686235536619e-01
3.244668792642985133e-01 -4.298489531766147009e-01 8.425859728913295266e-01
5.325178793348216422e-01 -4.410766400235887064e-01 7.224099292051552323e-01
7.300348910036912331e-01 -2.990467086407119779e-01 6.145080340959941934e-01
8.069113911718315268e-01 -4.653758547964249176e-02 5.888363609143374422e-01
7.288150236818834449e-01 1.801647334259738886e-01 6.605825687109638800e-01
6.394785014752158991e-01 5.096051252952460420e-01 5.756473420625518589e-01
4.170385695082168276e-01 4.556270419101804969e-01 7.864367935330561776e-01
2.491451728734024318e-01 3.153087071709196887e-01 9.157003341793532591e-01
1.405939505852650262e-01 1.427839415421035540e-01 9.797173506151392042e-01
8.581109705832834500e-02 -4.522549796281823131e-02 9.952844367091281397e-01
8.546529096017703442e-02 -2.475739898663632532e-01 9.650921218115798839e-01
1.543872434760545642e-01 -4.583044949424505132e-01 8.752837077014244960e-01
3.207015848369619837e-01 -6.379077195413332957e-01 7.001601494178867346e-01
5.941179593664988046e-01 -6.762226829913171589e-01 4.355992807227118124e-01
8.818080371773749926e-01 -4.354732120301221809e-01 1.810460360615918085e-01
9.915758711914407497e-01 1.966580901544053364e-02 1.280255741123471624e-01
8.694440420299911487e-01 3.827520586473007191e-01 3.123586390349919473e-01
3.068674429429233963e-01 9.218172381297112805e-01 2.368234615670721521e-01
1.525934645972407133e-01 7.570853762271011478e-01 6.352455963367478198e-01
6.691608848846890278e-02 4.948606862447333388e-01 8.663920234575721580e-01
3.914460381076392131e-02 2.243453678323764355e-01 9.737231926603421295e-01
5.700262183075312239e-02 -4.021483582877639906e-02 9.975637664248647729e-01
1.168988597541414654e-01 -3.113580951581317868e-01 9.430751789585705147e-01
2.269217161073124600e-01 -5.883744273117831325e-01 7.760941103014574738e-01
3.992480274161164244e-01 -8.058198298691923167e-01 4.373275824757655861e-01
6.118639497708430186e-01 -7.875348419707347558e-01 -7.356208026591351534e-02
7.546924021629952684e-01 -3.626408288222087717e-01 -5.467458343588105230e-01
7.037007712486648137e-01 3.185725761545851742e-01 -6.350722307472167483e-01
5.134347641025087672e-01 8.134184960343072701e-01 -2.733771997080032823e-01
-7.514034515039996753e-02 9.908022953988760984e-01 1.125377268416338505e-01
-7.175674308446887417e-02 8.095473453564374644e-01 5.826526112944360181e-01
-5.739707103805474775e-02 5.224526534450972814e-01 8.507342717584746028e-01
-3.535709764625069584e-02 2.289117316431504845e-01 9.728048595490029760e-01
-7.427473174335632276e-03 -5.774447518473759672e-02 9.983037655082928064e-01
2.438578603258513902e-02 -3.552527756138511572e-01 9.344521383453540109e-01
5.984929689327701807e-02 -6.687604394687426401e-01 7.410651363160876137e-01
1.000771240523646854e-01 -9.335050917555096639e-01 3.443149908268856030e-01
1.343076236785086808e-01 -9.538590224215577340e-01 -2.685412958311958476e-01
1.170155840698791916e-01 -5.046252353503460908e-01 -8.553716881757320589e-01
1.729926457362857342e-02 2.860803899329621980e-01 -9.580494485887427469e-01
-5.503322951005228114e-02 8.627421797329208886e-01 -5.026403037554314501e-01
-4.522262240898097252e-01 8.665657247986002787e-01 2.110812328225975532e-01
-2.915312444111564649e-01 7.241105689633684506e-01 6.250387327576509833e-01
-1.784810215520379051e-01 4.708727640657386360e-01 8.639579648377823107e-01
-1.086772527021338669e-01 2.026279492920727288e-01 9.732066424510065206e-01
-7.374413358510943650e-02 -6.368565407437526416e-02 9.952416491620136307e-01
-7.453551875324002096e-02 -3.408395006224546608e-01 9.371621477950566881e-01
-1.213197845184307566e-01 -6.316704961649702854e-01 7.656852448358051344e-01
-2.282756640598762321e-01 -8.786156474522308635e-01 4.194338627840590306e-01
-3.976203749759934514e-01 -9.110779767766975512e-01 -1.087885914813803978e-01
-5.896402691216890979e-01 -5.316842644774208981e-01 -6.079771343866990918e-01
-6.969144824020224727e-01 1.641055911817058399e-01 -6.981257473843157646e-01
-6.236602152403529775e-01 7.134396683291881480e-01 -3.194554359858514658e-01
-6.324166869440004390e-01 6.231855183246455265e-01 4.600966679136841431e-01
-4.077553236026469352e-01 5.446622942829014713e-01 7.328564533796410041e-01
-2.490983064283735782e-01 3.640398255398520910e-01 8.974547560493506548e-01
-1.564554964593961595e-01 1.563390157399832114e-01 9.752331976431179994e-01
-1.205806822770994907e-01 -5.746176466915631914e-02 9.910390732271195935e-01
-1.425114980331592118e-01 -2.787748948267323446e-01 9.497236603047776171e-01
-2.357441567583880571e-01 -5.019994608896526378e-01 8.321185214984772038e-01
-4.164012063596179702e-01 -6.791440211627003398e-01 6.044612757333974740e-01
-6.706413839614706607e-01 -6.902875011603063493e-01 2.715571760422665903e-01
-9.090753333663014191e-01 -4.154497789461049639e-01 -3.136111347540562755e-02
-9.934609776266897230e-01 6.837740851322578195e-02 -9.143202905880853937e-02
-8.694102897647429939e-01 4.769532763481251214e-01 1.290012412025092203e-01
-5.937706425853216397e-01 3.842290838369166184e-01 7.069684824216851959e-01
-3.986348214319959116e-01 3.563849094736173395e-01 8.450325883903375690e-01
-2.535587353298776048e-01 2.490115418125559421e-01 9.347198616602495624e-01
-1.669822191464820915e-01 1.087816518598987564e-01 9.799405546805874945e-01
-1.356861937124359818e-01 -4.350763089520304910e-02 9.897961117773609319e-01
-1.617460373949110575e-01 -1.994265505301656138e-01 9.664715569175801324e-01
-2.550307425890058211e-01 -3.463111174900526112e-01 9.027889732587085492e-01
-4.229954169365901517e-01 -4.487195207315742285e-01 7.872265677458269995e-01
-6.424370694833501094e-01 -4.396263728846708796e-01 6.276967930600616530e-01
-8.319667913369758194e-01 -2.664135729199442193e-01 4.866775793855532273e-01
-8.905960839389789330e-01 1.962111720781326701e-02 4.543716837919141160e-01
-7.888287798778337301e-01 2.726567004523098303e-01 5.508243637810845694e-01
-4.351205486222499141e-01 2.207995883810227877e-01 8.728789434608649200e-01
-3.071348648492046030e-01 2.186308897242841554e-01 9.262120215438001125e-01
-2.059074690367428961e-01 1.617790696393298644e-01 9.651060287976103158e-01
-1.423219768965769683e-01 7.431420836942240205e-02 9.870267743717024977e-01
-1.182276317316302422e-01 -2.677608962648623039e-02 9.926254420069619000e-01
-1.364055581920773363e-01 -1.286531484622950028e-01 9.822636566040089390e-01
-2.020971145740571573e-01 -2.166114707229148950e-01 9.551105836666804461e-01
-3.159135660560091763e-01 -2.678499038699182488e-01 9.101950602912894928e-01
-4.579613154532894415e-01 -2.517348847340864504e-01 8.525848821999875149e-01
-5.770039717805901525e-01 -1.514445325469718495e-01 8.025777034724496106e-01
-6.151555897099962866e-01 3.788455107619040016e-03 7.883966311803155547e-01
-5.557050152202894777e-01 1.462329592659861455e-01 8.184178991710256978e-01
-2.406364274965782923e-01 1.406528206005105697e-01 9.603701858237390088e-01
-1.800437251020672036e-01 1.465072983380611982e-01 9.726869324634013214e-01
-1.280853333499356317e-01 1.152319091472103763e-01 9.850460671943693791e-01
-9.212697350929843765e-02 5.847470235276653466e-02 9.940288375779886554e-01
-7.524299060521230653e-02 -1.062651180326264905e-02 9.971086047226381810e-01
-8.021445732021534325e-02 -7.856024980081473263e-02 9.936769736630030048e-01
-1.099663377994962443e-01 -1.314460630050825751e-01 9.852052258647688854e-01
-1.641021676388408901e-01 -1.551463711472051976e-01 9.741663523731796115e-01
-2.324052935128139430e-01 -1.375941928526435709e-01 9.628372747460069991e-01
-2.913935053449168699e-01 -7.673209850516053698e-02 9.535208493274203168e-01
-3.147347204642610419e-01 1.038907936406171378e-02 9.491228175342683038e-01
-2.931871774043522949e-01 9.206166376840745069e-02 9.516122787509440073e-01
-4.292337472794881953e-02 1.299067180800031196e-01 9.905967032550506701e-01
-4.302791361166184020e-02 1.344286766174991321e-01 9.899886512243435410e-01
-3.790706237556326630e-02 1.087203814847502586e-01 9.933493510703120810e-01
-2.888825238335842802e-02 6.088498843566238217e-02 9.977266594903190233e-01
-1.799010693754076948e-02 2.559888548295648214e-03 9.998348878803205997e-01
-7.701437411978100285e-03 -5.292368900358573186e-02 9.985688614231552629e-01
-6.091530223232725439e-04 -9.235775395962982082e-02 9.957257022975920524e-01
1.114375436871076989e-03 -1.047702361764530077e-01 9.944958299454627060e-01
-3.579946517932378926e-03 -8.421511632028870487e-02 9.964411664350364406e-01
-1.374821490106321702e-02 -3.361721267400229196e-02 9.993402171428600322e-01
-2.622775765714550553e-02 3.272318123543698637e-02 9.991202620997449158e-01
-3.698233716208586264e-02 9.333347066818187265e-02 9.949478227480371695e-01
1.524457519481468293e-01 1.793470149900852073e-01 9.719027425248512042e-01
9.154014238841638729e-02 1.762243901622566333e-01 9.800843671048646844e-01
5.051461924005216930e-02 1.387458642627097671e-01 9.890388558560896382e-01
3.385362874030572317e-02 7.911797437474393790e-02 9.962902578826272615e-01
4.035357522106295530e-02 1.039097759928694735e-02 9.991314310696327583e-01
6.758057837769798626e-02 -5.396150755099489438e-02 9.962534924050264751e-01
1.129538291930259897e-01 -9.998111532552521330e-02 9.885571349441082400e-01
1.712034707355691299e-01 -1.140465942448017772e-01 9.786126639019653295e-01
2.294897780078597183e-01 -8.645075634479019999e-02 9.694641347246447660e-01
2.663609580600635462e-01 -1.937350047937581865e-02 9.636786328961314263e-01
2.626517527947913044e-01 6.682292462647872189e-02 9.625740249447525265e-01
2.178780618605112018e-01 1.409141982499503287e-01 9.657496253644043405e-01
3.391729717853403936e-01 2.913237214638453310e-01 8.944787222304555474e-01
2.108801526685659400e-01 2.713799677493555773e-01 9.390859781269763618e-01
1.228839322511342119e-01 2.029636075113938343e-01 9.714449614983200476e-01
8.241455113900375551e-02 1.104801185786720985e-01 9.904554432982667356e-01
8.648307206741343012e-02 1.033877100794006534e-02 9.961996727864371737e-01
1.321577557340392617e-01 -8.465076692444742368e-02 9.876075006087030594e-01
2.184252453173056718e-01 -1.591149710408647777e-01 9.627942865424117258e-01
3.394662496327050527e-01 -1.904574839657736385e-01 9.211344159035033119e-01
4.704292432459196704e-01 -1.526757025669302770e-01 8.691297123816535963e-01
5.614563531187906076e-01 -3.909844880838361098e-02 8.265821646054292149e-01
5.646998441519766043e-01 1.130745338234712960e-01 8.175134468713239899e-01
4.757513188390256054e-01 2.382656977664507625e-01 8.466936517364036519e-01
4.834479480497995141e-01 4.732320131165831945e-01 7.364302704862125681e-01
2.890645799751042633e-01 4.194500963053091613e-01 8.605250056291822158e-01
1.614805762141253709e-01 2.971488893200601167e-01 9.410773406480368308e-01
1.041714162797592047e-01 1.512032684339547350e-01 9.829984169088845647e-01
1.087245624262959121e-01 6.395630023057697266e-04 9.940717079187690874e-01
1.713084846361391245e-01 -1.460455052016464417e-01 9.743326503315606901e-01
2.952450301204516681e-01 -2.740161380040557759e-01 9.152843974975991559e-01
4.797334547875128918e-01 -3.455905930936594150e-01 8.064880373091267707e-01
6.905767099042720014e-01 -2.991041601240955750e-01 6.585138640408585431e-01
8.413198985776374483e-01 -1.019091985293090613e-01 5.308439916891319887e-01
8.458506513982110286e-01 1.766727889544167929e-01 5.033124289864954193e-01
6.998336204001640581e-01 3.974798784431565757e-01 5.935003369757982927e-01
5.028771522713098019e-01 7.096572306174162570e-01 4.934583921222859826e-01
2.818353797687979112e-01 6.009985707729272875e-01 7.479101126736217298e-01
1.462176679318787642e-01 4.058909328538934380e-01 9.021490698391574359e-01
8.999232979998703086e-02 1.936194426836137517e-01 9.769405775131785319e-01
9.915322216398211874e-02 -1.791652354683932746e-02 9.949108687306129628e-01
1.693813021997204182e-01 -2.299128103745101681e-01 9.583580093529594501e-01
3.090475272044566624e-01 -4.328506189287961159e-01 8.468352659294827722e-01
5.268002594124499005e-01 -5.719353860094846809e-01 6.287856557788272793e-01
7.886406481592816986e-01 -5.282935172822954550e-01 3.145661896456875550e-01
9.764157143794128801e-01 -2.131661138305809000e-01 3.424267260714614763e-02
9.660730079179625784e-01 2.572557523271425395e-01 -2.285653662996065330e-02
7.680438039065935474e-01 6.136800042507197794e-01 1.830452612434560755e-01
-4.952930756729997594e-03 9.765354643303362225e-01 2.152996873709801529e-01
-1.128951691818587955e-01 7.644182173270116509e-01 6.347593794453119109e-01
-1.118293949660984360e-01 4.807642880394459861e-01 8.696895341253791933e-01
-4.479115529159687775e-02 2.185435611625135277e-01 9.747986788471081354e-01
6.646369704975958748e-02 -1.749895466322484022e-02 9.976353860805118323e-01
2.183944466239578497e-01 -2.485649304109512903e-01 9.436733232711880248e-01
4.150141910596185091e-01 -4.789500110254864551e-01 7.735438631117190766e-01
6.420644981631519199e-01 -6.424367004093378686e-01 4.183637964325231384e-01
8.157442311303564342e-01 -5.668506057235987994e-01 -1.150727603226316675e-01
7.981802932159769437e-01 -1.331336325513113317e-01 -5.875233232860010979e-01
5.595254039404025104e-01 4.808082365374613532e-01 -6.750961131742884147e-01
2.396791402194481113e-01 9.171539961703678578e-01 -3.184061196843354646e-01
-3.856902277500610099e-01 9.187686523621402257e-01 8.430428016908324274e-02
-3.383155178514076766e-01 7.406334437276484994e-01 5.805210697406767428e-01
-2.329636843572517879e-01 4.626904662803395518e-01 8.553627617474232059e-01
-1.107738074239923154e-01 1.930672348109115921e-01 9.749124096201231549e-01
1.725786662617814077e-02 -6.118969462965106326e-02 9.979769472842247025e-01
1.502277489762693097e-01 -3.266111439647396142e-01 9.331434959723658995e-01
2.839716552061936072e-01 -6.157596608802040627e-01 7.349830876096660193e-01
3.915571392890742630e-01 -8.627715478403618077e-01 3.198566286776733381e-01
3.987675633074380666e-01 -8.631483411513370951e-01 -3.097730969945367008e-01
2.293461386450126871e-01 -4.386460295990947666e-01 -8.689016108891396417e-01
-6.497729109952533888e-02 2.446671874045248940e-01 -9.674274748264014567e-01
-3.038310455416629585e-01 7.811014195352792289e-01 -5.454972668721765894e-01
-7.105233226166902671e-01 6.779266698973255290e-01 1.886055096221613825e-01
-5.190011324946368632e-01 5.822888045044268823e-01 6.257615940739931215e-01
-3.264071044449047276e-01 3.687400819716996625e-01 8.703385284560581914e-01
-1.658014333840812649e-01 1.386188228213309226e-01 9.763681204584289119e-01
-3.766809001755347386e-02 -9.436020392984466321e-02 9.948252444067638978e-01
5.757088297755019735e-02 -3.504838738579469370e-01 9.347976506167364752e-01
1.054444831344651806e-01 -6.418736968409081145e-01 7.595259167932109090e-01
6.808922604761964703e-02 -9.142830871372792378e-01 3.993122761337330462e-01
-1.045518985747100754e-01 -9.837086543574232733e-01 -1.462401581198340683e-01
-4.009805082423994471e-01 -6.603443046862597088e-01 -6.349488414653537971e-01
-6.882333591425126018e-01 -5.351564052435142660e-02 -7.235129021537836103e-01
-8.012643741007686726e-01 4.780802005678261302e-01 -3.597425810518856681e-01
-8.091018579093824936e-01 3.759431298403245747e-01 4.516867793654185115e-01
-5.691230701526259761e-01 3.631255205229902416e-01 7.377254146123162215e-01
-3.542657907137050088e-01 2.384981263074676949e-01 9.042203234155152813e-01
-1.915372503462202391e-01 7.537582288457096713e-02 9.785867192304403828e-01
-8.000407565514937314e-02 -1.075761248312739893e-01 9.909726157895213383e-01
-2.252678634427858484e-02 -3.176161338468906359e-01 9.479517579587828369e-01
-3.805993638360769676e-02 -5.582042180565840450e-01 8.288301950256879991e-01
-1.622848716056282115e-01 -7.876914465811080124e-01 5.943112025115246944e-01
-4.170177711627403583e-01 -8.747227459935322802e-01 2.468932890456204954e-01
-7.354925583976009706e-01 -6.744134005047841551e-01 -6.494044780598026700e-02
-9.618105454995520276e-01 -2.434451043902247369e-01 -1.251197654815175420e-01
-9.797092781502866332e-01 1.720905987226441780e-01 1.027353694572555737e-01
-6.905190476542237832e-01 1.480469651925949703e-01 7.080010882223400914e-01
-4.942935771408621948e-01 1.796904402052728056e-01 8.505205496023903189e-01
-3.175516509707119184e-01 1.255753126300135081e-01 9.398892433809737934e-01
-1.839814439994854056e-01 2.640584888712750253e-02 9.825749637602616549e-01
-9.789713839581998256e-02 -1.000920859553251357e-01 9.901503545538864470e-01
-6.555274605003226507e-02 -2.501534354184810072e-01 9.659845217361223702e-01
-1.034084527692480382e-01 -4.178697754677321852e-01 9.026026493681635898e-01
-2.339796457267376839e-01 -5.721783507006339420e-01 7.860441847472177113e-01
-4.572212293499349212e-01 -6.362532829345106666e-01 6.213940033399111273e-01
-7.032555314356516707e-01 -5.294406161449926040e-01 4.744726456617423538e-01
-8.532362238259091347e-01 -2.771488626917837927e-01 4.417877932447186740e-01
-8.390434239339102929e-01 -1.195813500086252527e-02 5.439330250689093926e-01
-4.827740181611449577e-01 4.035729748821925700e-02 8.748145723111057093e-01
-3.605820333064488903e-01 7.857544208134492614e-02 9.294119093051549374e-01
-2.436470942835480546e-01 6.061036384927775966e-02 9.679682211940178194e-01
-1.504817324946785551e-01 4.433445051998862081e-03 9.886028488481343190e-01
-8.908599717919368777e-02 -7.659426850934705766e-02 9.930745204354285427e-01
-6.740278531430309028e-02 -1.735371413271116214e-01 9.825180533261348437e-01
-9.707639436871122463e-02 -2.760626799233957263e-01 9.562246443225161929e-01
-1.886571792536958225e-01 -3.632191351855156292e-01 9.124035995934162147e-01
-3.343194822732623028e-01 -3.973593577208095473e-01 8.545969954337081509e-01
-4.872306002816913506e-01 -3.434688615470829487e-01 8.028919499514501901e-01
-5.784963745187093886e-01 -2.124341366395170738e-01 7.875364640822214435e-01
-5.711219369690324621e-01 -6.424845639438418743e-02 8.183470345543005786e-01
-2.752380547478513462e-01 3.119770864571325131e-02 9.608697706734176114e-01
-2.199666922305913708e-01 5.630267735634211790e-02 9.738812365129211335e-01
-1.583210223059761668e-01 4.678218409290361285e-02 9.862788049772431842e-01
-1.018017704879588398e-01 1.021840897352040319e-02 9.947522222360609678e-01
-5.841687611559956417e-02 -4.349774429289068184e-02 9.973441807251300917e-01
-3.605855906624968327e-02 -1.041906954909281868e-01 9.939034557194719177e-01
-4.317800488621878485e-02 -1.611391682596260977e-01 9.859867282811094480e-01
-8.552088041559706422e-02 -2.015351765235230685e-01 9.757406169861722045e-01
-1.583776416628464856e-01 -2.101535719315689166e-01 9.647548905425009647e-01
-2.392723195799905389e-01 -1.763089659183617874e-01 9.548109266340242263e-01
-2.954500916428363655e-01 -1.070226093793214539e-01 9.493447237067882405e-01
-3.063739361941205108e-01 -2.831791370177347278e-02 9.514899405586368930e-01
-9.240189443846660855e-02 9.222850067843187116e-02 9.914412708612662106e-01
-9.341551149104156127e-02 9.577772276222254466e-02 9.910096720191060582e-01
-7.712103212967628962e-02 7.552455548684945674e-02 9.941571243630785704e-01
-4.858580633403888210e-02 3.800565313194406020e-02 9.980956816622501560e-01
-1.451070010940232191e-02 -7.669392908337921942e-03 9.998653009255776825e-01
1.762791934848790751e-02 -5.121432177274828218e-02 9.985320974835742991e-01
4.027655689832104757e-02 -8.242713524998651620e-02 9.957828911659765136e-01
4.684281875422332403e-02 -9.267322452846438186e-02 9.945941000159412848e-01
3.361894119500906386e-02 -7.699641834051666744e-02 9.964644089758770695e-01
2.638481443812071107e-03 -3.730538072665075255e-02 9.993004287922807594e-01
-3.695646646287378823e-02 1.521301890783144893e-02 9.992010726787009522e-01
-7.220328497733098649e-02 6.328282124673710596e-02 9.953803143391170005e-01
6.819806149586855881e-02 2.097772548693652706e-01 9.753678935395020400e-01
1.238023465056183915e-02 1.849628601072894896e-01 9.826675277888716753e-01
-1.028477800224744838e-02 1.375125882081631168e-01 9.904466221991390373e-01
-1.308852370041694874e-03 8.013709690456610746e-02 9.967829917314398047e-01
3.246836257108041968e-02 2.355165671979470715e-02 9.991952386284567167e-01
8.340974212583139591e-02 -2.198139862186960711e-02 9.962728707704174846e-01
1.438049175813245484e-01 -4.586106505655862531e-02 9.885428207171140791e-01
2.035861026216211067e-01 -3.839309925971989834e-02 9.783039756376010754e-01
2.471788056127579847e-01 4.723471584283034201e-03 9.689583721047769771e-01
2.554987718602489410e-01 7.518472844337686922e-02 9.638815457237887019e-01
2.179993622455569657e-01 1.494367522348263588e-01 9.644402185424029161e-01
1.457967639870363097e-01 1.992360499438065036e-01 9.690450453997612179e-01
2.050665459041925431e-01 3.827299308006935075e-01 9.008138053005909640e-01
8.879150647946927599e-02 3.182427178307232207e-01 9.438419575993717281e-01
3.161960368003716160e-02 2.250325633205563780e-01 9.738380492199283367e-01
2.960327957599107399e-02 1.288513290964059532e-01 9.912219634514223277e-01
7.222863169246232506e-02 4.259617036070249829e-02 9.964780936047707982e-01
1.511832601012612354e-01 -2.490061037939169178e-02 9.881920772136363329e-01
2.597322903375774428e-01 -6.187154986871125362e-02 9.636965542495627979e-01
3.846862954123164147e-01 -5.085141237655958074e-02 9.216455869699622383e-01
4.945433117456864425e-01 2.408310280177794124e-02 8.688192659966270659e-01
5.410718036640963513e-01 1.552726869019482314e-01 8.265178134694550760e-01
4.904535191833099828e-01 2.957071965424898363e-01 8.197637461083399080e-01
3.583070041151327767e-01 3.817107138342641370e-01 8.520052944353742053e-01
2.872659744970462725e-01 6.070589101715926361e-01 7.409168235893806020e-01
1.140626983842468745e-01 4.866704200521587143e-01 8.661071545042993147e-01
3.510500242541830102e-02 3.278391426426953137e-01 9.440811063441386652e-01
3.480836662293469719e-02 1.757153649440044707e-01 9.838254358042735070e-01
9.535933353444069061e-02 4.287853076447484951e-02 9.945189938392543505e-01
2.083411597515835156e-01 -6.756196843784342820e-02 9.757199093869364237e-01
3.712193574769610538e-01 -1.441970104323312685e-01 9.172804428400951338e-01
5.709453354710964934e-01 -1.541279921355637184e-01 8.063907154376300790e-01
7.558079818702984065e-01 -4.945386761130778075e-02 6.529231268070313510e-01
8.353748314328850455e-01 1.780316776056881933e-01 5.200515481925770400e-01
7.490641313536908763e-01 4.425979202344739738e-01 4.929604529001068713e-01
5.302974416172731020e-01 6.082443932732229941e-01 5.906127169862968040e-01
2.394006380420626579e-01 8.400968998236829632e-01 4.867489428976110033e-01
5.301227946024800186e-02 6.577944125576046241e-01 7.513296274170280231e-01
-1.289463873143909846e-02 4.248150210257837789e-01 9.051883374210137889e-01
8.901413509500733651e-03 2.099007027158371619e-01 9.776821875421867203e-01
9.442322634216165911e-02 2.141668150431797965e-02 9.953017532791452737e-01
2.369879174335952077e-01 -1.490361355077561845e-01 9.600129985076851780e-01
4.400026661989906995e-01 -2.954519742214332112e-01 8.480010522791497918e-01
6.928587708602351736e-01 -3.653808122479739739e-01 6.216458683873894442e-01
9.227963177189991706e-01 -2.528668610123960825e-01 2.906979645715870864e-01
9.956053012045839035e-01 9.360918523894257159e-02 -2.721149051975179766e-03
8.416266502675773253e-01 5.364788476138604434e-01 -6.208886874669113098e-02
5.380546141151104633e-01 8.283731431019470959e-01 1.558690733175395748e-01
