8.292985877394960792e-02 5.662317532025312045e-02 9.949454530477415126e-01
1.233126431971242332e-01 -2.744449103619957600e-03 9.923640763483572158e-01
1.499250289660260804e-01 -5.507567115714803035e-02 9.871621731692186152e-01
1.584595479884801372e-01 -8.292070442289792287e-02 9.838773950189761974e-01
1.500670834736076431e-01 -8.399138238370727760e-02 9.851016790884055130e-01
1.278501177320756355e-01 -6.382473932479507117e-02 9.897377178052094715e-01
9.664529952485427511e-02 -2.983024180116307031e-02 9.948717720158520850e-01
6.295814746733086054e-02 1.102525042822765158e-02 9.979552672943367009e-01
3.437646349189756728e-02 5.214730007655123817e-02 9.980475529014788405e-01
1.851947062295728960e-02 8.615810256846165305e-02 9.961093366541716732e-01
2.134594374578460338e-02 1.039300158331551149e-01 9.943555211766562651e-01
4.461954939984187629e-02 9.569701670312874553e-02 9.944099641523481692e-01
9.917255139628824989e-02 6.198854767216671613e-02 9.931375660033753272e-01
1.313398608277886737e-01 1.656848383453560225e-02 9.911989337671532896e-01
1.512779822951249853e-01 -2.690439638979443340e-02 9.881250556117758821e-01
1.556242378955633998e-01 -5.403401085452246705e-02 9.863373774984078857e-01
1.459315510004133010e-01 -5.998985508392199600e-02 9.874741514134359743e-01
1.254129808303548199e-01 -4.694921686134382460e-02 9.909931156548584807e-01
9.840983579368153822e-02 -2.018221165776414722e-02 9.949412960329309108e-01
7.051756777527129483e-02 1.423696271839826333e-02 9.974089339521565734e-01
4.821399920235514697e-02 4.997617845940859754e-02 9.975859821927417492e-01
3.780908018755634731e-02 8.000098650979751980e-02 9.960774646646489705e-01
4.371545712564734593e-02 9.628774942079747212e-02 9.943930953701618503e-01
6.617511909560981620e-02 9.124141898355037084e-02 9.936276249554372164e-01
8.562853976936792011e-02 4.774730430642425139e-02 9.951823692712811198e-01
1.102112800689658001e-01 1.234476175440501859e-02 9.938315151990029239e-01
1.263297734197446065e-01 -2.261960980094529852e-02 9.917303774716579312e-01
1.307462680455090953e-01 -4.589897670986216316e-02 9.903528145712645614e-01
1.239137511784419998e-01 -5.230170366299070200e-02 9.909136763931176706e-01
1.080488748226909046e-01 -4.242075636115902326e-02 9.932401119968491399e-01
8.660476954839518848e-02 -2.025470147758263312e-02 9.960368271101214255e-01
6.424868096070286694e-02 8.785800676451406901e-03 9.978952433503275321e-01
4.641677445524791668e-02 3.875796091466362364e-02 9.981699772658485514e-01
3.824252852229005628e-02 6.329423928212161987e-02 9.972619256172592372e-01
4.300587245040872475e-02 7.583124736288879286e-02 9.961928110854145757e-01
6.044808400040248275e-02 7.103134361525938190e-02 9.956407873149014653e-01
5.228166380906879018e-02 1.844463047618137563e-02 9.984620289404885218e-01
7.161105857787643247e-02 -1.150114160383235856e-02 9.973663218853222601e-01
8.663115297660958780e-02 -3.984888822534311120e-02 9.954431723815440058e-01
9.376839766118306996e-02 -5.779910223766361599e-02 9.939148612333972288e-01
9.185883716823264877e-02 -6.113991603735489944e-02 9.938932863748447533e-01
8.159722379302829232e-02 -5.050023960462393657e-02 9.953851610654518289e-01
6.533682128265305700e-02 -2.966679504816662274e-02 9.974221679190287126e-01
4.691640189056087151e-02 -3.848549804599396811e-03 9.988914054581028434e-01
3.103724026671040095e-02 2.131358133484032025e-02 9.992909591141210246e-01
2.216053582781204664e-02 4.016164547832096199e-02 9.989474224824320681e-01
2.318769569740641509e-02 4.754268794009523097e-02 9.986000318404363307e-01
3.429166703314710102e-02 4.012800269263566005e-02 9.986059407854310788e-01
7.952136008523798261e-03 -1.895478295625310436e-02 9.997887175477009336e-01
2.513280583427140655e-02 -4.756867404925382153e-02 9.985517329213073889e-01
4.195499018317788015e-02 -7.177876370191234312e-02 9.965378005275149498e-01
5.383946595614541586e-02 -8.432701858693064656e-02 9.949825454961142013e-01
5.772913901133497339e-02 -8.251771608864950924e-02 9.949161638251147188e-01
5.269162254406754148e-02 -6.809712679133257673e-02 9.962862913020454902e-01
4.008266669095669754e-02 -4.555120552681370810e-02 9.981575364169251730e-01
2.321904896293123730e-02 -2.042828082010697197e-02 9.995216661523631529e-01
6.537120697702797009e-03 1.655138378449871276e-03 9.999772630264793793e-01
-5.550250255029638528e-03 1.553610812655721249e-02 9.998639027719676831e-01
-9.772439437354545760e-03 1.716899274600821451e-02 9.998048435147778301e-01
-4.845214867564518087e-03 4.905368312873482559e-03 9.999762303447842227e-01
-4.018351049608657327e-02 -5.615725664134384870e-02 9.976129750613843550e-01
-2.189232976304529912e-02 -8.714069597867078742e-02 9.959554332408953048e-01
-2.082182552246378965e-04 -1.100645388790059409e-01 9.939244206309515439e-01
1.833295795225431402e-02 -1.182162825253771782e-01 9.928186204934116299e-01
2.841181415697927731e-02 -1.104652214041768471e-01 9.934738062357361121e-01
2.756376557392052964e-02 -9.030546729659701122e-02 9.955326018788436260e-01
1.652259782476877062e-02 -6.358589412462456458e-02 9.978395852186723314e-01
-1.416369514445427018e-03 -3.666562315411105860e-02 9.993265862450747550e-01
-2.154234676523574324e-02 -1.547027564173099681e-02 9.996482370651382787e-01
-3.893060702802862011e-02 -5.028404655364785217e-03 9.992292644750403463e-01
-4.937703382024890425e-02 -8.771030165821702695e-03 9.987416971174302160e-01
-5.002797378479657830e-02 -2.716007813394380466e-02 9.983784512872652117e-01
-8.511849867413760762e-02 -8.458690751550146381e-02 9.927738394318784687e-01
-6.272208110625254740e-02 -1.215395909714478834e-01 9.906028812638254522e-01
-3.329383078350234282e-02 -1.464978990106454715e-01 9.886505380654957431e-01
-6.458948396019338796e-03 -1.521154578413147218e-01 9.883416258922164133e-01
9.783193021780104554e-03 -1.386756694369188081e-01 9.902895272800242843e-01
1.170073367974689554e-02 -1.118236696714684786e-01 9.936591768471008113e-01
-4.192468640002003071e-06 -7.920215110733669350e-02 9.968585753468202082e-01
-2.144443956632120091e-02 -4.826379581951017322e-02 9.986043971587518220e-01
-4.713414744749765822e-02 -2.547639475588644661e-02 9.985636311495166284e-01
-7.126529647363198661e-02 -1.611575036028377317e-02 9.973271981194922198e-01
-8.842831785031657343e-02 -2.366932040536835757e-02 9.958012833259839436e-01
-9.398265862477962751e-02 -4.826183151777769381e-02 9.944033665955221979e-01
-1.182022735187168300e-01 -9.661326003996056899e-02 9.882783517407686125e-01
-8.938086860747368467e-02 -1.431565449376617782e-01 9.856557532772693975e-01
-5.029817423987621716e-02 -1.738712408646246599e-01 9.834830376108439909e-01
-1.467126068527125141e-02 -1.793953634050105550e-01 9.836676561210903058e-01
6.718546797947193283e-03 -1.613610105047089682e-01 9.868725781061352675e-01
9.453933305439274001e-03 -1.279005364676133460e-01 9.917419401821923053e-01
-5.054474063177266142e-03 -8.861845431097076231e-02 9.960528208120195126e-01
-3.174724723842497348e-02 -5.203926944486996636e-02 9.981402840927425801e-01
-6.402265896568597181e-02 -2.517084762375038781e-02 9.976309576034673166e-01
-9.507893470940768921e-02 -1.380971248108434773e-02 9.953739438099233894e-01
-1.184017330598845230e-01 -2.227904058706046617e-02 9.927158072474213668e-01
-1.277537564914447976e-01 -5.167112784082581595e-02 9.904590209847713433e-01
-1.283201162835587439e-01 -8.737255961011211602e-02 9.878765021924266199e-01
-9.193604889817916237e-02 -1.465525340453855963e-01 9.849213763939925759e-01
-4.368098683849332836e-02 -1.863374483046183749e-01 9.815143028749301335e-01
-1.445229594479160908e-03 -1.942058868293956020e-01 9.809597264069164213e-01
2.210396902121235588e-02 -1.734238595292761087e-01 9.845991973892027627e-01
2.291787064391705847e-02 -1.347585159413799416e-01 9.906134026886463939e-01
3.805577027307078131e-03 -8.949496061721540219e-02 9.959800046223933334e-01
-2.870357467949098684e-02 -4.681512209681847753e-02 9.984910861613173205e-01
-6.683690399003465454e-02 -1.398859730769081225e-02 9.976658495760512002e-01
-1.029292461504778683e-01 2.603487909194938336e-03 9.946852729067199306e-01
-1.297883558296459572e-01 -2.869970825648643104e-03 9.915375665896321022e-01
-1.403747526486773256e-01 -3.400318781028568993e-02 9.895143819256480011e-01
-1.043095660975574129e-01 -5.710094608723388643e-02 9.929043238784115433e-01
-6.095367300343541156e-02 -1.293735624046344623e-01 9.897207338932220155e-01
-8.147392705813400610e-03 -1.792470402476736557e-01 9.837703586480320839e-01
3.434836340913371283e-02 -1.912394172691056216e-01 9.809422384696275810e-01
5.455850431156670372e-02 -1.705564489660092997e-01 9.838363010802542163e-01
5.011321854115107638e-02 -1.299076941130543894e-01 9.902588834933863104e-01
2.539909522746643111e-02 -8.129645827217821252e-02 9.963662839709097607e-01
-1.187822122117719939e-02 -3.385779453441008224e-02 9.993560714829536895e-01
-5.308684630521395831e-02 5.266946281148687445e-03 9.985760091380910808e-01
-8.994208684464255477e-02 2.924574662394505142e-02 9.955175072888496901e-01
-1.150317749744089041e-01 3.050276656074155796e-02 9.928933839936677774e-01
-1.217388148274624882e-01 1.936047087259501476e-03 9.925602816385181715e-01
-4.401642618720214006e-02 -1.302304215257200221e-02 9.989459217589854445e-01
3.535778275561858759e-03 -9.258249650310194923e-02 9.956987393851995938e-01
5.196914008249734623e-02 -1.495041497639569561e-01 9.873944083711478914e-01
8.532962955675918448e-02 -1.670138785962164141e-01 9.822551698392151254e-01
9.593736376693390300e-02 -1.507540358470504382e-01 9.839050985279006456e-01
8.373786740938235496e-02 -1.131885211992762902e-01 9.900385488607730267e-01
5.395562126309446510e-02 -6.566151461626931751e-02 9.963821337381308929e-01
1.456403671124530293e-02 -1.670626019218658664e-02 9.997543646842073084e-01
-2.555353036466567751e-02 2.683082394566984816e-02 9.993133262256168603e-01
-5.776487107147532801e-02 5.783573896278151882e-02 9.966535240337075496e-01
-7.462747102761874141e-02 6.739050124504676609e-02 9.949317870638669792e-01
-7.081198725321215248e-02 4.542869991563680543e-02 9.964546631359068041e-01
3.121488992586670883e-02 3.039515270314255280e-02 9.990504318297568354e-01
7.771950774048234922e-02 -4.309318447236746424e-02 9.960435008415097213e-01
1.143382076697602306e-01 -1.012928044266716981e-01 9.882644089706520418e-01
1.331678217479073667e-01 -1.255658814512732591e-01 9.831070850453470511e-01
1.320711676591971584e-01 -1.180815288269565777e-01 9.841818730413403049e-01
1.128069114418013830e-01 -8.853228726827924722e-02 9.896649103822804383e-01
8.047582636532440992e-02 -4.664063284641415535e-02 9.956647491693442209e-01
4.245119555219487723e-02 -2.256964365795050258e-04 9.990985161920886704e-01
7.213500673857065060e-03 4.401773891016567963e-02 9.990047067302446626e-01
-1.673464431535297281e-02 7.876800056875332690e-02 9.967525037672109178e-01
-2.223495668811563061e-02 9.458388303215330140e-02 9.952685545979695902e-01
-5.492819115916093911e-03 8.055512387124155738e-02 9.967350204322303897e-01
5.297654192900547176e-02 1.530610468825842063e-01 9.867957245206644412e-01
1.543721729151603661e-01 1.082227160981791142e-01 9.820677552744441208e-01
2.212333216372740219e-01 5.736455936362765129e-02 9.735322925955047779e-01
2.413255464698845498e-01 2.417131784479875992e-02 9.701431482078752833e-01
2.234236921968947576e-01 1.176755332929269038e-02 9.746503878076755445e-01
1.791167498687957771e-01 1.521809419559324097e-02 9.837101196620342547e-01
1.191734778056504490e-01 2.966214323417282195e-02 9.924302693118894902e-01
5.388957140449723154e-02 5.221694026161686347e-02 9.971806783344900893e-01
-5.974702153169668926e-03 8.126111410527708800e-02 9.966749391194056340e-01
-4.829560326747778243e-02 1.145241868659673812e-01 9.922458089242790491e-01
-5.938375743316532535e-02 1.462746745061002385e-01 9.874600189128639460e-01
-2.649452154319539149e-02 1.645707470811645368e-01 9.860093861284160432e-01
6.686448176565625012e-02 1.604188349283337811e-01 9.847816704622683881e-01
1.390992766627393296e-01 1.306594506015665846e-01 9.816208530794023890e-01
1.900795425559222429e-01 8.955860542569984983e-02 9.776753160922028174e-01
2.078397316332948330e-01 5.520470272128358280e-02 9.766038535414804933e-01
1.955655541723853308e-01 3.596688398017656996e-02 9.800308654721259227e-01
1.609841791925009924e-01 3.207986228464698025e-02 9.864354902808221137e-01
1.126953964396652241e-01 4.085534714459450323e-02 9.927892969965976810e-01
5.982959989228112813e-02 5.958943399133324881e-02 9.964283809352123544e-01
1.231068618661943122e-02 8.598542836474810935e-02 9.962203336183227398e-01
-1.911666350506642173e-02 1.169381753200041119e-01 9.929551935154329323e-01
-2.377320696606779332e-02 1.465424779276842115e-01 9.889186704644956638e-01
5.780356473235912645e-03 1.648556865459386012e-01 9.863007604642745063e-01
5.902261740040293941e-02 1.258131972811424026e-01 9.902966070955661060e-01
1.101570677783844793e-01 1.037328233749052198e-01 9.884861768244614932e-01
1.494191891714060638e-01 7.288595548889197084e-02 9.860839433840379309e-01
1.664773560860678403e-01 4.555880678598660249e-02 9.849922258753451842e-01
1.605006556725127875e-01 2.941673986089845053e-02 9.865972810346173016e-01
1.356341562644289289e-01 2.606212550943460410e-02 9.904161455006178505e-01
9.834868011210880223e-02 3.377053624574309632e-02 9.945788495649606764e-01
5.655561926448907095e-02 4.997438313508260899e-02 9.971479443692972122e-01
1.912356881710733369e-02 7.203512449341899215e-02 9.972187472942096731e-01
-4.860806888630016427e-03 9.659632764281622652e-02 9.953117712769736780e-01
-7.528484843273117351e-03 1.184732742232059433e-01 9.929287009704809153e-01
1.507445584752577054e-02 1.304962125999598321e-01 9.913342016081237995e-01
4.001379717275836689e-02 6.484135117880404642e-02 9.970930223470230169e-01
7.886502339044021426e-02 4.551458138980467305e-02 9.958457365307884501e-01
1.114515143890397186e-01 2.320897749487847717e-02 9.934988189747717691e-01
1.287971698632181250e-01 5.997675867223628901e-03 9.916528207590844524e-01
1.278324314183718613e-01 -1.471007726271203854e-03 9.917946892447496721e-01
1.101838608577937750e-01 1.078685533968501810e-03 9.939106364477257038e-01
8.067049313646301734e-02 1.140628642938857837e-02 9.966755581266084629e-01
4.622079828709781818e-02 2.665061656730974629e-02 9.985756768729762145e-01
1.485097766459378583e-02 4.400385254861265139e-02 9.989209725615536550e-01
-5.555946283283237121e-03 6.036268744404395953e-02 9.981610478401508058e-01
-8.818457068864226853e-03 7.184715852659387392e-02 9.973766693815313555e-01
7.520823823305944518e-03 7.424172576465319640e-02 9.972119149730626075e-01
1.468127733229555518e-02 -9.407386800086844220e-03 9.998479690280526189e-01
4.934710966296570328e-02 -2.896185676237318651e-02 9.983616947884393911e-01
8.098791040451167045e-02 -4.439339765894392831e-02 9.957259585913262878e-01
1.005332894943585659e-01 -5.068261263453927024e-02 9.936419528581651450e-01
1.033934850928068805e-01 -4.685961023243995910e-02 9.935360910250146116e-01
8.976944878849721365e-02 -3.536386850365884349e-02 9.953345381673515124e-01
6.369756714118786356e-02 -1.998337400736373629e-02 9.977691540149355998e-01
3.175991454892285876e-02 -4.302285626149464186e-03 9.994862671223873063e-01
1.705186112529629089e-03 8.707480481343508535e-03 9.999606352872550952e-01
-1.897388252794333582e-02 1.640382432786417072e-02 9.996854036792062193e-01
-2.451886891631830864e-02 1.639238478542890190e-02 9.995649627653830915e-01
-1.248089182856257189e-02 7.365942876602070769e-03 9.998949795976108668e-01
-1.539435292801127377e-02 -8.534188472488556110e-02 9.962327923781274519e-01
2.258173685393736335e-02 -1.073180596837766676e-01 9.939682586614223547e-01
5.956608880108951037e-02 -1.172747356745435926e-01 9.913115138226158418e-01
8.426131198495047381e-02 -1.126515899978677432e-01 9.900553775287942448e-01
9.042125155787232582e-02 -9.645216375753223881e-02 9.912219617084729872e-01
7.774898095677088006e-02 -7.450474278673992201e-02 9.941851634693359419e-01
5.059292269768847494e-02 -5.264341472277671991e-02 9.973309516200162816e-01
1.608431107062005191e-02 -3.536673075911934278e-02 9.992449596033836645e-01
-1.755133827574098179e-02 -2.583575736188484934e-02 9.995121130662538711e-01
-4.237577282252830146e-02 -2.628936918298855480e-02 9.987558074653094531e-01
-5.193780553879528972e-02 -3.786092559592122569e-02 9.979323697870712273e-01
-4.258907678514550071e-02 -5.927367706148291976e-02 9.973328440125240890e-01
-4.929909164490474394e-02 -1.512632897319975689e-01 9.872633978541136557e-01
-6.645076002018527900e-04 -1.781267643688332070e-01 9.840073242843234702e-01
4.849626976174754162e-02 -1.842689720327431446e-01 9.816786937512876898e-01
8.185875614578350112e-02 -1.692575550150038077e-01 9.821664951078994399e-01
9.110714780970012583e-02 -1.405442565442434899e-01 9.858736225147396448e-01
7.650610360394811960e-02 -1.077584565032953662e-01 9.912290003643935421e-01
4.399540888782197540e-02 -7.881578756081311643e-02 9.959179060685838802e-01
2.193957395841101936e-03 -5.895666385271566834e-02 9.982581321173538136e-01
-3.957013584530606060e-02 -5.143663913279013233e-02 9.978920164546891680e-01
-7.232686290283350805e-02 -5.832052757448286107e-02 9.956744151408255528e-01
-8.810189548479671617e-02 -8.016971971823232124e-02 9.928800894630471774e-01
-8.087016182367452732e-02 -1.140653656122010001e-01 9.901763021271953180e-01
-8.410196731198188447e-02 -1.938597820159027318e-01 9.774176405257953837e-01
-1.737592737585694561e-02 -2.292233042615447747e-01 9.732187595454464546e-01
5.078583703614294315e-02 -2.342454076549719821e-01 9.708500851053929459e-01
9.565756898124437579e-02 -2.102907065636456241e-01 9.729478137236960977e-01
1.070946028598507710e-01 -1.701783998454405866e-01 9.795764688191671565e-01
8.761466349106603047e-02 -1.275850334340021541e-01 9.879502669593381858e-01
4.613075255670185532e-02 -9.201803836108600476e-02 9.946882095836871995e-01
-6.570706182007267707e-03 -6.883858653300838071e-02 9.976061722064384352e-01
-5.982557624287847958e-02 -6.107060676365310553e-02 9.963389390246865096e-01
-1.035044916249582420e-01 -7.085595145374323778e-02 9.921019374827035886e-01
-1.277614299682472143e-01 -9.931129786071508925e-02 9.868202891761904683e-01
-1.231749996378346118e-01 -1.438873329833296744e-01 9.818983424322021980e-01
-1.113885049380451686e-01 -1.975606039880680731e-01 9.739416865087648922e-01
-1.961281139803533122e-02 -2.464903757885299196e-01 9.689467644162779170e-01
7.187195837904795936e-02 -2.546814185691109178e-01 9.643504532244926430e-01
1.276012212079692398e-01 -2.250826695612186401e-01 9.659480939520138643e-01
1.381108852173007495e-01 -1.771683838839445690e-01 9.744417617982095159e-01
1.106275149979549371e-01 -1.282537988024948228e-01 9.855518839808161680e-01
5.795539245071516798e-02 -8.823726435545331537e-02 9.944120663310522801e-01
-7.000559302173307158e-03 -6.162532673789424681e-02 9.980748024441021826e-01
-7.257111301244785484e-02 -5.069523262995963286e-02 9.960740067608651049e-01
-1.277967399621876554e-01 -5.771565257581880853e-02 9.901196375704585106e-01
-1.612114855160502458e-01 -8.549696092340386411e-02 9.832096046167343451e-01
-1.597585530061410297e-01 -1.349351742020935829e-01 9.778904353271536953e-01
-1.139810339117101334e-01 -1.470071836459857784e-01 9.825462899349247659e-01
6.629324584027139824e-03 -2.139710468224418627e-01 9.768175076119813838e-01
1.169306729753282759e-01 -2.308713062879817202e-01 9.659325326597079098e-01
1.752271192801572730e-01 -2.027180037968782100e-01 9.634318178290695034e-01
1.786969931540405843e-01 -1.552779667631019045e-01 9.715740515655467702e-01
1.408440657920134453e-01 -1.072375072987614697e-01 9.842068208255689843e-01
7.747528140790128914e-02 -6.723787837725314631e-02 9.947244083072136478e-01
2.428464140637242273e-03 -3.824216212387052116e-02 9.992655500907147159e-01
-7.236888721860419704e-02 -2.145098544367931778e-02 9.971472305463421337e-01
-1.355096055637878549e-01 -1.895999565767406830e-02 9.905946019258173862e-01
-1.743452222661471263e-01 -3.547545930148868903e-02 9.840453420753768610e-01
-1.731723882962359073e-01 -7.787552739271180746e-02 9.818078865872732486e-01
-7.172616165247482078e-02 -3.877659639973170952e-02 9.966703232795759426e-01
7.021183039359661648e-02 -1.186140118642788760e-01 9.904549535754737510e-01
1.788618253216562315e-01 -1.505067106439438307e-01 9.722942854371466881e-01
2.245821642390130324e-01 -1.378579928974390523e-01 9.646543553521332859e-01
2.155624051362246829e-01 -1.049222403626813432e-01 9.708368415800915363e-01
1.684707741034111306e-01 -6.791863832250019661e-02 9.833639493297875456e-01
9.884647326941534140e-02 -3.384585766025697412e-02 9.945269391230214806e-01
1.970726850697542346e-02 -4.764844973865218353e-03 9.997944387825007384e-01
-5.734264598507453348e-02 1.880660254321935704e-02 9.981774054005435604e-01
-1.203958059085826482e-01 3.529590159644818703e-02 9.920983062429485910e-01
-1.554882487195060892e-01 3.935005944212657814e-02 9.870536851316736859e-01
-1.454546468763880385e-01 1.930393581602965480e-02 9.891765786572208619e-01
3.855467477611493332e-03 8.739370444623932588e-02 9.961663896125420026e-01
1.355182221452728430e-01 2.101429246312077823e-02 9.905519728812036684e-01
2.221364343321173274e-01 -3.081243708041745549e-02 9.745286031017221795e-01
2.504237121263657162e-01 -4.777734433859796848e-02 9.669567155631004773e-01
2.323998053018713206e-01 -4.069427024589630792e-02 9.717686488381490628e-01
1.827220518070622191e-01 -2.180743607386302976e-02 9.829227271333650373e-01
1.144457993384386668e-01 2.195636760068283427e-03 9.934270673748213376e-01
3.911260692355696816e-02 2.875590424446171703e-02 9.988209559028963236e-01
-3.204224161684710026e-02 5.707230281155833973e-02 9.978557245434277467e-01
-8.655935101865022685e-02 8.570696274263413239e-02 9.925531700059662121e-01
-1.094059516578940044e-01 1.095726132120954932e-01 9.879393605761455088e-01
-8.337633668747145010e-02 1.163898488138245674e-01 9.896978274067267378e-01
-9.303093496044156918e-02 2.910558782569662162e-01 9.521721067498393198e-01
1.041417167389305926e-01 3.231167423074226552e-01 9.406115423888706806e-01
2.356388598268144563e-01 2.851201751886858760e-01 9.290752463820838303e-01
2.752369615995655106e-01 2.280506011028670399e-01 9.339365815225305623e-01
2.518341727764165650e-01 1.760495524206135975e-01 9.516228793563632493e-01
1.908563655751999710e-01 1.343916365723874795e-01 9.723747918055400952e-01
1.084837568093905830e-01 1.038685827519011395e-01 9.886569637775010078e-01
1.565723151942964575e-02 8.575482188699798392e-02 9.961932350825553062e-01
-7.810444062961242884e-02 8.328822344844508119e-02 9.934599982831593401e-01
-1.608964463048788984e-01 1.017434586176086259e-01 9.817130956623302263e-01
-2.133597110262099028e-01 1.466642440949980641e-01 9.659022896829134730e-01
-2.034347768865821804e-01 2.171422855683210751e-01 9.547059858256865539e-01
-6.366188278472199868e-02 2.808869065202566073e-01 9.576271249426075993e-01
5.495825401800734367e-02 3.034831122541905013e-01 9.512505405473991038e-01
1.512396034236000164e-01 2.773302186277560866e-01 9.487963597064468235e-01
1.952021582272121525e-01 2.278159106094964081e-01 9.539371196764269145e-01
1.911034198171157050e-01 1.781188360390837944e-01 9.652736208879852953e-01
1.522606294774035696e-01 1.379955487192098817e-01 9.786592508349687414e-01
9.119427067403383658e-02 1.102705617780172509e-01 9.897090522983377214e-01
1.867572131434503888e-02 9.652868410247707198e-02 9.951549781711983567e-01
-5.485582612288422699e-02 9.935843078383940763e-02 9.935384947612576623e-01
-1.171744526158206429e-01 1.220407447143861818e-01 9.855841944165619761e-01
-1.519807693575270791e-01 1.659904141576328263e-01 9.743454357429670587e-01
-1.389905289442351921e-01 2.254401330069964737e-01 9.642916463879107614e-01
-3.772609042984025052e-02 2.115183492877861782e-01 9.766456522277735530e-01
3.711423304508863763e-02 2.233964206571303068e-01 9.740208277767942180e-01
1.045633931528379967e-01 2.072556024480644299e-01 9.726826882731491875e-01
1.426004319477275351e-01 1.749323968104240512e-01 9.741990419593473671e-01
1.465865685186883705e-01 1.407370939000062160e-01 9.791350511193437356e-01
1.217809033450662909e-01 1.124819290800713745e-01 9.861628806697543270e-01
7.685248763827463858e-02 9.314635738721323277e-02 9.926819486871204523e-01
2.143449323782031096e-02 8.444478044217784696e-02 9.961975916231681216e-01
-3.425776182846313606e-02 8.840893390717138867e-02 9.954949855021160143e-01
-7.909207934082086722e-02 1.067665657419862163e-01 9.911333630875557299e-01
-1.009099252869768842e-01 1.387387266742749203e-01 9.851744783028127950e-01
-8.843290054654361076e-02 1.781079867763108726e-01 9.800291664779051670e-01
-1.304920986081398691e-02 1.141294959923090657e-01 9.933801771057652052e-01
4.032848542180707957e-02 1.179612436584587115e-01 9.921989509458647438e-01
8.971501788286667667e-02 1.100342664599603115e-01 9.898705348533786141e-01
1.196871368065237085e-01 9.553496936829915243e-02 9.882044620982445293e-01
1.242147187496704108e-01 8.042416528428467104e-02 9.889907265917424750e-01
1.051773136247666357e-01 6.778016996862291921e-02 9.921409079650453933e-01
6.897673377193803967e-02 5.873473300952539861e-02 9.958877654316937722e-01
2.424591495312682435e-02 5.435973695565136932e-02 9.982270055484064875e-01
-1.939007234446604375e-02 5.621932818765407180e-02 9.982301399138996389e-01
-5.211493394840463478e-02 6.547437120299730295e-02 9.964924186239941806e-01
-6.493153268377467591e-02 8.132262112104039764e-02 9.945705240743156761e-01
-5.174418354948408932e-02 9.982055767022869619e-02 9.936590943251553121e-01
8.532983600552077746e-03 3.624114558948125960e-03 9.999570260689215617e-01
5.578498509698662927e-02 2.908398189931505392e-03 9.984385692959752978e-01
9.784306984381596628e-02 4.042245578154165034e-03 9.951936464498746249e-01
1.221341289953504633e-01 7.399837378937078151e-03 9.924860185117286848e-01
1.234276107432922820e-01 1.180223609184823975e-02 9.922833930533445645e-01
1.034218107656246916e-01 1.512981676680004786e-02 9.945225073885762823e-01
6.833464807860793744e-02 1.591205973660700379e-02 9.975355543672957959e-01
2.675912840511231877e-02 1.422582406523208165e-02 9.995406820018625238e-01
-1.183394192786514296e-02 1.133901626680215713e-02 9.998656832437207154e-01
-3.828805993970380017e-02 8.618570655734925437e-03 9.992295755760783882e-01
-4.513558170596197738e-02 6.615499435961257058e-03 9.989589653390572588e-01
-2.863338025928935035e-02 5.069491270017597445e-03 9.995771254851734122e-01
2.373603407344892363e-02 -1.112615187897707109e-01 9.935076623373160221e-01
7.772833234017047233e-02 -1.131130629916236724e-01 9.905370974033783638e-01
1.228290180268349630e-01 -1.000029321413314354e-01 9.873765471660620463e-01
1.454786831468890818e-01 -7.722845362820396353e-02 9.863425970220159877e-01
1.416314678039606867e-01 -5.307900390681418584e-02 9.884953953721659081e-01
1.150688905084036734e-01 -3.461919114507103212e-02 9.927540793377129802e-01
7.386466258563857690e-02 -2.561499883618745255e-02 9.969392576559951147e-01
2.778809152752703682e-02 -2.667989559006635203e-02 9.992577270856251026e-01
-1.309692867637101896e-02 -3.655195456597917780e-02 9.992459282261536568e-01
-3.932619780702067275e-02 -5.330590082217354780e-02 9.978035533628483167e-01
-4.320022602833875625e-02 -7.451437068782147677e-02 9.962837693308750353e-01
-2.095420984785665436e-02 -9.604786379974103450e-02 9.951561329505453912e-01
2.784361907891302890e-02 -2.223774779713002248e-01 9.745629739362720034e-01
1.022759218187263147e-01 -2.223722735697387931e-01 9.695824914691872909e-01
1.616267132243144611e-01 -1.928460295988762563e-01 9.678260248826736634e-01
1.870139988037846646e-01 -1.476301407731347992e-01 9.712008575916082354e-01
1.763218666191737061e-01 -1.033297751599031450e-01 9.788940478506180654e-01
1.379987763003781009e-01 -7.132967525636010886e-02 9.878605241466530407e-01
8.397784536383194609e-02 -5.643859328768194294e-02 9.948680348045411126e-01
2.617278211019448755e-02 -5.899755962371673601e-02 9.979149630280235161e-01
-2.429222529832595831e-02 -7.736187598663644971e-02 9.967070923464799170e-01
-5.690468044546112547e-02 -1.091892382326255378e-01 9.923908340960136965e-01
-6.201140180867663332e-02 -1.506371712729380752e-01 9.866423002672151110e-01
-3.296597170014591016e-02 -1.933275406803448560e-01 9.805802908096302728e-01
1.417148333914036024e-02 -3.173170928991171369e-01 9.482136002051068102e-01
1.267671442717826780e-01 -3.134286220176554782e-01 9.411124215700048534e-01
2.135952088746676525e-01 -2.621787653830555120e-01 9.410841523093795846e-01
2.450989327636631798e-01 -1.913576071630995468e-01 9.504255780117003560e-01
2.246956617277173773e-01 -1.279435004593116598e-01 9.659929193793229674e-01
1.695705226998150961e-01 -8.588817831272214931e-02 9.817683324784320931e-01
9.723969099998891474e-02 -6.855833373015352006e-02 9.928968714677646190e-01
2.187860815084258573e-02 -7.448256705742212214e-02 9.969822835486927826e-01
-4.468388473289260782e-02 -1.012078418352925502e-01 9.938613199014464383e-01
-9.090065538002257972e-02 -1.465579213469384023e-01 9.850166732304737049e-01
-1.039341236640552862e-01 -2.069356598937128477e-01 9.728182412981197791e-01
-7.050748467754212878e-02 -2.718192176072588007e-01 9.597619535821123593e-01
-2.499238804116086371e-02 -3.719724923296702235e-01 9.279072397012273488e-01
1.512233783071124937e-01 -3.645087870584937662e-01 9.188388509474580967e-01
2.790431885303577553e-01 -2.875110000540406219e-01 9.162272227906823607e-01
3.154753391875032564e-01 -1.918270112496024971e-01 9.293426214909380478e-01
2.803558015706553719e-01 -1.158817541647537558e-01 9.528756705768836044e-01
2.047687321789412596e-01 -7.153303956331280578e-02 9.761930088731258781e-01
1.117976766536591948e-01 -5.704674199388931610e-02 9.920922077723411947e-01
1.643857254094530443e-02 -6.766185526519513660e-02 9.975728778765359239e-01
-7.012411183668164349e-02 -9.983803955638409500e-02 9.925295838394805337e-01
-1.363324233148700271e-01 -1.520879752671268625e-01 9.789191581189755631e-01
-1.663582025352332572e-01 -2.232711638349178518e-01 9.604555876505067591e-01
-1.370962512243965592e-01 -3.060454896870776764e-01 9.420938255516027038e-01
-8.958998366451820239e-02 -3.375674947022627714e-01 9.370281859941226310e-01
1.836917708751799605e-01 -3.309575335058301815e-01 9.255941034430573700e-01
3.529154954198970295e-01 -2.339321254593300647e-01 9.059395199297854973e-01
3.826321617901540240e-01 -1.295471054342914041e-01 9.147732922628624141e-01
3.279598316359123578e-01 -6.006690112663125997e-02 9.427800996109748644e-01
2.336430748021424419e-01 -2.734623866476054710e-02 9.719378050204963149e-01
1.240486238632402122e-01 -2.260253269804909926e-02 9.920186814940337161e-01
1.223110259352644218e-02 -3.823381541856401417e-02 9.991939628959878306e-01
-9.272890345111982346e-02 -6.982655889766614665e-02 9.932399519437652424e-01
-1.805684309624160100e-01 -1.159810905602276787e-01 9.767002756077277636e-01
-2.343288645031625927e-01 -1.778983892485679064e-01 9.557416734470646213e-01
-2.219822366420792503e-01 -2.569680993963981974e-01 9.405802903039138796e-01
-1.468895192074083644e-01 -1.374318205299412399e-01 9.795590660357191837e-01
2.280917069255069263e-01 -1.319941154957783580e-01 9.646510906572415278e-01
3.993656683949217689e-01 -6.080619568510627765e-02 9.147730152741571086e-01
4.096366369395791907e-01 9.644316628180966012e-04 9.122482642069899006e-01
3.430652998834840539e-01 3.120380039583650622e-02 9.387931203713415496e-01
2.428863482272364260e-01 3.642078275438331847e-02 9.693708002763066212e-01
1.288218367409567355e-01 2.600769915543187094e-02 9.913266535120645040e-01
1.096223195471536342e-02 6.621205537285668012e-03 9.999179911912745577e-01
-1.033924975975847316e-01 -1.722051920339747258e-02 9.944915510746826781e-01
-2.051059139200610282e-01 -4.219391449491746715e-02 9.778298613023501673e-01
-2.771517809575084756e-01 -6.654766805132839025e-02 9.585188042960010035e-01
-2.831109061416330896e-01 -9.418298906946701021e-02 9.544515594799369840e-01
-1.340297763998378466e-01 1.773953191115936467e-01 9.749702148248041711e-01
1.804428731885684700e-01 2.070360517397885347e-01 9.615489809653602338e-01
3.401871341092094769e-01 1.768020957935181603e-01 9.235874255908902430e-01
3.616514681285621924e-01 1.490944279807211725e-01 9.203146565960930170e-01
3.114338157003551100e-01 1.234592053731231182e-01 9.422137777845410733e-01
2.258815993323677884e-01 9.767335931103597602e-02 9.692457985278692956e-01
1.229229649110007011e-01 7.322391706598897765e-02 9.897111713359465490e-01
1.259519835137369939e-02 5.290517447837673332e-02 9.985201067038929068e-01
-9.728442629084432802e-02 4.068152120390861048e-02 9.944248358895242390e-01
-1.966865946301585011e-01 4.231737909101462858e-02 9.795527667867457433e-01
-2.669879601481348619e-01 6.542631659090690499e-02 9.614763784062380081e-01
-2.696011968431272221e-01 1.151896045391141571e-01 9.560578171150402316e-01
-4.621938895723214924e-01 3.517179702437195910e-01 8.140462381521421653e-01
-1.922420240425595783e-01 5.960978035262306518e-01 7.795578316091906768e-01
5.253078150679627023e-02 6.049413865383964639e-01 7.945353584625078902e-01
1.656516227945078745e-01 5.020693543387809710e-01 8.488144103980435062e-01
1.808369863697558144e-01 3.793516506987451020e-01 9.074085681064082420e-01
1.374009976058718219e-01 2.662298877444837508e-01 9.540663565646380073e-01
5.900931921684471337e-02 1.692874246404580396e-01 9.837985912290025947e-01
-4.204932770528423819e-02 8.990860440926283503e-02 9.950619563086017250e-01
-1.595989138854684575e-01 3.133666743250484304e-02 9.866844480180857468e-01
-2.884766063421174143e-01 2.971655834929733987e-03 9.574823323983432388e-01
-4.163167385457815506e-01 2.547594782282646894e-02 9.088626680027215299e-01
-5.053988855528317448e-01 1.336410980903835755e-01 8.524740602406020162e-01
-3.374481314647099772e-01 3.301149700706392798e-01 8.815627403120411820e-01
-2.010709630050729613e-01 4.560003439080863030e-01 8.669683697759038576e-01
-4.260943818937410615e-02 4.762910925705990950e-01 8.782546503805943594e-01
6.240156810402000542e-02 4.162602579819902893e-01 9.071016712160370199e-01
1.002969775908303801e-01 3.278572975179827598e-01 9.393881565946063938e-01
8.522521177081292254e-02 2.399230656501748493e-01 9.670437352300863543e-01
3.352122382046581611e-02 1.635429315256107241e-01 9.859665496869733925e-01
-4.266165805238605196e-02 1.038106465338031192e-01 9.936817058789095825e-01
-1.344519447090330722e-01 6.640641192782698043e-02 9.886925017510508340e-01
-2.326980731737399444e-01 6.037787067861377643e-02 9.706730239753312839e-01
-3.218403783204670243e-01 9.840986396473841435e-02 9.416656888498862177e-01
-3.717936170129089724e-01 1.915199768785821044e-01 9.083444307116499417e-01
-2.175757282890241340e-01 2.440908983289822032e-01 9.450293306625455747e-01
-1.388686345494165031e-01 3.099848198936116517e-01 9.405450089038481787e-01
-4.187665149283609917e-02 3.265218508004077425e-01 9.442615246898559134e-01
3.248378205904969840e-02 2.973699731477681407e-01 9.542095697346157923e-01
6.600760666161291368e-02 2.452643677570778835e-01 9.672064855921554960e-01
6.026234763210411988e-02 1.880226935422506240e-01 9.803141925785754385e-01
2.427680540392947520e-02 1.353701945937408058e-01 9.904976260117560605e-01
-3.197043062577119288e-02 9.367681250401027615e-02 9.950892152791053213e-01
-9.900103737105689361e-02 6.941579923061416690e-02 9.926632064384246501e-01
-1.666365634502288140e-01 6.984331356363958354e-02 9.835416449098058900e-01
-2.214039109170812536e-01 1.011988774826756837e-01 9.699170559521954615e-01
-2.447626103132693465e-01 1.638421830050457995e-01 9.556395783248881060e-01
-1.083148784708169582e-01 1.326315321974264327e-01 9.852292950216919865e-01
-5.409036829753425396e-02 1.686119636678561629e-01 9.841972555162256109e-01
7.206670415426612471e-03 1.840292088137160109e-01 9.828943555667253307e-01
5.333436905993288457e-02 1.774056124504583554e-01 9.826915557529506406e-01
7.213116066411387473e-02 1.555915030369713070e-01 9.851844395056095216e-01
6.300167815628980594e-02 1.257464050864621208e-01 9.900599124080731173e-01
3.193040041403553270e-02 9.354404654769221672e-02 9.951029900893856306e-01
-1.259878028688965305e-02 6.459010422818514674e-02 9.978323452219152179e-01
-6.141497930025276164e-02 4.515570435813402034e-02 9.970903483041996251e-01
-1.049921030518221055e-01 4.129790570092214258e-02 9.936151877268289967e-01
-1.332677619640531552e-01 5.676234020983565026e-02 9.894532532438455874e-01
-1.363970350268262077e-01 9.020442651291223080e-02 9.865389045918575572e-01
-9.219794948712951854e-03 7.987719899262229681e-03 9.999255930877910536e-01
3.966516824876295533e-02 3.227930408520562205e-02 9.986915043974593509e-01
8.337134714254992862e-02 5.486231949712132988e-02 9.950072082024877806e-01
1.082988858923063791e-01 6.966887654720481382e-02 9.916741395010211235e-01
1.091735769508787590e-01 7.342358833151223230e-02 9.913072716227976366e-01
8.841137433026396986e-02 6.543454933145677332e-02 9.939324668420250752e-01
5.280825192573664756e-02 4.766627946581325492e-02 9.974663975946082006e-01
1.097726760827563881e-02 2.458671636732641733e-02 9.996374307588428154e-01
-2.796631360874009264e-02 2.186717058828610734e-03 9.996064743547056208e-01
-5.515597636484646099e-02 -1.360068068591445065e-02 9.983851159527924457e-01
-6.296363059075564539e-02 -1.844510258325537250e-02 9.978453584667075216e-01
-4.699783989304054388e-02 -1.065555987335574037e-02 9.988381561039808565e-01
8.108027274228833681e-02 -1.264495468974150549e-01 9.886538835515126245e-01
1.402444384474322570e-01 -9.952768190755227617e-02 9.851018922013353718e-01
1.795129630585658442e-01 -5.856578848133597165e-02 9.820107659865550120e-01
1.885093809826150490e-01 -1.831896829602320392e-02 9.819005187299226778e-01
1.690701595123717815e-01 8.970478530911780296e-03 9.855631951718971662e-01
1.297780202016814155e-01 1.741688778238285190e-02 9.913900935012980309e-01
8.101162390220535692e-02 7.234195866121900451e-03 9.966869032965482988e-01
3.292174776946139164e-02 -1.731252115008619086e-02 9.993079781204591283e-01
-4.798156547544203156e-03 -5.008982158247852340e-02 9.987331913317517573e-01
-2.302021053897814612e-02 -8.455877435560153754e-02 9.961525403201167972e-01
-1.444598472398860023e-02 -1.139619069686685776e-01 9.933800870187561305e-01
2.299197909872775086e-02 -1.304976423048403167e-01 9.911819884612679266e-01
1.611312403687324979e-01 -2.698749982226164579e-01 9.493177596104086513e-01
2.485906345839292986e-01 -2.250363546885980059e-01 9.421047369935759974e-01
2.947741299781310165e-01 -1.503157237100417043e-01 9.436701730483435524e-01
2.896643345278377413e-01 -7.719594911206366372e-02 9.540101460378997977e-01
2.453636302729517715e-01 -2.742542633898164758e-02 9.690431027202085490e-01
1.802824518094174044e-01 -8.547116835133721294e-03 9.835777469847128973e-01
1.102439762911269910e-01 -1.868411568607988849e-02 9.937289215437229428e-01
4.736393787326297067e-02 -5.203796834732428434e-02 9.975212815972503977e-01
2.053388982422142076e-03 -1.019921251706426973e-01 9.947830869072573634e-01
-1.525123576787080527e-02 -1.616091116425601715e-01 9.867369937534222757e-01
5.395224128822152278e-03 -2.213568237283444762e-01 9.751779571675640579e-01
6.833658851888038677e-02 -2.648490658558222410e-01 9.618654183329207186e-01
2.215734514632856644e-01 -4.202827232092437026e-01 8.799247912058146825e-01
3.648444177271905065e-01 -3.361143265303656591e-01 8.682831970931667032e-01
4.294434481183475039e-01 -2.052259526571465764e-01 8.794661069217636351e-01
4.068536880331491967e-01 -9.104551842322014532e-02 9.089448773763871836e-01
3.300636744047216187e-01 -2.322609009309542852e-02 9.436728880164449995e-01
2.322703305800657148e-01 -3.291041143211268557e-03 9.726457024941663754e-01
1.347273703494660801e-01 -2.233636827051226764e-02 9.906309213482411558e-01
5.005035548200608558e-02 -7.116549484045460450e-02 9.962080276027435177e-01
-1.174192422646240345e-02 -1.430189717975865471e-01 9.896502922352566900e-01
-3.863757728728244717e-02 -2.321669539387194725e-01 9.719082483034746645e-01
-1.476346148528537988e-02 -3.284380314865787964e-01 9.444101331933634214e-01
7.468923516662585860e-02 -4.065614212900902080e-01 9.105653896721339624e-01
2.330850963671830534e-01 -5.688586924255014665e-01 7.887148571590643087e-01
4.850907210803619418e-01 -4.091524875729080635e-01 7.728397209218215158e-01
5.770957346644715047e-01 -1.905338930534281605e-01 7.941393760732607943e-01
5.243327361313935286e-01 -3.540656800700860141e-02 8.507770311679359043e-01
4.068125512617351558e-01 3.406551769812404817e-02 9.128762723610553964e-01
2.744404301066223906e-01 3.877208665238934815e-02 9.608221352671648674e-01
1.489700172531092104e-01 4.241497537212147485e-04 9.888416223322640253e-01
3.969567465364828157e-02 -6.820520369207390410e-02 9.968812886211406710e-01
-4.611596134911138956e-02 -1.616355560639954059e-01 9.857724205538945794e-01
-9.641358778015099440e-02 -2.778113312263132961e-01 9.557851664121542745e-01
-8.854254796875284106e-02 -4.109655838122399651e-01 9.073408985167269458e-01
1.319052835188926076e-02 -5.342420426529347344e-01 8.452286376027200454e-01
1.213774281909089231e-01 -6.738147003196230944e-01 7.288629977978411389e-01
6.004246301110218731e-01 -3.725632257246966894e-01 7.075923306493904219e-01
7.014092939187396292e-01 -4.469146606087347900e-02 7.113562224832398195e-01
5.970919465236407264e-01 1.132260973773055596e-01 7.941417117046966068e-01
4.439048394387020702e-01 1.453098777010610743e-01 8.842135109605656629e-01
2.901988512792870734e-01 1.124703418959227957e-01 9.503341774923451668e-01
1.475666019051858902e-01 4.629361785635172782e-02 9.879681163620325224e-01
1.868717396303097231e-02 -4.119912832562608318e-02 9.989761865802619933e-01
-9.363934718411273672e-02 -1.476542629288228325e-01 9.845963087976178363e-01
-1.807040583054853045e-01 -2.751414114289191248e-01 9.442686307556177328e-01
-2.193385230027619093e-01 -4.252993718546471125e-01 8.780723527289414632e-01
-1.545934451662041298e-01 -5.861086144730582870e-01 7.953474453043696268e-01
-2.356343598599345834e-01 -5.104788046593804474e-01 8.269751135596008496e-01
6.206725273750645089e-01 2.026759215283464172e-02 7.838079091653832320e-01
6.642729674275398288e-01 2.926847645919796737e-01 6.878059706929307016e-01
5.442549299762449166e-01 3.312669037860782595e-01 7.707456192885591140e-01
4.052726975050873759e-01 2.779832619750512990e-01 8.709071975351805328e-01
2.653556425591640511e-01 1.946875618787075879e-01 9.442897522538677979e-01
1.277556097946383196e-01 1.017809164776615899e-01 9.865693838787735759e-01
-7.017493550984763538e-03 3.988068451742069961e-03 9.999674245165308673e-01
-1.387699301139512786e-01 -9.918314653704408956e-02 9.853454267105025144e-01
-2.644749880536268472e-01 -2.089787323250829332e-01 9.414780242415451417e-01
-3.715416566368027751e-01 -3.234652653427462776e-01 8.702453789020526687e-01
-4.166961092495412022e-01 -4.334802687889694472e-01 7.990364253943278428e-01
-5.590291770365265478e-01 1.755265865787145885e-01 8.103559690814333694e-01
2.197331501798787182e-02 6.427201991767274025e-01 7.657858179656997777e-01
3.076500674425062254e-01 6.102322862670722659e-01 7.300465689254636015e-01
3.483691829035293619e-01 4.921946331513688544e-01 7.977363947446219905e-01
2.967634385306581746e-01 3.680874828631108264e-01 8.811600686089509082e-01
2.054956458769452987e-01 2.522700964518495015e-01 9.455851828162730177e-01
9.427603253889413337e-02 1.475514690474988566e-01 9.845509604234531364e-01
-2.942312900950163831e-02 5.319782500062075065e-02 9.981504249833393905e-01
-1.634757749692581363e-01 -3.062297554924336973e-02 9.860719569923773742e-01
-3.070706668186077848e-01 -9.859733815709735560e-02 9.465654602234512272e-01
-4.553619628068975578e-01 -1.315301260496658242e-01 8.805369434442065213e-01
-5.821734719064590724e-01 -7.637820550539559106e-02 8.094692201264941378e-01
-9.070451659706865177e-01 1.161055557670719884e-01 4.047080019091141012e-01
-7.323709013638048937e-01 5.922113543503395583e-01 3.360335914966693371e-01
-3.666162617259702827e-01 7.845813810514307152e-01 5.000245725416117004e-01
-1.092517133248319672e-01 7.097293589791124901e-01 6.959513633428356938e-01
5.518754927523733013e-03 5.426663162674923990e-01 8.399302426586994219e-01
2.436907667937933744e-02 3.661107051776794075e-01 9.302521699281981471e-01
-1.545889388061343593e-02 2.034480769087504970e-01 9.789636880917114148e-01
-9.549694004454102603e-02 5.755385474141069824e-02 9.937645034144826361e-01
-2.107269700312585092e-01 -7.173266381628347343e-02 9.749095183878848658e-01
-3.636035734916766016e-01 -1.778343421521534351e-01 9.144218873667537828e-01
-5.563946976604754457e-01 -2.345153565947163676e-01 7.971370571843513497e-01
-7.711266389969593238e-01 -1.736051952756801631e-01 6.125560731904812206e-01
-6.604375260969420625e-01 2.006592917245833552e-01 7.235731633825934761e-01
-5.697258201207264783e-01 4.337765646236016459e-01 6.980332240452712389e-01
-3.634566179974558220e-01 5.527485047324104395e-01 7.499122464328787929e-01
-1.746309580758740321e-01 5.279898717253211915e-01 8.311021139649397149e-01
-6.328930963594064929e-02 4.262349904968461556e-01 9.023958090339663229e-01
-2.564120549960366077e-02 3.024962916663785917e-01 9.528056056240362670e-01
-4.290810489067660438e-02 1.818387148717587332e-01 9.823917631518354066e-01
-1.009862312174222010e-01 7.420269732833989496e-02 9.921167979697413930e-01
-1.929555012088011445e-01 -1.328660147863906273e-02 9.811175468691867296e-01
-3.154018706483815992e-01 -6.897523368625160800e-02 9.464481375804358887e-01
-4.599235756811529408e-01 -7.114325810136758188e-02 8.851039155710687112e-01
-5.974613114784039780e-01 1.235338290439970226e-02 8.018025787045580666e-01
-4.219587484346929429e-01 1.727210416110588620e-01 8.900102563478274886e-01
-3.685542512443107932e-01 2.922445849556924435e-01 8.824742865680186288e-01
-2.554435344179540879e-01 3.600765127399979115e-01 8.972700294209934313e-01
-1.401334683522185709e-01 3.563185545736413107e-01 9.237963513210798450e-01
-6.284323418948337125e-02 3.027097632554416329e-01 9.510086893116774798e-01
-3.242149970387194630e-02 2.265052903121470285e-01 9.734701843495597862e-01
-4.240543078854955988e-02 1.455569165524967512e-01 9.884406727180871099e-01
-8.385857334053023471e-02 7.125593145293016017e-02 9.939267236120185034e-01
-1.495979189562736122e-01 1.371608515844326311e-02 9.886517747174328186e-01
-2.330003266831126574e-01 -1.545040410989546691e-02 9.723539133353149566e-01
-3.230814997023161994e-01 -2.958142402315293903e-03 9.463665219901363779e-01
-3.977013807410939017e-01 6.162807405500703162e-02 9.154428394197798857e-01
-2.138181700865965373e-01 9.743913252588104479e-02 9.720017518469314943e-01
-1.755856501551873172e-01 1.639348508668994064e-01 9.707188285650935056e-01
-1.131498414084058796e-01 2.081039747531831796e-01 9.715399369460139267e-01
-5.248522102566956921e-02 2.177863722113933809e-01 9.745842178349226614e-01
-1.369879403370600698e-02 1.969926149304959684e-01 9.803092638064279107e-01
-2.926208166817179015e-03 1.557464583486191101e-01 9.877927302919455865e-01
-1.703503850537892161e-02 1.041274682984056482e-01 9.944180598766136914e-01
-4.959739833645402524e-02 5.204872109698907567e-02 9.974121659126150563e-01
-9.379566544759451729e-02 9.946562945460731345e-03 9.955417816590576008e-01
-1.426053301539279006e-01 -1.175876485899967315e-02 9.897097813301817260e-01
-1.872565225133684674e-01 -4.604124579337188702e-03 9.823002579726424210e-01
-2.156327256616060450e-01 3.435060289099856057e-02 9.758701571955414877e-01
-2.724566705752246021e-02 -1.831224997667481400e-03 9.996270905900718207e-01
1.015151719404396545e-02 4.612829167608799297e-02 9.988839409089321775e-01
4.472450051429057577e-02 8.947433055431576465e-02 9.949844537607727135e-01
6.527895447002063367e-02 1.155872680266636365e-01 9.911499591754303617e-01
6.708358141715793643e-02 1.189992952059447939e-01 9.906255401737995570e-01
5.193447879793003374e-02 1.005533569860269788e-01 9.935752776266831843e-01
2.519656717605440674e-02 6.559926388130135622e-02 9.975278790995123490e-01
-6.551745152910735601e-03 2.264399622845682594e-02 9.997221234274807911e-01
-3.653821055759678971e-02 -1.810585099776355553e-02 9.991682227377018943e-01
-5.817423437844403133e-02 -4.658212964874386408e-02 9.972190650262138245e-01
-6.558337483248073696e-02 -5.482718478449974397e-02 9.963397014844789235e-01
-5.502086063637983554e-02 -3.899845709887463790e-02 9.977233209857689911e-01
1.501045097535437522e-01 -1.194346246547251245e-01 9.814295729114353994e-01
1.996290508986277024e-01 -6.325340777298349426e-02 9.778278214708575611e-01
2.184588341339723794e-01 1.012857695105861579e-03 9.758456393857232181e-01
2.046855999332181930e-01 5.142354820008401134e-02 9.774760477221486887e-01
1.680556414482349548e-01 7.475046633802505391e-02 9.829393008522046005e-01
1.210494566654754106e-01 6.836417746881638668e-02 9.902895376000327987e-01
7.407067642398713903e-02 3.711373314373841992e-02 9.965621434241862531e-01
3.525083200336080053e-02 -1.019074587882834448e-02 9.993265369945465437e-01
1.183132653831234400e-02 -6.314330705507589792e-02 9.979343377630198741e-01
1.070223488084017655e-02 -1.109855534336784133e-01 9.937643931524906549e-01
3.669646231737707515e-02 -1.428166667578987803e-01 9.890686373299251155e-01
8.786629958636067717e-02 -1.478238209850968599e-01 9.851028531815071432e-01
3.272473230259519417e-01 -2.565331758995398892e-01 9.094503390703986279e-01
4.046243739864585076e-01 -1.617599714490030038e-01 9.000626798244742988e-01
4.129800679815261999e-01 -5.040899334086184486e-02 9.093439375946702485e-01
3.615474764599727053e-01 3.434705824745449415e-02 9.317208282823611354e-01
2.795899707503521348e-01 7.304684880307479866e-02 9.573367255756641825e-01
1.934035530258038649e-01 6.677171409084715903e-02 9.788445248731705295e-01
1.190392106721583770e-01 2.543650742207452867e-02 9.925636757470637228e-01
6.569951323393424802e-02 -3.970137479218402432e-02 9.970493341858167602e-01
4.100122462679201690e-02 -1.180449516665669357e-01 9.921614228366311128e-01
5.371706608336968697e-02 -1.982880566019591118e-01 9.786706920207739469e-01
1.117738500747328945e-01 -2.644485683261920128e-01 9.579006008713703002e-01
2.125008110468621925e-01 -2.919937186390962336e-01 9.325143825055796087e-01
5.027192284751614837e-01 -4.153734599006170813e-01 7.581149425592198510e-01
6.314374115595601245e-01 -2.345800564440094216e-01 7.390933583802332674e-01
6.264734790384085539e-01 -4.003575073789993055e-02 7.784138479782994890e-01
5.241803490505242413e-01 8.548385449534152969e-02 8.473060086473100938e-01
3.868461023310192370e-01 1.268048583087559578e-01 9.133841585118676054e-01
2.560873997250396328e-01 1.030348019069294435e-01 9.611467490961957960e-01
1.502366837224432539e-01 3.610402140470154314e-02 9.879906064850251246e-01
7.653724041051826465e-02 -5.932979697785843026e-02 9.952999678594255384e-01
4.171309847522901293e-02 -1.742755575368487297e-01 9.838130144802292865e-01
5.789515181888332807e-02 -2.994806203332253669e-01 9.523442179383826423e-01
1.425711352719677416e-01 -4.147901760061827314e-01 8.986782412387984698e-01
3.042271576783215914e-01 -4.744602458768354403e-01 8.260346915315376348e-01
6.429986761315351629e-01 -5.978522441610462090e-01 4.786704468051236616e-01
8.643785232000259500e-01 -2.403563749643083114e-01 4.416770105455917750e-01
8.260308841046928308e-01 8.479809549619402032e-02 5.572093515954810172e-01
6.531601119151586587e-01 2.351169709907287297e-01 7.197929411679041545e-01
4.596287077626846629e-01 2.455998023956038889e-01 8.534765304703451072e-01
2.912997678280619396e-01 1.783179955204740874e-01 9.398654891721264226e-01
1.589167317474736718e-01 7.044234056838187541e-02 9.847757861695775050e-01
6.339420445665983062e-02 -6.321464014603780934e-02 9.959844798552552891e-01
8.611101446969436635e-03 -2.193031080398638866e-01 9.756187758216863237e-01
9.558710537980123767e-03 -3.956755917655880306e-01 9.183405997416393962e-01
9.838223461214862242e-02 -5.750739109644832370e-01 8.121643508802024458e-01
3.166102486905237878e-01 -6.906318300064374638e-01 6.502196750376451062e-01
6.012904100741555125e-01 -7.990034497982517747e-01 6.582549913468324458e-03
9.936078736888787066e-01 -8.029809353576627950e-02 -7.934487707525841871e-02
8.854102905478677954e-01 3.963680981914733392e-01 2.427775692440789779e-01
6.580752868829432556e-01 4.903972437968582843e-01 5.713558086432155569e-01
4.502170001237315033e-01 4.125028227704236050e-01 7.919255482720598538e-01
2.784664858232738793e-01 2.766972332891630693e-01 9.197255337128263930e-01
1.391864769958842396e-01 1.210943294585110630e-01 9.828343136025565752e-01
2.793841946255729361e-02 -4.795654918457940841e-02 9.984586191266068278e-01
-5.465740888462426034e-02 -2.363479172373199877e-01 9.701300065824215446e-01
-9.541004067625317997e-02 -4.524990412697592057e-01 8.866462326024325824e-01
-5.541226483375735756e-02 -6.932310061027031622e-01 7.185821129723533041e-01
1.482447013585890538e-01 -8.958677885385427642e-01 4.188608527640090284e-01
-5.386845703159320181e-02 -8.577100440904237288e-01 -5.113038916372085740e-01
5.403553065357620255e-01 4.242392015375582304e-01 -7.266617112366533515e-01
5.397335194012853332e-01 8.418359100583192589e-01 1.690298198097701292e-04
4.443276805028276155e-01 7.514949390934427820e-01 4.876763976817544699e-01
3.300155790991995408e-01 5.591102574889379451e-01 7.605823016100705658e-01
2.105613674609737862e-01 3.604799253879082399e-01 9.086903399537300530e-01
9.312898038168922199e-02 1.708378009933360087e-01 9.808880867687759242e-01
-2.048620386887969186e-02 -1.569510182359054595e-02 9.996669341485491245e-01
-1.304285162454467961e-01 -2.114731014588978053e-01 9.686421059965334424e-01
-2.323706214274697812e-01 -4.299582717934458675e-01 8.724332517813284671e-01
-3.071069712932055218e-01 -6.781905768565438253e-01 6.676397603843826634e-01
-2.983755449500140045e-01 -9.198335320057458020e-01 2.547122053878841386e-01
-9.574004295674574117e-01 -2.372401035823348547e-01 -1.646254862291494092e-01
-5.894208167478718341e-01 7.429267728853568009e-01 -3.172426688113396120e-01
-9.589235200088541689e-02 9.808985196797967987e-01 1.692416937923686415e-01
1.097838233602668190e-01 8.264227381701185760e-01 5.522435784721849705e-01
1.502546413495968736e-01 6.042176633976065192e-01 7.825244775668557251e-01
1.120347395043703176e-01 3.922766895612606608e-01 9.129990229846509653e-01
3.485199449221139389e-02 2.010184671090060327e-01 9.789672693002280379e-01
-6.646729345240934284e-02 2.406313314531425412e-02 9.974984032690447089e-01
-1.899647232799513974e-01 -1.478336729344900402e-01 9.705970374238644949e-01
-3.400077093762386427e-01 -3.198747052669596580e-01 8.843500045202071780e-01
-5.244844195634549289e-01 -4.802064170363435913e-01 7.030774428697519340e-01
-7.519498655907392859e-01 -5.516833326450636399e-01 3.608557885356438177e-01
-9.794397852343101896e-01 -1.834271572893565461e-01 8.397728900621646841e-02
-9.440188762359567054e-01 3.291788673475182225e-01 2.167105447287717007e-02
-6.851947252068876226e-01 6.867477659213196972e-01 2.426637479122289442e-01
-3.994601944073478683e-01 7.394192281503966235e-01 5.419324294832079669e-01
-2.071017476900769982e-01 6.020400481382062186e-01 7.711398359191991014e-01
-1.138494217280023174e-01 4.024773284009713903e-01 9.083228001626775239e-01
-9.244482799754709379e-02 1.976485217923992510e-01 9.759042041152082847e-01
-1.243173381453430287e-01 2.987397997385460714e-04 9.922424654241652764e-01
-2.058841839907494253e-01 -1.906887675005307370e-01 9.598174288538776633e-01
-3.442406180594308474e-01 -3.697541882064542262e-01 8.630065105093976952e-01
-5.464996005140261293e-01 -4.997181638320849495e-01 6.720267430499267114e-01
-7.916594494963634654e-01 -4.805965979514505437e-01 3.772296728261874121e-01
-8.274039999847082605e-01 -2.961491295861970116e-02 5.608257998164399849e-01
-8.079016729787846796e-01 2.550707007872582976e-01 5.312568346834942723e-01
-6.342105106191672226e-01 4.653883243079234844e-01 6.174064591644438105e-01
-4.154471107754754144e-01 5.139430522161291259e-01 7.505106509750718580e-01
-2.449427151430844940e-01 4.383236163793583495e-01 8.647979380308877806e-01
-1.479920115512429746e-01 3.069125840033437025e-01 9.401611725111626017e-01
-1.154144031490178524e-01 1.609607859735035507e-01 9.801893393241110086e-01
-1.357157767640520818e-01 1.744559670419173342e-02 9.905942050573105506e-01
-2.053602960794872478e-01 -1.151312443986793749e-01 9.718909122722538818e-01
-3.270759444092977142e-01 -2.237219350249255723e-01 9.181338804213000637e-01
-4.992489154461312029e-01 -2.783141633656962544e-01 8.205435679449379904e-01
-6.927749250702233130e-01 -2.267684575467227570e-01 6.845721071267374391e-01
-5.577604627000526394e-01 2.402177896555518846e-02 8.296542776265009023e-01
-5.461396205353528099e-01 1.762541794089632630e-01 8.189419876416312860e-01
-4.471650836080259261e-01 2.923025504422648302e-01 8.453417102017628526e-01
-3.136947177877528192e-01 3.291146914827596803e-01 8.906621940344874311e-01
-1.999843695147333344e-01 2.944075615007836211e-01 9.345215030597432415e-01
-1.295055298519751374e-01 2.173242025407334521e-01 9.674701590890545377e-01
-1.033042330234695411e-01 1.221016410720631856e-01 9.871268533917050281e-01
-1.164472627382395487e-01 2.463517211805616586e-02 9.928913048745944270e-01
-1.658983363630648633e-01 -6.238052483431329176e-02 9.841678780133997773e-01
-2.503267797147256113e-01 -1.244932265278720779e-01 9.601239190367359955e-01
-3.633345509811203855e-01 -1.423082614197073714e-01 9.207259976752260044e-01
-4.814642847975757478e-01 -9.450557862902557449e-02 8.713557471391314424e-01
-2.872546057587161417e-01 1.863770332834258775e-02 9.576729230196732168e-01
-2.766483357970043189e-01 1.044828813604518486e-01 9.552743196607876852e-01
-2.275071720853045210e-01 1.737044208553014946e-01 9.581582650194786499e-01
-1.627632223494342167e-01 2.042220851769401546e-01 9.652986446568192491e-01
-1.071140273523836922e-01 1.935019543712365730e-01 9.752351402604968467e-01
-7.314111434308633031e-02 1.510664125456729345e-01 9.858140374296032737e-01
-6.274019486869830686e-02 8.956640035086153862e-02 9.940027806179387859e-01
-7.356224139830928876e-02 2.196006378608444942e-02 9.970488213919584952e-01
-1.029471630101242569e-01 -3.848748300734487759e-02 9.939419476407551635e-01
-1.482067484231897048e-01 -7.838258649132033573e-02 9.858452869779446015e-01
-2.038180586449105380e-01 -8.541144580420217958e-02 9.752759014227064815e-01
-2.570989683982117802e-01 -5.180787399568871632e-02 9.649953702691284052e-01
-3.427300300566768487e-02 -2.024830687792114961e-02 9.992073695351973983e-01
-1.872681407254611630e-02 4.326334613507076821e-02 9.988881765822871239e-01
-2.791237266445702973e-03 1.008297248188873285e-01 9.948997816802715999e-01
7.965627192569333173e-03 1.352595732831049502e-01 9.907781773024252336e-01
1.060074680427754851e-02 1.391411558956142935e-01 9.902158163265732949e-01
5.537543354911796806e-03 1.141529194328492897e-01 9.934477573574477249e-01
-4.908293819420561123e-03 6.793250978994000433e-02 9.976778451812036153e-01
-1.794634682716570590e-02 1.171952024477684005e-02 9.997702643511982012e-01
-3.087807389443154860e-02 -4.146591469896711291e-02 9.986626670056223398e-01
-4.113052326894607591e-02 -7.879415560572212984e-02 9.960420478563863922e-01
-4.623510889403383700e-02 -8.983962276170973094e-02 9.948824839585901358e-01
-4.419711613739265438e-02 -6.924383418763517539e-02 9.966202417933396340e-01
2.135387602490426973e-01 -8.473126909365390202e-02 9.732532095550504581e-01
2.406749370375668995e-01 -7.525531293872028508e-03 9.705766023662115716e-01
2.302266992951921554e-01 6.869973899214901203e-02 9.707090258125270488e-01
1.907478690303122670e-01 1.189191510600303842e-01 9.744093010494340179e-01
1.399166404289420018e-01 1.318307362233564206e-01 9.813480476965364963e-01
9.259485766406443108e-02 1.092349240072509192e-01 9.896938535280229710e-01
5.710310774120519461e-02 6.016560484081099475e-02 9.965537291488484328e-01
3.758055904983250567e-02 -3.334669464741309413e-03 9.992880373350750967e-01
3.701733863650674694e-02 -6.804708422737118512e-02 9.969951408951129856e-01
5.818970884972120977e-02 -1.203536194039677154e-01 9.910241995432339523e-01
1.014465874589771943e-01 -1.467451935226349868e-01 9.839585550575666861e-01
1.594374935348561728e-01 -1.357526043936493065e-01 9.778296968570617809e-01
4.688207307765727139e-01 -1.756048292017679535e-01 8.656616350256255421e-01
5.157810981504752368e-01 -4.375956983531038152e-02 8.556021031055587311e-01
4.771332248804076581e-01 8.465108049752376185e-02 8.747445800265671867e-01
3.800475221490789979e-01 1.623989648861216273e-01 9.105989551455990760e-01
2.685650545642081499e-01 1.767872628000174418e-01 9.468997175934610322e-01
1.740666819167331902e-01 1.397304619233208922e-01 9.747698129595695482e-01
1.098887338724801738e-01 6.891468632619686396e-02 9.915519311546520109e-01
8.006253338337097902e-02 -2.052256234379865388e-02 9.965785544467373747e-01
8.758822887394959733e-02 -1.155127600722129222e-01 9.894367612046593985e-01
1.372723693881000018e-01 -2.013510247098494466e-01 9.698525977955768651e-01
2.313416638919907620e-01 -2.569031327078683535e-01 9.383399250551935911e-01
3.560097227356586180e-01 -2.540766527825195076e-01 8.992786730644098947e-01
7.190610565290673772e-01 -2.931841287438282095e-01 6.300748079680675851e-01
7.948137809767337192e-01 -4.793751265500500319e-02 6.049570633109849771e-01
7.188853234226743050e-01 1.740302749799536863e-01 6.729913485014207275e-01
5.518961079134122594e-01 2.845651118574249461e-01 7.838580121320720684e-01
3.743939759207954299e-01 2.826415804680149080e-01 8.831437526160650364e-01
2.329901515409219248e-01 2.082542752603619984e-01 9.499188102784134058e-01
1.408727865691780656e-01 9.564334999629495182e-02 9.853969797019136445e-01
9.842670602600539498e-02 -3.691193101105275098e-02 9.944594978630233451e-01
1.077948636334375571e-01 -1.794004053259150855e-01 9.778526279266298582e-01
1.783576079357156174e-01 -3.185160582706340060e-01 9.309866187626768541e-01
3.215757103194967770e-01 -4.227061484221492083e-01 8.472948569527244400e-01
5.257972506844341698e-01 -4.318321306704174800e-01 7.328425902561290783e-01
8.799907710672311145e-01 -4.280671167405761257e-01 2.058513696867252940e-01
9.880326507973203887e-01 1.550768144171137466e-02 1.534633271330744231e-01
8.671005089621715012e-01 3.729518228748388564e-01 3.302175724758481534e-01
6.378445139587938240e-01 4.997635735735623808e-01 5.859955175098855440e-01
4.155476624937878838e-01 4.470116151535033500e-01 7.921494531423682872e-01
2.478382751384763105e-01 3.082857419454557713e-01 9.184422086824289844e-01
1.397653918479164759e-01 1.373723393433886886e-01 9.806092369670073028e-01
8.583199838246248492e-02 -4.872656675236612667e-02 9.951173748590674828e-01
8.672168824447099023e-02 -2.483597669837470101e-01 9.647780962127144866e-01
1.570785302150780327e-01 -4.550820385955129388e-01 8.764854097434440217e-01
3.242259093781656998e-01 -6.295531121395464558e-01 7.060739611990595188e-01
5.962450960781473519e-01 -6.642290893055352585e-01 4.508785893375016895e-01
7.421229068191987910e-01 -5.525028331640546853e-01 -3.794656908338839840e-01
8.639594865914331789e-01 1.739755285096219184e-01 -4.725531938400583942e-01
7.346696086191095709e-01 6.709333150678450375e-01 -1.005437860020226837e-01
5.295618311062462169e-01 7.666191495215263219e-01 3.631244230593080324e-01
3.426219289636405207e-01 6.286256717783877956e-01 6.981690186297443423e-01
2.003347975021514404e-01 4.127382450454701313e-01 8.885455024851466321e-01
1.022908723914417173e-01 1.829361829198104805e-01 9.777887964198465065e-01
4.279828490265689261e-02 -5.148870040571169177e-02 9.977560927100289634e-01
2.205295912456236782e-02 -3.004275272566119814e-01 9.535496672226196901e-01
5.511585369684673247e-02 -5.683986220012779977e-01 8.209051401826892302e-01
1.784601229793250365e-01 -8.173993453433894274e-01 5.477319551919951346e-01
4.301790972104113098e-01 -8.973727323568400083e-01 9.832661666957893953e-02
9.246309861102745831e-02 -6.033357980439565393e-01 -7.921088878393319765e-01
1.817870321905435127e-01 3.558404941390795329e-01 -9.166957061414153785e-01
2.052384159111895756e-01 9.101202104795009795e-01 -3.599422107934606707e-01
1.974026065459492940e-01 9.494175547083671951e-01 2.442099869791559130e-01
1.550886122871685535e-01 7.431883882401757457e-01 6.508598481422609439e-01
9.639445301685223289e-02 4.772937472767909139e-01 8.734407754610542529e-01
3.634092565562922067e-02 2.147140537099252733e-01 9.760006210356766410e-01
-1.979033139308506231e-02 -4.212668830183999985e-02 9.989162552066308542e-01
-7.058966603084607105e-02 -3.098329433421175283e-01 9.481669928179924378e-01
-1.094017834780806192e-01 -5.996120300041922757e-01 7.927778145522443864e-01
-1.142904129061772106e-01 -8.796682650260486680e-01 4.616507825441216739e-01
-4.738190114027369948e-02 -9.921246722320029576e-01 -1.159464971126080712e-01
-7.284644913687438050e-01 -4.353351130976597094e-01 -5.289828202494648579e-01
-6.746473517947463305e-01 3.810715268833983482e-01 -6.321672580221097126e-01
-4.161051198778773497e-01 8.898100114894574864e-01 -1.873357218060160145e-01
-1.850030206079696926e-01 9.266216022297025789e-01 3.273320770213860587e-01
-6.227794693008313620e-02 7.275962306402212754e-01 6.831728789144921876e-01
-2.431549681194224849e-02 4.710365399837619926e-01 8.817785065507344200e-01
-3.677727433701696164e-02 2.194025161292936510e-01 9.749410074504489820e-01
-8.214579882143159539e-02 -2.240024903430585038e-02 9.963685545916780573e-01
-1.575648373680386405e-01 -2.667762700195954739e-01 9.507911146932779278e-01
-2.675145663374153271e-01 -5.198044940595749619e-01 8.113194467980845426e-01
-4.153483057162039582e-01 -7.472870239206510501e-01 5.186982637511889926e-01
-5.887210669233929883e-01 -8.080093510137539292e-01 2.298682307044135412e-02
-9.044978767912432716e-01 -4.220268053067992020e-01 -6.145702956407309708e-02
-9.903687971167186577e-01 7.179563493556936904e-02 -1.183851025331813800e-01
-8.673250369118543635e-01 4.849942722136267870e-01 1.119278172122876447e-01
-6.308308385574438182e-01 6.303801588072549533e-01 4.524083426585744916e-01
-4.061697444110709543e-01 5.487473624899557034e-01 7.306863012848179295e-01
-2.476038487547334577e-01 3.643411497537736299e-01 8.977459889512261482e-01
-1.549880490742541472e-01 1.533737963148148753e-01 9.759381042095811587e-01
-1.189417488136757795e-01 -6.322961869706762716e-02 9.908859044857745157e-01
-1.404112780067028610e-01 -2.873378884478726136e-01 9.474817205998254943e-01
-2.328121863039076256e-01 -5.136035008858081952e-01 8.258389248432471685e-01
-4.123072459005405199e-01 -6.932859560256852127e-01 5.910645634408457916e-01
-6.655635429590983643e-01 -7.038884512481379252e-01 2.481254087817798826e-01
-8.417206287574890977e-01 -2.739887858171635715e-01 4.652273942604917556e-01
-9.002816141429728081e-01 1.994789404735030150e-02 4.348506602953218225e-01
-7.961672794827745481e-01 2.772926362680616097e-01 5.377977844438149857e-01
-5.981682794970946127e-01 3.890810427517508163e-01 7.005787975486444941e-01
-4.006475417024516483e-01 3.592099093255768372e-01 8.428818353543019448e-01
-2.541177952212344548e-01 2.488032227889975800e-01 9.346235084148359906e-01
-1.668854049132516837e-01 1.056633129146516969e-01 9.802981821522015471e-01
-1.355211468680872500e-01 -4.929336166240570749e-02 9.895474638680183954e-01
-1.620801056105045379e-01 -2.079205707731954234e-01 9.646238000457834083e-01
-2.566247234499156593e-01 -3.576770430671530332e-01 8.978924680477782250e-01
-4.269068809557535760e-01 -4.623669979897128690e-01 7.771533144512844382e-01
-6.496329733207393264e-01 -4.528090739862635772e-01 6.106889081112633066e-01
-5.908315928905853998e-01 -1.580252779332787239e-01 7.911675172657536281e-01
-6.284709945072013415e-01 1.935574457034825368e-03 7.778306130608795277e-01
-5.661574549779180288e-01 1.472010965305408092e-01 8.110472078449406652e-01
-4.420618194105228604e-01 2.222819125470748003e-01 8.690063861525096911e-01
-3.111556279198239849e-01 2.191016639073065375e-01 9.247576093695861754e-01
-2.079663687494660018e-01 1.603403996823429822e-01 9.649046303645002487e-01
-1.434398578482149744e-01 7.084068538118036551e-02 9.871203596700972582e-01
-1.193368919916384246e-01 -3.219850821151898357e-02 9.923315787974100743e-01
-1.384640754810435859e-01 -1.360061850313637744e-01 9.809842085550918300e-01
-2.062234234884691986e-01 -2.258512641593146686e-01 9.520835604516952877e-01
-3.233092908647823838e-01 -2.783829357574218455e-01 9.044191746748446725e-01
-4.692842950818036374e-01 -2.617618987429532473e-01 8.433581438251394058e-01
-3.049569063272372094e-01 -8.199859461511418979e-02 9.488295504275432446e-01
-3.278730677706042651e-01 7.282508143144894412e-03 9.446937157120305351e-01
-3.039141026060958595e-01 9.033121839241232964e-02 9.484073435085063064e-01
-2.482745470930393661e-01 1.392789012288369599e-01 9.586246068917196883e-01
-1.849697230451580743e-01 1.447078013589583045e-01 9.720318172686176483e-01
-1.310533025712740385e-01 1.124740179894431896e-01 9.849744296998298454e-01
-9.409081856519832532e-02 5.462651438696865952e-02 9.940638117282351027e-01
-7.719229317316572692e-02 -1.551694351927381497e-02 9.968954681100977711e-01
-8.318215185118181532e-02 -8.441517773638748667e-02 9.929525705597311847e-01
-1.150387850624545738e-01 -1.381484007736452635e-01 9.837078312664487845e-01
-1.722422434861934637e-01 -1.623385173992178687e-01 9.715857220685344409e-01
-2.439266495487878716e-01 -1.444535755874389038e-01 9.589749496935695561e-01
-2.672556447212591849e-02 -3.737951715309689033e-02 9.989437000656721244e-01
-3.896448390067010908e-02 2.912666838690669904e-02 9.988160021661187660e-01
-4.765109140803454324e-02 8.983099663495175413e-02 9.948164481608005039e-01
-5.079105028595875398e-02 1.263697712737346379e-01 9.906820630853737653e-01
-4.833225945548733082e-02 1.307232297785045072e-01 9.902400869950949147e-01
-4.127965039798200952e-02 1.047739944831029280e-01 9.936389689133041658e-01
-3.121397572012699073e-02 5.671249267200059729e-02 9.979024906746718493e-01
-2.024019061332603744e-02 -1.739789388519207957e-03 9.997936326146937835e-01
-1.089760358164644331e-02 -5.721849540868059747e-02 9.983022017502501955e-01
-5.786594786988485603e-03 -9.654867799015846852e-02 9.953114427651539309e-01
-6.900353831926575934e-03 -1.088229008316664720e-01 9.940372032130220248e-01
-1.466229838159818256e-02 -8.813488287516341169e-02 9.960006322421670610e-01
2.530764291189102622e-01 -2.117044516607149637e-02 9.672146262726825094e-01
2.495151727792846441e-01 6.324831349265132296e-02 9.663031767479843825e-01
2.069149031663569116e-01 1.360935432072062079e-01 9.688471346631497561e-01
1.444498172327345065e-01 1.739796168233108675e-01 9.740971939346617647e-01
8.624193702629601166e-02 1.708176642219295938e-01 9.815210919219664598e-01
4.724393254044492729e-02 1.337133343845068045e-01 9.898933048798683743e-01
3.170820111669214736e-02 7.466117564041983845e-02 9.967047199817800074e-01
3.837299735046876409e-02 6.698876379406581982e-03 9.992410310479495905e-01
6.474629399161554999e-02 -5.666456191343786225e-02 9.962916464757447521e-01
1.081742556813439504e-01 -1.015721707630090759e-01 9.889294335463727492e-01
1.634739235034831095e-01 -1.147689567785062370e-01 9.798491531323941794e-01
2.183983172820258001e-01 -8.710091110301053374e-02 9.719648174154320586e-01
5.477170563001240167e-01 -3.824389821980688636e-02 8.357891064658986569e-01
5.512001227338404474e-01 1.096965959741318664e-01 8.271306314784563352e-01
4.649034834832981855e-01 2.320444686575465765e-01 8.544121462213168927e-01
3.316917338717171315e-01 2.840701731220904858e-01 8.996025402496431456e-01
2.062707737090035409e-01 2.643025688067412449e-01 9.421234101940467731e-01
1.203267196864551830e-01 1.969040334500152534e-01 9.730109362903658354e-01
8.098952242570674198e-02 1.057547062900893176e-01 9.910886132706626661e-01
8.530965470332196876e-02 7.219958130386133592e-03 9.963283269178231372e-01
1.302882007217158189e-01 -8.575947930943227104e-02 9.877602423975009316e-01
2.146908617295185950e-01 -1.578829353449388295e-01 9.638365072028064473e-01
3.325291204427948677e-01 -1.872300956295058771e-01 9.243209806923879945e-01
4.594494033031111258e-01 -1.491522405839141030e-01 8.755911459882989023e-01
8.302534846628897292e-01 -9.771976776161908629e-02 5.487531304638736396e-01
8.352901789273395883e-01 1.734350140961829767e-01 5.217380692195654479e-01
6.920432696796398053e-01 3.896540032696141354e-01 6.076560463182015814e-01
4.786198110122226734e-01 4.641817670907764093e-01 7.452907913070933033e-01
2.864985916446481373e-01 4.109836358422899738e-01 8.654542206583734076e-01
1.604010395959304669e-01 2.903055664576759676e-01 9.433950310342746892e-01
1.039284118005789209e-01 1.462662170920151217e-01 9.837708467718467853e-01
1.087922878982213321e-01 -2.061998003518261853e-03 9.940623653766175183e-01
1.710906610197708844e-01 -1.458282889646729807e-01 9.744034564027387324e-01
2.937950304702822146e-01 -2.700644807778687650e-01 9.169240188222440580e-01
4.755849000892224954e-01 -3.379695876195789594e-01 8.121548871067845177e-01
6.824083980797874815e-01 -2.904355327436125012e-01 6.707950354244911484e-01
9.767745355651668016e-01 -2.054877604409960368e-01 6.071480034209016802e-02
9.670120041545559042e-01 2.546999665939426172e-01 3.963689950521253995e-03
7.696716550355096054e-01 6.054422671272603473e-01 2.025961613916887338e-01
5.043342494446999558e-01 7.003892825496702557e-01 5.050760514285226321e-01
2.830906664073464807e-01 5.925028010158279734e-01 7.541883752627530635e-01
1.473228165492054820e-01 3.990690045500879801e-01 9.050082415820410731e-01
9.118158407928363129e-02 1.886830380495605475e-01 9.777958017281139780e-01
1.006783182393969633e-01 -2.056636159663423336e-02 9.947064396127910380e-01
1.714486441318715804e-01 -2.293148818636368547e-01 9.581336271007652172e-01
3.116610174553630652e-01 -4.275964632482694983e-01 8.485450340531208724e-01
5.294197379613074794e-01 -5.613215927924752879e-01 6.361075463488414794e-01
7.901981180554401574e-01 -5.151064375520260086e-01 3.320426060224533904e-01
7.758784077611773355e-01 -3.527051525267721477e-01 -5.230791257076093936e-01
7.245239529818944257e-01 3.191603628630069744e-01 -6.109023689040826710e-01
5.290937451029009697e-01 8.088544382703420910e-01 -2.565429916865002991e-01
3.163140698373829718e-01 9.160013058375234829e-01 2.467529471491848037e-01
1.581679676702192339e-01 7.511370904363939838e-01 6.409180644776981683e-01
7.020571037103071066e-02 4.894371657290036981e-01 8.692079262377384596e-01
4.159410103742179621e-02 2.197904106063590102e-01 9.746599951595193989e-01
5.979278196688750380e-02 -4.337296614961219654e-02 9.972680728029412744e-01
1.212434794251043557e-01 -3.121101726246028885e-01 9.422776973064036499e-01
2.343420877095389321e-01 -5.851426951307013846e-01 7.763322821210397739e-01
4.114550031511647887e-01 -7.971152605763045518e-01 4.419412197772520923e-01
6.298018738727145793e-01 -7.744726453792819543e-01 -5.951236195670712298e-02
1.533869245148415106e-01 -4.966758901247010916e-01 -8.542748454430342253e-01
5.131288850112374067e-02 2.920318887889433168e-01 -9.550310798104620913e-01
-3.174039204917269985e-02 8.657165423264561177e-01 -4.995271923076605169e-01
-6.191367604637997707e-02 9.913662940174410299e-01 1.155835966067974424e-01
-6.420750168576841443e-02 8.081435652576802742e-01 5.854753407786739139e-01
-5.311351180993370558e-02 5.195132702430538263e-01 8.528100121976410763e-01
-3.234914577994136425e-02 2.250506123382367551e-01 9.738099171057132963e-01
-4.093150707011892868e-03 -6.189609717417117463e-02 9.980742052932451980e-01
2.977074306487883376e-02 -3.589728340744311463e-01 9.328730927912594062e-01
6.972313434628658879e-02 -6.710041638372024053e-01 7.381680680237570069e-01
1.178596758302595943e-01 -9.327361705671192160e-01 3.407525978316445769e-01
1.632253389488134143e-01 -9.486894283843652076e-01 -2.708244028826365946e-01
-5.629115824745980490e-01 -5.323155369360430544e-01 -6.322742438629593842e-01
-6.735345320076171483e-01 1.706136986811096490e-01 -7.191955228000443956e-01
-6.076257086680197927e-01 7.216733176937861760e-01 -3.316302469537695807e-01
-4.428321422818654596e-01 8.724952230406843867e-01 2.065230726412189133e-01
-2.858430056042931544e-01 7.267778964077413750e-01 6.245699844215307772e-01
-1.749981391063451797e-01 4.702327819424668154e-01 8.650183709586460878e-01
-1.060752864899214137e-01 1.994087473285617862e-01 9.741581930492703156e-01
-7.087143258398899415e-02 -6.886815634335860525e-02 9.951052291518969195e-01
-7.009605431083588967e-02 -3.476941821674814914e-01 9.349841169008525910e-01
-1.134528970294330502e-01 -6.399841310475304912e-01 7.599662835699320107e-01
-2.143774987567296508e-01 -8.874961836522607950e-01 4.079127505109462759e-01
-3.754725512920395469e-01 -9.179342130553221901e-01 -1.281294022806895583e-01
-7.292956442446054677e-01 -6.775330119196839584e-01 -9.527266682979881884e-02
-9.593923314313094197e-01 -2.375756817461277814e-01 -1.520662679019974539e-01
-9.796046333612445922e-01 1.817564928591238471e-01 8.566994572628225391e-02
-8.093672941176226487e-01 3.843211102945319757e-01 4.440966869890918267e-01
-5.685625960877273011e-01 3.682159994414546111e-01 7.356313968864786057e-01
-3.527133320991659438e-01 2.398514623798484457e-01 9.044692263166124180e-01
-1.890577407311219982e-01 7.370510311163382122e-02 9.791959601861796036e-01
-7.653785690577220857e-02 -1.117151303707229482e-01 9.907884164171584240e-01
-1.784251556650011047e-02 -3.242063753266239412e-01 9.458180960606892285e-01
-3.184337516314714872e-02 -5.675329063596458168e-01 8.227347079448463774e-01
-1.545158897336533221e-01 -7.991976772916740135e-01 5.808682401642381032e-01
-4.086494197383647164e-01 -8.850205559198894845e-01 2.230342290924863802e-01
-7.106764621891060729e-01 -5.385492534676818988e-01 4.526628631551834481e-01
-8.627410352781171854e-01 -2.784807692783205502e-01 4.220501951063235779e-01
-8.473570184243074399e-01 -8.620828965662066454e-03 5.309536369921016297e-01
-6.959352288416186250e-01 1.521651371421124388e-01 7.017976405601417111e-01
-4.967616600485548761e-01 1.823570116500979332e-01 8.485126831155321847e-01
-3.176962613634862209e-01 1.257362935120444614e-01 9.398188495712521684e-01
-1.826074886767546090e-01 2.408092936379132090e-02 9.828909471147562193e-01
-9.563187025849503864e-02 -1.048062020365773533e-01 9.898839353204925695e-01
-6.294745478849465836e-02 -2.575172391469437994e-01 9.642211828609161817e-01
-1.012287979108505986e-01 -4.283936185979032030e-01 8.979040249482015401e-01
-2.335787039020739420e-01 -5.857168543720275844e-01 7.761293420481149008e-01
-4.604227050469900107e-01 -6.503071602642072069e-01 6.042445945031827970e-01
-4.983490936367747093e-01 -3.533832983019354890e-01 7.916870753981928299e-01
-5.904743872239511804e-01 -2.175516733079687071e-01 7.771816180748437608e-01
-5.810287604103316905e-01 -6.584721508780609633e-02 8.112149677127113989e-01
-4.893735127256061967e-01 4.017998199343070925e-02 8.711481699973320225e-01
-3.640724871268077867e-01 7.823903048748909184e-02 9.280785948538095020e-01
-2.446962527663169018e-01 5.907440919632554049e-02 9.677985110859058659e-01
-1.500104946160396857e-01 1.333443234057933970e-03 9.886835051897613358e-01
-8.798267072385811127e-02 -8.145401817115367760e-02 9.927861263011531490e-01
-6.657598589238439279e-02 -1.804777838963530223e-01 9.813232941402619813e-01
-9.764497281950093588e-02 -2.854705701462010303e-01 9.534002374992108786e-01
-1.920607358757431826e-01 -3.749755090235500909e-01 9.069211880684743265e-01
-3.418444609301050652e-01 -4.099084916699753389e-01 8.456461393444923980e-01
-2.499205609404919481e-01 -1.851764084746222172e-01 9.503943449766947271e-01
-3.063363855791615964e-01 -1.136464868009951085e-01 9.451150696651019478e-01
-3.153455769153254984e-01 -3.287173753073717453e-02 9.484074103419878332e-01
-2.813889299069404215e-01 2.792447277495176822e-02 9.591874133588362827e-01
-2.234573258955037944e-01 5.347186720978265584e-02 9.732459005414202391e-01
-1.597067845414217868e-01 4.369681777606274770e-02 9.861969027977102176e-01
-1.019202188462159930e-01 6.471539185435286161e-03 9.947715256132173556e-01
-5.818362097343616340e-02 -4.818651390802934642e-02 9.971422797814319949e-01
-3.644651508511679433e-02 -1.101122620718150286e-01 9.932506940744985080e-01
-4.525092248138289086e-02 -1.685749698125858786e-01 9.846495993840992389e-01
-9.034280740413341837e-02 -2.104846090704295403e-01 9.734137899652578474e-01
-1.665517690911166582e-01 -2.199157599281802988e-01 9.611959044585199896e-01
-7.676906500328118180e-03 -4.471846747422981300e-02 9.989701315721865038e-01
-4.711017608803643592e-02 8.075816705728209796e-03 9.988570530828781990e-01
-8.045169183364482557e-02 5.693236431202072095e-02 9.951312632888791310e-01
-9.802438240016074500e-02 8.677560162064376637e-02 9.913935724113489556e-01
-9.661076446109075067e-02 9.102462638102912229e-02 9.911512889476028487e-01
-7.847426590364081633e-02 7.120435749024857375e-02 9.943700161737341059e-01
-4.892016089367638709e-02 3.383266088549572587e-02 9.982295171530122246e-01
-1.473940347263888798e-02 -1.194319244612808417e-02 9.998200388767406466e-01
1.653727161477721794e-02 -5.582624853016514982e-02 9.983035353150472302e-01
3.734273704835824881e-02 -8.764135259312492987e-02 9.954519141100552915e-01
4.125065628960819519e-02 -9.873552037669754144e-02 9.942583569534193533e-01
2.513500531261873838e-02 -8.396202066795732666e-02 9.961519013650912413e-01
2.440970496336041795e-01 6.954110123625227569e-02 9.672541887213279566e-01
2.072372535154048123e-01 1.421783388223157862e-01 9.679039418894280766e-01
1.374723822855607180e-01 1.915075631160631509e-01 9.718159277240320248e-01
6.289013343280804025e-02 2.025351618830854850e-01 9.772534672836700187e-01
9.652764523754275502e-03 1.786220012813951319e-01 9.838704207340213115e-01
-1.124925094330495555e-02 1.322278395788804017e-01 9.911555139298264816e-01
-1.438516714043336754e-03 7.576171445601967425e-02 9.971249135851062428e-01
3.222718964386481894e-02 1.990980019910179935e-02 9.992822464667735494e-01
8.205966361818510524e-02 -2.503560967614074789e-02 9.963129176393636932e-01
1.403095676096358102e-01 -4.856514405527397049e-02 9.889158973442278011e-01
1.970872257260565807e-01 -4.126970808047818184e-02 9.795169404612829034e-01
2.375168270552800998e-01 8.341572435647013695e-04 9.713830660699021013e-01
5.278495690179332289e-01 1.522286505760522823e-01 8.355843885757174849e-01
4.786535407629169403e-01 2.886526034986306444e-01 8.291986869313582309e-01
3.499775189530300867e-01 3.726824183273275137e-01 8.594321097661414832e-01
2.004731655899923137e-01 3.738177885485735041e-01 9.055775896316202722e-01
8.703079798263205213e-02 3.105365469507050946e-01 9.465689056853949790e-01
3.151160715266750068e-02 2.190339803240415051e-01 9.752082516458150385e-01
3.011228618193343212e-02 1.244788832994798006e-01 9.917652231417660724e-01
7.242720195501485547e-02 3.976102318699534233e-02 9.965808353827151356e-01
1.500659194371207761e-01 -2.614230566637415834e-02 9.883303089948569653e-01
2.561065521499125142e-01 -6.154829524786378792e-02 9.646871209350962317e-01
3.773831763871036693e-01 -4.963794091931370694e-02 9.247259123660532820e-01
4.832466530641967295e-01 2.437873597609002338e-02 8.751447591881257315e-01
8.232878624901086573e-01 1.795230682953496970e-01 5.384872917965339845e-01
7.395341306478699916e-01 4.370051100427204127e-01 5.119724635208092733e-01
5.247955298419810788e-01 5.987398093287518153e-01 6.050622220754716674e-01
2.852862062400780552e-01 5.971782847115090220e-01 7.496598407265655517e-01
1.143768941822235485e-01 4.782327219732434020e-01 8.707533460810487069e-01
3.643735072877172382e-02 3.215838401316655770e-01 9.461797679289075669e-01
3.633047022802642079e-02 1.715708805671734005e-01 9.845016657549960915e-01
9.642543153320921878e-02 4.089688545883308352e-02 9.944996636064963313e-01
2.081689808184654933e-01 -6.693331837683917651e-02 9.757999827403827098e-01
3.686541768384971052e-01 -1.403954972551202940e-01 9.189032605502973627e-01
5.645847446140312975e-01 -1.475321493858688660e-01 8.120827119491327295e-01
7.452010982977907982e-01 -4.291275499520547793e-02 6.654576008691811539e-01
9.944373756446597268e-01 1.024058962079645169e-01 2.464423548853255166e-02
8.435501777211296126e-01 5.359468191386930203e-01 -3.441082274162419324e-02
5.416141121664310720e-01 8.219291141229014830e-01 1.763141652258031766e-01
2.431800645556594920e-01 8.319515530462280317e-01 4.987184271576294847e-01
5.671827255573239079e-02 6.504085144446341005e-01 7.574640598049202644e-01
-9.693423457216002528e-03 4.192478067868924407e-01 9.078200890298003811e-01
1.161047257434626341e-02 2.062771173248383882e-01 9.784247277101990603e-01
9.669209483187397869e-02 2.006378893796021551e-02 9.951120957814216794e-01
2.387151050920407747e-01 -1.471603668443332569e-01 9.598744319082092025e-01
4.408012147284387505e-01 -2.888790396425083284e-01 8.498489216026381410e-01
6.920978597768864260e-01 -3.534418840161142050e-01 6.293483829449428857e-01
9.206262402633043074e-01 -2.386569131519349907e-01 3.090148921061850462e-01
8.168492763084227448e-01 -1.171011655212464558e-01 -5.648403109091593155e-01
5.792391444242408483e-01 4.891302024153476591e-01 -6.520994239008492954e-01
2.552805648953646034e-01 9.187807066852431426e-01 -3.011209826792445310e-01
5.385670128716946344e-03 9.741458436989614000e-01 2.258558605866360369e-01
-1.058827088733210187e-01 7.606723555134734527e-01 6.404423623707536928e-01
-1.070657866016574561e-01 4.771521484094146670e-01 8.722744663279524691e-01
-4.110935036433557843e-02 2.157308634866185737e-01 9.755871134100858599e-01
6.998759968982308510e-02 -1.881083392129683646e-02 9.973704870392334776e-01
2.226384462868887248e-01 -2.471282636713071357e-01 9.430587169045618889e-01
4.210915932003888584e-01 -4.727659746013088138e-01 7.740634362863627604e-01
6.514393844391095367e-01 -6.295593222783470999e-01 4.234168019032599206e-01
8.300107313527881336e-01 -5.485897163544642963e-01 -1.006553970204998316e-01
2.605657536962728282e-01 -4.217908830101848028e-01 -8.684457029717876919e-01
-3.627971800263448537e-02 2.597830172607871191e-01 -9.649852672473296922e-01
-2.833490345820771639e-01 7.912514452123525777e-01 -5.418804988655265831e-01
-3.732392923220802516e-01 9.235543047908605363e-01 8.797656943266495000e-02
-3.305550141751061877e-01 7.418595959369883586e-01 5.834189939655971546e-01
-2.279412614431461648e-01 4.617376629677829580e-01 8.572287395606411620e-01
-1.067728525235196041e-01 1.911074920271660371e-01 9.757445795161971969e-01
2.158745277343270680e-02 -6.320119183022601672e-02 9.977673031494119771e-01
1.563368706295462374e-01 -3.276222568743332730e-01 9.317845457412819998e-01
2.939664609368258796e-01 -6.141886043897673009e-01 7.323633511325365886e-01
4.083448332820181492e-01 -8.562307777573207046e-01 3.164227431034618565e-01
4.246953242336992118e-01 -8.498488966650861176e-01 -3.120748859026798439e-01
-3.762368944882506505e-01 -6.521508583611363985e-01 -6.581375670517030096e-01
-6.679391758865579343e-01 -3.994725321980419075e-02 -7.431429702798116876e-01
-7.879218139766548390e-01 4.913239213891393842e-01 -3.711873103038892951e-01
-7.027869447048958884e-01 6.870882614466969907e-01 1.843915164387288919e-01
-5.140438300035427011e-01 5.871173256799099294e-01 6.253416559943800745e-01
-3.227397494938397671e-01 3.697963775945235509e-01 8.712575355281725331e-01
-1.622955346993839032e-01 1.371238777403992748e-01 9.771679495205038979e-01
-3.337741312719875314e-02 -9.749367965950146708e-02 9.946762944392613104e-01
6.377310786462213332e-02 -3.547265279751465883e-01 9.327926248979623303e-01
1.152155398385381335e-01 -6.466650972626112326e-01 7.540223016343922113e-01
8.355058381407058643e-02 -9.179799130944306107e-01 3.877269388363737135e-01
-8.218500361407560240e-02 -9.827649118255430416e-01 -1.655860901932232065e-01
