3.229310131968723963e-02 1.193079610015655850e-01 9.923319837880676397e-01
7.007772541662976584e-02 9.154516997161021852e-02 9.933320664587973470e-01
1.055184392436590429e-01 4.386316154257072913e-02 9.934494864053626806e-01
1.255754732128631090e-01 -4.635958170567033507e-03 9.920732374271437060e-01
1.272293092211818910e-01 -3.732621507384365628e-02 9.911707504478109998e-01
1.134074421991814741e-01 -4.790060285611132118e-02 9.923932105269431814e-01
8.863459925681345386e-02 -3.780565464884401428e-02 9.953464925799344609e-01
5.815892439181131329e-02 -1.192431334431176722e-02 9.982361194952001915e-01
2.812123935917622275e-02 2.384059745786043863e-02 9.993201798271695857e-01
5.325278829835826053e-03 6.304170002822254149e-02 9.979966860981999144e-01
-3.730726617364881620e-03 9.811679355200300656e-02 9.951679137220760252e-01
5.341001101221425941e-03 1.199854227684352265e-01 9.927612865287813726e-01
3.095673727019588456e-02 9.930756682856045625e-02 9.945751291824196372e-01
6.038981775398443580e-02 7.760766381710160200e-02 9.951533150366654867e-01
8.767766324176901049e-02 4.065400205942919232e-02 9.953189837861384781e-01
1.037192106085586818e-01 1.587652508627142734e-03 9.946053512375299110e-01
1.055076253766647626e-01 -2.673303885621776746e-02 9.940590956381163412e-01
9.466524846027683793e-02 -3.770269608008647994e-02 9.947949524611517935e-01
7.467741270108960161e-02 -3.098543969340972551e-02 9.967262345094008991e-01
4.994544118987859216e-02 -1.002040908538447822e-02 9.987016793347723853e-01
2.571487748785790048e-02 2.003282426641663991e-02 9.994685743072463380e-01
7.723451589610515026e-03 5.312400085342582762e-02 9.985580548114524335e-01
1.194735056593973152e-03 8.233173598972605423e-02 9.966042634150469315e-01
9.231834327241622215e-03 1.000364767166740942e-01 9.949409412427934196e-01
8.431136177650561461e-03 6.775725872534145433e-02 9.976662116323183893e-01
2.969308859418381963e-02 4.817061109307680528e-02 9.983976726318675166e-01
5.066203842868245016e-02 1.766439643295989251e-02 9.985596261420269792e-01
6.494197224054230888e-02 -1.372840875227950008e-02 9.977946036307479005e-01
6.929369954981309809e-02 -3.609644436068229489e-02 9.969430424589477147e-01
6.358942705796782890e-02 -4.393201215953640437e-02 9.970087076220248701e-01
4.966882372475606156e-02 -3.679223111274394081e-02 9.980878416650214024e-01
3.075749631523514577e-02 -1.772010107651764144e-02 9.993697886359302895e-01
1.119759248983618477e-02 8.459378404706367413e-03 9.999015215707457438e-01
-4.128420963017044414e-03 3.608021462111499211e-02 9.993403695704748957e-01
-1.085343487194835067e-02 5.900244131251821539e-02 9.981988353382735824e-01
-6.467594742549173312e-03 7.112932544292405179e-02 9.974461335231755710e-01
-2.802906354243919762e-02 3.128459204572720670e-02 9.991174334869422635e-01
-1.302044341315518154e-02 1.026095982853088458e-02 9.998625809362884365e-01
4.524870778807013952e-03 -1.784956744346406776e-02 9.998304448687715951e-01
1.959804443726261350e-02 -4.409577744465467686e-02 9.988350609914137257e-01
2.823454271187252410e-02 -6.048866853338676075e-02 9.977694781746723196e-01
2.842902616937548546e-02 -6.315081862936264279e-02 9.975989998879872811e-01
2.028081489563695813e-02 -5.265121159158712288e-02 9.984070004087279848e-01
5.868579898433369871e-03 -3.255582360371428452e-02 9.994526892851695044e-01
-1.114963859855177923e-02 -7.869695187057712538e-03 9.999068723919858348e-01
-2.634048182369579452e-02 1.589710970523272593e-02 9.995266184151104794e-01
-3.560142845598976424e-02 3.323179393344539989e-02 9.988133890591980313e-01
-3.627847931599902098e-02 3.930280259750779104e-02 9.985685563077024707e-01
-7.162208175489587214e-02 -2.544412414568537287e-03 9.974285956249611118e-01
-6.049537340599063506e-02 -2.781561960477302309e-02 9.977808382117132613e-01
-4.314498750090942775e-02 -5.719732839700757826e-02 9.974301858665557408e-01
-2.443101410713808055e-02 -8.124915315533569327e-02 9.963943499745760990e-01
-9.862920557071925762e-03 -9.282004979680391621e-02 9.956340498163941399e-01
-3.559737622027763816e-03 -8.964563198000261024e-02 9.959673633884452704e-01
-7.028815841860594146e-03 -7.391833351804635854e-02 9.972395277553720572e-01
-1.899867949486417143e-02 -5.039315105296707231e-02 9.985487371702851389e-01
-3.604473302199141110e-02 -2.473078777596291952e-02 9.990441258310061023e-01
-5.366476630124251967e-02 -2.615275067986778338e-03 9.985555834274767451e-01
-6.744625121954335445e-02 1.072053740977255837e-02 9.976653112512861021e-01
-7.400421534804033086e-02 1.123019020576992294e-02 9.971946946001548628e-01
-1.153892940365832814e-01 -2.587062405203751844e-02 9.929833944396658785e-01
-1.059207500465207535e-01 -5.749655385242791877e-02 9.927109050497494591e-01
-8.566376862209763854e-02 -9.171986811323439015e-02 9.920933345904198175e-01
-6.046768385111191829e-02 -1.170204614973606727e-01 9.912869770155232629e-01
-3.843722541224438294e-02 -1.258332366579951178e-01 9.913064996532675588e-01
-2.615896822697934970e-02 -1.172341676041353670e-01 9.927597183243667134e-01
-2.646885450331191991e-02 -9.538102891123249882e-02 9.950888699332439691e-01
-3.832874191196632835e-02 -6.665678141210822083e-02 9.970395082619830651e-01
-5.794215223450283753e-02 -3.770387533202229635e-02 9.976077008420628500e-01
-8.021152618681554047e-02 -1.465986456477387685e-02 9.966700554535736778e-01
-9.998377799205007688e-02 -2.888495727247049946e-03 9.949848746241900521e-01
-1.128113308014217914e-01 -6.321015878800354676e-03 9.935963206459023089e-01
-1.509041989607699530e-01 -3.174808879503708547e-02 9.880384514753844938e-01
-1.411111863412931045e-01 -7.107019936276663674e-02 9.874394461697154624e-01
-1.153616177814609095e-01 -1.138100232518894084e-01 9.867821318559359955e-01
-8.152776663808782021e-02 -1.443116483404434380e-01 9.861680239291488181e-01
-5.133823902869175809e-02 -1.530771377544036804e-01 9.868798179668839543e-01
-3.401469986931946604e-02 -1.402723043104954770e-01 9.895285144128934673e-01
-3.317966046575953482e-02 -1.123065320698512781e-01 9.931195058933403041e-01
-4.728171030087759824e-02 -7.741671785070129708e-02 9.958770464611946815e-01
-7.152573917770742307e-02 -4.329848831544445831e-02 9.964985246073807534e-01
-9.980164445024335140e-02 -1.662803429402062369e-02 9.948684034788416453e-01
-1.260069107618486117e-01 -3.237007116761945243e-03 9.920240824824454462e-01
-1.446292998169567967e-01 -7.737357044910697819e-03 9.894556578949680326e-01
-1.676591100622377151e-01 -1.616887106689785317e-02 9.857124278518437643e-01
-1.554166929015516341e-01 -6.331044426147888760e-02 9.858181572759581179e-01
-1.225504748979913544e-01 -1.179470298414128926e-01 9.854287793919068728e-01
-7.984974159109864411e-02 -1.575084768508474842e-01 9.842840537608977813e-01
-4.303579075246391494e-02 -1.690410509321123300e-01 9.846690021596543607e-01
-2.331958823166923114e-02 -1.538779719754719555e-01 9.878146417954065672e-01
-2.412111638407184178e-02 -1.209026857232147895e-01 9.923712573071477028e-01
-4.261352047637868845e-02 -8.008367098785350302e-02 9.958768465597330755e-01
-7.258423821383008789e-02 -3.988495775296854035e-02 9.965644577788074221e-01
-1.067349795520258771e-01 -7.334977511221757972e-03 9.942604499048299793e-01
-1.380304210602231463e-01 1.112535182683297742e-02 9.903655029375182384e-01
-1.601973054751292536e-01 9.469465905534874342e-03 9.870395901553330464e-01
-1.551564585641411753e-01 1.915221368971166058e-02 9.877042401835474106e-01
-1.373480319501992064e-01 -3.375354775178646821e-02 9.899475825182106892e-01
-9.716302400152514174e-02 -1.016719394045967617e-01 9.900616968172322174e-01
-4.897350357384539637e-02 -1.523189991717618652e-01 9.871172769428462335e-01
-1.090206146091007161e-02 -1.687548116197930270e-01 9.855977671499401849e-01
6.100535306400750070e-03 -1.538166258269593467e-01 9.880805782364846523e-01
1.702603723993479983e-04 -1.184932399927401542e-01 9.929548444352295222e-01
-2.422404707175488878e-02 -7.374978193859575704e-02 9.969825300412676894e-01
-5.956488281664050477e-02 -2.820757021534521514e-02 9.978258153192443025e-01
-9.754937200484624371e-02 1.110759437684080003e-02 9.951686999542471712e-01
-1.303647824148382872e-01 3.722579613267527204e-02 9.907670077310024581e-01
-1.513452900830728198e-01 4.234746756864758016e-02 9.875734378567896377e-01
-1.100429517165171373e-01 6.454731882136406640e-02 9.918287112251353843e-01
-8.226935018159249602e-02 1.114032868280501534e-02 9.965478649304798653e-01
-3.634287517834618869e-02 -6.593852607207788263e-02 9.971616249150616618e-01
9.584293360250222688e-03 -1.256378703571455757e-01 9.920298719559420553e-01
3.997370400606349572e-02 -1.483211659052587894e-01 9.881310311556095183e-01
4.785106561658000746e-02 -1.374337685204552184e-01 9.893544535653310268e-01
3.381587044223580835e-02 -1.042703560675588420e-01 9.939739331349397577e-01
3.442399649160094669e-03 -5.951341519544625647e-02 9.982215702420111914e-01
-3.523411006829711006e-02 -1.136104984803282779e-02 9.993145070667577290e-01
-7.344574037177156733e-02 3.337516215052848539e-02 9.967405990390659776e-01
-1.028288951322543360e-01 6.736266649122428507e-02 9.924154822900722595e-01
-1.164689026931974430e-01 8.129736774465584626e-02 9.898614714712856699e-01
-4.643639514180939593e-02 1.037882800451967180e-01 9.935147981441831977e-01
-6.921358682012805456e-03 5.719111775285313365e-02 9.983392563874068371e-01
4.081482700805311170e-02 -1.684528075671356054e-02 9.990247176183899569e-01
7.635605143433482622e-02 -7.979261331156332904e-02 9.938827356737168772e-01
9.249452358179552358e-02 -1.097468840322267103e-01 9.896465957868830765e-01
8.819922328321877503e-02 -1.071786216011790388e-01 9.903199685373487160e-01
6.611312941710714708e-02 -8.110469955305582568e-02 9.945104734637691957e-01
3.188795935388937658e-02 -4.087108667809318668e-02 9.986554522567172576e-01
-6.842715219224284641e-03 5.921036962161057605e-03 9.999590584467233922e-01
-4.151391913904902559e-02 5.256917490267263432e-02 9.977540159617260818e-01
-6.366048529462292604e-02 9.146285138529740288e-02 9.937715479065362123e-01
-6.635774908102753944e-02 1.125548698508212486e-01 9.914272794359719754e-01
6.310642711484770392e-03 1.222216367043500312e-01 9.924827692760826992e-01
4.900500404592046666e-02 8.527534675210553250e-02 9.951515587159465159e-01
9.231174368469867442e-02 2.373415626909805565e-02 9.954472521454943434e-01
1.187025240593013453e-01 -3.402538440966871441e-02 9.923467055408577986e-01
1.244758946469492200e-01 -6.767960261940504652e-02 9.899117248730602281e-01
1.122125453529672356e-01 -7.343429098434108016e-02 9.909670779460760803e-01
8.618670036252261413e-02 -5.625349062724553650e-02 9.946895985546758689e-01
5.198440352761782290e-02 -2.325110400705118416e-02 9.983771872154968419e-01
1.653462371863927832e-02 1.876712277233591464e-02 9.996871517236500804e-01
-1.232966251858469593e-02 6.314234867853717181e-02 9.979283657786282014e-01
-2.684246965249308808e-02 1.020842075046276970e-01 9.944135439549419697e-01
-2.106863860816160158e-02 1.255783179574414266e-01 9.918599692124340228e-01
-4.334943200058596208e-02 1.753032302489618000e-01 9.835596597103248850e-01
2.300396544207878105e-02 1.758129002805993157e-01 9.841547854219019342e-01
1.023297922091729178e-01 1.450426229098614461e-01 9.841195309340469155e-01
1.580389365592431150e-01 9.729625352650358994e-02 9.826276678279068921e-01
1.765201353977926269e-01 5.467765681775908770e-02 9.827771851462797637e-01
1.621745579160847606e-01 2.825276835137693898e-02 9.863575385453212663e-01
1.242037947863595254e-01 1.936065475609696426e-02 9.920678315558838500e-01
7.211981313470788857e-02 2.576466533101189754e-02 9.970631447274077575e-01
1.551221278584350403e-02 4.497255779075049614e-02 9.988677791881405144e-01
-3.537191219790122854e-02 7.471836235255246983e-02 9.965771390889847092e-01
-6.931023724353001236e-02 1.116632320298640429e-01 9.913260884421140062e-01
-7.482526976274041230e-02 1.491512786552898762e-01 9.859792467797923177e-01
-2.800507162487856153e-02 1.433946258712749111e-01 9.892692743811445366e-01
2.029470040844084250e-02 1.431563159656145390e-01 9.894919880092276632e-01
7.650590852661803831e-02 1.207874398491582124e-01 9.897258409960242309e-01
1.190581238789140128e-01 8.485234426676070696e-02 9.892548927403930215e-01
1.365001292997277405e-01 5.011631678499332138e-02 9.893715528016646665e-01
1.286755811942134065e-01 2.674451190970605560e-02 9.913260441888395169e-01
1.008517232741414360e-01 1.792700982361321652e-02 9.947399420106842749e-01
6.032025476950581694e-02 2.279877107598605318e-02 9.979186754950959415e-01
1.546407200790627864e-02 3.918462234537832545e-02 9.991123199363409757e-01
-2.450731333473822257e-02 6.446511400657653490e-02 9.976189857201043232e-01
-5.007606672202141729e-02 9.488001158029227278e-02 9.942284299617207832e-01
-5.277590105287372629e-02 1.242380846531028621e-01 9.908479210200512588e-01
-3.034311577713418723e-02 8.803653784295320528e-02 9.956549921180241070e-01
4.806655897775458097e-03 8.290391770763368140e-02 9.965459530236218111e-01
4.632053183075462988e-02 6.386994910700391492e-02 9.968826600618803102e-01
8.035127768677313709e-02 3.761035593759520790e-02 9.960567922062775192e-01
9.743797551866580087e-02 1.384024396630695840e-02 9.951453605246859402e-01
9.494044703309362232e-02 -6.181383403514117232e-04 9.954827619914409231e-01
7.521986028841065597e-02 -3.725533645052484574e-03 9.971600137476902548e-01
4.366351443448464320e-02 3.407810106591430827e-03 9.990404818312020874e-01
7.523050139337489339e-03 1.847833396950444851e-02 9.998009576362526518e-01
-2.498451087585670458e-02 3.872411067406206914e-02 9.989375443283617928e-01
-4.577065784187718533e-02 6.056192181802930175e-02 9.971144871610549965e-01
-4.842541653603112811e-02 7.902151079765397379e-02 9.956960278441480128e-01
-4.612545663848896527e-02 2.107172229778366337e-02 9.987133846951787852e-01
-1.814357398789460257e-02 8.718031283500087339e-03 9.997973827998671847e-01
1.673501259102221431e-02 -1.006519627337831152e-02 9.998092974050738491e-01
4.777373218361596202e-02 -2.878165775819196623e-02 9.984434318928397945e-01
6.611350204049067092e-02 -4.113918597005363637e-02 9.969636764825825503e-01
6.761894008631939845e-02 -4.417993234048453455e-02 9.967325682047648572e-01
5.292079763776421503e-02 -3.851419890566185750e-02 9.978557238699355958e-01
2.628923000421598544e-02 -2.664893854121943434e-02 9.992991096065276801e-01
-5.644600241841985291e-03 -1.149764567856725178e-02 9.999179679513553465e-01
-3.518176705985057856e-02 4.061098952237007093e-03 9.993726786048459099e-01
-5.492874393479776907e-02 1.691390863849508500e-02 9.983470102045239880e-01
-5.929444196988444687e-02 2.359758933074279641e-02 9.979615838945135042e-01
-7.297275678248320296e-02 -4.650183986486606386e-02 9.962492437421661684e-01
-4.672730024937642168e-02 -6.761616739663581233e-02 9.966165829034053791e-01
-1.099999962234139705e-02 -8.832078595461084758e-02 9.960313442741703938e-01
2.320223280891690887e-02 -1.012773889127109167e-01 9.945876265506280456e-01
4.556354443545155425e-02 -1.027103437780213929e-01 9.936672223131098880e-01
5.044088652179044840e-02 -9.357736908127711750e-02 9.943334415390076009e-01
3.769681297174923978e-02 -7.777436505160523206e-02 9.962580481143602507e-01
1.153125157731377248e-02 -5.977365728087048052e-02 9.981453502032363589e-01
-2.120893739843758910e-02 -4.335974724509009115e-02 9.988343773085072153e-01
-5.262498030112048447e-02 -3.156645282680702741e-02 9.981153092224398504e-01
-7.516921926290086320e-02 -2.704461067510352187e-02 9.968039814872482474e-01
-8.292246409983793087e-02 -3.190349094106098571e-02 9.960451958688087970e-01
-1.091216888862437118e-01 -1.033340229714728303e-01 9.886427750765723887e-01
-8.010637844074035285e-02 -1.346389325839799089e-01 9.876514192597868336e-01
-3.624860562901801447e-02 -1.595884751643237842e-01 9.865178950149133819e-01
7.883479128049791784e-03 -1.687278455492827178e-01 9.856311505290568098e-01
3.780993867100971434e-02 -1.602065729501756242e-01 9.863590941038128390e-01
4.590553747634166376e-02 -1.390837952603014571e-01 9.892160428971136232e-01
3.224047040865304914e-02 -1.128725509391959592e-01 9.930862698237045150e-01
2.185079419264926957e-03 -8.811777209199878058e-02 9.961076667054811207e-01
-3.624071066732453827e-02 -6.940076111765340616e-02 9.969303612823253724e-01
-7.424398411478293214e-02 -5.986523729367232427e-02 9.954416025998205075e-01
-1.034375457271963644e-01 -6.190544154240665287e-02 9.927076057134780473e-01
-1.166652361181595987e-01 -7.688095020397857360e-02 9.901911644612569896e-01
-1.511064981528560114e-01 -1.368028574855488511e-01 9.790055180640035992e-01
-1.158977099945702610e-01 -1.796296033418088578e-01 9.768832716457505061e-01
-5.652337954946197451e-02 -2.122162020869219901e-01 9.755866907334057592e-01
4.624910333026368940e-03 -2.204557931309064911e-01 9.753860022982924205e-01
4.544269469479018247e-02 -2.037420795488023018e-01 9.779693893573666585e-01
5.619209494259815724e-02 -1.718350507865286925e-01 9.835218166300134790e-01
3.865586696318352999e-02 -1.361179809301079624e-01 9.899381895941165022e-01
7.874934529207124403e-04 -1.048707333632154792e-01 9.944855499895026707e-01
-4.740812665993374142e-02 -8.298328834095473894e-02 9.954226456047634564e-01
-9.585122038001996081e-02 -7.345339654838234367e-02 9.926817929664766282e-01
-1.350180147226574257e-01 -7.867293578817470545e-02 9.877148904793979778e-01
-1.560149026443888309e-01 -1.002844113246192659e-01 9.826506942948329826e-01
-1.905696063029402032e-01 -1.333404897190636762e-01 9.725757240210030075e-01
-1.468942567456927306e-01 -1.876438540960973789e-01 9.711909499965276638e-01
-6.481039507614436146e-02 -2.328005327677762637e-01 9.703625738007166657e-01
1.897437935697183012e-02 -2.447454067919899723e-01 9.694017014541863597e-01
7.140047963606306614e-02 -2.231851138017711123e-01 9.721575882978187311e-01
8.232321429672985469e-02 -1.836853669254103483e-01 9.795318138607570502e-01
5.762965607139711871e-02 -1.413922984853488718e-01 9.882747799424064228e-01
9.048735121193493200e-03 -1.053738764127653132e-01 9.943915056769503380e-01
-5.119877580596085553e-02 -7.995535110340570850e-02 9.954827106413535187e-01
-1.118758515925050989e-01 -6.751154420082537688e-02 9.914262379168611306e-01
-1.624807079904341256e-01 -7.051681574558175958e-02 9.841887005184084547e-01
-1.924261733987898126e-01 -9.202019849889839231e-02 9.769874363876673851e-01
-2.115781516367973014e-01 -8.248430413861698729e-02 9.738742348582543062e-01
-1.573639267387996199e-01 -1.431810633917279807e-01 9.771058170164783618e-01
-4.748585166903040305e-02 -2.059045485985736279e-01 9.774192604801917872e-01
5.779663640067515817e-02 -2.276222461386956386e-01 9.720327473308563171e-01
1.157308283066017657e-01 -2.076730444054273872e-01 9.713281021399507997e-01
1.211316994752043019e-01 -1.677577183766987001e-01 9.783580424912345919e-01
8.622162975977144816e-02 -1.251888759105403148e-01 9.883792672399195345e-01
2.624684010007325222e-02 -8.830308247560446355e-02 9.957477938765773029e-01
-4.522099695153386500e-02 -6.008101848582151489e-02 9.971686580776606412e-01
-1.164216368769672022e-01 -4.187670148074056770e-02 9.923166552768997173e-01
-1.762082482910807268e-01 -3.599327019285204071e-02 9.836946364269057996e-01
-2.126033401672935697e-01 -4.725998181248514812e-02 9.759950378299967477e-01
-1.949793537074557825e-01 1.172587714421963190e-02 9.807372509663504490e-01
-1.257296650082207756e-01 -3.987045640359687670e-02 9.912630317141278846e-01
8.833211876700506129e-03 -1.173700791983409153e-01 9.930489609666307560e-01
1.194247834005167791e-01 -1.551097797399050293e-01 9.806521693948195839e-01
1.682391499348014074e-01 -1.494020488683671100e-01 9.743585665570241305e-01
1.614934051825194783e-01 -1.221271712161039608e-01 9.792879219786715383e-01
1.160328473449227654e-01 -8.905691853668809554e-02 9.892447844683673885e-01
4.775223903692369515e-02 -5.705449462566185292e-02 9.972284133086198876e-01
-3.017288800819547742e-02 -2.812893065074311208e-02 9.991488177892693390e-01
-1.061307707511433135e-01 -2.870541327269044655e-03 9.943480374055421178e-01
-1.683605205828848927e-01 1.695928338860550055e-02 9.855795847195535364e-01
-2.033573133994502069e-01 2.579002429008019071e-02 9.787648735697422886e-01
-1.399977513115674421e-01 1.145359722988369688e-01 9.835050282928236021e-01
-5.316298007494199562e-02 9.221172738543942371e-02 9.943192117635812899e-01
8.190974602301109853e-02 2.533186607113252151e-02 9.963177656088827439e-01
1.733558979045447812e-01 -3.482163104957651523e-02 9.842434590449145038e-01
2.039377931669291433e-01 -5.955768000924283739e-02 9.771705374550192502e-01
1.861488451867655824e-01 -5.804600734841425941e-02 9.808054182489734929e-01
1.356174496694362297e-01 -4.272334869933275964e-02 9.898396955169391775e-01
6.604793456237370575e-02 -2.035289534060310407e-02 9.976088562113670788e-01
-1.074854586206634190e-02 6.569374884199560144e-03 9.999206528897752744e-01
-8.346984686807570886e-02 3.726744145248963441e-02 9.958131965742254010e-01
-1.396615441469652441e-01 7.024831520697691345e-02 9.877043217972800715e-01
-1.643139081614413965e-01 1.002991599551410346e-01 9.812955814111371522e-01
-8.133189538761263770e-02 1.701458657625385951e-01 9.820567738967416194e-01
2.199687878672777416e-03 1.644675563641820049e-01 9.863800404898699359e-01
1.110670552415630313e-01 1.181250638905864125e-01 9.867677429470592676e-01
1.833201166071471433e-01 5.909976259005617072e-02 9.812751667645865927e-01
2.045433888950679291e-01 1.737999069942874203e-02 9.787031919752808840e-01
1.850691376836236246e-01 -1.552832301167970420e-03 9.827242761776339153e-01
1.379638672515877129e-01 -2.322621353509537155e-03 9.904345393629370164e-01
7.480785649918705871e-02 1.025551686805640204e-02 9.971452296329779141e-01
6.244242494498388960e-03 3.338573177449018908e-02 9.994230347303323381e-01
-5.677883087851090527e-02 6.550143731933646962e-02 9.962357783542787892e-01
-1.018478692658307677e-01 1.042737892854237042e-01 9.893199625975733769e-01
-1.146747427029032179e-01 1.436182218541503797e-01 9.829666880100813575e-01
-1.945340764664371669e-01 2.127084230595240599e-01 9.575550218410006087e-01
-1.154747826379624726e-01 2.790933010833849814e-01 9.532956015135446437e-01
1.660104294035242428e-02 3.069566747805642093e-01 9.515786910082542072e-01
1.265202239828494279e-01 2.756205051761312919e-01 9.529039668559188270e-01
1.768676561587253782e-01 2.160344975283451652e-01 9.602327468289336698e-01
1.732331390023374718e-01 1.567367623500327267e-01 9.723290939180221359e-01
1.316541164951164633e-01 1.093962289602782162e-01 9.852409140404193577e-01
6.619183745819595677e-02 7.721206293214265270e-02 9.948150270234509263e-01
-1.186508350880897782e-02 6.173311091902137365e-02 9.980221654901392236e-01
-9.198474119293233164e-02 6.551603416347570596e-02 9.936027660263105910e-01
-1.616981048431899437e-01 9.202321547899114385e-02 9.825403048745420254e-01
-2.036560065357808647e-01 1.430732580366860240e-01 9.685320200368631172e-01
-1.359056343503981523e-01 1.724871145883008772e-01 9.755910279685748865e-01
-8.218844826103417767e-02 2.145117330020573088e-01 9.732573017331376253e-01
7.449742487325370895e-04 2.301287567114097821e-01 9.731599048193015911e-01
7.702044811694992721e-02 2.102004831474399982e-01 9.746197245369241369e-01
1.204276381372645505e-01 1.692237999150991712e-01 9.781924603650135053e-01
1.258974580393176501e-01 1.256035791788054357e-01 9.840597395263396274e-01
9.985247280746738230e-02 8.969302504936332854e-02 9.909513837376959788e-01
5.194015637817075981e-02 6.555225126999295049e-02 9.964964237310774964e-01
-7.734249416981251943e-03 5.523266943920983330e-02 9.984435555466254497e-01
-6.869458993387669854e-02 6.081933317229180208e-02 9.957821358240522835e-01
-1.193126430163890112e-01 8.399092218276571487e-02 9.892977399181821507e-01
-1.462493744999999734e-01 1.236852763994334969e-01 9.814851363419887509e-01
-9.199190568006165858e-02 9.801765521934004133e-02 9.909238258083249429e-01
-5.233250119609460238e-02 1.190320674456292471e-01 9.915103006213333847e-01
4.769250485208663230e-03 1.251925469128366830e-01 9.921210009103281768e-01
5.893461693043681310e-02 1.138009433413545435e-01 9.917540301011605886e-01
9.266604502285891165e-02 9.174603242726529773e-02 9.914613808080074975e-01
9.914926374214182159e-02 6.801965990283501129e-02 9.927450575883414174e-01
8.041077127340295894e-02 4.813173730570189518e-02 9.955990376287042753e-01
4.315992734878748571e-02 3.458036709034267853e-02 9.984695382850518053e-01
-3.774438396134525107e-03 2.901065773678628348e-02 9.995719760739845139e-01
-5.058401685044023460e-02 3.307350844039533277e-02 9.981720294011017236e-01
-8.705145411347570139e-02 4.764882531584844344e-02 9.950636330319186929e-01
-1.033494446892405938e-01 7.116299002264445117e-02 9.920961249462723064e-01
-6.299005054776662949e-02 5.483073111519833932e-03 9.979990929060180704e-01
-2.728508096796782717e-02 9.566362056537729489e-03 9.995819171401704173e-01
1.994675128882582305e-02 9.984452523476190777e-03 9.997511879567045900e-01
6.338437161746826587e-02 7.186084953958157828e-03 9.979633167696435603e-01
8.980512369455503907e-02 3.204224233780645758e-03 9.959542021123682920e-01
9.329508606746535204e-02 -5.408529462623402721e-04 9.956383552243011081e-01
7.507667787802158044e-02 -3.960762370764626950e-03 9.971698976605167797e-01
4.104901939238624758e-02 -7.171658418653002916e-03 9.991313954242868611e-01
-3.945953266140849250e-04 -9.487521322062840434e-03 9.999549146004718114e-01
-3.984867021319578317e-02 -9.579027338709748124e-03 9.991598098990517318e-01
-6.805102356930232965e-02 -6.507066761966088034e-03 9.976606217914577579e-01
-7.721137242014970703e-02 -7.615036059187620674e-04 9.970144553020341416e-01
-5.045958737282737333e-02 -9.426691810773460412e-02 9.942673575013268872e-01
-9.970921805361073614e-03 -1.043567274094487907e-01 9.944899467378943703e-01
4.030008286559217529e-02 -1.061595746364933507e-01 9.935321071983760355e-01
8.371298305932928230e-02 -9.816419243917720583e-02 9.916430445427809603e-01
1.071585508219836946e-01 -8.345274942638601645e-02 9.907334069258677545e-01
1.059279949559550765e-01 -6.759405041628839539e-02 9.920737393121848990e-01
8.275347910052169298e-02 -5.559144566348826061e-02 9.950183178543842155e-01
4.479476771315459710e-02 -5.005334463608146489e-02 9.977414953164448486e-01
1.225050981343245261e-03 -5.112331280740682604e-02 9.986915971097394262e-01
-3.822701026010101588e-02 -5.754429615003509718e-02 9.976108207448223242e-01
-6.432615889217638272e-02 -6.785562082764619307e-02 9.956192846687488274e-01
-6.959945469797730599e-02 -8.075677902863069579e-02 9.943008893421518835e-01
-5.814164107663082753e-02 -1.913035639771114849e-01 9.798073769790746068e-01
-4.684882496115221409e-03 -2.148478672860887895e-01 9.766362914609734158e-01
6.175777167373140697e-02 -2.159397537499696540e-01 9.744516408669430252e-01
1.164271229031445809e-01 -1.934674348429185620e-01 9.741740484676338907e-01
1.418236845263000090e-01 -1.578169992939243982e-01 9.772306980653363562e-01
1.346725208229985482e-01 -1.223429439422706183e-01 9.833084542516510318e-01
1.015504127404518731e-01 -9.655956024837861196e-02 9.901332056833876960e-01
5.290941882313102834e-02 -8.453888408649415376e-02 9.950144574211784443e-01
-1.929373086977393401e-04 -8.645384503027531142e-02 9.962558383541053608e-01
-4.709553940884865508e-02 -1.007456831486832072e-01 9.937969196443675601e-01
-7.774242698730590706e-02 -1.254343077969821696e-01 9.890512370315516222e-01
-8.325067783273548683e-02 -1.576536647301604033e-01 9.839789868882038437e-01
-9.157967168725018869e-02 -2.721828193840260535e-01 9.578776939493846010e-01
-1.770366800548518749e-02 -3.109259078077956095e-01 9.502692565757894227e-01
8.132938823483708279e-02 -3.095169016127807815e-01 9.474095303644166632e-01
1.607697146388005205e-01 -2.680018517600633032e-01 9.499095253275940953e-01
1.926709779627096553e-01 -2.085102289203045467e-01 9.588542009536689115e-01
1.775089603600174537e-01 -1.541250643636217776e-01 9.719753255750965826e-01
1.294322969400034939e-01 -1.175624621379651180e-01 9.845945094326346014e-01
6.415883842988566454e-02 -1.022220927371665367e-01 9.926904286875314343e-01
-4.910249370377227363e-03 -1.068833122070936420e-01 9.942594465343409516e-01
-6.625643507357184547e-02 -1.292333998588738875e-01 9.893982075849716562e-01
-1.087778377957663301e-01 -1.672144433440212186e-01 9.799013786813437488e-01
-1.208165661336247088e-01 -2.177297779039953085e-01 9.685025044683761575e-01
-1.552414208287467012e-01 -3.143311838316050766e-01 9.365340400274042576e-01
-5.695685110473638901e-02 -3.715658905257048228e-01 9.266578150051545393e-01
9.785307216521914320e-02 -3.683499363451005482e-01 9.245231747567714820e-01
2.178240355950268048e-01 -3.039947795389132401e-01 9.274372558454513360e-01
2.576719311319488059e-01 -2.201892238602173313e-01 9.408091632220326739e-01
2.302306893842772095e-01 -1.517541794757994722e-01 9.612307208351780208e-01
1.628189601752635662e-01 -1.109892167284892289e-01 9.803934822189872555e-01
7.729005602037053446e-02 -9.717769161855449589e-02 9.922614290054946329e-01
-1.152942103300536730e-02 -1.060937314746649152e-01 9.942892901929301086e-01
-9.234828660177504811e-02 -1.342973353176920293e-01 9.866286128469674566e-01
-1.537824262403220676e-01 -1.801654225872675597e-01 9.715407278563144011e-01
-1.812192157530857495e-01 -2.424066476545824189e-01 9.530994769774556730e-01
-2.425763520230148074e-01 -2.817466337263721532e-01 9.283186671736075590e-01
-1.250924006393848431e-01 -3.535245905376966924e-01 9.270233304439784439e-01
1.171192639517522338e-01 -3.535217226347382447e-01 9.280654446949538894e-01
2.865957040990786409e-01 -2.693067849100146960e-01 9.194219694968264189e-01
3.263896643053993962e-01 -1.725490799675833964e-01 9.293527866407289562e-01
2.809514043438086639e-01 -1.058605361136991246e-01 9.538657428018885165e-01
1.936782609064092442e-01 -7.364102163341439133e-02 9.782973633742839681e-01
8.963705989382178552e-02 -6.821521865017733666e-02 9.936356884885680918e-01
-1.745844056041208001e-02 -8.219178124578802036e-02 9.964636039257980249e-01
-1.180910860978963139e-01 -1.111051467304316059e-01 9.867675216352909118e-01
-2.019066943700136285e-01 -1.534474005276688924e-01 9.673094551589772605e-01
-2.528284005460701422e-01 -2.101357099442135168e-01 9.444155776370398714e-01
-3.183491000988798447e-01 -1.394697919863450153e-01 9.376577347782441008e-01
-1.958794561317132310e-01 -1.833959550096441182e-01 9.633260934655960561e-01
1.511632177208939720e-01 -1.884101631604919169e-01 9.703871866559897752e-01
3.435472977191474375e-01 -1.167383773634093208e-01 9.318516005676013014e-01
3.671677294937820690e-01 -5.151961711832924590e-02 9.287268637604805255e-01
3.065257417167325249e-01 -1.875433532524579602e-02 9.516775948668618756e-01
2.090402748371283925e-01 -1.217483677105514299e-02 9.778312414959879906e-01
9.646905769749915260e-02 -2.171557164965969011e-02 9.950990678595270644e-01
-2.036785516117924771e-02 -4.022856826570422178e-02 9.989828891284437962e-01
-1.339328317180532302e-01 -6.308057475185056828e-02 9.889807064230233813e-01
-2.351649882919113754e-01 -8.719069627544054346e-02 9.680367817209699632e-01
-3.078701623958945421e-01 -1.113011490457602171e-01 9.448957706156925207e-01
-3.271542820696249354e-01 7.313060055908895962e-02 9.421369279384723683e-01
-2.033501182205353641e-01 1.427548248646616225e-01 9.686432725196391091e-01
1.233388711496344742e-01 1.774655626936252062e-01 9.763675009551445738e-01
3.060264238989203744e-01 1.393565678417461318e-01 9.417683233551139566e-01
3.357387832405383521e-01 1.075581244189298402e-01 9.357941650275327650e-01
2.864279449629754115e-01 8.020825822899695090e-02 9.547385336604724548e-01
1.991669679620192979e-01 5.323027099812281671e-02 9.785188077509410221e-01
9.369642408081881035e-02 2.794255942280789162e-02 9.952086180733336063e-01
-1.955243878960415821e-02 7.255859125071383725e-03 9.997825036705164647e-01
-1.329245585581769196e-01 -4.919376803816520767e-03 9.911139497878026505e-01
-2.369087059192228895e-01 -2.986863082382597463e-03 9.715273252506110291e-01
-3.140391995491417787e-01 2.080874460766089437e-02 9.491819516269790480e-01
-2.651062338105326655e-01 1.918604347419051726e-01 9.449382299258571871e-01
-1.547702882396390367e-01 2.780056132350980924e-01 9.480290274500896563e-01
6.075334149008731338e-02 3.163992153173061928e-01 9.466787037028236984e-01
2.110139696092081796e-01 2.707701706161660393e-01 9.392319305338102664e-01
2.571922541753913771e-01 2.039020815247825080e-01 9.446036658525497343e-01
2.332746816403989953e-01 1.445378053108731797e-01 9.616089359721631258e-01
1.689083360095171016e-01 9.786924466552443524e-02 9.807607174918691051e-01
8.201168447869877642e-02 6.428336548638481640e-02 9.945560479584349967e-01
-1.610036675954769694e-02 4.482136636985365602e-02 9.988652678449418953e-01
-1.160856341797954078e-01 4.261424584012822592e-02 9.923246200657014349e-01
-2.063245453285429964e-01 6.311711671462501283e-02 9.764458057529618040e-01
-2.674039062854447479e-01 1.127099574193120707e-01 9.569700185490928046e-01
-4.243508826094775088e-01 1.542897026346212175e-01 8.922561381629854349e-01
-3.945322639826705502e-01 3.109307542838085636e-01 8.646770256675272437e-01
-2.425602387872720922e-01 4.587220334690897960e-01 8.548325137530874418e-01
-5.952396353727099770e-02 4.838390312260037462e-01 8.731303966917709491e-01
6.059816410236430750e-02 4.133857650032323194e-01 9.085373254853775782e-01
1.031731541957085774e-01 3.114536172605326114e-01 9.446438188802548375e-01
8.689291381438758732e-02 2.122124756066519624e-01 9.733527041754856945e-01
3.104682451316785607e-02 1.276457988970876589e-01 9.913337705896919649e-01
-5.120554810801032641e-02 6.231647986486035101e-02 9.967420168630656274e-01
-1.510633768033858293e-01 2.124719140161745318e-02 9.882957113365876678e-01
-2.598035692105006289e-01 1.343484771004172830e-02 9.655680246841615855e-01
-3.618644271250586741e-01 5.293318450971778305e-02 9.307267130361570606e-01
-2.898359415967352581e-01 1.419340484296247040e-01 9.464934510366079801e-01
-2.646069971597077020e-01 2.353036160484526518e-01 9.352087175217248527e-01
-1.776162355679858640e-01 3.129548812998774188e-01 9.330121730895046817e-01
-6.606255232166766134e-02 3.316465948590276436e-01 9.410878148712460423e-01
2.052780298266918685e-02 2.949611475663873050e-01 9.552887159026739461e-01
6.055571283922677600e-02 2.317440982022631601e-01 9.708901475403857173e-01
5.645351827240817355e-02 1.643542024845728589e-01 9.847845939089190370e-01
1.869960409705276327e-02 1.042601648166192052e-01 9.943742468703653525e-01
-4.197457938105423475e-02 5.807730596786128685e-02 9.974292762984607874e-01
-1.159036637102702771e-01 3.212385713881910076e-02 9.927408516531512905e-01
-1.927226151169277868e-01 3.376698528364999174e-02 9.806721084681463418e-01
-2.579539723796697714e-01 6.994092944778615428e-02 9.636223401942991540e-01
-1.731487031258513998e-01 7.702209946520820194e-02 9.818793830200152062e-01
-1.475669049073248806e-01 1.282050190728806771e-01 9.807076433171670882e-01
-8.991347100679825122e-02 1.699261589406958761e-01 9.813463548814810311e-01
-2.053217971586215190e-02 1.847225156974634797e-01 9.825762167844911410e-01
3.429907070772639927e-02 1.715854163399887500e-01 9.845719976964431019e-01
5.955854273172183494e-02 1.408268487341824415e-01 9.882411541032402047e-01
5.386752500051043141e-02 1.027926753724659054e-01 9.932431503111910365e-01
2.333800124961444775e-02 6.484606846051389761e-02 9.976223359082049269e-01
-2.333381655272654537e-02 3.316155936410010441e-02 9.991775838086354167e-01
-7.681911235827586226e-02 1.407013562889914207e-02 9.969457634494616194e-01
-1.272216311600907757e-01 1.355953903554068390e-02 9.917816269048956856e-01
-1.634129705579534519e-01 3.521382873380751732e-02 9.859290985255448891e-01
-7.707887586963678428e-02 -1.798954729659729343e-02 9.968626901849541033e-01
-4.379654796672161066e-02 6.307278961583551863e-03 9.990205606584532383e-01
4.554200236572427882e-03 3.216876692297102047e-02 9.994720754953092534e-01
5.203079964328948676e-02 5.130702576186503550e-02 9.973266190150280597e-01
8.318055991913354819e-02 5.915322335533351739e-02 9.947773070482631708e-01
9.043704806617575143e-02 5.508295389262266029e-02 9.943776991302608614e-01
7.465896323731704975e-02 4.062725327964853556e-02 9.963811848380358382e-01
4.186306886159483348e-02 1.899142264619987572e-02 9.989428458782526610e-01
3.539393774409256284e-04 -4.874862699138275690e-03 9.999880551489512825e-01
-4.080615879304105159e-02 -2.494380716197001566e-02 9.988556772070847911e-01
-7.255503964714589415e-02 -3.558742349361974228e-02 9.967293020228096267e-01
-8.660897550752261198e-02 -3.327879787384192822e-02 9.956863999139361487e-01
-2.137665353228020582e-03 -1.326639083155534138e-01 9.911587752813972862e-01
4.813841210315653735e-02 -1.250782610731841216e-01 9.909783660035506037e-01
1.027365403919366094e-01 -1.003935331045133078e-01 9.896293961777328230e-01
1.427339403573570642e-01 -6.635316849424510721e-02 9.875344446149069144e-01
1.569013812641902039e-01 -3.468313951889644836e-02 9.870050842779130029e-01
1.446309790524094308e-01 -1.495994836633879159e-02 9.893725687743598618e-01
1.122155782048280120e-01 -1.158151009861875698e-02 9.936163910846129710e-01
6.860922263358373852e-02 -2.376653257786273676e-02 9.973604797157483715e-01
2.330766416331647370e-02 -4.710646163415739551e-02 9.986179119481499722e-01
-1.425228022245558605e-02 -7.552954395499578144e-02 9.970417044930326433e-01
-3.508829321721562700e-02 -1.029098547994000690e-01 9.940716138509775313e-01
-3.192190588072126717e-02 -1.236927144940785511e-01 9.918069894420397103e-01
4.767636832817757214e-02 -2.618417963976018559e-01 9.639324859979918614e-01
1.276593099460271996e-01 -2.647991440472531322e-01 9.558161506774883742e-01
2.055503172882578999e-01 -2.270485295084913036e-01 9.519443430740711642e-01
2.503173804873761732e-01 -1.641133809931240584e-01 9.541530313345276682e-01
2.509953048278882326e-01 -1.019560677327168152e-01 9.626039254059146622e-01
2.158354129546309064e-01 -5.958328906360320365e-02 9.746101303490727341e-01
1.599382560214281379e-01 -4.416725082983222889e-02 9.861384325818084440e-01
9.734952259983031819e-02 -5.427500958572348266e-02 9.937692356800071902e-01
3.953337143321761227e-02 -8.441914788414947579e-02 9.956457803926549444e-01
-3.355984964039387172e-03 -1.280389009801151945e-01 9.917634683737555079e-01
-2.135892985827590740e-02 -1.784189423687971843e-01 9.837227643595735094e-01
-5.484514510863679713e-03 -2.272734881598539591e-01 9.738155275411047862e-01
6.053320602816435192e-02 -3.995150026798783283e-01 9.147259117362475100e-01
1.875172768971720971e-01 -4.118011391073795324e-01 8.917718837769138540e-01
3.137723011368098169e-01 -3.427307724762925778e-01 8.854843649873739286e-01
3.763070187949929535e-01 -2.304314187080346299e-01 8.973819637577836739e-01
3.624795898450985931e-01 -1.290389176838936669e-01 9.230154411865562070e-01
2.977235509750037479e-01 -6.693136881751353406e-02 9.523029345030271653e-01
2.110673584566459815e-01 -4.773517178677920414e-02 9.763052409818442356e-01
1.224539617140534414e-01 -6.434885218938164730e-02 9.903859108864567773e-01
4.443036721500717712e-02 -1.081877528102695718e-01 9.931371267911541789e-01
-1.290685911351587868e-02 -1.722619755018779675e-01 9.849666109995712793e-01
-3.813726862947799945e-02 -2.504550310157686033e-01 9.673767757086119135e-01
-1.738635081440375457e-02 -3.332164228249409610e-01 9.426900499979060655e-01
1.133761634239451206e-02 -5.287886433478093950e-01 8.486778123187606049e-01
2.031665474627407375e-01 -5.599152969802916324e-01 8.032547629485724539e-01
4.241337011355958420e-01 -4.309441190137628386e-01 7.964909100852723967e-01
5.189064278473725089e-01 -2.383428602484150838e-01 8.209316659181887799e-01
4.813370882463007816e-01 -9.302022559227837717e-02 8.715858219987777655e-01
3.778107603329663999e-01 -2.344571311632556027e-02 9.255859376162931529e-01
2.560848460028543050e-01 -1.504465415978111821e-02 9.665372264061576901e-01
1.387802528246411815e-01 -4.853383258198721434e-02 9.891332107056280964e-01
3.616711620586788439e-02 -1.112870086083778964e-01 9.931299720682794652e-01
-4.389850551752026014e-02 -1.969964077128516788e-01 9.794209189932445714e-01
-8.963417005743043453e-02 -3.024330505877915187e-01 9.489467664049126006e-01
-8.075096981059345924e-02 -4.210776468555324503e-01 9.034228778336610421e-01
-1.371494541317753446e-01 -5.996742259273540876e-01 7.884039890752855273e-01
1.101173115586811385e-01 -6.773447575457754999e-01 7.273776578369147705e-01
5.269661055203490596e-01 -4.398209378696122940e-01 7.272305454559729876e-01
6.554325411340968799e-01 -1.313314862433634655e-01 7.437474199911618955e-01
5.724311262423389390e-01 3.472651929358831074e-02 8.192171107628878346e-01
4.285073447920725309e-01 7.770612670507526243e-02 9.001906538793520429e-01
2.796807962249548418e-01 5.283505998979712986e-02 9.586381531416791058e-01
1.410333424197392493e-01 -7.631396966513587406e-03 9.899754330821473047e-01
1.644717729065381731e-02 -9.029023524818959034e-02 9.957796763230474246e-01
-9.059535607570397275e-02 -1.915501612012638077e-01 9.772926978143555710e-01
-1.709521351410854817e-01 -3.122763389719585558e-01 9.344832024220995903e-01
-2.023617833949437617e-01 -4.527461527702421051e-01 8.683724027011063828e-01
-3.902531393172314900e-01 -4.997935965964889204e-01 7.732456582834920100e-01
-2.058370539047131575e-01 -5.981108969113146934e-01 7.745285419116649805e-01
5.780159712305815711e-01 -1.766216110594499289e-01 7.966820843404257557e-01
6.764140319200722118e-01 1.758346468330182488e-01 7.152246041592557058e-01
5.554618930227251949e-01 2.527907379907755048e-01 7.921861701555332758e-01
4.095622951277944623e-01 2.145542861730504458e-01 8.866933994874030001e-01
2.649965422189857756e-01 1.375095164862706609e-01 9.543940305176190630e-01
1.253193643164729476e-01 4.752365848167749984e-02 9.909775773506677155e-01
-9.417708698229540487e-03 -4.880065508677184499e-02 9.987641377351930139e-01
-1.389635489919563704e-01 -1.514194173498114027e-01 9.786527944583229832e-01
-2.595451302739737454e-01 -2.618660236067300029e-01 9.295496280626398544e-01
-3.574618912524731296e-01 -3.798352740916496328e-01 8.531976095008931837e-01
-6.037952558739403397e-01 -1.670619261325365368e-01 7.794367208574336514e-01
-6.179395259352067349e-01 7.011707086254471977e-02 7.830928033513603337e-01
-1.053777423553318299e-02 5.944866958099603860e-01 8.040363945862002426e-01
3.303897988309630884e-01 5.702671057915454922e-01 7.520890963712715260e-01
3.708803536017882263e-01 4.497763590074532192e-01 8.124955324124190081e-01
3.103722835064530727e-01 3.234390447167675986e-01 8.938994518309608672e-01
2.112132826343277314e-01 2.050903672235284414e-01 9.556813749943054992e-01
9.423576910567599274e-02 9.789111062454511347e-02 9.907254666564708767e-01
-3.352639082154900557e-02 8.902248712788256779e-04 9.994374360699789239e-01
-1.703949164600138122e-01 -8.652420073779104603e-02 9.815697301421060228e-01
-3.159100572909215310e-01 -1.604956689066042996e-01 9.351160227290895577e-01
-4.667468949835827385e-01 -2.043798832285798617e-01 8.604511603540380138e-01
-5.563443108986433350e-01 7.071849038831044820e-02 8.279371370145748310e-01
-5.292246625699152940e-01 3.064271424131467803e-01 7.912165714394231442e-01
-2.319376792024300804e-01 5.906170473963269218e-01 7.729012978971047110e-01
5.210741449846396228e-02 6.048772372333803826e-01 7.946120721655122177e-01
1.776896118440866867e-01 4.884932893389800634e-01 8.542837398156815087e-01
1.917387539294590770e-01 3.529488958598444581e-01 9.157856338428093101e-01
1.431210267233662958e-01 2.303827955511985048e-01 9.625176046305697897e-01
5.875864396682378699e-02 1.266856917699535623e-01 9.902010691066713832e-01
-4.851051698518471511e-02 4.208995759517038943e-02 9.979354514253060415e-01
-1.729490496269505406e-01 -2.128847190799449882e-02 9.847006789867268628e-01
-3.103650550739143199e-01 -5.486228853135159678e-02 9.490330141180678414e-01
-4.502024240951426060e-01 -3.749823140022046780e-02 8.921388120582680603e-01
-6.366488229835740587e-01 -4.541631378158832166e-02 7.698153250203511044e-01
-7.174929913149997729e-01 1.614253888502150402e-01 6.776028713401395231e-01
-6.250502313963686163e-01 4.321376177243122507e-01 6.500532959527022259e-01
-3.909194664272739872e-01 5.760287497323820505e-01 7.178947347975702664e-01
-1.753665794244930465e-01 5.475029065641821013e-01 8.182219320726404899e-01
-5.063742672365167952e-02 4.298864308535695344e-01 9.014618725064075244e-01
-9.291195495094214246e-03 2.904190568969360897e-01 9.568544534449154870e-01
-2.788082517987629932e-02 1.573562267246416679e-01 9.871482550753563068e-01
-9.011834993735236277e-02 3.998619435788968585e-02 9.951280255652311668e-01
-1.887513587656867164e-01 -5.610494106553159249e-02 9.804209096873562901e-01
-3.211160039477915507e-01 -1.202498394894624123e-01 9.393745196200415926e-01
-4.801449433816202816e-01 -1.295584458506450209e-01 8.675686961006550124e-01
-4.369118326512008155e-01 2.753309323368460099e-02 8.990828545057991672e-01
-4.714243676456967846e-01 1.532100066570173669e-01 8.684962633483324090e-01
-4.156190287324221799e-01 2.921608662743952478e-01 8.613378263917811362e-01
-2.861041806714743063e-01 3.719546679913242615e-01 8.830595239063832036e-01
-1.515489654892133164e-01 3.659706926820726625e-01 9.182038788618707148e-01
-6.089637361246472841e-02 3.018003340711217231e-01 9.514242954830511856e-01
-2.404489826179071962e-02 2.138006762294715757e-01 9.765813400384978360e-01
-3.285424925156908010e-02 1.230153854257775153e-01 9.918607832023124127e-01
-7.713338636596150932e-02 4.126978168819604720e-02 9.961662741867800541e-01
-1.493844471873787272e-01 -2.181251274516417607e-02 9.885385684060815636e-01
-2.431760039409258112e-01 -5.472473674698682261e-02 9.684372123659783504e-01
-3.473019593956124806e-01 -4.287367965565384159e-02 9.367727561115235524e-01
-2.481330850483516870e-01 1.458590517747596592e-02 9.686161383512847944e-01
-2.536903810543953419e-01 8.676546597906843739e-02 9.633861865699880900e-01
-2.146159654018545693e-01 1.622043026901831830e-01 9.631353755228124758e-01
-1.425796405908440478e-01 2.103472996215971225e-01 9.671737484190072731e-01
-6.872267345239399527e-02 2.170133916960273468e-01 9.737465696874643140e-01
-1.856439514722321021e-02 1.888834705758752064e-01 9.818240156850942535e-01
-5.362431418686539183e-04 1.396706377580408942e-01 9.901978718375109567e-01
-1.172401488908355813e-02 8.161289973924697183e-02 9.965951445150526000e-01
-4.541920688188964134e-02 2.528911484376576355e-02 9.986478640224430992e-01
-9.463665391127511206e-02 -1.887522248558370572e-02 9.953329240573989267e-01
-1.521492714556534342e-01 -4.044307047603970529e-02 9.875297247404958290e-01
-2.082819517491367733e-01 -3.051730090306621276e-02 9.775926160324430736e-01
-8.189580491658038364e-02 -4.893631403881269770e-02 9.954387546732385017e-01
-6.177014094031279406e-02 -7.350005962942097321e-03 9.980633382208357052e-01
-2.576769623105760326e-02 4.239832606289533484e-02 9.987684455258181160e-01
1.458794683632687328e-02 8.391336218291134408e-02 9.963662677219867758e-01
4.519101487280590551e-02 1.052863893049076349e-01 9.934145903910320818e-01
5.736162939942671818e-02 1.029619521013252770e-01 9.930299491415635060e-01
5.022962509933582426e-02 7.958776239950138276e-02 9.955615364399308387e-01
2.799601951597550931e-02 4.153592122824463495e-02 9.987447071894480777e-01
-3.094655809150874751e-03 -2.311186774280818510e-03 9.999925407327483473e-01
-3.630329662483890857e-02 -4.172322700629506331e-02 9.984694501998219174e-01
-6.484963771000046284e-02 -6.682736110223701231e-02 9.956548740889260563e-01
-8.203841825130565868e-02 -7.016173128998648423e-02 9.941564411063181783e-01
6.368058032967285897e-02 -1.486966993037388829e-01 9.868303173823878005e-01
1.153534622963171413e-01 -1.200617426397254661e-01 9.860419649744037729e-01
1.607547593468729163e-01 -6.875215175254491273e-02 9.845968966926070820e-01
1.837369953101425368e-01 -1.204960492344605769e-02 9.829015838707340080e-01
1.797718972451512742e-01 3.127200188890628951e-02 9.832111303574044836e-01
1.544179364490186612e-01 4.974223881554600685e-02 9.867526592720736733e-01
1.169662790987485851e-01 4.109590714975024789e-02 9.922852492954051806e-01
7.624687489851617039e-02 1.000906245371065498e-02 9.970387318138853594e-01
3.987104307352130894e-02 -3.482173447358150736e-02 9.985978904106016518e-01
1.491376447063471819e-02 -8.302651373306298155e-02 9.964357368373377710e-01
8.127729825073714415e-03 -1.242046673133116313e-01 9.922233320303779358e-01
2.452407881509276535e-02 -1.487571382775098594e-01 9.885696148323432908e-01
1.891722131097563486e-01 -2.824960359749795757e-01 9.404306797661875494e-01
2.874963948018377513e-01 -2.515696902283269809e-01 9.241528628611149765e-01
3.574580809500487177e-01 -1.705914691404987193e-01 9.182168975900856234e-01
3.706527129307130020e-01 -7.394779725434012796e-02 9.258230336724055931e-01
3.316704299285754831e-01 1.396300064060780827e-03 9.433942846217993061e-01
2.636318549139787248e-01 3.679665569798572233e-02 9.639212889049030286e-01
1.890276412842808729e-01 3.151244277139485933e-02 9.814660038845332002e-01
1.225602342354353141e-01 -6.158578697742130188e-03 9.924419685264272983e-01
7.326075928952463512e-02 -6.546237034346188977e-02 9.951620668098807299e-01
4.863049605157715449e-02 -1.356159735785113230e-01 9.895672703582004681e-01
5.676026027952617986e-02 -2.054351235319398228e-01 9.770233788771020000e-01
1.044548525465659738e-01 -2.608008690258848961e-01 9.597250077468993945e-01
2.840450572295121212e-01 -4.529613871564929228e-01 8.450706403660837029e-01
4.564755571385080146e-01 -4.049670121818028656e-01 7.922321533361461610e-01
5.741258878630713935e-01 -2.533593366069414321e-01 7.785810885447731478e-01
5.786891663954507603e-01 -8.247538602429875521e-02 8.113671544970473271e-01
4.941153060594437596e-01 3.394341646351532044e-02 8.687335085033891513e-01
3.732527198854360129e-01 7.655721119608789593e-02 9.245655198588819124e-01
2.547762882047006627e-01 5.858526728131566164e-02 9.652237095234506015e-01
1.571898057058008780e-01 -9.456879504246666623e-04 9.875679574877253009e-01
8.845969398731794164e-02 -8.763300739375380621e-02 9.922173847271835712e-01
5.543520647773413773e-02 -1.914877687824850794e-01 9.799282485414082533e-01
6.900392678958904014e-02 -3.024451753590908787e-01 9.506657530329049033e-01
1.435214144102687217e-01 -4.020011174292819622e-01 9.043211294619309948e-01
3.112078971948348816e-01 -6.580773346117886335e-01 6.856266231658534327e-01
5.987351967599212621e-01 -5.839292827648872031e-01 5.482178005962307088e-01
8.059657858595118407e-01 -2.863318653211660569e-01 5.181054090872719842e-01
7.898937230985483282e-01 8.835614311645088523e-03 6.131801025222958224e-01
6.387855786503439104e-01 1.602615705680114078e-01 7.525086135768539464e-01
4.584655644075748548e-01 1.820415593882264149e-01 8.698679192313893971e-01
2.981279618225793349e-01 1.262834107894327540e-01 9.461354123691534390e-01
1.713435728983996598e-01 2.848186855229897091e-02 9.847995548284188549e-01
8.031034853414717456e-02 -9.525955560823762269e-02 9.922075715210387781e-01
2.915905938013650667e-02 -2.393651881896977363e-01 9.704916568105498298e-01
3.158827648081685008e-02 -3.994242831864482368e-01 9.162218196430357287e-01
1.150944816958919814e-01 -5.579635922414140081e-01 8.218454173482206970e-01
1.845640467557822240e-01 -8.651581006293598275e-01 4.663020196830737207e-01
6.019723164660746306e-01 -7.879739953486906145e-01 1.293302472845499484e-01
9.804388325697142026e-01 -1.915222708114072137e-01 4.537527269987189082e-02
9.091387589295805149e-01 2.794212995148619427e-01 3.088534513154119199e-01
6.863005665863188831e-01 4.037267602821643653e-01 6.049762270827933053e-01
4.731762117814148350e-01 3.472159190316571609e-01 8.096575684665572314e-01
2.978495728475456517e-01 2.242212687710082863e-01 9.279064902161747730e-01
1.580834321659240205e-01 7.727299089887369743e-02 9.843975382700812515e-01
4.905754712859385774e-02 -8.423207588708613025e-02 9.952378180422456477e-01
-2.870524638952598115e-02 -2.636023362974036499e-01 9.642042403600292744e-01
-6.216272099540779555e-02 -4.663529469371614500e-01 8.824118794539436150e-01
-1.473018765590571391e-02 -6.863185167295345890e-01 7.271519202792494641e-01
-2.011983254202190374e-01 -9.391833960334612375e-01 2.783051966155136170e-01
1.062443702741316387e-01 -9.096984960373338813e-01 -4.014483529577284604e-01
7.131314975765464803e-01 2.086098257196413730e-01 -6.692722971836617685e-01
6.653180243675792527e-01 7.465584027890614927e-01 1.574063722141510980e-03
5.172149956462419595e-01 6.968792749790234664e-01 4.968379256692933010e-01
3.742405118593266633e-01 5.139323108937314810e-01 7.718922328296271562e-01
2.404956947076126450e-01 3.180667220692669495e-01 9.170580031488231310e-01
1.167884034059979287e-01 1.298661860437497206e-01 9.846294950651828248e-01
2.210605764461164111e-03 -5.530800830675414864e-02 9.984668935119236366e-01
-1.037466150688440142e-01 -2.491214703498778049e-01 9.628993368324948454e-01
-1.950923643797417284e-01 -4.640524479126887925e-01 8.640568817774429977e-01
-2.484030831730257294e-01 -7.057129878354930774e-01 6.635247448817932492e-01
-6.889459268048563345e-01 -6.499440325077309177e-01 3.208212345631358819e-01
-8.861332637867431750e-01 -3.847312940825378114e-01 -2.583595753290141572e-01
-5.464253431421393081e-01 6.905399499221689386e-01 -4.738923104814527498e-01
-2.810726397772130014e-02 9.945074298205022201e-01 1.008213952663512408e-01
1.678465140431864011e-01 8.265689471236948860e-01 5.372255795979348214e-01
1.932418368294319955e-01 5.877265207021958870e-01 7.856431310474724095e-01
1.434450234602463181e-01 3.646720560844021741e-01 9.200205523550494258e-01
5.899036358975041916e-02 1.661232722506912340e-01 9.843389636808548282e-01
-4.583184151453768146e-02 -1.643112714053830692e-02 9.988140269160572515e-01
-1.690465733966242390e-01 -1.941188952295735681e-01 9.663028047862356473e-01
-3.136486909805060175e-01 -3.743072193796980751e-01 8.726503332758653864e-01
-4.844314649567540432e-01 -5.491748314245827878e-01 6.809795593772993705e-01
-7.833514619856271066e-01 -2.640028381653705680e-01 5.627281656764953066e-01
-9.468875804965446452e-01 3.389909292142860575e-02 3.197729841629595726e-01
-7.789961464405034119e-01 5.801037751361134420e-01 2.380012897101405345e-01
-3.700488207553553899e-01 8.169890436030429193e-01 4.422587171442693421e-01
-8.653297461363812504e-02 7.314208995877736763e-01 6.764137136034050757e-01
3.352865882485044080e-02 5.431632405264622543e-01 8.389574024813165609e-01
4.957281681346831920e-02 3.495890706256878921e-01 9.355907318546029527e-01
5.104694276562990289e-03 1.747251765538210821e-01 9.846040091196854860e-01
-7.950837228319466987e-02 1.924455173015789458e-02 9.966484164265968504e-01
-1.990055842994449264e-01 -1.195251589554104793e-01 9.726821237147874610e-01
-3.562530884807680875e-01 -2.374105719882645682e-01 9.037255984291164834e-01
-5.552330169727421882e-01 -3.098140752644208407e-01 7.718364694877803966e-01
-7.107638636400193111e-01 -2.920357582939857588e-01 6.399451898570031050e-01
-8.670785715697524321e-01 -8.026383945030339528e-02 4.916629605749343046e-01
-8.574681431902269058e-01 2.427879760263049747e-01 4.536544743645543609e-01
-6.698392577216409904e-01 4.902191147202374921e-01 5.576742672724042116e-01
-4.258513497563505279e-01 5.489017130510840392e-01 7.192757032739776069e-01
-2.361840146211022506e-01 4.623803024041053811e-01 8.546470424602959914e-01
-1.295884228644679503e-01 3.145609864348851703e-01 9.403500552839870741e-01
-9.369796073128476566e-02 1.539455137399750040e-01 9.836266928840691204e-01
-1.143186733063658311e-01 -1.945482109043489196e-03 9.934422258152920682e-01
-1.869856873286659393e-01 -1.465223730182364514e-01 9.713740509912869303e-01
-3.150209261914139192e-01 -2.685734224823088656e-01 9.102912351537089108e-01
-4.987613990406205566e-01 -3.372647734912082584e-01 7.984294204179376298e-01
-5.121970926025817272e-01 -1.358785062703998237e-01 8.480513957674945535e-01
-6.049885914709156598e-01 -4.759770664429063824e-03 7.962199123189549477e-01
-5.981867014951173234e-01 1.697365804206440454e-01 7.831744144323972145e-01
-4.873779697603712879e-01 3.054940506102636344e-01 8.180073958308434756e-01
-3.331609682892414104e-01 3.480909117647672524e-01 8.762627952591311997e-01
-2.010500317921442293e-01 3.069670406640123139e-01 9.302419688782064267e-01
-1.190576338908937298e-01 2.189732242743984425e-01 9.684399861959259725e-01
-8.768140898897505697e-02 1.131426150432355143e-01 9.897023386751082619e-01
-1.006249401587498149e-01 6.408947023819356985e-03 9.949037877182426159e-01
-1.543376710371467952e-01 -8.920893478914586339e-02 9.839825451971178083e-01
-2.479111838510063837e-01 -1.597256579902126272e-01 9.555248605353721114e-01
-3.755664789794898040e-01 -1.841808353278322763e-01 9.083101011025626059e-01
-2.860875928931559953e-01 -7.588750281517020468e-02 9.551936851283622243e-01
-3.279260044459038070e-01 1.922055846811290781e-03 9.447014561804852883e-01
-3.200581948708458579e-01 9.814594032803454493e-02 9.423004437508747388e-01
-2.624089728395910814e-01 1.756393214369972311e-01 9.488373726505950900e-01
-1.825072357387308997e-01 2.081221068995423307e-01 9.609247096014972289e-01
-1.119018968651763896e-01 1.937279178848473615e-01 9.746524813029314727e-01
-6.717135615054822817e-02 1.452498539841663994e-01 9.871121966780019852e-01
-5.117049430587052722e-02 7.777423612830249022e-02 9.956569432827656607e-01
-6.136384085197282151e-02 5.078883014856587497e-03 9.981025418178167685e-01
-9.491685906769976866e-02 -5.963800063353291020e-02 9.936971866444990198e-01
-1.491271833146743664e-01 -1.029739871579682109e-01 9.834416307872260177e-01
-2.179499619761393336e-01 -1.117112609449691651e-01 9.695454647682637539e-01
-7.057017278006767758e-02 -8.083038136636759574e-02 9.942264833336049712e-01
-7.057650372832069419e-02 -2.983391463408570018e-02 9.970601258997173755e-01
-5.730535091612393161e-02 3.524123661501755295e-02 9.977345097761646242e-01
-3.457806996851030268e-02 9.315167847458326322e-02 9.950513162016607627e-01
-1.136286126979446122e-02 1.264003179711042368e-01 9.919142326837062651e-01
4.365873178746115281e-03 1.281285606691542900e-01 9.917479574429298728e-01
9.500639782179628318e-03 1.009215029448206347e-01 9.948490277861943287e-01
4.865229888918714239e-03 5.305992048592201443e-02 9.985794782470702735e-01
-7.108899196796775177e-03 -3.953278176735909935e-03 9.999669170246556771e-01
-2.374637841223476223e-02 -5.708671055724291038e-02 9.980867782863305226e-01
-4.231749831037802390e-02 -9.361705570754347283e-02 9.947085383253724267e-01
-5.948187195605664224e-02 -1.032630284426712675e-01 9.928739365425751640e-01
1.319460471680804770e-01 -1.358183128180849852e-01 9.819081558576959745e-01
1.746787250218710952e-01 -8.851676787081984299e-02 9.806386311126132904e-01
1.992428797426488429e-01 -1.820641837862305851e-02 9.797809965505640539e-01
1.962160100694543274e-01 5.127718460303865716e-02 9.792190397105563493e-01
1.700847919629752125e-01 9.759953803382701021e-02 9.805842614067012963e-01
1.331169833408220593e-01 1.097740794825664140e-01 9.850022945252479012e-01
9.658102678875601921e-02 8.855556622040974823e-02 9.913778376359845268e-01
6.738392662927714105e-02 4.205427207925778454e-02 9.968404308774164724e-01
4.936697998572833063e-02 -1.797757716741060427e-02 9.986189002848935292e-01
4.542787627828240304e-02 -7.830419928398957286e-02 9.958939503939912008e-01
5.823559797915311975e-02 -1.256340599345095177e-01 9.903659415147455514e-01
8.865022223785799793e-02 -1.477790379070063609e-01 9.850393362970435440e-01
3.245834794400296319e-01 -2.408460263403575108e-01 9.146795922456784078e-01
4.218380480291267776e-01 -1.737744275820771456e-01 8.898624104621787323e-01
4.660657760852398579e-01 -5.996762711324461065e-02 8.827154558862038147e-01
4.382876392705843949e-01 5.372182170307619742e-02 8.972279036763826099e-01
3.585469537862526201e-01 1.258905537526706087e-01 9.249841352187684329e-01
2.634063181940560217e-01 1.424336498613033575e-01 9.541120305931788392e-01
1.806479916878623582e-01 1.112321520749520731e-01 9.772377967741233684e-01
1.230684633145416734e-01 4.743079172349026068e-02 9.912640785047539538e-01
9.503141934706731131e-02 -3.429476236070395923e-02 9.948833592997350372e-01
9.946005648152929368e-02 -1.204253170832573494e-01 9.877274118754241217e-01
1.403532579512946077e-01 -1.964651047246815940e-01 9.704135332980609041e-01
2.192365160455583273e-01 -2.439097097192241825e-01 9.446922268849408111e-01
4.946891023118726305e-01 -4.031588754768919425e-01 7.698997422899270804e-01
6.673116029312586850e-01 -2.875692116249221608e-01 6.870219597063628170e-01
7.421805771991736300e-01 -7.722709230502133870e-02 6.657356585330407306e-01
6.835040877307826390e-01 1.215847194532730935e-01 7.197494828416489687e-01
5.380808204472165013e-01 2.286347917526962148e-01 8.112922794326419274e-01
3.772647063217368646e-01 2.352069670920053646e-01 8.957393728062733596e-01
2.461465408902046292e-01 1.724819345963835571e-01 9.537619528193073126e-01
1.593838187005501006e-01 7.118091133805069803e-02 9.846471836132527633e-01
1.185325073763149051e-01 -5.007340588761081956e-02 9.916867946674829959e-01
1.256095606090875116e-01 -1.796373597678058431e-01 9.756806123210596260e-01
1.882262142916331649e-01 -3.036049069358000008e-01 9.340208524106931032e-01
3.149945067595906756e-01 -3.941612646734884429e-01 8.633744020656513030e-01
5.855823385411575988e-01 -6.228747070990775514e-01 5.187681794838066018e-01
8.495608470025474146e-01 -4.252386511806616198e-01 3.121192989584070099e-01
9.644308420481249033e-01 -3.943926191746289361e-02 2.613765397385781064e-01
8.663649655169428643e-01 2.925498262310501918e-01 4.047546734715536387e-01
6.532370115873386007e-01 4.267243497642286831e-01 6.254500267893289278e-01
4.377434486311872486e-01 3.918142233956031228e-01 8.092356192885679089e-01
2.724669632221396465e-01 2.694117216673495019e-01 9.236769338793121564e-01
1.655158917596118440e-01 1.117529040953415126e-01 9.798549780458780667e-01
1.122443355645581925e-01 -6.186502510788282477e-02 9.917529570422316532e-01
1.128463801876647132e-01 -2.467239902974610044e-01 9.624930997623810658e-01
1.798021121850062465e-01 -4.344895475727859058e-01 8.825474681306293423e-01
3.359065306488928648e-01 -5.895434726290239569e-01 7.345783120593354365e-01
4.753592700894081480e-01 -8.606300109664456466e-01 1.826185876738498082e-01
7.891145700002516472e-01 -5.645987651898329851e-01 -2.419223630824610116e-01
9.335917363624611776e-01 8.784512154196387479e-02 -3.474042377647879043e-01
8.141044472160027246e-01 5.798058771063063777e-01 -3.254372283611642325e-02
5.951274140185319750e-01 7.002368507413048171e-01 3.943243765575544790e-01
3.914365152802461445e-01 5.828669322995744251e-01 7.120699359872715295e-01
2.382756698521135419e-01 3.801451652820520000e-01 8.937082065580744805e-01
1.351930623498890094e-01 1.597176270328719838e-01 9.778615011889552067e-01
7.498474063962684566e-02 -6.563314992379783164e-02 9.950224009047373697e-01
5.690188525501739536e-02 -3.026981300776771522e-01 9.513863660479064954e-01
9.513712982213336222e-02 -5.536920138510825762e-01 8.272690495399781518e-01
2.237892579214588451e-01 -7.830790749542189122e-01 5.802633285051082002e-01
6.227235672977113334e-02 -9.955441746653364010e-01 -7.080924994182981325e-02
2.460215312667909104e-01 -6.460342652868543700e-01 -7.225739645381995535e-01
3.618483009571433207e-01 2.677702972103281898e-01 -8.929528963088616544e-01
3.455313118784932302e-01 8.611701725107822059e-01 -3.728190532808279833e-01
2.919465237599790930e-01 9.267650573030770111e-01 2.363763013216893527e-01
2.181095442012816743e-01 7.267423635943429661e-01 6.513630045416809455e-01
1.414646180538429721e-01 4.604892201129685003e-01 8.763203980272606941e-01
7.296685467410608805e-02 1.973688612713839774e-01 9.776100299809897809e-01
1.521762981321359183e-02 -5.835171911839307640e-02 9.981800942810175048e-01
-3.090870133392611963e-02 -3.224396055355350232e-01 9.460852778496974258e-01
-5.724085268886049821e-02 -6.055991816785276649e-01 7.937084577687989473e-01
-3.878566706860656771e-02 -8.783161253172455663e-01 4.765044134505392326e-01
-4.876523248520377440e-01 -8.730127645073721965e-01 -6.627448505863920390e-03
-6.044250944279634385e-01 -5.234345046860018336e-01 -6.005719145363922484e-01
-5.698370661518942226e-01 3.277712917202834086e-01 -7.535593529134454460e-01
-3.328353019061313645e-01 8.995616685749767694e-01 -2.828594460782481446e-01
-1.186385250331143393e-01 9.517871979438166097e-01 2.828887240740317610e-01
-1.049919790280208834e-02 7.416700233005250054e-01 6.706827442097784697e-01
1.670616838824642847e-02 4.708048157798475075e-01 8.820792081079346092e-01
-1.913874027383709320e-03 2.084173360524403662e-01 9.780381133264125504e-01
-4.884230269895663279e-02 -4.090925240961885978e-02 9.979683675018616862e-01
-1.206212433977584958e-01 -2.915066073079601860e-01 9.489333029971217526e-01
-2.195728953281262941e-01 -5.518306174359749461e-01 8.045313625318919470e-01
-3.454718078021002392e-01 -7.913301079545232986e-01 5.044262981433049742e-01
-7.614877860019408917e-01 -5.650555348602811501e-01 3.175666769256307864e-01
-9.644140033059216410e-01 -2.635792794263092098e-01 -2.077483296230973192e-02
-9.477549862935290559e-01 3.008369454480290250e-01 -1.061019236828565221e-01
-6.828124761129978904e-01 7.160313236028206241e-01 1.451422270878200416e-01
-3.803980610162528420e-01 7.820641423876425469e-01 4.936324466305270220e-01
-1.790304950160591380e-01 6.297240055144984749e-01 7.559072421488287619e-01
-8.403364833602317008e-02 4.108313457675147329e-01 9.078303538009018236e-01
-6.354901430885626090e-02 1.903527896658816498e-01 9.796567451137325744e-01
-9.639043070533408197e-02 -1.939232317507079417e-02 9.951546727370573775e-01
-1.778502415898132738e-01 -2.223798859483222534e-01 9.586013133164439370e-01
-3.145212701493091956e-01 -4.162624640925651209e-01 8.531130825460871980e-01
-5.142622426704427374e-01 -5.658380317753313182e-01 6.444855836712781727e-01
-6.481386493849857766e-01 -5.151740951212369080e-01 5.608136436370563249e-01
-8.630643204041761329e-01 -3.260678864498549046e-01 3.857456574887482836e-01
-9.394562824311877280e-01 2.478912084671225109e-03 3.426598143866196877e-01
-8.352455682368294942e-01 2.989544218726906122e-01 4.615095821145253630e-01
-6.208899299211401157e-01 4.295569371191524932e-01 6.557259585340018404e-01
-4.040410151810621131e-01 3.956998095546835903e-01 8.247257233589145864e-01
-2.436218217320367807e-01 2.715333880249362064e-01 9.310843287069553442e-01
-1.483026904970312643e-01 1.142312000802521155e-01 9.823225259147585486e-01
-1.126738386967107847e-01 -5.338772175851568685e-02 9.921967331324890171e-01
-1.375188559581101422e-01 -2.250355782205076538e-01 9.645970935011527470e-01
-2.331957941808407431e-01 -3.906051083499159082e-01 8.905320718016694892e-01
-4.099174969158127513e-01 -5.135185466184929437e-01 7.538344300979363810e-01
-4.897444325199126758e-01 -3.066918925088211734e-01 8.161436600777233208e-01
-6.316263224280928013e-01 -1.944023892488795646e-01 7.505037640613884120e-01
-6.805655116911636382e-01 -1.302099087827805236e-02 7.325715242166737085e-01
-6.134183741846550575e-01 1.554184617447790795e-01 7.743145355483830317e-01
-4.719549868593190811e-01 2.427540628090160413e-01 8.475428929371990883e-01
-3.213497148581470064e-01 2.388644938563665721e-01 9.163395191386541905e-01
-2.031438473445322801e-01 1.725141351044401639e-01 9.638316504842978638e-01
-1.296594303587681740e-01 7.382333415262684606e-02 9.888066279377627499e-01
-1.017776955478295747e-01 -3.846726960441310822e-02 9.940631619058076796e-01
-1.216881883185997187e-01 -1.523033861245915999e-01 9.808137761056906490e-01
-1.953093489678194572e-01 -2.537884301271547405e-01 9.473361024152769927e-01
-3.247988534545705464e-01 -3.181023112957417354e-01 8.906832345693421749e-01
-2.682441264344136433e-01 -1.729342562536589356e-01 9.477018685469718040e-01
-3.436912208207323904e-01 -1.064838410840521499e-01 9.330260105263649129e-01
-3.728161503137921717e-01 -7.304983015424887198e-03 9.278764763093826362e-01
-3.432457280532709709e-01 8.682474558702758805e-02 9.352239484353164212e-01
-2.734350615240954130e-01 1.425988930247479580e-01 9.512617004996093417e-01
-1.941569607645195206e-01 1.491758213867286909e-01 9.695615756104509764e-01
-1.274852524289993572e-01 1.143831220084956940e-01 9.852228234326755318e-01
-8.278378406664589628e-02 5.241001184610661473e-02 9.951884423333355878e-01
-6.325096189701436000e-02 -2.259884539943135540e-02 9.977417541657817024e-01
-7.156681302003864431e-02 -9.722112421850021002e-02 9.926863776036481957e-01
-1.108677683223669302e-01 -1.575915061386346794e-01 9.812610535123745814e-01
-1.806582137991222248e-01 -1.881515402655319635e-01 9.653815865669647112e-01
-4.033375186244211180e-02 -1.037520433099415051e-01 9.937850381092205865e-01
-6.308228912024896329e-02 -5.415731602216627277e-02 9.965378115860068498e-01
-7.817999425842127315e-02 1.326548870541396051e-02 9.968509995516715572e-01
-8.022675017815324161e-02 7.656447089484934299e-02 9.938317515316278383e-01
-7.058561678002099604e-02 1.160890164603053387e-01 9.907275160008121029e-01
-5.444359624673338754e-02 1.227673460561653634e-01 9.909410040815123111e-01
-3.660615443610670816e-02 9.814092554625986065e-02 9.944990438357906859e-01
-2.027593629815439141e-02 5.046520248705743672e-02 9.985199796424478746e-01
-7.928330903607592323e-03 -8.446862639624174232e-03 9.999328937886994284e-01
-2.124337927222428191e-03 -6.524370833507608936e-02 9.978670982205076756e-01
-5.357476787648899133e-03 -1.067692028222130829e-01 9.942693974829522885e-01
-1.883562293017298009e-02 -1.218692639602504263e-01 9.923674227878593879e-01
1.872980508303238034e-01 -9.084030120496859595e-02 9.780937990970764995e-01
2.119088959141154915e-01 -3.225782313824364367e-02 9.767569056213178946e-01
2.080146098706219526e-01 4.428896397261238710e-02 9.771225152203946163e-01
1.751995157746819576e-01 1.125417937194896356e-01 9.780794826284431309e-01
1.276337638354391457e-01 1.508944552155033203e-01 9.802757192312554491e-01
8.358396943030164949e-02 1.518176159174854933e-01 9.848680782477160500e-01
5.469008339328942231e-02 1.199039174651446715e-01 9.912779859125768755e-01
4.428169516102639647e-02 6.558858422000839183e-02 9.968637164094350522e-01
5.107338699525212217e-02 1.522203068388536555e-03 9.986937428654798499e-01
7.254476494890242655e-02 -5.871407671865359196e-02 9.956354324117053789e-01
1.060211934897903191e-01 -1.015230531818311493e-01 9.891676178502813999e-01
1.472187267509658670e-01 -1.147315006923911029e-01 9.824272640978318760e-01
4.197914822782812805e-01 -1.388115293550645224e-01 8.969428469666499426e-01
4.966650034811345149e-01 -4.404207616894374733e-02 8.668241862360354100e-01
5.029583902523048211e-01 8.458585516439293128e-02 8.601616654913863957e-01
4.322520523026791017e-01 1.946541607655160599e-01 8.804929988232216287e-01
3.187252645582211996e-01 2.462954726978397457e-01 9.152883402845422012e-01
2.092158308858608484e-01 2.343253394685609892e-01 9.493789398283811742e-01
1.328279068746595903e-01 1.769672735074774017e-01 9.752124544235032388e-01
9.727448013484761569e-02 9.506798254861056896e-02 9.907066943392875968e-01
1.003849694052824371e-01 4.756191091962335207e-03 9.949373028305492639e-01
1.390711255394028456e-01 -8.037226321590386358e-02 9.870154615540270848e-01
2.114027158225618430e-01 -1.453510495372787037e-01 9.665308914573192967e-01
3.116432709348927466e-01 -1.711927329639356121e-01 9.346504800519457312e-01
6.414209587425426795e-01 -2.625258265161115601e-01 7.208740140259175533e-01
7.785008017694275972e-01 -9.855096018205217190e-02 6.198582175720428467e-01
7.921951088158325494e-01 1.377716204359049068e-01 5.945131539088085448e-01
6.711692309561505532e-01 3.340741760728440646e-01 6.617600080837365839e-01
4.798332602144700365e-01 4.106876822466873356e-01 7.753035986262305501e-01
3.015478232614114407e-01 3.716985635048263292e-01 8.780142869992654253e-01
1.814472201999956791e-01 2.665315354724361319e-01 9.465927566173133467e-01
1.259372281631902790e-01 1.356708445234610649e-01 9.827172719092767128e-01
1.281202545389323322e-01 -8.180320466822307846e-04 9.917583028139604906e-01
1.836549169038640406e-01 -1.320962309888302211e-01 9.740746671870680329e-01
2.937807159126778478e-01 -2.431012401754714669e-01 9.244429014184435411e-01
4.560992412971908161e-01 -3.022610179242106732e-01 8.370255426996228154e-01
7.761387619575564889e-01 -4.714034180613916325e-01 4.187928361696729440e-01
9.620066303119683138e-01 -2.039902634288696115e-01 1.814695998288624046e-01
9.708501926699714124e-01 2.067286975005380723e-01 1.212977700636915096e-01
7.954981717148890130e-01 5.360074056014689781e-01 2.826282362727549069e-01
5.408150973861810540e-01 6.404033848766634840e-01 5.453462524650035670e-01
3.197408302535079128e-01 5.528204633416138325e-01 7.695163005287859459e-01
1.802519478186653812e-01 3.773632171181522943e-01 9.083535862613014711e-01
1.200661264036137904e-01 1.809341424798775189e-01 9.761388023101963407e-01
1.256569689789412136e-01 -1.543034450785692874e-02 9.919537441914664244e-01
1.915732222836532272e-01 -2.089997671178314975e-01 9.589675687157197537e-01
3.239319556852527926e-01 -3.889888639067541343e-01 8.624127502782329424e-01
5.290814691095150346e-01 -5.083736441772750414e-01 6.794328789150936299e-01
6.804697818743106197e-01 -7.317604927333734022e-01 3.856756708072618667e-02
8.485393943582927312e-01 -3.552610934929009701e-01 -3.921357566867549327e-01
8.242593000878994935e-01 2.690038837150291462e-01 -4.982303852283666012e-01
6.312602425802092965e-01 7.509258512858812962e-01 -1.939610064112579080e-01
3.988306738756457470e-01 8.756896059127661225e-01 2.722164720810471561e-01
2.179954390678645049e-01 7.289290782013557735e-01 6.489533014771783348e-01
1.138969072905411939e-01 4.792445457645068130e-01 8.702598231933759143e-01
7.619523190886806630e-02 2.182301986726492837e-01 9.729182221654855134e-01
9.042987192520628159e-02 -3.576026742732565933e-02 9.952605897638963084e-01
1.516462997303556492e-01 -2.915998659604214782e-01 9.444431787830934732e-01
2.677245055384628314e-01 -5.473134787302090798e-01 7.929511618847995269e-01
4.512927995980356988e-01 -7.447712159766611828e-01 4.915797441754760078e-01
2.760853932633389185e-01 -9.357688620289175141e-01 -2.193478800528497197e-01
3.058979349466490194e-01 -5.138315166707766446e-01 -8.015008583097059658e-01
2.215906582588887674e-01 2.573764499643656500e-01 -9.405609725988450798e-01
1.093780778715374852e-01 8.490628593128202173e-01 -5.168449448496550414e-01
3.721563628287857806e-02 9.946357155197000921e-01 9.651315883678344976e-02
1.755052355417403408e-03 8.177618162019872905e-01 5.755541084497147741e-01
-7.244830696547118441e-03 5.277064451529924760e-01 8.493959148548930749e-01
3.798650191968089198e-03 2.313261272874027885e-01 9.728688468087022256e-01
2.987573261081786016e-02 -5.474014782150721237e-02 9.980535841413553655e-01
6.842805318012266935e-02 -3.471001621258231196e-01 9.353283268405085948e-01
1.216991549902483455e-01 -6.514917554345610595e-01 7.488309610822927453e-01
1.950665716996741739e-01 -9.085105026625098779e-01 3.695371417830926042e-01
-2.628391811590183313e-01 -9.530857502042082707e-01 -1.501436565606171780e-01
-4.283920193529828224e-01 -5.792751354042546819e-01 -6.934843871761234846e-01
-5.501153364663571299e-01 1.454488405858881117e-01 -8.223246021837874453e-01
-5.152935329918244545e-01 7.411470491567662133e-01 -4.303180525877856044e-01
-3.776249681351045995e-01 9.144127672303854482e-01 1.457692511024300253e-01
-2.387328322839212258e-01 7.644444044507873182e-01 5.988584033756283453e-01
-1.382534594661637972e-01 4.941563306754128693e-01 8.583096770974071310e-01
-7.368730675921625339e-02 2.112903010434563078e-01 9.746417749652980245e-01
-3.768271612120340647e-02 -6.500827123215710546e-02 9.971729727470171056e-01
-3.028315770810040622e-02 -3.493276277911394057e-01 9.365111525342444398e-01
-5.875965827231189459e-02 -6.475496046257459559e-01 7.597544419802856330e-01
-1.337043655088608340e-01 -9.056360755441905663e-01 4.024256966407264158e-01
-6.105235934239445772e-01 -7.691510610303815554e-01 1.888586434044399465e-01
-8.593349352451459255e-01 -4.834480331802988307e-01 -1.667976866783055789e-01
-9.667668429554804321e-01 5.022186334415156689e-02 -2.506783512873561603e-01
-8.573004409381632662e-01 5.148151689954273413e-01 -1.138305495759363946e-03
-6.195757453669172854e-01 6.836719882753985456e-01 3.856403871491813073e-01
-3.887179422867160228e-01 5.951579403443457705e-01 7.033387429890859410e-01
-2.254158830268634950e-01 3.930483164589296807e-01 8.914598704417705521e-01
-1.295634990292497679e-01 1.658056375145651462e-01 9.776102445697160137e-01
-9.019390072274061088e-02 -6.371857108091334709e-02 9.938837980226062907e-01
-1.067793435425253151e-01 -2.999607406666429665e-01 9.479566054685152343e-01
-1.916529781613461603e-01 -5.412396212622923031e-01 8.187361042104254194e-01
-3.616917062170925123e-01 -7.408564912648795131e-01 5.659600418796764121e-01
-4.415457138937612935e-01 -7.056222058780161621e-01 5.541973340913611823e-01
-7.170108081162664959e-01 -5.907964450206137919e-01 3.699392674419478833e-01
-8.964110312962244587e-01 -3.023670243589245965e-01 3.240701244342168441e-01
-8.938917758879929565e-01 4.479664212814261394e-03 4.482604439478168334e-01
-7.346366017816614580e-01 1.875981481556230346e-01 6.520092009559215196e-01
-5.169285528376124095e-01 2.193998162076268577e-01 8.274349472371144154e-01
-3.206142331966954639e-01 1.537332101736647028e-01 9.346510651368244993e-01
-1.731924293880241217e-01 4.144534396886737082e-02 9.840155821255937019e-01
-7.762991156213422395e-02 -9.740300721022111807e-02 9.922128053080315757e-01
-3.836962273418399738e-02 -2.611317779507942305e-01 9.645402876995530228e-01
-7.170035604417648867e-02 -4.470221492209180414e-01 8.916446921554598282e-01
-2.035297801242001436e-01 -6.243624305774575500e-01 7.541532893822184835e-01
-3.484683568219702487e-01 -4.562072409265624517e-01 8.188069110724385258e-01
-5.277268626702240617e-01 -3.982851146064219638e-01 7.502488426509991148e-01
-6.377994564171467484e-01 -2.455044334636261039e-01 7.300270039825278445e-01
-6.314249164695078242e-01 -7.055765045024704751e-02 7.722203007072709902e-01
-5.278272747542975818e-01 5.205976794941272884e-02 8.477547691323065182e-01
-3.842276369383257895e-01 9.548157556546453539e-02 9.182877499674482191e-01
-2.484870091930990454e-01 7.411339776005790303e-02 9.657957395509308984e-01
-1.423053205995678805e-01 1.105010917265771518e-02 9.897611281598546196e-01
-7.331022270489172266e-02 -7.862968143144201394e-02 9.942046994683493288e-01
-4.868580859084378071e-02 -1.868101877563368152e-01 9.811888940424673411e-01
-8.064128141348284040e-02 -3.044547868476684127e-01 9.491070890565893592e-01
-1.822864004327759135e-01 -4.094793566962695031e-01 8.939229970511316514e-01
-1.810668908313176340e-01 -2.527379723297203395e-01 9.504411072693327300e-01
-2.794273104137234287e-01 -2.191883699240699812e-01 9.348137978682916627e-01
-3.451052260081226009e-01 -1.404445867662073577e-01 9.279966061521666143e-01
-3.527588458603263533e-01 -4.760333474276457616e-02 9.345026052337791489e-01
-3.082943710958566674e-01 2.405456100174357958e-02 9.509868342125677998e-01
-2.363863112919891707e-01 5.597601169146260158e-02 9.700454617949247904e-01
-1.602823744949644635e-01 4.829117185680785462e-02 9.858892042957795310e-01
-9.402663394544882869e-02 1.014512222873574857e-02 9.955179900955292149e-01
-4.602032296693635283e-02 -4.784229478057702017e-02 9.977941895521930116e-01
-2.406059949983791607e-02 -1.156807870299552399e-01 9.929949864243079460e-01
-3.693618056612869849e-02 -1.828340046836447741e-01 9.824497164214579525e-01
-9.106838233434913499e-02 -2.351591810067908128e-01 9.676810989821063025e-01
5.424290947712020854e-03 -1.058568716750000888e-01 9.943665821953410200e-01
-3.669448166490418828e-02 -7.133107594806581409e-02 9.967775040696732480e-01
-7.906756267462292098e-02 -1.864159141391540792e-02 9.966949441038888136e-01
-1.073106800686706164e-01 3.486155366599865552e-02 9.936141555046521523e-01
-1.144615419546997775e-01 7.186145055156858974e-02 9.908251547765236644e-01
-1.017070208839097462e-01 8.307821327545372725e-02 9.913393426985137591e-01
-7.452996342606046931e-02 6.836115142936419198e-02 9.948728750584107106e-01
-3.960665759621032761e-02 3.364182102276554176e-02 9.986488574831111631e-01
-4.019985361268543084e-03 -1.203901844018119560e-02 9.999194476319642755e-01
2.469250213958508466e-02 -5.842568718027795621e-02 9.979863322789831459e-01
3.899981670828448627e-02 -9.529945926946252477e-02 9.946843858026553908e-01
3.296987967058596231e-02 -1.134390825756002030e-01 9.929977651429128249e-01
2.081545570220546260e-01 -1.178332239394820451e-02 9.780249657878616887e-01
2.081324846235293458e-01 4.686596874983448013e-02 9.769772002547231216e-01
1.737164307613657532e-01 1.120960148899537295e-01 9.783951579649949881e-01
1.146637404915603758e-01 1.604800513278830665e-01 9.803562514424895014e-01
5.364435324704834585e-02 1.772091202386041620e-01 9.827101358330023739e-01
1.172344127981181719e-02 1.621761224870134355e-01 9.866921841282119132e-01
-2.146922726963813258e-03 1.241683861670359601e-01 9.922588385091306584e-01
1.033737328444565319e-02 7.378371069140497729e-02 9.972206890905149779e-01
4.257642275335787874e-02 2.137904927684814577e-02 9.988644474990217015e-01
8.687725916662109027e-02 -2.262339776713820361e-02 9.959621095770405663e-01
1.355301137432464720e-01 -4.785170359779310212e-02 9.896169980005082856e-01
1.797420439157388639e-01 -4.546226051735791779e-02 9.826626992603761934e-01
4.397422434084474752e-01 2.322024407273007643e-02 8.978238021055580109e-01
4.790718947277475825e-01 1.325550230816607833e-01 8.677092171561515688e-01
4.389247777149535845e-01 2.515617869560896058e-01 8.625901152061110633e-01
3.294883806994415298e-01 3.289873268564303954e-01 8.849885568480485576e-01
1.990418818811481028e-01 3.367317472528079669e-01 9.203228018740520211e-01
9.765561509209171043e-02 2.865805734129693305e-01 9.530660815406689634e-01
4.705270702506998692e-02 2.077341869976452315e-01 9.770529925823141504e-01
4.545156389751438958e-02 1.227745471750325834e-01 9.913932448353787175e-01
8.348019156311081712e-02 4.485673226560463883e-02 9.954993376125739202e-01
1.525183473186716987e-01 -1.625767366627976773e-02 9.881669098781573624e-01
2.450983862218565623e-01 -4.923219605073483884e-02 9.682473712556676215e-01
3.491691488877834426e-01 -3.973995384425447336e-02 9.362166637768636335e-01
6.937331687375678513e-01 -2.552775163664044653e-02 7.197795665963854228e-01
7.712820253909623558e-01 1.667776218530610810e-01 6.142550465058236320e-01
7.066652226093197431e-01 3.932255761198044652e-01 5.882158697618776744e-01
5.198908487579216864e-01 5.421491556086879271e-01 6.601422562225046642e-01
3.013363609850509550e-01 5.503237088645116515e-01 7.786785042685255842e-01
1.386288733989426702e-01 4.503284675083411015e-01 8.820353206146147595e-01
6.047528509437012645e-02 3.104091967130575558e-01 9.486774322648978686e-01
5.618158083615004683e-02 1.726064664858802944e-01 9.833873284225363998e-01
1.093393161151846038e-01 5.153618249787102895e-02 9.926675857732781827e-01
2.104129715778074172e-01 -4.718137739672319253e-02 9.764733990328301472e-01
3.548648071611124055e-01 -1.121992037209423310e-01 9.281607120121531107e-01
5.300874299523812283e-01 -1.167567242908262165e-01 8.398661702553509301e-01
8.933710422948956120e-01 -1.956195841189327378e-01 4.045011237290724315e-01
9.825064296288180676e-01 1.059620616456575654e-01 1.531442366850725434e-01
8.626359847200361086e-01 4.981112426869491738e-01 8.800197597165621000e-02
5.861024830905680050e-01 7.679553784014878648e-01 2.583184393326493633e-01
2.942450278431009147e-01 7.901906463174199757e-01 5.376045071072840242e-01
1.006069789823276356e-01 6.294534574728467557e-01 7.704976188512872026e-01
2.383284621732165848e-02 4.146104966891371313e-01 9.096868315394676108e-01
3.596431443059339844e-02 2.130885417677529925e-01 9.763707499996451267e-01
1.126735666863140084e-01 3.719865158876027589e-02 9.929355103380267389e-01
2.451324292255323001e-01 -1.174021759267727255e-01 9.623548312497139934e-01
4.345160096567978192e-01 -2.437242902397387945e-01 8.670607289567647813e-01
6.711402840825839711e-01 -2.977467151257934264e-01 6.789091343569931825e-01
8.718230058564832019e-01 -4.897922309458476731e-01 5.311964273448495366e-03
8.956877791855847315e-01 -9.423531405152141271e-02 -4.345838328829356167e-01
6.904431304621057031e-01 4.779440472666270923e-01 -5.430080766250940938e-01
3.685622251108721659e-01 8.980900354528587037e-01 -2.399920299542845636e-01
9.445759906220475843e-02 9.641560427504137776e-01 2.479533972488267568e-01
-4.580133753222320053e-02 7.632196859698943125e-01 6.445137302092747156e-01
-6.784480124221543840e-02 4.871191144260348938e-01 8.706963025677665335e-01
-1.426968251393288811e-02 2.309018336504943536e-01 9.728724065250238251e-01
8.975593380418146749e-02 3.486732445214359068e-03 9.959576873762192584e-01
2.384528208351234246e-01 -2.126081595603471208e-01 9.475959174269033003e-01
4.360656360235929396e-01 -4.203882035900602943e-01 7.956887075745273652e-01
6.725530252421604294e-01 -5.619196768361862659e-01 4.815793860018688921e-01
5.327430606521239564e-01 -8.063864709494860117e-01 -2.567599867514487322e-01
4.105823997773996314e-01 -3.975165672506296710e-01 -8.206111574639479711e-01
1.289025877700427924e-01 2.750075497306858630e-01 -9.527617595481934210e-01
-1.444519300866281830e-01 8.150008555096619478e-01 -5.611659695783122181e-01
-2.792800431056214339e-01 9.581513938670300767e-01 6.283759983914470604e-02
-2.738375666039110645e-01 7.763543254455255171e-01 5.677032221843506532e-01
-1.927291063835564200e-01 4.898500349102372642e-01 8.502366934278215993e-01
-8.143289390594214694e-02 2.144234007784432405e-01 9.733402739991581232e-01
4.436267968611964235e-02 -3.973707251492526044e-02 9.982248833398955634e-01
1.828139982644054473e-01 -2.980925649000197852e-01 9.368670475526569286e-01
3.330796767475784348e-01 -5.736327689197016078e-01 7.483337326081602736e-01
4.747687656846922288e-01 -8.063450526504800653e-01 3.527070671198135332e-01
3.459244710647788046e-02 -9.822164613265661481e-01 -1.845377622663154915e-01
-2.374016635212654880e-01 -6.556314874245308122e-01 -7.167899293759880663e-01
-5.402866592790965816e-01 -2.582959789246017102e-02 -8.410845128034101226e-01
-6.985113725797120754e-01 5.369340425720329213e-01 -4.730578149698858592e-01
-6.511295394055838237e-01 7.502286774945852166e-01 1.148357713354882376e-01
-4.841534107645129037e-01 6.433942578351542485e-01 5.929918244207162958e-01
-3.013674936081800482e-01 4.098416441418124556e-01 8.609340628198666190e-01
-1.422579643083932421e-01 1.641844517480509080e-01 9.761178911356593879e-01
-1.000724551497888561e-02 -7.756537577330033240e-02 9.969370429061163996e-01
9.593673314211238756e-02 -3.376176073604436612e-01 9.363815965909790817e-01
1.651015629639986382e-01 -6.310986951922541444e-01 7.579286977239360068e-01
1.640190774796242423e-01 -9.072046012811361138e-01 3.873984429977235244e-01
-3.380315809683854256e-01 -9.266322306236588480e-01 1.645823788789220476e-01
-6.675040811506367522e-01 -7.166047914923237006e-01 -2.022767274244168523e-01
-9.256519587893099477e-01 -2.445389889720217813e-01 -2.887371366175165432e-01
-9.752319893352893176e-01 2.182132231830378188e-01 -3.613248130600053842e-02
-8.166396745309153493e-01 4.441441349667296090e-01 3.685588546715068969e-01
-5.714774252473843186e-01 4.233561313003053050e-01 7.029816061058358212e-01
-3.469300036198843529e-01 2.788472073488786895e-01 8.954796522211255771e-01
-1.752991620045159238e-01 9.808217207471414678e-02 9.796173188146418687e-01
-5.517263451141801028e-02 -9.805842718250412648e-02 9.936501020276773399e-01
1.276640449345942986e-02 -3.198543959231038847e-01 9.473806966182932721e-01
1.178976486046697143e-02 -5.750388649987364653e-01 8.180411390544366501e-01
-9.432781453918658021e-02 -8.240686356261686107e-01 5.585813702420711069e-01
