1.219875757985091347e-01 -1.913269249772840859e-03 9.925297833070167997e-01
1.508852250882680435e-01 -5.992158506565183063e-02 9.867335265882138939e-01
1.588598748320686482e-01 -8.789237084364497077e-02 9.833811424446764482e-01
1.478647377868466672e-01 -8.587117950291731083e-02 9.852726322444528284e-01
1.217221808052105503e-01 -6.154349772017442960e-02 9.906543840250926491e-01
8.613886605599326007e-02 -2.335658466552911067e-02 9.960093200907242927e-01
4.846287897762983909e-02 2.143820504001132249e-02 9.985948891947297179e-01
1.698734440683287092e-02 6.616913714540177682e-02 9.976638088150896477e-01
-5.802287103213763322e-05 1.031548738428865741e-01 9.946653048316534962e-01
3.838526935850712554e-03 1.223971446491446402e-01 9.924737803552637905e-01
3.079113410942846407e-02 1.125095102711954204e-01 9.931734572363406510e-01
7.526558348695187861e-02 6.716288303391695913e-02 9.948991100031062684e-01
1.515597110421796623e-01 3.446042403490987005e-02 9.878472215702756021e-01
1.735315513071363780e-01 -1.664841486058428466e-02 9.846875803947370276e-01
1.751927506215363306e-01 -4.704141291186214602e-02 9.834096834996679526e-01
1.600325187747226041e-01 -5.269392378013181694e-02 9.857042879744774000e-01
1.328501409794327626e-01 -3.725869811757460265e-02 9.904355756213287787e-01
9.927152447030059002e-02 -6.886355572178514892e-03 9.950365533669193185e-01
6.597571341797706101e-02 3.202675743350334031e-02 9.973071202228888099e-01
4.039928074758866727e-02 7.292473435372957835e-02 9.965188815242926879e-01
2.975198979434196325e-02 1.081522747548173263e-01 9.936890381646288350e-01
3.916269138514015535e-02 1.282638508880528938e-01 9.909665323101526369e-01
6.888068937833077832e-02 1.234287390822580432e-01 9.899599976763102660e-01
1.114648356241910582e-01 8.907214179455091863e-02 9.897685305036726389e-01
1.454855418237969988e-01 4.943682647485095338e-02 9.881244644822444467e-01
1.628294427832482072e-01 7.144627345485417801e-03 9.866283630947412231e-01
1.632998212005420391e-01 -2.164761975587209397e-02 9.863389625045795306e-01
1.495479432364475447e-01 -3.100199331251085252e-02 9.882683284839719473e-01
1.258863437490627679e-01 -2.168728324712106831e-02 9.918075872884831723e-01
9.736205556543429951e-02 2.064559333737030298e-03 9.952468878279439046e-01
6.982544065854208448e-02 3.470282238556880727e-02 9.969554262630885288e-01
4.964692935330861090e-02 6.999015248429917013e-02 9.963114778827738549e-01
4.271219215335087666e-02 1.007449731721501290e-01 9.939950296766836280e-01
5.266935016317050855e-02 1.187923540310715509e-01 9.915212131755332114e-01
7.867708290557072492e-02 1.165390051537119470e-01 9.900649357003594719e-01
1.137142250703811752e-01 9.115942617455558006e-02 9.893225126501473676e-01
1.146398664333031919e-01 4.152851730977290268e-02 9.925387061844404002e-01
1.293056084814478146e-01 7.280905846270896951e-03 9.915780594714697083e-01
1.315806979739043148e-01 -1.715626369834387030e-02 9.911569918718823313e-01
1.224113948187471046e-01 -2.594234722737871757e-02 9.921403353553386317e-01
1.046567398284947020e-01 -1.874180344315238070e-02 9.943317915123089934e-01
8.228988313536067523e-02 1.202304229863069293e-03 9.966077109867740313e-01
6.021384917080244842e-02 2.890837109347439704e-02 9.977668056459220169e-01
4.379003130973348895e-02 5.855457679340728833e-02 9.973233150259863677e-01
3.779381114041574508e-02 8.370187803159333251e-02 9.957738816887482525e-01
4.491978832076952421e-02 9.767533273683054462e-02 9.942040746204098278e-01
6.422886252355758385e-02 9.504904492332628962e-02 9.933983754154779300e-01
9.036508320442786235e-02 7.452978509929843176e-02 9.931160369617108019e-01
7.049506477041629637e-02 1.524635975735695072e-02 9.973956057435828804e-01
8.464110532704127721e-02 -1.296948576102053240e-02 9.963270927401596255e-01
9.049305142361833976e-02 -3.192352401861002498e-02 9.953853004029480367e-01
8.713893044086225281e-02 -3.699002142016304118e-02 9.955091888662415123e-01
7.566957227517399909e-02 -2.821349476314022678e-02 9.967337229896713335e-01
5.881252678286826713e-02 -8.870548826622283445e-03 9.982296329287203562e-01
4.059835367197305728e-02 1.614937330811918800e-02 9.990450297262793988e-01
2.567210489836652468e-02 4.130864086171959215e-02 9.988165693561703584e-01
1.820915010919574653e-02 6.088214218905603492e-02 9.979788532903995923e-01
2.068061413066440979e-02 6.956107589991360196e-02 9.973633083880469874e-01
3.283496766975934483e-02 6.381092041460324771e-02 9.974216918305841562e-01
5.134681233837843500e-02 4.391394279058428302e-02 9.977149244604742728e-01
2.202504216918903940e-02 -2.174965580378273103e-02 9.995208101835565406e-01
3.820722370769848858e-02 -4.648628030374343800e-02 9.981879751831522762e-01
4.910930424833468561e-02 -6.019027083592403543e-02 9.969781379413746869e-01
5.185941817706885004e-02 -5.982721333625937166e-02 9.968607251218329912e-01
4.584275432818270962e-02 -4.676447409764521862e-02 9.978534591000772780e-01
3.273468601303497483e-02 -2.515021511404475982e-02 9.991475902043976953e-01
1.602433457230607525e-02 -3.047200732306094796e-04 9.998715556745928490e-01
1.003633765377877671e-04 2.221909906527865311e-02 9.997531203071764461e-01
-1.087557188723058295e-02 3.714589601737812441e-02 9.992506714259208334e-01
-1.399484055683547674e-02 4.017486156846399037e-02 9.990946526410149353e-01
-8.295899939228388448e-03 2.930898490575599077e-02 9.995359730635045015e-01
4.919417393240605590e-03 6.516729280688109659e-03 9.999666652303293990e-01
-2.366480757070109353e-02 -6.072228914776426484e-02 9.978741305811790197e-01
-2.646685294398044754e-03 -8.495481755410044800e-02 9.963812894827012157e-01
1.477626704036452514e-02 -9.468376454343563342e-02 9.953977329009406905e-01
2.352593786549912400e-02 -8.842857856871434719e-02 9.958046579223399641e-01
2.152147781632340537e-02 -6.942037853922333746e-02 9.973553213555016450e-01
9.862987775875456040e-03 -4.327066349896709074e-02 9.990147001682809780e-01
-7.959820628502114331e-03 -1.616004646173264947e-02 9.998377339118939000e-01
-2.728150522891743812e-02 6.017489498843430103e-03 9.996096784707989569e-01
-4.344373995749283013e-02 1.805190987554316021e-02 9.988927720271995048e-01
-5.263829117890904408e-02 1.610823486352331441e-02 9.984837179800761797e-01
-5.237645294862584150e-02 -8.362262904266992095e-04 9.986270614709099602e-01
-4.197882061419433430e-02 -2.923758724366911851e-02 9.986906138099970187e-01
-5.950021816571594152e-02 -9.315844790714888912e-02 9.938718366176659824e-01
-3.108795468164967171e-02 -1.203617717428803191e-01 9.922432075739384683e-01
-6.061325230814159672e-03 -1.281827115224239144e-01 9.917320468771306796e-01
8.066494536265829060e-03 -1.165395994683582626e-01 9.931532879781417300e-01
8.180798047271269774e-03 -9.089554293768978277e-02 9.958268297336761998e-01
-4.508439748424627330e-03 -5.868848081251400867e-02 9.982661650035546952e-01
-2.586599606079869468e-02 -2.717955037352108583e-02 9.992958632403665664e-01
-5.045445302144337812e-02 -2.801576555751359061e-03 9.987224335817309617e-01
-7.278533191907808619e-02 8.921393688574561637e-03 9.973077279316132637e-01
-8.797154474323511109e-02 3.908844222879816026e-03 9.961153187519443675e-01
-9.193872235909959778e-02 -1.884046240372959369e-02 9.955864142843332543e-01
-8.205050956707071741e-02 -5.482905735973853806e-02 9.951188312704145611e-01
-7.678983887303411637e-02 -1.117898713654140730e-01 9.907604883652713079e-01
-3.966386717855956145e-02 -1.457189906078011910e-01 9.885306031766110113e-01
-7.437782178544637829e-03 -1.541260397585761110e-01 9.880231997603025063e-01
1.020826069999979102e-02 -1.383601358621328048e-01 9.903293715819118104e-01
9.905665814614737774e-03 -1.064274648239137977e-01 9.942711262608202594e-01
-6.238837796504028213e-03 -6.766585469831211397e-02 9.976885330657222495e-01
-3.287784393065527888e-02 -3.031280273615090046e-02 9.989995902745498757e-01
-6.347098758004365848e-02 -1.287035186608360016e-03 9.979828541993830404e-01
-9.158737260235022548e-02 1.332851021786397513e-02 9.957078406817152505e-01
-1.114031989582483229e-01 8.426238287022389320e-03 9.937395663704251536e-01
-1.176261735338756664e-01 -1.836045521866880997e-02 9.928881996398416510e-01
-1.059666550787406875e-01 -6.297709099907249086e-02 9.923733944543137175e-01
-6.528056833811494986e-02 -1.115947972811033168e-01 9.916073056494406623e-01
-2.097762316867107443e-02 -1.551832412085844826e-01 9.876629490742943052e-01
1.492350396306184497e-02 -1.664668618350470808e-01 9.859341118655933212e-01
3.207183606741544069e-02 -1.486071861072551237e-01 9.883760931794507432e-01
2.802913304403262945e-02 -1.121476865769990422e-01 9.932961613215054442e-01
6.399712367750103048e-03 -6.789064285407715726e-02 9.976722429206910103e-01
-2.605661484959298155e-02 -2.456496495808390898e-02 9.993586019638704965e-01
-6.166052239768709392e-02 1.072979830435836883e-02 9.980395039305638427e-01
-9.310186169116912991e-02 3.132743597366671046e-02 9.951636222777066054e-01
-1.139593841871723578e-01 3.049574412138527507e-02 9.930172548078595174e-01
-1.186068158779868958e-01 3.026870839060580645e-03 9.929366854337540182e-01
-1.023109640112870866e-01 -4.957806048817836597e-02 9.935162215895132487e-01
-1.780925063634813607e-02 -9.039524728323254654e-02 9.957467197337551701e-01
2.776049017259138788e-02 -1.437110748623097733e-01 9.892302472869682894e-01
5.981570418117124893e-02 -1.595590299077612462e-01 9.853745468137495855e-01
7.040909559970838505e-02 -1.428479373048608114e-01 9.872370668003466188e-01
5.916126920179083648e-02 -1.055685644484583713e-01 9.926506044055072309e-01
3.108842105469320286e-02 -5.890000675410909936e-02 9.977796847404487579e-01
-6.076428473801053116e-03 -1.139251833295112579e-02 9.999166402971216838e-01
-4.384710371451769340e-02 3.000731282952936313e-02 9.985874987563877481e-01
-7.417929357514714550e-02 5.819604338145487749e-02 9.955454047601649537e-01
-9.028293430233248762e-02 6.473956113779469335e-02 9.938097307822276738e-01
-8.719524753531572581e-02 4.093099308322917240e-02 9.953500101032846104e-01
-6.215948243347770019e-02 -1.604328852193141752e-02 9.979372784084490355e-01
5.691555841742391986e-02 -4.961147824237684828e-02 9.971455863798251995e-01
9.515041460082387936e-02 -1.087461222195754140e-01 9.895052700736283180e-01
1.151706450604795123e-01 -1.307890183582862131e-01 9.846979004715935568e-01
1.142828786851284445e-01 -1.198834295309097742e-01 9.861883121206946878e-01
9.431410743212008396e-02 -8.704974647899181572e-02 9.917293939262734614e-01
6.084034908350981902e-02 -4.258452492106360593e-02 9.972386926711633848e-01
2.168200336113899201e-02 5.541072747843029875e-03 9.997495622620461431e-01
-1.446592026707201051e-02 5.058680619635628345e-02 9.986148968394008563e-01
-3.911960227044330995e-02 8.514030752835145821e-02 9.956007155240632622e-01
-4.524354184737625073e-02 9.960963159745971074e-02 9.939974563419660125e-01
-2.898591529985738643e-02 8.288840157690981203e-02 9.961372042034620788e-01
8.273226495159905977e-03 2.868090276180375320e-02 9.995543804815660849e-01
1.594171203217487620e-01 1.004525348618781344e-01 9.820873026304842712e-01
2.346413071089324121e-01 4.127362122222979351e-02 9.712054083402456017e-01
2.526688850442807555e-01 8.740025759616345744e-03 9.675133314224110270e-01
2.278769247913209062e-01 6.759672641522190611e-04 9.736897094125326335e-01
1.748082769360545796e-01 8.494392671534586534e-03 9.845658492999110889e-01
1.058221595677056592e-01 2.630143936635451901e-02 9.940371747734574326e-01
3.201750184532128202e-02 5.140384542903620596e-02 9.981645777378953532e-01
-3.540158937000639078e-02 8.270107260022657725e-02 9.959454101811677784e-01
-8.367349474309331014e-02 1.184358882269563318e-01 9.894299806744207837e-01
-9.750135449800675924e-02 1.530143441687056016e-01 9.834023064594791252e-01
-6.071987416062563092e-02 1.730668417588163144e-01 9.830366041840749025e-01
3.389550994217068597e-02 1.580018603568130731e-01 9.868568824958762198e-01
1.583720361241537922e-01 1.645372033342821505e-01 9.735737295617792331e-01
2.189513968183315062e-01 1.121174791071176680e-01 9.692729010499809839e-01
2.342838886863146119e-01 7.031832369977747410e-02 9.696217782486702408e-01
2.132665118577493357e-01 4.755213715437752592e-02 9.758361487319987537e-01
1.675549325058182659e-01 4.246151588061821552e-02 9.849478992627138663e-01
1.078428281772747382e-01 5.163011544383606238e-02 9.928263975086918380e-01
4.435366524827331902e-02 7.244817983624633750e-02 9.963854744111190209e-01
-1.214388253300331504e-02 1.030414858819986568e-01 9.946029249424288565e-01
-4.956582307628192019e-02 1.406094258545148856e-01 9.888236539159775962e-01
-5.475665776854458933e-02 1.787129067190257048e-01 9.823764071892924221e-01
-1.681973326257794193e-02 2.047336026297314759e-01 9.786732082401555788e-01
6.331535837710765280e-02 2.021496883098800601e-01 9.773058215879161237e-01
1.310957823319503501e-01 1.697673328609275167e-01 9.767256260322068062e-01
1.785909479119678900e-01 1.287977690155157617e-01 9.754570252042573664e-01
1.942951923903629696e-01 9.017842960993897872e-02 9.767892449485064965e-01
1.809165998612109472e-01 6.472563224911186130e-02 9.813662804603235923e-01
1.460765383001083051e-01 5.510069717098970560e-02 9.877375957863546718e-01
9.843601680507967078e-02 5.999656261123347684e-02 9.933331581449966752e-01
4.717183646310534745e-02 7.718460301695316550e-02 9.959002735725718258e-01
2.171889293415908088e-03 1.042637169983315071e-01 9.945473142161761482e-01
-2.607271122635054436e-02 1.376902797309871862e-01 9.901321126985908050e-01
-2.761969208053950339e-02 1.710176590802216234e-01 9.848807607484075799e-01
3.543662264177430306e-03 1.939299400626884051e-01 9.810089810013338241e-01
6.319242079760933883e-02 1.949825535753294814e-01 9.787688806633889627e-01
9.601246198952272104e-02 1.320289702906131679e-01 9.865849979332247388e-01
1.333525091658172013e-01 1.014185175001346417e-01 9.858658086205787097e-01
1.494438378930629252e-01 7.187535885621529341e-02 9.861543855326403429e-01
1.431095976000949233e-01 5.211994487187913971e-02 9.883335238781411070e-01
1.183572976150303879e-01 4.515822437364191283e-02 9.919436903739550226e-01
8.169808134623325613e-02 5.027735643481894001e-02 9.953881709836932545e-01
4.107981819080831071e-02 6.537025085018288717e-02 9.970151347102025330e-01
5.294336354040586091e-03 8.779768305742012557e-02 9.961242577371681728e-01
-1.685501577770925213e-02 1.139047998121421046e-01 9.933486824991893949e-01
-1.807549688530626919e-02 1.381180015573168496e-01 9.902508238108117533e-01
4.793215776277843197e-03 1.529746728040762560e-01 9.882184852364001015e-01
4.736450307267670023e-02 1.515484631423024975e-01 9.873143709921559097e-01
6.184782608646591240e-02 6.792485192247869896e-02 9.957715907273488876e-01
9.349111220559452873e-02 4.547034839729077044e-02 9.945812482423113110e-01
1.103651909704169848e-01 2.679185552533525430e-02 9.935299296446157280e-01
1.092342367981605500e-01 1.705880591951340619e-02 9.938696487224352172e-01
9.166926144317928682e-02 1.733088975010500798e-02 9.956386828398077204e-01
6.253886358963303693e-02 2.603124741826570374e-02 9.977029942317598987e-01
2.879665221794447047e-02 4.066006518110729107e-02 9.987579846593003241e-01
-1.625223682176369939e-03 5.844051061015944487e-02 9.982895698982275912e-01
-2.107377930055952253e-02 7.604386698602769168e-02 9.968817513225336491e-01
-2.372800510425026807e-02 8.925021470328202422e-02 9.957265593270149262e-01
-7.488437057322144125e-03 9.352477366000648551e-02 9.955887906271300158e-01
2.418814363914247728e-02 8.601603530407152254e-02 9.960000880409792812e-01
3.144685786625057988e-02 -8.641616221289326674e-03 9.994680673235450952e-01
6.285832962139741020e-02 -2.482369520141131450e-02 9.977136936786220600e-01
8.223552720099620850e-02 -3.254143672988502739e-02 9.960815091955630418e-01
8.491322586406888084e-02 -3.046932618748706897e-02 9.959223685786600111e-01
7.116305026028034442e-02 -2.057658883040898792e-02 9.972524375853115686e-01
4.514423409751627814e-02 -6.206006231096114489e-03 9.989612022568145067e-01
1.348984269300626884e-02 9.336604381115429230e-03 9.998654169250772439e-01
-1.612242107081747131e-02 2.310342560797058048e-02 9.996030708556813416e-01
-3.637671779741705885e-02 3.222196879844990702e-02 9.988185416425082730e-01
-4.172599095008257958e-02 3.389458024773855244e-02 9.985540041024936198e-01
-2.983415860120752078e-02 2.636582956526607388e-02 9.992070686359398879e-01
-2.950996191140517911e-03 1.066292036661587068e-02 9.999387950023355121e-01
5.541392970934934034e-03 -8.573850354909540172e-02 9.963022643621428642e-01
4.293377211394219795e-02 -9.731115214589187989e-02 9.943275269648825798e-01
6.764039357533971342e-02 -9.458653889078605381e-02 9.932160710629702738e-01
7.342037317363482585e-02 -8.023301763272458476e-02 9.940684642842868568e-01
6.025049485853915116e-02 -5.974324880298102075e-02 9.963938087380889153e-01
3.274712300098196055e-02 -3.858991865445399183e-02 9.987184008084457609e-01
-1.852313207354935919e-03 -2.101072053305448259e-02 9.997775345338468789e-01
-3.538685029534390653e-02 -1.014583112030804056e-02 9.993221867532159353e-01
-6.008453745161722315e-02 -8.523249653240366416e-03 9.981569027836789676e-01
-6.964606335968978601e-02 -1.785926131333130315e-02 9.974118871578530054e-01
-6.040117032312967288e-02 -3.762080525072052789e-02 9.974649736384596510e-01
-3.300005157118628130e-02 -6.308805732099984076e-02 9.974622266630884804e-01
-1.450985800170485895e-02 -1.517489179355929751e-01 9.883125669169918748e-01
3.564785317842696089e-02 -1.608272939142862401e-01 9.863385889723732536e-01
6.887141202416859065e-02 -1.487336683435876994e-01 9.864760638287002337e-01
7.713574942469159090e-02 -1.225539648377230451e-01 9.894597525232029511e-01
6.136800622512578185e-02 -9.160927021022410854e-02 9.939022635165797315e-01
2.799003156561799197e-02 -6.341120626125906767e-02 9.975948962647476215e-01
-1.422539660185511215e-02 -4.286960871900699632e-02 9.989793965541966525e-01
-5.604365173648805792e-02 -3.318178943009144483e-02 9.978767849540464141e-01
-8.870682003944900529e-02 -3.676779358777645945e-02 9.953789376077670781e-01
-1.044251800976876421e-01 -5.504837439313049058e-02 9.930080856861888128e-01
-9.710843392543450081e-02 -8.639893304274948171e-02 9.915166042128280566e-01
-6.473964107716538574e-02 -1.231108571752517478e-01 9.902789989285317729e-01
-2.410697296273001458e-02 -1.936949227440539212e-01 9.807655839994188218e-01
4.516860323200554139e-02 -2.036915161875175184e-01 9.779926193562935577e-01
8.874725699582379501e-02 -1.844452515351799604e-01 9.788278058789374736e-01
9.771981902493745431e-02 -1.483550037875593641e-01 9.840943195756489681e-01
7.591385171227292561e-02 -1.086850293769184433e-01 9.911733710645426187e-01
3.290304368744285946e-02 -7.436235294271177632e-02 9.966883315164225543e-01
-2.042117536642837003e-02 -5.027408797152478626e-02 9.985266604729127193e-01
-7.357317224744910900e-02 -3.929254906846119805e-02 9.965154709852985793e-01
-1.167052828083446070e-01 -4.390984418113973858e-02 9.921954457407016204e-01
-1.402477442123604423e-01 -6.636297549096471793e-02 9.878899360389892248e-01
-1.348219803709400089e-01 -1.062218860605946141e-01 9.851598573482934773e-01
-9.390894495791848873e-02 -1.551037339185455388e-01 9.834245989303512792e-01
-1.273536311468362846e-02 -1.960633699527035978e-01 9.805085239247484097e-01
7.797295584542868196e-02 -2.121795646265987323e-01 9.741150088730532453e-01
1.289459301023609950e-01 -1.903626402942366069e-01 9.732086170447780127e-01
1.341467053959441158e-01 -1.492848777708175312e-01 9.796523295028194411e-01
1.026896695576265811e-01 -1.054061483841201852e-01 9.891129236082587539e-01
4.783657642738700644e-02 -6.778709294047646772e-02 9.965523428231961578e-01
-1.768090237488411168e-02 -4.036868887321645727e-02 9.990284053268911890e-01
-8.249286843268292813e-02 -2.518324310448239248e-02 9.962734217696532779e-01
-1.358949874873799091e-01 -2.468794847456668232e-02 9.904155984109630495e-01
-1.666678578654439413e-01 -4.278165682235870321e-02 9.850845420541969322e-01
-1.620347247549415171e-01 -8.324870000623574295e-02 9.832672077928946708e-01
-1.095222469575122537e-01 -1.423208325912946881e-01 9.837426787690550789e-01
3.434266543710334102e-02 -1.415062102996751670e-01 9.893414849168062908e-01
1.371766014212425500e-01 -1.703538406044428632e-01 9.757879631424448696e-01
1.842355692239068810e-01 -1.554812366339644869e-01 9.705064863706566181e-01
1.787810341131669811e-01 -1.196848226647568569e-01 9.765822469536625805e-01
1.355112848711312878e-01 -7.994260979310205406e-02 9.875453765837980402e-01
6.972573584613799003e-02 -4.413044652828809061e-02 9.965895973017354637e-01
-5.388296875972450710e-03 -1.490372474809254985e-02 9.998744147368809898e-01
-7.825162551301202696e-02 6.719937535099580576e-03 9.969109917861587178e-01
-1.374471916768595647e-01 1.874215148274949172e-02 9.903317632278652027e-01
-1.701113432920094148e-01 1.598621739076520540e-02 9.852951698536586145e-01
-1.606987125109850534e-01 -1.101501627556476445e-02 9.869420414663576668e-01
-9.244085167136759096e-02 -7.005703973109778104e-02 9.932505726785390010e-01
1.127630817352670289e-01 -2.118062731916289451e-02 9.933961286536352464e-01
2.044681613494267192e-01 -7.082404829439785388e-02 9.763077000502911051e-01
2.344667708818965468e-01 -7.911228125484026652e-02 9.688996750473658492e-01
2.154305558798176867e-01 -6.310458895378050215e-02 9.744780584733887530e-01
1.631050390910550596e-01 -3.745470281605379342e-02 9.858975055552011701e-01
9.166222601831128247e-02 -9.251989678306106121e-03 9.957471752450074431e-01
1.330578511965553948e-02 1.914759908262905763e-02 9.997281258079765420e-01
-6.056562274086825515e-02 4.712820099825510561e-02 9.970510207671092751e-01
-1.176846445476586595e-01 7.329274734165608374e-02 9.903426162823589785e-01
-1.432654804455553987e-01 9.256555800593951888e-02 9.853459390406964502e-01
-1.195979589434760376e-01 9.268737772448483458e-02 9.884864077097799129e-01
-3.096156470938696281e-02 5.506501262955924153e-02 9.980026181803003382e-01
1.429440679769225231e-01 3.218437988289173379e-01 9.359399353513878639e-01
2.963592109663574781e-01 2.691489100731244144e-01 9.163678749725375772e-01
3.244168633324611695e-01 2.093297082723244440e-01 9.224612577339615926e-01
2.814547634431538436e-01 1.595210199320777067e-01 9.462220988409284494e-01
2.012732587005891804e-01 1.192901082382639283e-01 9.722442827852254554e-01
1.019991856817754616e-01 8.813777794078189731e-02 9.908722915794653252e-01
-5.650234263247926568e-03 6.741730522278081839e-02 9.977088662577090483e-01
-1.131570909213947540e-01 6.073512927176557413e-02 9.917190715351509311e-01
-2.096430096030268142e-01 7.445020523495708697e-02 9.749394727187663534e-01
-2.752567155099376328e-01 1.172515662987287516e-01 9.541938014718142069e-01
-2.708570497898450391e-01 1.938779183291657604e-01 9.428933191847530537e-01
-1.348942497332671353e-01 2.836346400523920841e-01 9.493971415331611263e-01
6.642076576941013943e-02 3.745414689900116167e-01 9.248280758506185473e-01
1.920324000052618385e-01 3.333606514403679166e-01 9.230353370372167410e-01
2.369432411339611744e-01 2.650795331686966461e-01 9.346607628311468519e-01
2.202920043660117067e-01 2.009189558206844195e-01 9.545171585698476457e-01
1.647106767268053940e-01 1.503569921039622226e-01 9.748144274154990629e-01
8.633692040581973648e-02 1.152064560454165026e-01 9.895824415683549535e-01
-3.290753878577259983e-03 9.666842805210303091e-02 9.953112005582386290e-01
-9.395194395096287399e-02 9.771568191887361476e-02 9.907697400179348302e-01
-1.730853399730296061e-01 1.232112877909760651e-01 9.771696084341677802e-01
-2.212528853042309562e-01 1.776531427066368463e-01 9.588985982005664432e-01
-2.088718205486214952e-01 2.578417397258855326e-01 9.433399174399638154e-01
-1.064281213242688068e-01 3.394317867233512809e-01 9.345903472394434530e-01
2.300873089921610243e-02 3.264880667434481021e-01 9.449212351177763702e-01
1.146373492034559322e-01 3.004096876813510120e-01 9.468961388213157360e-01
1.607697195601716367e-01 2.476189099274435368e-01 9.554255453560740463e-01
1.608982808432032896e-01 1.927154034155818263e-01 9.679734069219357862e-01
1.260342801402497270e-01 1.479235967192245038e-01 9.809352525845493886e-01
6.823919569546427200e-02 1.174786772270641905e-01 9.907281022399251347e-01
-1.493527928402374645e-03 1.034133857381711735e-01 9.946373414588174366e-01
-7.235167766547646873e-02 1.081795395015570094e-01 9.914950438465836013e-01
-1.319127621900463843e-01 1.344494037315503432e-01 9.821010034652789544e-01
-1.644278173207220362e-01 1.825147860581227133e-01 9.693564080157731633e-01
-1.518215814422215204e-01 2.452298801665619699e-01 9.575032706375975478e-01
-8.336060470982277482e-02 3.028539599312205510e-01 9.493842681108550785e-01
9.348303411982747044e-03 2.340732775423835232e-01 9.721740121830445558e-01
7.394559838140789265e-02 2.180978203334298648e-01 9.731214668506718013e-01
1.125312883417281112e-01 1.846914976430777955e-01 9.763328120280615474e-01
1.186706958861646760e-01 1.482479658463672911e-01 9.818043626712086303e-01
9.628066069693826112e-02 1.176600708564256581e-01 9.883755066279762413e-01
5.354648403125628758e-02 9.685032985541724981e-02 9.938575288515367756e-01
7.735027447693420589e-05 8.796582977202545284e-02 9.961234897388325793e-01
-5.381151214209278083e-02 9.297801748653537757e-02 9.942129597955038367e-01
-9.703352176122448380e-02 1.131436774441073045e-01 9.888291075352805271e-01
-1.179375547257302814e-01 1.469468364815051664e-01 9.820882650929815272e-01
-1.064094055076733464e-01 1.875201771055801658e-01 9.764800159746751529e-01
-5.974749258257937984e-02 2.217163733068144571e-01 9.732790385791780796e-01
1.468447257484694832e-02 1.232862384376166298e-01 9.922625003884667505e-01
6.280791309999420036e-02 1.152675019969939263e-01 9.913468459805040434e-01
9.295591800812395833e-02 1.001628847717570270e-01 9.906192981268612252e-01
9.848655307122652913e-02 8.388990002727983453e-02 9.915961292469173127e-01
8.068658387084348682e-02 6.999307786632062711e-02 9.942789569502600289e-01
4.567414039311279428e-02 6.014350573442468761e-02 9.971442381206788719e-01
2.003295067536214457e-03 5.571835101060539780e-02 9.984445163200381668e-01
-4.072199646695272984e-02 5.825198998613301954e-02 9.974710144493110775e-01
-7.277795991378395446e-02 6.857668238073703904e-02 9.949877422282296102e-01
-8.544062291219391148e-02 8.542102136998731832e-02 9.926747448507217131e-01
-7.304182538568852745e-02 1.045048092989926819e-01 9.918385133567013678e-01
-3.631263561229519654e-02 1.192247699640761049e-01 9.922030269667356794e-01
3.101772876995806047e-02 6.568918650497886438e-03 9.994972485252746619e-01
7.318798578432889057e-02 7.372487702122592322e-03 9.972909130048355220e-01
9.787156402128505128e-02 1.016374369471776187e-02 9.951471525709513211e-01
9.962577864256998150e-02 1.372725489910633923e-02 9.949302823328064482e-01
8.004360153340152328e-02 1.619350647105339755e-02 9.966598176919299057e-01
4.530715028629179325e-02 1.645884590817384141e-02 9.988375085690636146e-01
3.975985503075030875e-03 1.484563653951014202e-02 9.998818923327514874e-01
-3.453084430788200959e-02 1.260712550928583947e-02 9.993241121765891188e-01
-6.112018763511380820e-02 1.083330849382023106e-02 9.980716217237932675e-01
-6.837053408864407489e-02 9.665951405968918955e-03 9.976131712501771220e-01
-5.249398818422969931e-02 8.538811461165455099e-03 9.985847334619893934e-01
-1.593436643172892186e-02 7.296635644961218213e-03 9.998464157432569444e-01
5.321297555627944875e-02 -1.081915836366908606e-01 9.927048707760924851e-01
9.996495474670825943e-02 -9.567369301600685272e-02 9.903805088384513011e-01
1.234965735447730445e-01 -7.362625696125116304e-02 9.896099083015144071e-01
1.197920158419258363e-01 -5.043155611769051250e-02 9.915172873368753859e-01
9.299019759623258774e-02 -3.291534877132042819e-02 9.951228079822174166e-01
5.139796429445184223e-02 -2.443264522542865080e-02 9.983793342781166480e-01
4.807684014588706548e-03 -2.529902433327150396e-02 9.996683677812143731e-01
-3.680271721641496102e-02 -3.424484146411018587e-02 9.987356260987158008e-01
-6.402364478312705387e-02 -4.966637515217103838e-02 9.967117056038895528e-01
-6.901769397365827008e-02 -6.969956309504861391e-02 9.951776368183031796e-01
-4.753086999568087445e-02 -9.075157584367833652e-02 9.947386430008942071e-01
-2.425623115528450970e-03 -1.060149814354832687e-01 9.943615741086426763e-01
7.790165434726262217e-02 -2.125153100067341261e-01 9.740475220760017594e-01
1.410992634100126653e-01 -1.840539855750925047e-01 9.727358985146484782e-01
1.678934467368334016e-01 -1.401318933624111640e-01 9.757944676033797338e-01
1.568593569306229174e-01 -9.752471819048177948e-02 9.827940127438518081e-01
1.175504259761908782e-01 -6.715473796502506587e-02 9.907936911999785101e-01
6.242473404412766935e-02 -5.314894038677740046e-02 9.966335047123293656e-01
3.396385100456633926e-03 -5.538769067562401838e-02 9.984591470310564265e-01
-4.862505641692122654e-02 -7.217277813793264440e-02 9.962061503445696076e-01
-8.328109725995566648e-02 -1.015838974342932188e-01 9.913349437103361472e-01
-9.069388349277773820e-02 -1.407053446641502448e-01 9.858887490381019747e-01
-6.316674823610736456e-02 -1.823425371428494535e-01 9.812039344934776475e-01
-1.042862742724633184e-03 -2.117327678067467411e-01 9.773270422301075788e-01
1.034639137281720273e-01 -2.920045546200435438e-01 9.508041641879045880e-01
1.971548382528157117e-01 -2.431759675103820628e-01 9.497343937011739623e-01
2.298955916057721371e-01 -1.755236383440610948e-01 9.572562192760522004e-01
2.080011542163493765e-01 -1.159818200489159262e-01 9.712279532957135419e-01
1.509515238409940008e-01 -7.735574104034723120e-02 9.855098816237820580e-01
7.690477962243788546e-02 -6.186288409005707978e-02 9.951173993270031604e-01
-2.013819702010709463e-04 -6.739803551512232871e-02 9.977261469229626867e-01
-6.903022961730904961e-02 -9.138809222539832910e-02 9.934198729632944813e-01
-1.184570220228708948e-01 -1.320902060636119923e-01 9.841341937943949292e-01
-1.355810409956113016e-01 -1.872191221901075286e-01 9.729166365156531882e-01
-1.055492441671530834e-01 -2.487099286809648924e-01 9.628098090647341234e-01
-1.898681084009538889e-02 -2.943181649044134818e-01 9.555188741314623035e-01
1.331003580120382057e-01 -3.169833025288762429e-01 9.390451962578059142e-01
2.693478915582438460e-01 -2.471276416711917501e-01 9.307951665298201949e-01
3.042068277291482548e-01 -1.607234159268142726e-01 9.389495138375210104e-01
2.655632319839347777e-01 -9.421022858920197196e-02 9.594793393541711790e-01
1.873540965276457582e-01 -5.702696416807282592e-02 9.806356957974846633e-01
9.259997452231150117e-02 -4.617223035782452162e-02 9.946322787153106804e-01
-4.471067224136012278e-03 -5.646867465467701741e-02 9.983943601305736992e-01
-9.348251145176923738e-02 -8.423734609918044625e-02 9.920509510981488921e-01
-1.636295650664310597e-01 -1.280330889420592255e-01 9.781783546839208920e-01
-1.994995046337430245e-01 -1.876434378042509676e-01 9.617639460387201744e-01
-1.765195946076808242e-01 -2.594264177021585183e-01 9.494939528600162548e-01
-6.305446318671144301e-02 -3.215342915595746920e-01 9.447961864992968639e-01
1.791444876412649490e-01 -2.247708118301945390e-01 9.578023463621831990e-01
3.478951476710018254e-01 -1.522723582329644776e-01 9.250849123972999521e-01
3.699729457294096413e-01 -7.507043603478262550e-02 9.260045621171781871e-01
3.111668778568761895e-01 -2.644651977473695334e-02 9.499872397652641132e-01
2.153685523506261579e-01 -6.680549044912879875e-03 9.765099881325540743e-01
1.052081907697086649e-01 -7.950808232369380862e-03 9.944184336803472135e-01
-7.319059395488697502e-03 -2.350617247769235321e-02 9.996968996776210981e-01
-1.138725624813600040e-01 -4.894610117203677252e-02 9.922889290393863693e-01
-2.049298197359195051e-01 -8.189364708168307694e-02 9.753446568012488216e-01
-2.642009572594984368e-01 -1.219800174428062739e-01 9.567229115725145450e-01
-2.589240190229092908e-01 -1.716536029433762545e-01 9.505226946105278518e-01
-1.264269933136557555e-01 -2.285984813386561232e-01 9.652766182247185522e-01
2.123349983001365238e-01 8.047281445367818198e-02 9.738778027200474252e-01
3.725629549425652498e-01 7.202898792833863084e-02 9.252073656767912935e-01
3.823418920784398822e-01 7.518552367012075466e-02 9.209570101759707583e-01
3.187484940426671964e-01 7.237515898654565960e-02 9.450720786835478116e-01
2.213442263909194130e-01 6.027466524983191715e-02 9.733312376433600477e-01
1.092021916476019067e-01 4.232851483074197979e-02 9.931179074870797319e-01
-7.549269920613401429e-03 2.272750039832319505e-02 9.997131934958036759e-01
-1.215760114001110809e-01 5.721874174621080673e-03 9.925656318894334751e-01
-2.238106408341535014e-01 -3.571045830567527203e-03 9.746261050685890437e-01
-2.971713162850114220e-01 1.475908793715164508e-03 9.548230362065001087e-01
-3.040971536942190800e-01 2.595783327048774292e-02 9.522873053899527651e-01
-1.656798229644650677e-01 5.982917346643176759e-02 9.843630764432319546e-01
-1.227923661879550959e-01 6.916516993862882323e-01 7.117162085705807106e-01
1.845326270659188583e-01 6.613696926703684920e-01 7.270060791803896194e-01
2.726608532800713358e-01 5.240027265863512751e-01 8.068935503637369999e-01
2.497350423349946058e-01 3.827082753567253581e-01 8.894755671761541693e-01
1.734546808739016732e-01 2.567630163499333151e-01 9.507819030239896829e-01
6.964345791009912690e-02 1.479949363676750507e-01 9.865329632506066870e-01
-5.095288409124588969e-02 5.504775284086619452e-02 9.971828059639261665e-01
-1.847293338316979838e-01 -2.133302543039192548e-02 9.825578737397736573e-01
-3.301703534579936705e-01 -7.364161995780113545e-02 9.410443398200768472e-01
-4.809644970752481319e-01 -7.863780720414222103e-02 8.732063031330808967e-01
-6.051141897315661655e-01 1.841562259505076862e-02 7.959256763227217091e-01
-5.753056306837095457e-01 2.983268538908452894e-01 7.615934082902363622e-01
-2.499430306946041069e-01 5.859046879553765352e-01 7.708723487318557277e-01
-1.791917888497565267e-02 6.024080638761211137e-01 7.979871099241144794e-01
1.094806607242136270e-01 5.044903449418211006e-01 8.564481751909336360e-01
1.400648748219757989e-01 3.798291994821540452e-01 9.143913877884704000e-01
1.071875629340826863e-01 2.637181371373386596e-01 9.586258761878564405e-01
3.520044116720201510e-02 1.656890702955838568e-01 9.855496237766733225e-01
-6.205924032370060961e-02 8.827676846015251877e-02 9.941608837812913047e-01
-1.769904321844693318e-01 3.539054221327378458e-02 9.835760755717175563e-01
-3.028664702804331199e-01 1.683697130130901859e-02 9.528842624249770354e-01
-4.253306495998755987e-01 5.208907446710597799e-02 9.035378059782516180e-01
-5.065716625049206945e-01 1.689190675725438517e-01 8.454889114338877132e-01
-4.685714969247157802e-01 3.757890587913051417e-01 7.995144373695703965e-01
-2.293519230004215925e-01 4.400262543666809689e-01 8.682019297859641105e-01
-8.208707131162427950e-02 4.614847459119413853e-01 8.833422564408196509e-01
2.416739514395803423e-02 4.060918605670104098e-01 9.135126369093558019e-01
6.802498147236028803e-02 3.195775754508908273e-01 9.451152179308214274e-01
5.872702738097338587e-02 2.318738401035442265e-01 9.709715024296918795e-01
1.138312035440906811e-02 1.559744013559904441e-01 9.876955050483466891e-01
-6.155523065855264542e-02 9.807556588485338844e-02 9.932734452077457421e-01
-1.504201581525959897e-01 6.423633312389413763e-02 9.865330554665590057e-01
-2.451184323530639642e-01 6.308955895065015973e-02 9.674381952725426004e-01
-3.296111923989482606e-01 1.054279180977209240e-01 9.382118182643068849e-01
-3.758375394701102823e-01 1.981119458732772676e-01 9.052611782394363038e-01
-3.467382294506077267e-01 3.276285027475089318e-01 8.788812004048163207e-01
-1.585470605331882610e-01 2.941197813984606224e-01 9.425265957979952480e-01
-6.759733432112723095e-02 3.102703898423347373e-01 9.482419973719333761e-01
5.375563201345388148e-03 2.833038559639352583e-01 9.590151346648513320e-01
4.060926735735846671e-02 2.329329804431268802e-01 9.716445409853780024e-01
3.746158939323381010e-02 1.766332570579258188e-01 9.835635830088810261e-01
3.923186085715353599e-03 1.248335274237894060e-01 9.921699446375253917e-01
-5.015951514970326541e-02 8.448893921481402669e-02 9.951611136847620109e-01
-1.150154213976484763e-01 6.219236617603082773e-02 9.914149294972871562e-01
-1.801263303068732224e-01 6.471346526808499644e-02 9.815124413593626640e-01
-2.321634520378583200e-01 9.708549947670044866e-02 9.678194755890094925e-01
-2.540262263332137005e-01 1.580274214225141360e-01 9.542001940962457907e-01
-2.297189322862384364e-01 2.334996223384784297e-01 9.448318043530403720e-01
-7.122361603258423046e-02 1.530532093423278839e-01 9.856479653655958462e-01
-1.252944262580502587e-02 1.682739579221956272e-01 9.856606353876354865e-01
3.242433171021697619e-02 1.627201507904522670e-01 9.861393487939125180e-01
5.138068869021140267e-02 1.419999974907541485e-01 9.885322582203893704e-01
4.306676312714144417e-02 1.129017835103088979e-01 9.926723735421626449e-01
1.299826389790263714e-02 8.132386257065839230e-02 9.966029673405882860e-01
-3.048126961133552915e-02 5.313915173160875527e-02 9.981217975557925559e-01
-7.813694130784053227e-02 3.462028968614484781e-02 9.963413340543327834e-01
-1.203625289628900141e-01 3.146914783272980465e-02 9.922310992688941900e-01
-1.472633270729481192e-01 4.682052997245297887e-02 9.879885376220089999e-01
-1.496667914116293630e-01 7.884176540870677097e-02 9.855880618066277243e-01
-1.226684160831607723e-01 1.190097294196247463e-01 9.852863258967987647e-01
2.346810398510747186e-02 1.702137179521644519e-02 9.995796721609754298e-01
6.675614273908633822e-02 4.013617512521750613e-02 9.969617369051447797e-01
9.108703271358194187e-02 5.589477076412972811e-02 9.942730646420117058e-01
9.147500538429885475e-02 6.035897578414618769e-02 9.939764169396599902e-01
7.043578231067050555e-02 5.269614787303428249e-02 9.961234444434020618e-01
3.473524367705720095e-02 3.508672806160809121e-02 9.987804485274036637e-01
-7.070058651764896986e-03 1.220952570363670851e-02 9.999004659228080127e-01
-4.587842948557108863e-02 -9.963126087818833035e-03 9.988973449892019074e-01
-7.278424762559339289e-02 -2.576680309120300480e-02 9.970148068891466764e-01
-8.011998605193242085e-02 -3.120441534439157699e-02 9.962966788552860553e-01
-6.355601117662784683e-02 -2.461806012516663464e-02 9.976745885101712119e-01
-2.538434686114491787e-02 -7.007260332602282052e-03 9.996532064857138744e-01
1.246562413021934934e-01 -1.140237977762238869e-01 9.856263972952971075e-01
1.654067732506135369e-01 -7.122933943449398508e-02 9.836498261914899954e-01
1.741671420802390069e-01 -2.955876451817407088e-02 9.842723637589100294e-01
1.536083495925334164e-01 -1.838390313340898660e-03 9.881301003697062768e-01
1.130844799294562081e-01 6.313446858260243592e-03 9.935653178267023211e-01
6.324443868299403637e-02 -4.356712611521799776e-03 9.979885570641312542e-01
1.418447680504749536e-02 -2.924478696011171761e-02 9.994716319402238147e-01
-2.450532129520885394e-02 -6.223738660383662524e-02 9.977604907677160018e-01
-4.364068172546568813e-02 -9.712497282810540755e-02 9.943149554097903131e-01
-3.555061757103223502e-02 -1.275325524886455064e-01 9.911970549017491416e-01
2.518936520269209490e-03 -1.455643385349327246e-01 9.893455808289580711e-01
6.275358676901125754e-02 -1.421259362856153730e-01 9.878573811954899364e-01
2.337284856097794072e-01 -2.373590769208351048e-01 9.428847562761616397e-01
2.839103801092029977e-01 -1.583001282447525082e-01 9.456933781432743658e-01
2.783710093916231254e-01 -8.302598609932945739e-02 9.568783970612290135e-01
2.317942562360882086e-01 -3.361282158782294416e-02 9.721839337290341110e-01
1.643789962025979934e-01 -1.627834242587533620e-02 9.862629270002326587e-01
9.233161647427733099e-02 -2.790570138888843338e-02 9.953372013690596765e-01
2.747668059125803891e-02 -6.213437127200319848e-02 9.976895067757638458e-01
-2.013752274869731740e-02 -1.124336457086951013e-01 9.934551602816060756e-01
-4.011883478775129380e-02 -1.724705058632255150e-01 9.841973398168194498e-01
-2.178226753420747439e-02 -2.335944604609472841e-01 9.720900991488884424e-01
4.122242605524945730e-02 -2.796728229019662115e-01 9.592099998021229590e-01
1.387507910997000660e-01 -2.857947425503577499e-01 9.481927984854412461e-01
3.508153400759906893e-01 -3.418076781810613918e-01 8.718349088582612039e-01
4.232623333905006779e-01 -2.019301070177722812e-01 8.832175434243317858e-01
3.985521448953239232e-01 -8.589346515160417583e-02 9.131147246889121938e-01
3.175223335184472195e-01 -2.133162503902908888e-02 9.480108277283575413e-01
2.163819933932731587e-01 -5.726755238483341622e-03 9.762919835835452975e-01
1.162381287771109967e-01 -2.791967120196659630e-02 9.928288822240172173e-01
2.877025956085072292e-02 -7.810186052588684313e-02 9.965301658993187539e-01
-3.688570130290286242e-02 -1.498127643214235971e-01 9.880261032410406763e-01
-6.923110984578054183e-02 -2.383444722681465899e-01 9.687099493495111568e-01
-5.174106133804960012e-02 -3.354582853322614633e-01 9.406330854129127950e-01
3.427798601503957709e-02 -4.178950876869321762e-01 9.078483988871045574e-01
1.889271756558024151e-01 -4.352754841393594587e-01 8.802509728514591458e-01
4.718100480538928165e-01 -3.914696272350406403e-01 7.900296257152117363e-01
5.743755714964293713e-01 -1.590535141229531269e-01 8.029910849526616934e-01
5.146845619051196863e-01 -9.575136977615656547e-03 8.573261447595182938e-01
3.916654262520867791e-01 4.800014782204997665e-02 9.188548197010319996e-01
2.566322665691209148e-01 4.299487458614124208e-02 9.655523396039754624e-01
1.292604977581516545e-01 -8.672879068935018159e-04 9.916102921667001580e-01
1.713344511031414039e-02 -7.106843915320322502e-02 9.973242812721192507e-01
-7.390235292257364696e-02 -1.627948980203195173e-01 9.838883388937549324e-01
-1.333332198899724597e-01 -2.750255666656177267e-01 9.521466221932469720e-01
-1.396409193384517688e-01 -4.045913821819552281e-01 9.037733272843915255e-01
-5.351232748790162724e-02 -5.306305668971276202e-01 8.459123076780782347e-01
1.711991601040538935e-01 -5.752141164179910282e-01 7.998872219590518196e-01
5.817426921720743049e-01 -2.603619457293857020e-01 7.705758219151779276e-01
6.787221063352923967e-01 5.216567626921694151e-02 7.325401317273699808e-01
5.683036895414783629e-01 1.689276162523707381e-01 8.052914856875814653e-01
4.177258090354211140e-01 1.714918141550631769e-01 8.922419549334812405e-01
2.672205595522175181e-01 1.221553639104903666e-01 9.558615169680566570e-01
1.258117550626976777e-01 4.844115492733188505e-02 9.908707568585152226e-01
-4.586103901849732274e-03 -4.018503749417054460e-02 9.991817304236612074e-01
-1.223277543298185999e-01 -1.422129171221556410e-01 9.822481390790550604e-01
-2.214013773618227210e-01 -2.593135959620392339e-01 9.400733423789608967e-01
-2.840188479209022065e-01 -3.923277069537354778e-01 8.748784283442776477e-01
-2.613480813492900512e-01 -5.331827646124296383e-01 8.046199847724935239e-01
-1.812878593686153769e-02 -6.215773248895752889e-01 7.831430113992638997e-01
3.366744761560333532e-01 4.501401353116842308e-01 8.270575286439497686e-01
5.178846076030834134e-01 4.633310845457663807e-01 7.191104500016222145e-01
4.694826717685009476e-01 3.989418867694015658e-01 7.876746738914256474e-01
3.618545934393088137e-01 3.055069441165911281e-01 8.807535184734271994e-01
2.357308558513447616e-01 2.045593729208043388e-01 9.500454865688603423e-01
1.038476708440228824e-01 1.046269994052338725e-01 9.890747455352959516e-01
-2.995699669869437282e-02 6.955993888642444077e-03 9.995269843770562268e-01
-1.651593691123606211e-01 -8.914365840916298189e-02 9.822300091932371080e-01
-3.012159948035437740e-01 -1.821361115699968170e-01 9.359996588336991774e-01
-4.336349853478485561e-01 -2.606709606919139222e-01 8.625609252304935470e-01
-5.413964250188304517e-01 -2.850908404608079594e-01 7.909570934394889452e-01
-5.080289310794036117e-01 -1.523322295803390125e-01 8.477626419095681820e-01
-7.159863235200097931e-01 6.848060825857024136e-01 -1.356621309942059039e-01
-2.282403922985147549e-01 9.449142601140492204e-01 2.346132228938702380e-01
2.837157985855058920e-02 8.148943134233114227e-01 5.789147704165936714e-01
1.036642006036361807e-01 5.954251903993166284e-01 7.966947823044598920e-01
8.378488172271307544e-02 3.814026738887873469e-01 9.206042004820309543e-01
1.517301011386343844e-02 1.896283768955808469e-01 9.817386915264547653e-01
-8.345913862037898645e-02 1.592274336397257392e-02 9.963839814170906140e-01
-2.087325347440267265e-01 -1.469636576170446907e-01 9.668673188598894130e-01
-3.652774926512748488e-01 -3.003693851803427295e-01 8.811075903706808710e-01
-5.614654820112697786e-01 -4.248387212125835366e-01 7.101187037870588803e-01
-7.994162482991054031e-01 -4.377743903763255950e-01 4.114453123878371588e-01
-9.940605427118124338e-01 -1.087766445507623303e-01 3.358425802612931364e-03
-7.288978915787572843e-01 5.411362580000373956e-01 4.193797967589057429e-01
-4.086858594986506610e-01 7.294652890971404791e-01 5.485036556380016304e-01
-1.538102039263521958e-01 6.757460352641765366e-01 7.209089519438817151e-01
-2.766699132342626336e-02 5.200254198850401410e-01 8.537025830256133041e-01
1.136414214623775003e-03 3.479259656848962545e-01 9.375213229388733582e-01
-3.251257012492894671e-02 1.883162484151297278e-01 9.815701316598128834e-01
-1.092613680996165904e-01 4.712531658695697651e-02 9.928953408982849060e-01
-2.227035901904392268e-01 -7.371904091216356647e-02 9.720949613712215331e-01
-3.732938956065823821e-01 -1.655739915706993248e-01 9.128181203385664633e-01
-5.591134902238825699e-01 -2.014675874263697486e-01 8.042405835732737707e-01
-7.549389756139877061e-01 -1.226200584388660031e-01 6.442293569584791602e-01
-8.674722591246152303e-01 1.443692890924306027e-01 4.760770820110232227e-01
-5.555206605136199238e-01 3.978016370851394368e-01 7.301716601422816311e-01
-3.732753151684282678e-01 5.093264513505481039e-01 7.754044783469582480e-01
-1.950264434051963980e-01 4.927283928291542048e-01 8.480468249293818817e-01
-8.344832575744537406e-02 3.991769266278042405e-01 9.130685396924943520e-01
-4.239612135670074722e-02 2.806439980995642514e-01 9.588751301522612236e-01
-5.637554748162564022e-02 1.638693448539238207e-01 9.848698571198145624e-01
-1.117302239182831752e-01 6.057240190255662460e-02 9.918907909598190242e-01
-2.007399374141891069e-01 -2.095665896942861331e-02 9.794203877661121771e-01
-3.183830668759491389e-01 -6.874657626550841061e-02 9.454660919242559025e-01
-4.540853456693469403e-01 -6.289779617727853100e-02 8.887352620912840617e-01
-5.782753005165989224e-01 2.199708343793979268e-02 8.155450969337992850e-01
-6.324904307751809673e-01 1.942289005967165749e-01 7.498206379867257132e-01
-3.593574502165984841e-01 2.629471983777252331e-01 8.953887389504345817e-01
-2.568412902798716257e-01 3.264222296509812216e-01 9.096598702795589686e-01
-1.490108677931037406e-01 3.253790613586959313e-01 9.337688299085242782e-01
-7.432366690018359090e-02 2.762525763216779895e-01 9.582069226499287939e-01
-4.377325395285630583e-02 2.038300015180013192e-01 9.780272147131012783e-01
-5.259321622125977952e-02 1.259852320729966113e-01 9.906370046122356943e-01
-9.234928620748791839e-02 5.476630129521317669e-02 9.942194232559142808e-01
-1.555443044714650558e-01 6.926174711533955673e-04 9.878286742282885724e-01
-2.348278360227847861e-01 -2.491770477590864175e-02 9.717175491970568846e-01
-3.187057537632650428e-01 -1.026373850816384402e-02 9.477981315606957002e-01
-3.861623050339299534e-01 5.224902575780341479e-02 9.209498973767800134e-01
-4.072198253934504186e-01 1.548592077598036354e-01 9.001059046460166968e-01
-1.701301174882757505e-01 1.375269045360502373e-01 9.757776865926557353e-01
-1.122680342145697813e-01 1.802002386622420516e-01 9.772020069973632594e-01
-5.609775918760598334e-02 1.912708131727904326e-01 9.799329147663002892e-01
-2.014106220793370622e-02 1.728856978708464553e-01 9.847359407906528528e-01
-1.062853576827462593e-02 1.338438497980939945e-01 9.909454364891040479e-01
-2.491094063678294876e-02 8.403114698730468346e-02 9.961517009836847736e-01
-5.679181052982751332e-02 3.356828844419263574e-02 9.978215573275780459e-01
-9.936004833452202756e-02 -7.033467740650630948e-03 9.950266886503823516e-01
-1.453523354595549488e-01 -2.767645780108704198e-02 9.889927766469749360e-01
-1.860295248158596870e-01 -2.064704757181727926e-02 9.823271936189793552e-01
-2.102187215819503741e-01 1.616329838173109074e-02 9.775207603330043904e-01
-2.064552204248620848e-01 7.521319931856555729e-02 9.755609753406727647e-01
1.466334690103401027e-02 2.105240879022181669e-02 9.996708369966547103e-01
4.733637705475410296e-02 6.534431717437307052e-02 9.967393779822311117e-01
6.474984168087472014e-02 9.311777006896958253e-02 9.935474517604857558e-01
6.358678625429969866e-02 9.798513709347195233e-02 9.931543855427827916e-01
4.632793187997685108e-02 8.042495647935275771e-02 9.956834582854028337e-01
1.844817784730467050e-02 4.590400544566245605e-02 9.987754938013556627e-01
-1.353717966344726575e-02 3.130025433571140183e-03 9.999034691947215059e-01
-4.284566125286670690e-02 -3.768737265482935417e-02 9.983706282008849575e-01
-6.277317765718527787e-02 -6.671367185285387302e-02 9.957955684550605646e-01
-6.740818193938211134e-02 -7.624292448487010598e-02 9.948080988179559547e-01
-5.345168685307111894e-02 -6.228879935237158216e-02 9.966258187745374864e-01
-2.312224466423000793e-02 -2.660433190025448744e-02 9.993785925893418076e-01
2.061557651280684356e-01 -8.741914747229492799e-02 9.746064298780102719e-01
2.242750391792090736e-01 -1.916788518004331268e-02 9.743373640474073394e-01
2.070807371273524766e-01 3.390210114981077189e-02 9.777362711121508898e-01
1.665093313049678114e-01 5.799973162320257170e-02 9.843326031987278402e-01
1.163472854189249728e-01 5.108618455922667861e-02 9.918939010413426738e-01
6.728667819078978929e-02 1.875654131857962606e-02 9.975573643133218704e-01
2.730930114675987966e-02 -2.979262532942660718e-02 9.991829670018688159e-01
3.551132486216656160e-03 -8.420244816576644142e-02 9.964423401185898976e-01
3.088675229150537882e-03 -1.340069745007638757e-01 9.909755753148458135e-01
3.126437820871884321e-02 -1.683783235628947828e-01 9.852265114223330844e-01
8.652918728922620595e-02 -1.756444871942554886e-01 9.806435202791132788e-01
1.536629935962023907e-01 -1.469920887450741898e-01 9.771289629549020361e-01
4.171297410202279843e-01 -1.839652523190511979e-01 8.900334629077994997e-01
4.247638290223917368e-01 -6.334505925597584686e-02 9.030853187945875327e-01
3.674335488950823958e-01 2.518967908973610698e-02 9.297085926319594851e-01
2.792707753993974862e-01 6.298844774741596542e-02 9.581441903274157124e-01
1.885323009325134413e-01 5.384092278944171278e-02 9.805899890056987145e-01
1.111581974974041320e-01 9.449429565416677529e-03 9.937577991694492852e-01
5.568724729763558506e-02 -5.840157271328570016e-02 9.967387756043835090e-01
2.931988261490517389e-02 -1.394300860779717766e-01 9.897977548871651488e-01
4.110019658852094582e-02 -2.230720875876672504e-01 9.739351197998026288e-01
1.003778436687441100e-01 -2.938232909004706017e-01 9.505746484231193394e-01
2.069238842819887403e-01 -3.256644195676917652e-01 9.225644649244573170e-01
3.320217877419677777e-01 -2.886212161886471672e-01 8.980308046111634690e-01
6.556211003588782171e-01 -2.500103864081764105e-01 7.124996697908371202e-01
6.467053495958839937e-01 -3.586545311392251578e-02 7.618962265800514055e-01
5.322699160472124102e-01 9.228629688557728195e-02 8.415295454577175205e-01
3.855771557598980936e-01 1.273481875363445259e-01 9.138450065997493210e-01
2.494087696882683336e-01 9.614892051778486937e-02 9.636133304837068980e-01
1.402313421546680094e-01 2.343328013716006533e-02 9.898414277344901313e-01
6.359672791638494582e-02 -7.605369226119955417e-02 9.950735108984298805e-01
2.524621921857237231e-02 -1.943367829200849106e-01 9.806099342854854850e-01
3.733468462256865628e-02 -3.239048712239363526e-01 9.453527149807597896e-01
1.197005489645975029e-01 -4.467691346786960005e-01 8.866053907325467387e-01
2.877799493766269312e-01 -5.165274718195388415e-01 8.064626907627647778e-01
5.079066464058250574e-01 -4.565307592720134755e-01 7.304864847313580212e-01
9.005960071661833766e-01 -2.318119626674473022e-01 3.676819900955039522e-01
8.457987667308297652e-01 1.297467302239196096e-01 5.174845236264575821e-01
6.525896390571420680e-01 2.694700879010291095e-01 7.081755677245147318e-01
4.506696550477725660e-01 2.600137169088924116e-01 8.539846187363240304e-01
2.797448336344628417e-01 1.779453183078220091e-01 9.434396068361285970e-01
1.457186495514478097e-01 6.129641253204706763e-02 9.874253516005758735e-01
4.724404504819356559e-02 -7.697588207388721127e-02 9.959130051296944952e-01
-1.322717177817254834e-02 -2.355409017998219556e-01 9.717744211009602395e-01
-2.182966269539665313e-02 -4.150356309399504395e-01 9.095432319999573467e-01
5.456589024151559802e-02 -6.035488704894992340e-01 7.954566767291407769e-01
2.688065595540976571e-01 -7.405125121443221214e-01 6.159417609632439339e-01
6.307916314725682261e-01 -6.583191588788777082e-01 4.107527269747288101e-01
9.632430279479556878e-01 1.161404407959488322e-02 -2.683802956434707121e-01
8.397702879251767172e-01 5.140769430703651111e-01 1.746732953875601291e-01
6.176398015205467606e-01 5.526251547918472617e-01 5.595770848319897572e-01
4.221582960031317056e-01 4.355886828769001684e-01 7.950124983075458340e-01
2.584478281206968875e-01 2.792972570234220631e-01 9.247690318987131786e-01
1.221522648928924509e-01 1.139923836909843419e-01 9.859434875497934403e-01
9.321070354946800127e-03 -5.841720134078040583e-02 9.982487406629297899e-01
-8.032935283267204907e-02 -2.460031124632641453e-01 9.659346063435884089e-01
-1.368407700248986669e-01 -4.592214863883053444e-01 8.777187648092684702e-01
-1.276191595665534806e-01 -7.007331058717567451e-01 7.019162802263798628e-01
2.686255144424299843e-02 -9.259413616484095666e-01 3.767107618833066551e-01
4.666483323658228155e-01 -8.744262549986685507e-01 -1.327330345811219836e-01
4.626267849498019724e-02 6.405486942657365734e-01 -7.665227556001731335e-01
3.190827591158625909e-01 9.477123207720459241e-01 5.248799099061739887e-03
3.466744837514429411e-01 7.938282435440824347e-01 4.996534019372260160e-01
2.817846455507110326e-01 5.715235259330720963e-01 7.706868837841696074e-01
1.828357321756048370e-01 3.584614535282598102e-01 9.154651721252687890e-01
7.331211291778561012e-02 1.627557562712435291e-01 9.839389706175539763e-01
-3.954588566691755180e-02 -2.385617266194867483e-02 9.989329336610767163e-01
-1.553911698515759165e-01 -2.138815802761893092e-01 9.644212015249051806e-01
-2.740131507004590072e-01 -4.190460868271427275e-01 8.656310821350102769e-01
-3.899662296210488210e-01 -6.417560969798313808e-01 6.603600924830153041e-01
-4.876944546376270062e-01 -8.359591787799389717e-01 2.516473133756283453e-01
-5.026377176350860232e-01 -6.980477676628349393e-01 -5.099849398478584206e-01
-7.986822820915544519e-01 3.392553192026502851e-01 -4.970034614222245684e-01
-5.257721771972561076e-01 8.420748923026034616e-01 -1.203058329373431767e-01
-2.553952762755288264e-01 8.980100418169092436e-01 3.582613817483088492e-01
-1.006212520183058790e-01 7.072940861306156179e-01 6.997216870777860365e-01
-4.415463521888862708e-02 4.527208352231822941e-01 8.905583717778239317e-01
-4.801824878936383767e-02 2.028213421269605410e-01 9.780377042634823548e-01
-9.148414059660121833e-02 -3.440476122176836654e-02 9.952120198352619740e-01
-1.706357644113341010e-01 -2.689598142235247735e-01 9.479156366663673561e-01
-2.910971221733053560e-01 -5.040145128927111529e-01 8.131616298473524074e-01
-4.592644225913564138e-01 -7.040554115128242474e-01 5.416476416094413437e-01
-6.644969748534728105e-01 -7.406950835032584113e-01 9.906847977384099224e-02
-8.358860121149002120e-01 -3.929594809482543916e-01 -3.832459015871947927e-01
-9.462540679942046395e-01 2.946722565983882491e-01 1.333097895715781300e-01
-7.097653372657670712e-01 6.300745564892735739e-01 3.150225694784088426e-01
-4.276620523479043867e-01 6.933398673027296732e-01 5.799870665713827700e-01
-2.274389658212974119e-01 5.686416552223728660e-01 7.905176688550361597e-01
-1.260994143399152556e-01 3.769499530770633600e-01 9.176097594175870453e-01
-9.973899464584166930e-02 1.779645789823858237e-01 9.789692240182098493e-01
-1.295771124868182744e-01 -1.242570843591543801e-02 9.914914894690548541e-01
-2.110126158831132637e-01 -1.926809149135979282e-01 9.583046180449938944e-01
-3.496872280317690485e-01 -3.549321393261546387e-01 8.670305755997984587e-01
-5.500817579160298676e-01 -4.627437742341536930e-01 6.951821768541391888e-01
-7.879635959013340241e-01 -4.295787810915827620e-01 4.411070645206871532e-01
-9.683776885914322508e-01 -1.573651864075776563e-01 1.935997168006336200e-01
-7.752871417941106236e-01 2.263533856182962378e-01 5.896558255354538147e-01
-6.206178241361591796e-01 4.200868512695654089e-01 6.620880256846791712e-01
-4.155065500521569199e-01 4.709420085516053955e-01 7.781824538276682635e-01
-2.491890805638533324e-01 4.036620001362619115e-01 8.803191420012487223e-01
-1.518526492787971027e-01 2.796665278324221848e-01 9.480123449181618867e-01
-1.178823283747819362e-01 1.398982580894916616e-01 9.831237124800530358e-01
-1.367282048358761382e-01 2.891541114850109534e-03 9.906043796553168912e-01
-2.042380559986587685e-01 -1.213020778942647260e-01 9.713766634938980626e-01
-3.214408657542138781e-01 -2.189397382978318651e-01 9.212714913733481836e-01
-4.843597442096964079e-01 -2.622033015941608314e-01 8.346526623825771818e-01
-6.636337290744538375e-01 -2.075151176355575500e-01 7.186986500526085786e-01
-7.879290125594918814e-01 -2.728067830639708050e-02 6.151614712887889524e-01
-5.132411703152783833e-01 1.508492557518045785e-01 8.448834257650594814e-01
-4.248560481028417768e-01 2.580847880711766296e-01 8.676921000889369351e-01
-3.021030110834475590e-01 2.946333483725610547e-01 9.066007725130545980e-01
-1.948462977781048877e-01 2.640677102791674224e-01 9.446179993149773635e-01
-1.271584907052256408e-01 1.917876639432026520e-01 9.731640201943451141e-01
-1.016513373547897892e-01 1.010499792611636860e-01 9.896746471974511294e-01
-1.140874944236935640e-01 8.167662024276338764e-03 9.934371308308391768e-01
-1.611547169265374890e-01 -7.361855847149736953e-02 9.841795898416539901e-01
-2.405850427008629222e-01 -1.300173228658020319e-01 9.618806230419277847e-01
-3.451531619463378275e-01 -1.434199983135462930e-01 9.275235840031726964e-01
-4.526378587028591638e-01 -9.638910220726536193e-02 8.864694635713820103e-01
-5.220687930406540112e-01 1.280154214812371030e-02 8.528073028837737102e-01
-2.485069962717364189e-01 8.111016963527804824e-02 9.652281663863846450e-01
-2.048858137648298938e-01 1.469273869205448002e-01 9.676952755339002232e-01
-1.473110599274494448e-01 1.773635269444892582e-01 9.730578764558832638e-01
-9.748554864790012764e-02 1.685465859414737588e-01 9.808611604973761500e-01
-6.713484253162788074e-02 1.284835782231882328e-01 9.894366493340241986e-01
-5.837975504478349481e-02 6.927844662154224176e-02 9.958876949911211751e-01
-6.911742972765264059e-02 3.978067010907768673e-03 9.976005993837764318e-01
-9.658014950520978081e-02 -5.404515006114715692e-02 9.938568289630245189e-01
-1.377251791328057695e-01 -9.170529445320838025e-02 9.862159570814271747e-01
-1.869869470531050903e-01 -9.762255466806794846e-02 9.774997281083648293e-01
-2.329660297832862326e-01 -6.534720133571331191e-02 9.702868504956102536e-01
-2.584184698217610321e-01 7.880918560909682844e-04 9.660327496344440767e-01
7.618702619869117607e-03 2.125338973379931051e-02 9.997450919086215970e-01
2.018886076474829885e-02 7.939608299751811649e-02 9.966386867394164684e-01
2.523727040372359884e-02 1.148185082339362589e-01 9.930658539841882293e-01
2.231380911918468685e-02 1.195086649061168904e-01 9.925823758938164820e-01
1.321124973798107338e-02 9.491752819039135647e-02 9.953974712256888902e-01
5.647141029712215163e-04 4.882459712140660435e-02 9.988072085311057169e-01
-1.289544016180783556e-02 -7.321350852793997652e-03 9.998900466775522133e-01
-2.445506114177680920e-02 -6.047425704971261251e-02 9.978701389553179535e-01
-3.138712101890431261e-02 -9.800423993522418276e-02 9.946909156059122736e-01
-3.127426462593540374e-02 -1.097187574954461148e-01 9.934705403915066180e-01
-2.307434004400176625e-02 -9.019778285142746044e-02 9.956565345540767664e-01
-8.616049512943891112e-03 -4.207906087034444381e-02 9.990771323211056210e-01
2.696097783595653996e-01 -2.807347729113500098e-02 9.625603603337533620e-01
2.560929489313283347e-01 5.296021083743881336e-02 9.652002992000859871e-01
2.100838282616250552e-01 1.055644971286373718e-01 9.719675519527871677e-01
1.526091323987164017e-01 1.182470358564695484e-01 9.811870826807823631e-01
1.004023451094922803e-01 9.391885272443731281e-02 9.905042242208523806e-01
6.212135696755818892e-02 4.265983984415645802e-02 9.971564947755243713e-01
4.166261994018676668e-02 -2.302515621366805695e-02 9.988663916065665394e-01
4.189315391043617332e-02 -8.995695008297747985e-02 9.950641742055380545e-01
6.583182331171406887e-02 -1.447070396145936910e-01 9.872821500085142699e-01
1.142346851850995215e-01 -1.735095647089613391e-01 9.781844752679835775e-01
1.794303891863663070e-01 -1.636115394956058622e-01 9.700701003434170078e-01
2.401037274470038674e-01 -1.103749231180901486e-01 9.644519565083383705e-01
5.510385490036265876e-01 -6.104613509262375726e-02 8.322438866715347050e-01
5.081178062130767836e-01 7.853705915105264890e-02 8.576993793567795343e-01
4.014031729906137325e-01 1.598231229023956701e-01 9.018492457715595600e-01
2.809340877654437629e-01 1.715405400724846208e-01 9.442721437398823303e-01
1.804491500367660650e-01 1.294435953196896583e-01 9.750294661607679103e-01
1.129688754999493838e-01 5.356891687191112084e-02 9.921534177300556090e-01
8.163490051609971487e-02 -4.039861279496318597e-02 9.958432080914360052e-01
8.903041177141435281e-02 -1.398225326230994325e-01 9.861659318545743513e-01
1.404455972516739093e-01 -2.306147558584841772e-01 9.628560996290048690e-01
2.396288947769869560e-01 -2.913087794890683591e-01 9.261302218266126429e-01
3.742003347781075462e-01 -2.908195930645593452e-01 8.805669047503196234e-01
4.986210424850635592e-01 -2.063628120061923310e-01 8.418975269068453837e-01
8.335335766081971576e-01 -5.688493474423686469e-02 5.495324202136749880e-01
7.509234958612501787e-01 1.868062689233175311e-01 6.334171778966569688e-01
5.704045027689563785e-01 2.998185895964160519e-01 7.646878556334564259e-01
3.825954302289218401e-01 2.890340158015560768e-01 8.775420642211948508e-01
2.355893742189608120e-01 2.040946825091386196e-01 9.501805130219735940e-01
1.405976461658704768e-01 8.291327375963090940e-02 9.865889168884112159e-01
9.620507655202892305e-02 -5.628695262823506240e-02 9.937687669722362616e-01
1.037070891291269614e-01 -2.048806883156044645e-01 9.732773208185293567e-01
1.729778466575347118e-01 -3.513113517562093668e-01 9.201407493927256098e-01
3.183982973070277889e-01 -4.647962016908990801e-01 8.261882443884229765e-01
5.338017556190424173e-01 -4.805641777553365523e-01 6.957828373540260181e-01
7.465643581639960225e-01 -3.316445980842947505e-01 5.767612328170852454e-01
9.988993585597677471e-01 2.313996674625496894e-02 4.079967411571426561e-02
8.728632462252484681e-01 4.162661188135726165e-01 2.546218209756175299e-01
6.356593042237558278e-01 5.380481787480557720e-01 5.535715006210107925e-01
4.107110625865326714e-01 4.653639918703357803e-01 7.840617183228103526e-01
2.430845678712946212e-01 3.093304227248954708e-01 9.193609641701122603e-01
1.349289357113622190e-01 1.268873976797910696e-01 9.826971917218062513e-01
7.921179653131805998e-02 -6.664182605830940020e-02 9.946277486125020273e-01
7.559716855885502407e-02 -2.721124481319449617e-01 9.592913445234556580e-01
1.382160176740547530e-01 -4.861776077092893056e-01 8.628601660874081203e-01
2.964853630111711214e-01 -6.731868447931157462e-01 6.774333188718270060e-01
5.682367875467463358e-01 -7.233169736589663001e-01 3.923257688393883558e-01
8.723547092908021661e-01 -4.773482479971503101e-01 1.055268274526979105e-01
7.555339245216549093e-01 1.955824047878297334e-01 -6.252327661235964618e-01
6.525735438492149543e-01 7.328521941597941902e-01 -1.925498153287564795e-01
4.793419858401138933e-01 8.131811894389063822e-01 3.301024291845453540e-01
3.153139835474265129e-01 6.486141625146933931e-01 6.927313764834863719e-01
1.856492500353398856e-01 4.135429578145088936e-01 8.913565941885027710e-01
9.271803502683331755e-02 1.727487249595290042e-01 9.805922924465283463e-01
3.252818651228878144e-02 -6.705572949879973210e-02 9.972188557301236989e-01
4.850737034241128960e-03 -3.180868364817588945e-01 9.480491732010351003e-01
2.206672162190093101e-02 -5.876464144370322495e-01 8.088168837234728237e-01
1.165535354005497876e-01 -8.434721218723387759e-01 5.243758699730621808e-01
3.285825736026956045e-01 -9.433545504421598782e-01 4.599657035554043094e-02
6.197323537930540249e-01 -6.076113464458448021e-01 -4.967295655909844676e-01
-9.459175660961841037e-02 3.411713565084983357e-01 -9.352296536570527952e-01
3.116217274358433487e-02 9.245266353385854785e-01 -3.798413083636205667e-01
1.069113056904521658e-01 9.645140308518868055e-01 2.414180130094821242e-01
1.111641944453496678e-01 7.461519851884012011e-01 6.564295368678439990e-01
7.494553676284794463e-02 4.699548498008304098e-01 8.795030447178553423e-01
2.407308756224039656e-02 2.020154145668204559e-01 9.790864408889360382e-01
-3.122188610393899014e-02 -5.528918070134122148e-02 9.979821142312754745e-01
-8.900402794757475422e-02 -3.185409368741273228e-01 9.437213330980345205e-01
-1.463825822749370564e-01 -5.986444717995103026e-01 7.875258319512465910e-01
-1.912366227777314853e-01 -8.657183588576907729e-01 4.625584041450621076e-01
-2.010106078070544589e-01 -9.746139216952963702e-01 -9.860242992304048271e-02
-1.660935656197895238e-01 -6.151218583462572109e-01 -7.707386242068492432e-01
-7.736952606951017497e-01 1.138356816393349819e-01 -6.232472071047246986e-01
-6.942836103093522615e-01 6.636102791788026645e-01 -2.785528061679131695e-01
-5.003084150565888510e-01 8.338895426297845415e-01 2.330659145314398772e-01
-3.153990731566994610e-01 7.010237009039899103e-01 6.396008094293699209e-01
-1.867415373616195529e-01 4.500245056289539081e-01 8.732728912299843049e-01
-1.096181899426275641e-01 1.829089988706467107e-01 9.769995652844298828e-01
-7.356510087941768583e-02 -7.995393476806805788e-02 9.940802504062169476e-01
-7.838546681981928277e-02 -3.493777352430862959e-01 9.336974438800001996e-01
-1.346541991114900416e-01 -6.273083434917945400e-01 7.670413866586007767e-01
-2.575802244388183948e-01 -8.600616233881290817e-01 4.403934967197568606e-01
-4.482918671479813044e-01 -8.924468000524500289e-01 -5.072584080281381663e-02
-6.590147189588080323e-01 -5.438563760052096407e-01 -5.195381049297655984e-01
-9.992392238189202747e-01 3.721710067428329188e-02 -1.165594264693011785e-02
-8.833661372675372103e-01 4.303084700603357349e-01 1.857387631148135487e-01
-6.464130080829502134e-01 5.817164415738478311e-01 4.937167250396385931e-01
-4.148515587179988917e-01 5.125944262687265329e-01 7.517613573385286685e-01
-2.496910406779714875e-01 3.380480615194094152e-01 9.074017259782081180e-01
-1.536883339755362177e-01 1.348335835259624471e-01 9.788768057080955431e-01
-1.174576785191283473e-01 -7.342217935971045994e-02 9.903599736131944997e-01
-1.411057128824199092e-01 -2.859802184507358458e-01 9.477892658428747064e-01
-2.368391286648439675e-01 -4.960635303768015647e-01 8.353611200932512526e-01
-4.189544268396948046e-01 -6.585513477540293481e-01 6.251298349965201950e-01
-6.722175139735444560e-01 -6.658141072505888713e-01 3.237517389812025193e-01
-9.097759799774931544e-01 -4.121969709231539380e-01 4.900330006975420205e-02
-8.637446421408334629e-01 -7.740386330444583296e-04 5.039291557722309634e-01
-7.706990528327254397e-01 2.382457092742071014e-01 5.909838847000848938e-01
-5.834907092566651299e-01 3.484047765905161076e-01 7.335889202134218134e-01
-3.914437669964017097e-01 3.255182624030329985e-01 8.607029906546086462e-01
-2.467510816285229391e-01 2.232086286620066085e-01 9.430226995178919713e-01
-1.602124577423449936e-01 8.749013122888893434e-02 9.831975616943289253e-01
-1.292960078567137738e-01 -5.964378283489549237e-02 9.898106695330081140e-01
-1.555249752881476266e-01 -2.084445403754823511e-01 9.655893825271176789e-01
-2.472707786787723405e-01 -3.457683940274204892e-01 9.051526830890809228e-01
-4.100257545401290171e-01 -4.384903410412043789e-01 7.997531503078826320e-01
-6.206224056493727659e-01 -4.269936722243437011e-01 6.576505405503949575e-01
-8.033595531996580164e-01 -2.659444587117849590e-01 5.328104476861145189e-01
-5.832318867177580524e-01 -1.215231374789711369e-02 8.122148038457974728e-01
-5.290754789533971270e-01 1.219673047628062751e-01 8.397637251865108787e-01
-4.155284511732077468e-01 1.939093195283067839e-01 8.886705137820896105e-01
-2.927925102763298537e-01 1.932583147598540829e-01 9.364420802709854108e-01
-1.945204257486971289e-01 1.390025957672322565e-01 9.709995274646948671e-01
-1.325234522655824310e-01 5.441036830258368789e-02 9.896853269705516709e-01
-1.091474041934878403e-01 -4.317516153278758151e-02 9.930874833489340414e-01
-1.268967582681195250e-01 -1.403991748117629224e-01 9.819293683627190461e-01
-1.900680811762222311e-01 -2.226495893200881038e-01 9.561910294985899172e-01
-2.982819982113292245e-01 -2.687221879379673717e-01 9.158691146953665818e-01
-4.323960305016840144e-01 -2.515389440346331162e-01 8.658878867614130392e-01
-5.453418308069628573e-01 -1.571179061128302468e-01 8.233566973983501569e-01
-2.854522081975841008e-01 -3.620283847280505053e-03 9.583861071509253149e-01
-2.667858513310226720e-01 7.434857578850141702e-02 9.608837592590779852e-01
-2.192587200805067305e-01 1.210865001806665786e-01 9.681237901956418757e-01
-1.634030079091366716e-01 1.267616315033799068e-01 9.783817995981116677e-01
-1.147144695063030823e-01 9.600700106293431901e-02 9.887483229986260280e-01
-8.062528518413145107e-02 4.022713710608222248e-02 9.959323977204783684e-01
-6.441016938653722212e-02 -2.725960725638798196e-02 9.975511234477730804e-01
-6.874030143085502198e-02 -9.278963171132997845e-02 9.933100498867999395e-01
-9.610985286516786352e-02 -1.427398314860885142e-01 9.850828577787748008e-01
-1.458219795886089576e-01 -1.638778867920225035e-01 9.756433715705180587e-01
-2.084509617957594485e-01 -1.455888030686944279e-01 9.671360281508648571e-01
-2.630192404788573302e-01 -8.678441747752599356e-02 9.608794638356720208e-01
1.674543401487047943e-03 2.000204515198723831e-02 9.997985367532967738e-01
-1.121986581759581297e-02 8.036995580515768345e-02 9.967019538531993739e-01
-2.154413776423931906e-02 1.162380396053709214e-01 9.929876979483176491e-01
-2.614879665393166769e-02 1.196792688111321112e-01 9.924681924627531959e-01
-2.424220093088739689e-02 9.281651564116043251e-02 9.953880701104667050e-01
-1.695809820475980417e-02 4.414421422258375111e-02 9.988812298046408911e-01
-6.477333402173335482e-03 -1.438475261192324710e-02 9.998755537787455960e-01
4.670048099124407028e-03 -6.936635734129520392e-02 9.975803221395338483e-01
1.406416985996847106e-02 -1.078037650679859599e-01 9.940727072821003985e-01
1.959841775487892318e-02 -1.190948320572922520e-01 9.926894393509831938e-01
1.955997241558289981e-02 -9.762722151252478664e-02 9.950308201753919057e-01
1.309725551373286216e-02 -4.649326964578189003e-02 9.988327376371409771e-01
2.925319725655649017e-01 5.565640451633629970e-02 9.546346995911298983e-01
2.451601687005133257e-01 1.330899642737737865e-01 9.603038858051448079e-01
1.742201781014211803e-01 1.720137584766268102e-01 9.695661898174118276e-01
1.078869843246309246e-01 1.667424953514972663e-01 9.800802716396830316e-01
6.331998869137740737e-02 1.261816179160973328e-01 9.899842313553138817e-01
4.504127336329959153e-02 6.372432894210383614e-02 9.969505973691613621e-01
5.140055403821135876e-02 -7.064664080646053217e-03 9.986531297532551532e-01
7.971818446985626250e-02 -7.271261407213845673e-02 9.941619017139882164e-01
1.275372543084208332e-01 -1.194623960485949599e-01 9.846131142198130126e-01
1.898227164185159188e-01 -1.336426598448756109e-01 9.726803050341165102e-01
2.533342528502139368e-01 -1.049152511555020706e-01 9.616727855189338703e-01
2.947281724643699419e-01 -3.479746636334860727e-02 9.549473496954752338e-01
5.981093413595079955e-01 1.042632276084619336e-01 7.946032941961073126e-01
5.054868428771432942e-01 2.381685285827057907e-01 8.293122473898603131e-01
3.609736117918553311e-01 2.929863852552810344e-01 8.853570068875741272e-01
2.255761121932259028e-01 2.687137489043721628e-01 9.364338411001867923e-01
1.336218612705740438e-01 1.942481935565801843e-01 9.718090540278452316e-01
9.174482991033257318e-02 9.640776350066074252e-02 9.911046510441565704e-01
9.588975592421246363e-02 -7.817485998216605614e-03 9.953612618649675392e-01
1.425837240060215672e-01 -1.059590647224924881e-01 9.840947912938643460e-01
2.310373540782941493e-01 -1.831363454628148202e-01 9.555536719573783921e-01
3.563009213375675777e-01 -2.164951890975305715e-01 9.089441603045368412e-01
4.939882231322863526e-01 -1.780185229629764332e-01 8.510493762930240180e-01
5.919820962392485786e-01 -5.832789424900237246e-02 8.038377040701173426e-01
8.751639184369290891e-01 1.705008279417209172e-01 4.527886742592575620e-01
7.250636181783560730e-01 4.087451319872595912e-01 5.542654297994792367e-01
4.997286437078101717e-01 4.874924580457227763e-01 7.159765261560618876e-01
2.985918413697746243e-01 4.253438906160140753e-01 8.543567679739771936e-01
1.682590671516889513e-01 2.926518629427960483e-01 9.412989819591811580e-01
1.105638108818905868e-01 1.383659435370037660e-01 9.841902810902461995e-01
1.154006134539134615e-01 -1.818394338276414432e-02 9.931525777126789523e-01
1.780782675276058602e-01 -1.695756197340378413e-01 9.692947125752302551e-01
3.021038590443567706e-01 -3.022842679657171683e-01 9.040782486549414632e-01
4.883837622608717122e-01 -3.789467839069520227e-01 7.860538376768173574e-01
7.054204286349026187e-01 -3.343731659398231360e-01 6.249612826120167774e-01
8.655623375605573377e-01 -1.282468122926636034e-01 4.841018435551701082e-01
9.624012727467384787e-01 2.490604225250626913e-01 -1.084098526297912896e-01
7.643677507575720176e-01 6.342529499081570599e-01 1.160393775166113361e-01
4.984870361885407886e-01 7.348374209935005785e-01 4.599180790745889258e-01
2.792075253224748366e-01 6.136055528213967269e-01 7.386009635452190913e-01
1.464882112389485347e-01 4.041222196134597322e-01 9.028989066239251349e-01
9.262988557014070756e-02 1.813309114503500186e-01 9.790499501311856756e-01
1.024175089110281600e-01 -3.695376521127722441e-02 9.940548642329902762e-01
1.706258720114240124e-01 -2.536711309559404048e-01 9.521227699829454272e-01
3.050807339367985760e-01 -4.616360431804330533e-01 8.329573274887558387e-01
5.156829557898489069e-01 -6.085250097171575057e-01 6.031321593621642441e-01
7.740266791217055298e-01 -5.732768051093024564e-01 2.687683105042886211e-01
9.669799898214188616e-01 -2.519654019994876371e-01 -3.825095397763761396e-02
6.262552649762350709e-01 2.918786276329246587e-01 -7.229185360888709111e-01
4.506163953239656905e-01 8.234722976628832125e-01 -3.447292259832248629e-01
2.668610301724106959e-01 9.421309603582513903e-01 2.029148691189433529e-01
1.326866947322023760e-01 7.668951622076116692e-01 6.279060847161550551e-01
5.964154784878886173e-02 4.910408286325257943e-01 8.690925096824694274e-01
3.823434425244313234e-02 2.109330721177070933e-01 9.767524630153853193e-01
5.720760781958644098e-02 -5.866512719810435678e-02 9.966371919903265209e-01
1.126069820468822008e-01 -3.316034242861540804e-01 9.366743492782533265e-01
2.107211893067263975e-01 -6.095322924156644229e-01 7.642427395007549418e-01
3.620056622513381783e-01 -8.322295790613367661e-01 4.199355048495199694e-01
5.489293992501704800e-01 -8.294352407423178919e-01 -1.035069855306206266e-01
6.766958438806279785e-01 -4.160073352539451763e-01 -6.074706839754282495e-01
-1.148584954826104981e-01 2.276106560381696009e-01 -9.669544535671888985e-01
-1.590770417575590734e-01 8.361584960071606343e-01 -5.249128159425353601e-01
-1.384415399946745395e-01 9.850190593902676817e-01 1.028172779343726889e-01
-1.020898072494757641e-01 8.042897414703706893e-01 5.854021549508571232e-01
-6.864750720751192081e-02 5.108390619802731791e-01 8.569311363868610254e-01
-3.782289960860470146e-02 2.125164796161608527e-01 9.764252015166543508e-01
-8.487414290294878830e-03 -7.501825886927969422e-02 9.971460397730336211e-01
1.787735128418193806e-02 -3.691159511820472638e-01 9.292113940831554508e-01
3.905196056992600584e-02 -6.757327822710555987e-01 7.361115074088901977e-01
5.236172973278077625e-02 -9.356732581302085183e-01 3.489610340417183543e-01
4.679912682555286557e-02 -9.679577948693820488e-01 -2.467134959418619544e-01
-7.618649961935035873e-03 -5.532256035634107727e-01 -8.329966312865201283e-01
-7.404345046744189585e-01 -1.162207952891497059e-01 -6.620041321848839644e-01
-8.491812817695527649e-01 4.168799771036508228e-01 -3.241947491589647345e-01
-7.432722363631448781e-01 6.359222344637993629e-01 2.077240822970738698e-01
-5.325741099800068712e-01 5.560313294421623809e-01 6.381175268379936094e-01
-3.264387814227221463e-01 3.496704519175779513e-01 8.781618854396506801e-01
-1.596546939029729606e-01 1.232452123171744740e-01 9.794493332254594620e-01
-3.161075762293818342e-02 -1.058433691241601748e-01 9.938802449062466016e-01
5.799911896378581733e-02 -3.557798072289578561e-01 9.327683694076254195e-01
9.477907006508981547e-02 -6.382397582477282727e-01 7.639809806988087093e-01
4.183059252975971504e-02 -9.043831638797041883e-01 4.246660975629705792e-01
-1.463159716737441052e-01 -9.853024381469147608e-01 -8.815181118412331041e-02
-4.514589415660515415e-01 -6.954413827901446687e-01 -5.590582323721219327e-01
-9.598719159175924664e-01 -2.761890127836883480e-01 -4.863675822166447366e-02
-9.793362089330455156e-01 1.257124124757813266e-01 1.584202613999131648e-01
-8.081673578758603593e-01 3.344875525900548041e-01 4.847510689276599005e-01
-5.641513921900064288e-01 3.329919082284297227e-01 7.555458925469608067e-01
-3.453905590833574735e-01 2.168393963870513252e-01 9.130640929697186881e-01
-1.813245097628043423e-01 5.960907660699814314e-02 9.816150875701226131e-01
-7.136887966424373952e-02 -1.175969588533812282e-01 9.904935326815619279e-01
-1.786132432362632153e-02 -3.197427608969475865e-01 9.473360227223740493e-01
-3.849401931570974045e-02 -5.490800350742314206e-01 8.348828214544173898e-01
-1.663059154762365210e-01 -7.672905953998366835e-01 6.193605449886692149e-01
-4.201298739683956285e-01 -8.554523490697301114e-01 3.028071456725239807e-01
-7.348853431431839889e-01 -6.780436443684031422e-01 1.415446095432460263e-02
-8.204862360875025962e-01 -2.884071013817202100e-01 4.935824959046780647e-01
-8.099078089668700908e-01 -3.735234452506395325e-02 5.853666742589145322e-01
-6.676389312348227634e-01 1.197734386712482890e-01 7.347874392560168610e-01
-4.760049939188640278e-01 1.557299058233506950e-01 8.655445928412589529e-01
-3.017353216010701389e-01 1.068692473011272903e-01 9.473831113544440852e-01
-1.700984726700626448e-01 1.243112854701686892e-02 9.853486573991194764e-01
-8.622568845100105073e-02 -1.089723297925643541e-01 9.902980167560562208e-01
-5.608798885329929068e-02 -2.521590890321170342e-01 9.660589688652148066e-01
-9.467060088305881416e-02 -4.104447421366180238e-01 9.069578771811381834e-01
-2.219263868365533576e-01 -5.548748900250886074e-01 8.017870884751097105e-01
-4.365730241349801144e-01 -6.162871120762959398e-01 6.554343522325112303e-01
-6.735454235693580927e-01 -5.211886804228289538e-01 5.241172786579108012e-01
-5.409582039957178123e-01 -2.147261014048038597e-01 8.131770550779618967e-01
-5.362837648599548812e-01 -7.559970295869958279e-02 8.406452334131229165e-01
-4.539238276021680396e-01 2.471625088344170385e-02 8.906976286468901716e-01
-3.375322844409907597e-01 6.298179490847885531e-02 9.392045839273220897e-01
-2.246662683539960570e-01 4.678734178907579394e-02 9.733118783371124128e-01
-1.342861545314917304e-01 -6.939687937999228576e-03 9.909182960428968290e-01
-7.486293648484712571e-02 -8.466503905650824002e-02 9.935931621656288737e-01
-5.414845665731159857e-02 -1.768778188983650967e-01 9.827421746435831551e-01
-8.276139709154560486e-02 -2.730909793520123752e-01 9.584215503356640076e-01
-1.697957507576566549e-01 -3.537624935546305749e-01 9.197942711164681651e-01
-3.074035795971420959e-01 -3.851485014967878096e-01 8.701515218887961867e-01
-4.525939254608394302e-01 -3.359207902167433701e-01 8.260241893165788385e-01
-2.613493166944835799e-01 -1.064326010439173437e-01 9.593584502667831249e-01
-2.741204083910047662e-01 -3.212909207233578118e-02 9.611585317449029553e-01
-2.474468031120860834e-01 2.404282587470052412e-02 9.686031293329466774e-01
-1.969231822633193407e-01 4.743873569665546519e-02 9.792705584479098890e-01
-1.388520312986277205e-01 3.736713806011345007e-02 9.896079074044851209e-01
-8.464617950306496663e-02 1.179294208914197142e-03 9.964103740732328518e-01
-4.250200478323662434e-02 -5.112858339148787512e-02 9.977872757004900839e-01
-2.021307547106031624e-02 -1.092041566894888238e-01 9.938138073812917694e-01
-2.570823847440460719e-02 -1.624517389791712840e-01 9.863815281001272472e-01
-6.417137907438848210e-02 -1.989080569298424528e-01 9.779149344375871467e-01
-1.313407923939338418e-01 -2.051157521397937722e-01 9.698851089059573605e-01
-2.071347237105608252e-01 -1.720951190240332385e-01 9.630568395694169004e-01
-4.803122074837512870e-03 1.716908376984389167e-02 9.998410636599732726e-01
-4.222801324644340215e-02 6.434295323621895546e-02 9.970339910284360396e-01
-6.669858359427864591e-02 9.114557952601012869e-02 9.936014202281693297e-01
-7.196846050130789596e-02 9.208421084484669228e-02 9.931470378581498393e-01
-5.861235947453164591e-02 6.957766263449309541e-02 9.958531719983331199e-01
-3.159537263716939715e-02 3.063897248222993697e-02 9.990310234388007915e-01
2.145150681539490390e-03 -1.536925750228641634e-02 9.998795848762270788e-01
3.507211522574214813e-02 -5.810861504753869061e-02 9.976940089981343185e-01
5.984100318894503695e-02 -8.752914125211973262e-02 9.943629637959465750e-01
6.999794671294706783e-02 -9.535595892242046401e-02 9.929791178841681498e-01
6.123500403896457028e-02 -7.723067383107783124e-02 9.951309950454121367e-01
3.382902925270192540e-02 -3.583830815585947738e-02 9.987848679512706385e-01
2.519325098314332267e-01 1.529292686688235592e-01 9.555849775266086477e-01
1.760448019977800538e-01 2.053885493401181039e-01 9.627168698478278941e-01
9.253785472543711588e-02 2.148281638103826940e-01 9.722579932695540883e-01
3.170444910559384183e-02 1.861863760471609841e-01 9.820027806892208666e-01
6.301417166728189544e-03 1.345284944001744476e-01 9.908896892874572426e-01
1.451542059273684855e-02 7.381604842473883654e-02 9.971662316585154784e-01
4.888613195016292684e-02 1.513905380173751099e-02 9.986896190272945839e-01
1.014989639710503072e-01 -3.132421542789354946e-02 9.943423725461145724e-01
1.647654596725354192e-01 -5.512906313120404661e-02 9.847909065873436951e-01
2.287426379073584648e-01 -4.647656622578204971e-02 9.723768479325545222e-01
2.772162934538975332e-01 -6.516850270655628365e-04 9.608073178064421294e-01
2.891357629514304528e-01 7.406101606672417514e-02 9.544189208526877577e-01
5.276915523656025009e-01 3.004533590970742130e-01 7.945246406307642228e-01
3.895413541420590375e-01 3.945506613105684846e-01 8.322183061388748193e-01
2.274472077139939596e-01 3.957281131422342724e-01 8.897567241510530023e-01
1.047977704629183826e-01 3.252138073771164706e-01 9.398156238312488364e-01
4.514205050302339678e-02 2.249572772043003377e-01 9.733223611472627823e-01
4.327897048320732826e-02 1.230960872336869932e-01 9.914505958551864673e-01
8.738976936418865749e-02 3.282385170876658126e-02 9.956332773514140477e-01
1.686476526544397891e-01 -3.752826526509429189e-02 9.849617244138191285e-01
2.805706137300866820e-01 -7.660175718542303058e-02 9.567718126634505715e-01
4.105379436219080969e-01 -6.643310054244350171e-02 9.094202768791548319e-01
5.267149619956708051e-01 1.083588686133526297e-02 8.499729009597104534e-01
5.781722192001803595e-01 1.493571894189620053e-01 8.021279916036654356e-01
7.809322642835820893e-01 4.441855341955370795e-01 4.391400799429874824e-01
5.547119407851548445e-01 6.269735398727788178e-01 5.469907156887725552e-01
3.017843556626679247e-01 6.287007175073392462e-01 7.167018979206583040e-01
1.232493081073966629e-01 4.995687719559734896e-01 8.574617484980759929e-01
4.384194919199697893e-02 3.302561080501565383e-01 9.428726247943656213e-01
4.541062134604607892e-02 1.699976704605769273e-01 9.843976165691353808e-01
1.082324280165271463e-01 3.134846798659155637e-02 9.936312269049376589e-01
2.232031503801140682e-01 -8.387019775829446244e-02 9.711571158099405743e-01
3.881621503391252115e-01 -1.654452626270352666e-01 9.066189994249566064e-01
5.913810740082475759e-01 -1.802112401919474804e-01 7.859976680711869834e-01
7.820952081992890159e-01 -7.632621987253654372e-02 6.184669703967590193e-01
8.671695111842845360e-01 1.605555017063628465e-01 4.714222838859782327e-01
8.411008387753916571e-01 5.210958887656826910e-01 -1.449429326418751884e-01
5.334860287055560590e-01 8.414435123197840927e-01 8.582233247239197393e-02
2.328298434042535836e-01 8.631064090302273950e-01 4.481490719742481921e-01
4.969185076331509437e-02 6.724668245773062214e-01 7.384572362775795318e-01
-1.072595184441875460e-02 4.274194969546645795e-01 9.039897828956956483e-01
1.593806370932459443e-02 2.032425964675184382e-01 9.789986849359839649e-01
1.042086104241261441e-01 8.327767758146278204e-03 9.945205949588893368e-01
2.467393074387842222e-01 -1.676264976205918689e-01 9.544742382379810541e-01
4.468086141121016541e-01 -3.209435533314827227e-01 8.350792165597493710e-01
6.951218160066194862e-01 -4.008170953029003836e-01 5.967841460903308137e-01
9.224996163187900722e-01 -2.974208132743694777e-01 2.460392605318353076e-01
9.959705609716735797e-01 5.367734839658182960e-02 -7.184277240454599311e-02
5.043713971621288650e-01 4.319652230890056455e-01 -7.476734178545934029e-01
1.890578377792358211e-01 9.025643758746157985e-01 -3.868264227998570171e-01
-4.104411563309300071e-02 9.833937739178613135e-01 1.767825387060571185e-01
-1.308219629399652306e-01 7.708568247721070410e-01 6.234303246672369125e-01
-1.158224544882178741e-01 4.788184019492632837e-01 8.702402524539207818e-01
-4.060783991311225916e-02 2.094458547402469339e-01 9.769766820500854765e-01
7.322943356971584050e-02 -3.116505512891743282e-02 9.968280641104039219e-01
2.218550466376959240e-01 -2.655222122285922359e-01 9.382314709572306954e-01
4.081228696412461665e-01 -5.005361629315092653e-01 7.634784036719958200e-01
6.176994338065061596e-01 -6.748612996690614985e-01 4.037445178379203137e-01
7.728752890782956131e-01 -6.188817512754212213e-01 -1.401754809890036202e-01
7.454734707596658572e-01 -1.979502778082768144e-01 -6.364628755153018957e-01
-1.483513290584265176e-01 1.693868635327803740e-01 -9.743202623518225636e-01
-3.781061036424294142e-01 7.313363175563183383e-01 -5.676116322026405481e-01
-4.361697970881569519e-01 8.971039987370166280e-01 7.042956451865015066e-02
-3.620811735762804462e-01 7.299200751072584259e-01 5.797533162450382305e-01
-2.384277382453434124e-01 4.518932584484912640e-01 8.596189252244732515e-01
-1.070891669416112330e-01 1.804637616109045772e-01 9.777344941593421046e-01
2.249723098497382126e-02 -7.414051547588239310e-02 9.969940112974599034e-01
1.497998734056125159e-01 -3.379528826301053113e-01 9.291651344350082553e-01
2.694541706160712424e-01 -6.248762833613640266e-01 7.327510357755130377e-01
3.538892816196859692e-01 -8.756681936789583176e-01 3.285842219792046159e-01
3.348973474554889918e-01 -8.976794319855422311e-01 -2.863833166532901431e-01
1.492581366202582194e-01 -5.056786639617454338e-01 -8.497123616062399742e-01
