7.092790696605263956e-02 2.044951864964342919e-02 9.972718030710733261e-01
9.857936264112264479e-02 -3.702953700544603377e-02 9.944400045504864227e-01
1.037180964498895797e-01 -5.846105566341091436e-02 9.928871342904223019e-01
8.833161360040958643e-02 -4.838255092824608750e-02 9.949154008277915073e-01
5.736134273651849469e-02 -1.701891829796695413e-02 9.982084114948039932e-01
1.808159522040773959e-02 2.638286263943551146e-02 9.994883693538432201e-01
-2.098152227961256472e-02 7.449617354735982300e-02 9.970005495731912859e-01
-5.110430945989619805e-02 1.205328598468888013e-01 9.913930498301625205e-01
-6.444765912533791108e-02 1.563520240315588172e-01 9.855965421077023114e-01
-5.564422082863901275e-02 1.712810020779161058e-01 9.836496017461617836e-01
-2.412427213045190491e-02 1.535646095135996259e-01 9.878440819274514340e-01
2.335241249360954854e-02 9.790790899567948513e-02 9.949214572954672153e-01
1.250663451214193700e-01 6.587553649263577782e-02 9.899590006709677592e-01
1.438317676286877400e-01 9.813571475162511867e-03 9.895534934684647732e-01
1.391984852433386655e-01 -1.770913923913531446e-02 9.901061398121573376e-01
1.163882156603972817e-01 -1.654544684420957909e-02 9.930659753733083184e-01
8.160222735628888668e-02 6.588304816890229627e-03 9.966432013164137071e-01
4.200397872351312872e-02 4.412909775222182557e-02 9.981424189479938258e-01
5.629606443253380721e-03 8.920572539653330579e-02 9.959973122894705266e-01
-1.921585529867071360e-02 1.348641696345604379e-01 9.906777511652594681e-01
-2.512027594736070471e-02 1.725700562344183731e-01 9.846768746281818752e-01
-7.635500519978401408e-03 1.913721648296072275e-01 9.814878469243421000e-01
3.163334919284557789e-02 1.798001155811550511e-01 9.831944109156688372e-01
8.214527448042423241e-02 1.332902005966828951e-01 9.876668852935427401e-01
1.406348701622331943e-01 9.583468092023295082e-02 9.854123742004132769e-01
1.543095327061925204e-01 4.640472430158439077e-02 9.869322011559301666e-01
1.465567424897883109e-01 1.697831383604530425e-02 9.890565494903800214e-01
1.228704242670035779e-01 1.147467777078019398e-02 9.923563828637744777e-01
8.966674246792274983e-02 2.680088523062680583e-02 9.956111629779197392e-01
5.375372864070470519e-02 5.734239435178929006e-02 9.969064080784084680e-01
2.244036813636289540e-02 9.685398811412002096e-02 9.950455943646581147e-01
3.100192139921282772e-03 1.384139204845320215e-01 9.903696155601201534e-01
1.951790121811590234e-03 1.736207118646024283e-01 9.848106614608221898e-01
2.193012762568882779e-02 1.924215738508669449e-01 9.810672797617984164e-01
5.993009378231029666e-02 1.853490551809390818e-01 9.808435714235009817e-01
1.050152615812364881e-01 1.495547767955097695e-01 9.831608025003455431e-01
1.233562001548259013e-01 1.037684966357335231e-01 9.869221585258650675e-01
1.344868054037330340e-01 6.271060266701616870e-02 9.889290568516513336e-01
1.282287397968902842e-01 3.543274156166777156e-02 9.911114524187036867e-01
1.085217259124060113e-01 2.736724446745152431e-02 9.937172982974690205e-01
8.077040002822985509e-02 3.773112683171609555e-02 9.960183254073330383e-01
5.094366114557734304e-02 6.242158751719977666e-02 9.967488594431258564e-01
2.541688503256661277e-02 9.586045574439100436e-02 9.950702261548493022e-01
1.042473841008025558e-02 1.314811740453418476e-01 9.912638527156752977e-01
1.083890497556962845e-02 1.615884334627890051e-01 9.867987111412886980e-01
2.835258636383412856e-02 1.777416541609474765e-01 9.836686612993391643e-01
5.957772369063493723e-02 1.728838678416895480e-01 9.831386794750455183e-01
9.539487940829764756e-02 1.455817262339995366e-01 9.847364002459766397e-01
8.547803770902630272e-02 9.013264123501581182e-02 9.922548120583090103e-01
9.586766473328386939e-02 5.696913687854938263e-02 9.937625009537672804e-01
9.336780554828752465e-02 3.451544674373342725e-02 9.950332340294960609e-01
7.984120384305287699e-02 2.785312494868009622e-02 9.964183787946040427e-01
5.900358312040900055e-02 3.688049891882871217e-02 9.975762657452806881e-01
3.562024324665374192e-02 5.818194825441123930e-02 9.976703158701145657e-01
1.506014443903676454e-02 8.664978495398173441e-02 9.961249955787900845e-01
2.540387791971171656e-03 1.162267955162247929e-01 9.932194512966762145e-01
1.937365593451507908e-03 1.401959561552150457e-01 9.901218816350840779e-01
1.439100473936679413e-02 1.518700776762940963e-01 9.882956938532797553e-01
3.719055982942511690e-02 1.464174308937896685e-01 9.885235445805165000e-01
6.375961165119919949e-02 1.236979108119670850e-01 9.902694273694873095e-01
3.816368046487924465e-02 6.023923542232018091e-02 9.974541433115785560e-01
4.965524526932736660e-02 3.332896833857065116e-02 9.982101664915090655e-01
5.200515636760103672e-02 1.679100835624175100e-02 9.985056463284901485e-01
4.502764397770146060e-02 1.433570830647013482e-02 9.988828753887264433e-01
3.065878820872029384e-02 2.525999429976708704e-02 9.992106741790999225e-01
1.245542990880423029e-02 4.597805658227367004e-02 9.988647959451152358e-01
-5.044666284864022729e-03 7.147109096424665575e-02 9.974299145795837429e-01
-1.727442484089936406e-02 9.608389379800114094e-02 9.952233315185307072e-01
-2.078490253585372344e-02 1.140055902460164194e-01 9.932626607395061979e-01
-1.428843928533268977e-02 1.200913491610285516e-01 9.926600165009262788e-01
7.321364468069652175e-04 1.114463689683904551e-01 9.937701800819374043e-01
2.014995172782971244e-02 8.939683409846516104e-02 9.957922401276567692e-01
-1.009992773393408871e-02 2.191975905770681202e-02 9.997087153879333776e-01
4.670109015491381160e-03 -1.082830839988624134e-03 9.999885087135201855e-01
1.268028764718640879e-02 -1.196378723929630503e-02 9.998480275022740837e-01
1.175992198410694481e-02 -8.745896862240259625e-03 9.998926009941799808e-01
2.325518446325682085e-03 6.453262965932671062e-03 9.999764734039535696e-01
-1.292045779288104879e-02 2.917983414075087101e-02 9.994906698162705494e-01
-2.984429426264265453e-02 5.406822817463281805e-02 9.980911505478411438e-01
-4.402706613581674339e-02 7.557685564558283553e-02 9.961675342721598714e-01
-5.187919328045018097e-02 8.848053234822772506e-02 9.947259646253795440e-01
-5.142338209285605977e-02 8.874242212918247164e-02 9.947263032054260989e-01
-4.263803845036073098e-02 7.503217983551944970e-02 9.962691251194730757e-01
-2.751907854019988720e-02 5.032141235904145221e-02 9.983538730204682965e-01
-5.240739160535842767e-02 -1.620521766774639036e-02 9.984942945382269119e-01
-3.198275017879255444e-02 -3.829642858894048707e-02 9.987544679491501265e-01
-1.757107193919168683e-02 -4.485035372849187352e-02 9.988391778466162441e-01
-1.334067177490963312e-02 -3.563815665535434440e-02 9.992757118367627811e-01
-1.992686492666545517e-02 -1.468387632420642581e-02 9.996936049761827592e-01
-3.485821204076228197e-02 1.219916303276913708e-02 9.993178100456795443e-01
-5.380550848628946198e-02 3.894303855897631589e-02 9.977917653519413621e-01
-7.197374578790478872e-02 5.979620641328660391e-02 9.956124716054012280e-01
-8.519395169115981381e-02 6.966213394913235712e-02 9.939261429749342014e-01
-9.048510382533378471e-02 6.495789408523204578e-02 9.937770967282447687e-01
-8.621596083501778529e-02 4.527141069598203393e-02 9.952473599418221184e-01
-7.249532832085761602e-02 1.512551463273377125e-02 9.972540529767555118e-01
-8.159222982299806082e-02 -4.585867349805104742e-02 9.956102099201677991e-01
-5.352672849071674066e-02 -7.071578735267111671e-02 9.960593188942739040e-01
-3.253278862132590737e-02 -7.510130815365219370e-02 9.966450778376921837e-01
-2.465311927752757495e-02 -6.050173456734049549e-02 9.978635998092877379e-01
-3.088182249646151747e-02 -3.320157535804874049e-02 9.989714552643819134e-01
-4.819106853655387435e-02 -6.428156347494692717e-04 9.988379286457808037e-01
-7.141633484600660997e-02 3.025339473281227903e-02 9.969876825839703027e-01
-9.494659971255947628e-02 5.331982841300231951e-02 9.940533884562061662e-01
-1.137972012112550974e-01 6.311500374334606811e-02 9.914971978270752384e-01
-1.239622754476217559e-01 5.563515465164023399e-02 9.907260387375105282e-01
-1.223408645624128044e-01 3.026234080479040314e-02 9.920266647561536422e-01
-1.073390342130576686e-01 -7.590924647105679567e-03 9.941934970602502863e-01
-8.888748039496766062e-02 -6.005466998655156069e-02 9.942295773321812025e-01
-5.281537240239343040e-02 -9.166831509164449776e-02 9.943879808435861500e-01
-2.680030361229356756e-02 -9.651916461895548860e-02 9.949702480916358116e-01
-1.801535526090447190e-02 -7.798373971593909604e-02 9.967918455297856140e-01
-2.684094383611629678e-02 -4.483569092948910817e-02 9.986337289278492957e-01
-4.893313698811535550e-02 -6.093604051920655136e-03 9.987834680721301428e-01
-7.781649039929273981e-02 3.062540832337447630e-02 9.964972043046286254e-01
-1.068071412011546983e-01 5.876126156373986942e-02 9.925418624561240799e-01
-1.300668344466245907e-01 7.218023033254561405e-02 9.888744272788522194e-01
-1.428525687109900300e-01 6.549954894144945083e-02 9.875742770552851102e-01
-1.412102319533811712e-01 3.628164639265206437e-02 9.893145670244691825e-01
-1.223876265688910309e-01 -1.068768768598032590e-02 9.924248294933767367e-01
-6.487251150918764420e-02 -5.403885951279428779e-02 9.964293045234072776e-01
-2.387408632733819397e-02 -9.540947724451367962e-02 9.951517771947581137e-01
2.398865518898880052e-03 -1.033404253197735961e-01 9.946431530650923225e-01
7.552328179964888991e-03 -8.335839792375415724e-02 9.964910134239215456e-01
-7.117566240100780921e-03 -4.643690304364724020e-02 9.988958675891347339e-01
-3.561170826071857060e-02 -2.620819114972075623e-03 9.993622654182353626e-01
-7.011242416868425364e-02 4.022489863559897127e-02 9.967277489400708790e-01
-1.028706739776403950e-01 7.536820422748524706e-02 9.918352979335001152e-01
-1.272449702682351691e-01 9.587893123039696597e-02 9.872263915067507334e-01
-1.381526237348881803e-01 9.431542063560913181e-02 9.859099624130842621e-01
-1.319541157468315518e-01 6.482644904016261755e-02 9.891337840971275996e-01
-1.064363318817422716e-01 9.333233323379512211e-03 9.942757152880435934e-01
-6.038451253160671481e-03 -2.601554138640140360e-02 9.996433007392782066e-01
3.231940310512194242e-02 -7.719159430976675618e-02 9.964923050133542848e-01
5.097070272743079583e-02 -9.068803881986006732e-02 9.945741134167228603e-01
4.708345780663518443e-02 -7.324894728237331398e-02 9.962016561533872938e-01
2.408627071940750569e-02 -3.659655400710327966e-02 9.990398109173683761e-01
-1.088114233363807540e-02 9.184960729297546658e-03 9.998986134792350322e-01
-4.923504625913981830e-02 5.643566138429992329e-02 9.971915193903418961e-01
-8.246744442242853745e-02 9.843266938848953262e-02 9.917207924650498496e-01
-1.031873707082173880e-01 1.275644914586340772e-01 9.864480052415557365e-01
-1.061164683345777737e-01 1.343723667872223082e-01 9.852326436899750961e-01
-8.902873805526630158e-02 1.091956243501503721e-01 9.900253529193479007e-01
-5.326345094173175893e-02 4.954310862690816664e-02 9.973507332834986583e-01
9.745645652230677802e-02 6.824294232140208638e-02 9.928973461064356520e-01
1.709598613893100472e-01 9.925689941790126480e-03 9.852279972030401067e-01
1.813167359424251168e-01 -1.121961621619005887e-02 9.833607483924942105e-01
1.466307190877745859e-01 -7.754054398681799187e-03 9.891609104994418811e-01
8.398524014165682783e-02 8.491164482566397262e-03 9.964308202599471143e-01
7.534208157655357223e-03 3.181316717464971466e-02 9.994654361715938906e-01
-7.068773978431866500e-02 6.037569301551793527e-02 9.956696335317681834e-01
-1.392029335812841884e-01 9.352203974936643127e-02 9.858378017522013703e-01
-1.853688587322872283e-01 1.292546723049649293e-01 9.741312108230841815e-01
-1.940774940838143059e-01 1.610170050891897575e-01 9.676814818742008883e-01
-1.488420813320213976e-01 1.735937715164520834e-01 9.735046159703609758e-01
-4.137950585689628702e-02 1.440371970372463506e-01 9.887067423481822326e-01
1.275749709367552942e-01 1.705761205482639042e-01 9.770508757936927635e-01
1.866784438624418119e-01 1.061475383168080516e-01 9.766697797650021329e-01
1.900700463949212549e-01 6.471632237833845058e-02 9.796352255208752302e-01
1.539948407961000132e-01 4.767666019600829558e-02 9.869207288737644745e-01
9.363203999944544331e-02 4.911298221531894270e-02 9.943947687229975907e-01
2.163323123513000157e-02 6.442844110149140158e-02 9.976878165455963510e-01
-5.059881523055355379e-02 9.132854807248971807e-02 9.945344922144414568e-01
-1.114488359157917996e-01 1.284039292760252304e-01 9.854397941626528157e-01
-1.478263633722413373e-01 1.727343485189986316e-01 9.738122052706725817e-01
-1.450195237940876680e-01 2.164108284703447904e-01 9.654717453345871281e-01
-9.049206470978334027e-02 2.427954963001039967e-01 9.658475724465194201e-01
1.328674452234653025e-02 2.292992752250965771e-01 9.732652797675500622e-01
1.146091454912882418e-01 2.122366882603248794e-01 9.704742819498013429e-01
1.625471693224725400e-01 1.563225739125461144e-01 9.742390213035293511e-01
1.669910058344118708e-01 1.102803143557621879e-01 9.797715326727878260e-01
1.377580192949402482e-01 8.345283714793759466e-02 9.869439457697816165e-01
8.684726998724927316e-02 7.586779298791791748e-02 9.933285607910272708e-01
2.540651649639589366e-02 8.505681368037218415e-02 9.960521308474976632e-01
-3.582400289489968276e-02 1.087223375967364264e-01 9.934264412246918141e-01
-8.568299420874667116e-02 1.445285950027200561e-01 9.857839062034766675e-01
-1.122242327616399804e-01 1.882686959608066424e-01 9.756846927682597537e-01
-1.038606855782559096e-01 2.312125779823638594e-01 9.673436316916358413e-01
-5.402532291981396867e-02 2.584756438034031545e-01 9.645058869929176160e-01
2.923486596953690092e-02 2.533929530721530932e-01 9.669215759023142009e-01
8.130089891843228500e-02 2.012841174877575134e-01 9.761530965388308667e-01
1.196572695325515134e-01 1.576720040608318996e-01 9.802151177080347111e-01
1.269184935377703494e-01 1.176170535769178321e-01 9.849151865548055884e-01
1.069349729749087541e-01 9.150640986637416374e-02 9.900462052391191259e-01
6.784963201294705315e-02 8.216138125879626775e-02 9.943067609473479340e-01
1.889017916466619734e-02 8.865564492916876149e-02 9.958831948341746454e-01
-3.023620614884579144e-02 1.088932632640288167e-01 9.935934928597948135e-01
-6.944304007930528211e-02 1.399904533429284226e-01 9.877147043338863064e-01
-8.878856314931413141e-02 1.771624125687291385e-01 9.801683889142280837e-01
-8.019621152390736529e-02 2.122576864990052825e-01 9.739174719549604786e-01
-4.120305736545095548e-02 2.337482218777102438e-01 9.714237370131817428e-01
1.976672432302965104e-02 2.307614525475396305e-01 9.728095541407048019e-01
4.364974881677399082e-02 1.538324194105465115e-01 9.871323549385555562e-01
7.480064080771002544e-02 1.217102601782455579e-01 9.897431367290782100e-01
8.427381606128146740e-02 9.236871994424335208e-02 9.921521775928824338e-01
7.219103252800757042e-02 7.369175473245347108e-02 9.946647576479603625e-01
4.342119755592934588e-02 6.825024585458573656e-02 9.967228820206434081e-01
5.232309634719557387e-03 7.534365576258710007e-02 9.971438995813561856e-01
-3.388708330409239550e-02 9.288630691175338294e-02 9.950998942687009352e-01
-6.509738946023742312e-02 1.178524399272994488e-01 9.908951166943004152e-01
-8.032151719667920964e-02 1.456899854204939948e-01 9.860643396976936925e-01
-7.396831792048233489e-02 1.697700272595802362e-01 9.827038342187253139e-01
-4.541776723278855704e-02 1.821732441211510178e-01 9.822169493274170993e-01
-1.487823075640368848e-03 1.768189940271199523e-01 9.842422617086955539e-01
8.991676257738253145e-03 8.508688122802761378e-02 9.963329626188980326e-01
3.662795847365523522e-02 6.265010318770850017e-02 9.973632022632035188e-01
4.814466112258421887e-02 4.533680532505999367e-02 9.978109368452410255e-01
4.160899970794320474e-02 3.735103464108648769e-02 9.984355719599141699e-01
1.977823780651061583e-02 3.920612578539518084e-02 9.990353852642325228e-01
-1.147512174389492962e-02 4.929886242481348185e-02 9.987181503030002627e-01
-4.458307603615979664e-02 6.521455636230537312e-02 9.968748221165771861e-01
-7.160885306633925362e-02 8.397842299599447835e-02 9.938912398415609140e-01
-8.562388164591604178e-02 1.017235502825337284e-01 9.911210169346890142e-01
-8.221748586859134456e-02 1.137017400159235497e-01 9.901071655809310368e-01
-6.110099794098707016e-02 1.154292234821357177e-01 9.914346990181027719e-01
-2.733954842605441568e-02 1.050127461354081887e-01 9.940950016175565951e-01
-2.020918133033740641e-02 7.927566818621119282e-03 9.997643435701604187e-01
8.684835675206670214e-03 -6.555589772768399305e-03 9.999407971835595488e-01
2.324397584606491263e-02 -1.200177636985164456e-02 9.996577789178938689e-01
2.022374991843606598e-02 -8.149449205341817784e-03 9.997622649494815050e-01
1.470286914809624873e-03 2.640407504223434704e-03 9.999954332417491099e-01
-2.756123566586550153e-02 1.723218550230991991e-02 9.994715754194624102e-01
-5.951279854364466965e-02 3.263770180920307074e-02 9.976938444384225724e-01
-8.668375953097028075e-02 4.594988768106933463e-02 9.951756295527256491e-01
-1.024057107276833689e-01 5.404954382914237826e-02 9.932732339201923999e-01
-1.022728951021041055e-01 5.396637266498966606e-02 9.932914403882888710e-01
-8.532010527736455519e-02 4.431377819397876866e-02 9.953676550386061361e-01
-5.513411183123288761e-02 2.712064952800692305e-02 9.981105650587321909e-01
-4.310051403983471141e-02 -6.614966610202138719e-02 9.968784115246379640e-01
-7.260943049519889662e-03 -7.447863435253594677e-02 9.971961751486401182e-01
1.227479518880819284e-02 -6.889357686717098583e-02 9.975484973021521151e-01
1.120082358536022421e-02 -5.322476600723123619e-02 9.985197373285181754e-01
-8.309475789644894805e-03 -3.302219476793358949e-02 9.994200754761828343e-01
-3.999982606956473813e-02 -1.310880265487067951e-02 9.991136938343641027e-01
-7.582540483598762537e-02 2.947996577093316313e-03 9.971167520896039305e-01
-1.076048883387188404e-01 1.228312144282119392e-02 9.941178566614931045e-01
-1.281402461981773211e-01 1.228475286815395445e-02 9.916799696228347782e-01
-1.320462204861975741e-01 1.196726732121836416e-03 9.912428378054217726e-01
-1.167263942089055290e-01 -1.997111636902312512e-02 9.929632940879185021e-01
-8.415850047305423187e-02 -4.548124276350403589e-02 9.954138854541769721e-01
-5.788641704231788782e-02 -1.254412897148967643e-01 9.904108468491626960e-01
-8.819350179073627560e-03 -1.301971891771182555e-01 9.914488947962672993e-01
1.772513402922098330e-02 -1.152020292629193920e-01 9.931839266105048081e-01
1.691322774745035104e-02 -8.877579042823806332e-02 9.959080287663458764e-01
-7.159040388702111492e-03 -5.974471395508258037e-02 9.981880170064032498e-01
-4.609933219871407972e-02 -3.433591630319730165e-02 9.983465813146237267e-01
-9.037204508278098847e-02 -1.637176451455922208e-02 9.957734977364031126e-01
-1.308198010886938434e-01 -8.597243217234555937e-03 9.913688854569416842e-01
-1.592324673718734374e-01 -1.352832774625634983e-02 9.871484213039487532e-01
-1.685357227171835059e-01 -3.279863715001146707e-02 9.851497142917535754e-01
-1.534170612966532232e-01 -6.455624554419989169e-02 9.860505547203914922e-01
-1.131843029888416202e-01 -1.001601851126860676e-01 9.885126457841083569e-01
-5.924198646909882571e-02 -1.563738741413825684e-01 9.859196714363342995e-01
8.367334201832304919e-03 -1.619035913530980086e-01 9.867711055891117411e-01
4.213077693109566757e-02 -1.407391846528804058e-01 9.891498771866227280e-01
3.871995956569276864e-02 -1.064209968553367636e-01 9.935669761820437040e-01
6.281582251418328829e-03 -7.080572291514940220e-02 9.974703460889443596e-01
-4.357033238558918886e-02 -4.075523861007548931e-02 9.982187318727114844e-01
-9.946517157632432660e-02 -1.969406264958216066e-02 9.948461305848687042e-01
-1.511975133665864057e-01 -9.965790802443860036e-03 9.884533347435231487e-01
-1.894710322484738085e-01 -1.432038069308902602e-02 9.817818773207225291e-01
-2.052618427666761114e-01 -3.570407449120847898e-02 9.780556195682394982e-01
-1.896752640992168670e-01 -7.431785204824049862e-02 9.790302094704984581e-01
-1.373690973482077915e-01 -1.214440008476532079e-01 9.830468380253977179e-01
-3.621441782999665349e-02 -1.425474007086260930e-01 9.891252471212085284e-01
4.954709581524435746e-02 -1.557035286474100222e-01 9.865604373087718537e-01
8.558957103199242578e-02 -1.349104999471234800e-01 9.871542849700569722e-01
7.468165050633698843e-02 -9.907570248293683102e-02 9.922734785606367458e-01
3.071004663183065503e-02 -6.189316666918449200e-02 9.976102089269860418e-01
-3.160171292194922932e-02 -2.973825304226377850e-02 9.990580403793132280e-01
-9.955602877048794208e-02 -4.994808194770843437e-03 9.950194214318694996e-01
-1.622367601102686074e-01 1.077157575542666591e-02 9.866930661683126491e-01
-2.093870864056228132e-01 1.468237577238942076e-02 9.777225965927659468e-01
-2.301335190282050858e-01 1.559779521604834048e-03 9.731578137730145794e-01
-2.121110495496600634e-01 -3.447219537041345400e-02 9.766373791767076762e-01
-1.442403501732884841e-01 -9.120003379226887530e-02 9.853310485406591157e-01
2.246287002758385817e-02 -6.709012346692158624e-02 9.974940274525184725e-01
1.126814913558695924e-01 -9.741506086365794848e-02 9.888443696672591932e-01
1.394722146620503422e-01 -8.954586016150875571e-02 9.861688700548580933e-01
1.159403387531355301e-01 -6.369432097828223172e-02 9.912118196051811214e-01
6.004833694683663070e-02 -3.308225100996783213e-02 9.976471129101681656e-01
-1.256488586254977773e-02 -3.157045485864744087e-03 9.999160748317608149e-01
-8.912553572435434612e-02 2.455452601027408380e-02 9.957176879688117710e-01
-1.584002344125919892e-01 4.928817882570939168e-02 9.861440265834038321e-01
-2.090394028048486175e-01 6.858959953143387023e-02 9.754988441364309537e-01
-2.281206154051828305e-01 7.582080512620045787e-02 9.706761511119808006e-01
-2.007455067817826011e-01 5.831526043060884790e-02 9.779062183602611480e-01
-1.136882651606407335e-01 3.911632065901538523e-03 9.935087707207235219e-01
1.487829608480690236e-01 2.059515489717288483e-01 9.671853958975398236e-01
2.889069811257633513e-01 1.535598690448080617e-01 9.449614398882030253e-01
2.866362179988378167e-01 1.166284464342571131e-01 9.509140255637127392e-01
2.166305031851354368e-01 8.630427466501154610e-02 9.724313843477149222e-01
1.159545165732688843e-01 5.794717164697288370e-02 9.915627440480112575e-01
2.462145824482613477e-03 3.273139444399617015e-02 9.994611516490150560e-01
-1.141632817183105414e-01 1.367681577652501111e-02 9.933678522167435077e-01
-2.264807600908307350e-01 5.076351806396118063e-03 9.740024106544775684e-01
-3.245823196605299166e-01 1.338044594024661443e-02 9.457628040002944436e-01
-3.890508262997760536e-01 4.791196888325829212e-02 9.199695091650045287e-01
-3.770828252231013256e-01 1.157427810899258613e-01 9.189190125072022042e-01
-2.069523529557344699e-01 1.960355787222415325e-01 9.585096637389307617e-01
7.735248364365669704e-02 3.693661033822689399e-01 9.260590018710654903e-01
2.086325408859968922e-01 2.974895309088272377e-01 9.316503860800499082e-01
2.275901162531565047e-01 2.191333350434666594e-01 9.487799114950745683e-01
1.804480998153188409e-01 1.553826254116328631e-01 9.712336088671589263e-01
9.808620022175523756e-02 1.074177970665100568e-01 9.893636915711547797e-01
-1.938868241746511539e-03 7.472503340133737626e-02 9.972022915001215182e-01
-1.086339847973445544e-01 5.866760184430109409e-02 9.923491169144422752e-01
-2.125675015436322146e-01 6.319372046800339482e-02 9.751008209314910857e-01
-3.009957721141128251e-01 9.495177715866338908e-02 9.488865607562012583e-01
-3.511144958430602592e-01 1.613131915875066769e-01 9.223321880043242604e-01
-3.225494873012882402e-01 2.599707560523827898e-01 9.101522038863680830e-01
-1.682545985437010339e-01 3.540481362121525866e-01 9.199675577506211122e-01
1.164885521156578535e-02 3.792279070592957102e-01 9.252299706987342498e-01
1.182459655641377033e-01 3.249427018694594493e-01 9.383123851519051817e-01
1.515504344105915724e-01 2.494669033606655428e-01 9.564511121628413992e-01
1.283288927558726145e-01 1.814721822513007954e-01 9.749869447090757646e-01
6.906622938466937256e-02 1.302106252064269554e-01 9.890778781479617754e-01
-1.070874156936561794e-02 9.790840782982537793e-02 9.951378128331058726e-01
-9.913580994169068905e-02 8.626572810026288118e-02 9.913275519939201974e-01
-1.850182849421452835e-01 9.839329373585561922e-02 9.777970106238440540e-01
-2.542973648291494970e-01 1.381595215564704049e-01 9.572067680726508154e-01
-2.864954422584152227e-01 2.065516012638350107e-01 9.355516007043984672e-01
-2.550957720280593866e-01 2.930775003244852628e-01 9.214291757355106416e-01
-1.438241428097404850e-01 3.655084499276190502e-01 9.196293758774409799e-01
-2.498258102608648390e-02 3.128701004106073658e-01 9.494673090289160733e-01
5.352034143097644109e-02 2.766766432414594079e-01 9.594715254439415419e-01
8.804411830792045757e-02 2.203568887235068108e-01 9.714376330077426624e-01
7.982214487984512497e-02 1.657122000029544184e-01 9.829383968270029026e-01
3.965744930129293938e-02 1.234003251547114433e-01 9.915642422287558322e-01
-2.048625498531463779e-02 9.750144161881527105e-02 9.950245133859874080e-01
-8.927527840551745253e-02 9.033149498397162469e-02 9.919022863566676618e-01
-1.552634640463285420e-01 1.041286242260768685e-01 9.823698317584541595e-01
-2.054622033926577218e-01 1.400726377360147490e-01 9.685891487801437938e-01
-2.246611612595466045e-01 1.951429504237978396e-01 9.546971203063924216e-01
-1.984476905082427911e-01 2.575871603684325994e-01 9.456571096044208424e-01
-1.239175454970721929e-01 3.049828174934809955e-01 9.442615754925275384e-01
-3.629588115056243958e-02 2.129203956829015254e-01 9.763951628894543822e-01
1.992046580227459229e-02 1.906093410360796547e-01 9.814638323199115222e-01
4.874439547526188826e-02 1.555792036108901988e-01 9.866200359375741913e-01
4.638850559126477674e-02 1.204525808567760564e-01 9.916346516303342629e-01
1.792245099287972585e-02 9.265725503747389291e-02 9.955367491153955806e-01
-2.784313964920229201e-02 7.579108872970173605e-02 9.967349047984154220e-01
-8.081066537195746857e-02 7.211121132285361335e-02 9.941175028956941162e-01
-1.303564283695823611e-01 8.323291873835021726e-02 9.879673490663196667e-01
-1.655470824832508681e-01 1.090472550461328155e-01 9.801545080485964956e-01
-1.759360779176096512e-01 1.457069843794213115e-01 9.735584066658681257e-01
-1.543812148206782087e-01 1.840001265211663739e-01 9.707267349519433930e-01
-1.026156554330700799e-01 2.104162761969631257e-01 9.722114060076398889e-01
-3.020411456444276749e-02 9.989503974121743957e-02 9.945394373770938268e-01
1.231011884120678489e-02 8.968386177722979802e-02 9.958942041757170571e-01
3.433866822013523917e-02 7.472547912320205710e-02 9.966127425606882140e-01
3.173841041509508493e-02 5.970857658148832903e-02 9.977111601996735413e-01
7.574715455117896588e-03 4.737976440519712368e-02 9.988482275154629830e-01
-3.089399352304812024e-02 3.946042776267858626e-02 9.987434284164864451e-01
-7.448016031220762445e-02 3.759542012549273865e-02 9.965135674466912841e-01
-1.134636335559571912e-01 4.309627430248223756e-02 9.926070294941921057e-01
-1.386355062433684282e-01 5.583036318234122636e-02 9.887685102971970341e-01
-1.426162044239979720e-01 7.317456079943639169e-02 9.870694514001441267e-01
-1.220472099985491637e-01 8.998970685349688692e-02 9.884363060875535067e-01
-8.054067650101565112e-02 1.002692222852502590e-01 9.916951560287702305e-01
-1.281822095299282697e-02 -1.537959975465981455e-02 9.997995604734079000e-01
2.493078443938095620e-02 -1.271267389497772460e-02 9.996083452580951656e-01
4.192983584245868478e-02 -8.204243488304882592e-03 9.990868727267671057e-01
3.533679336308988977e-02 -4.063966087498401339e-03 9.993671973875745129e-01
8.936843007286686749e-03 -2.102547566356167876e-03 9.999578551772928536e-01
-2.967751897525686480e-02 -2.659559833050804262e-03 9.995559872306802873e-01
-7.129049100946735495e-02 -4.732262528884206496e-03 9.974443701697052189e-01
-1.064902653424770335e-01 -7.004991589096357107e-03 9.942890693758608123e-01
-1.268025092586963498e-01 -8.917697299174496411e-03 9.918878960448875848e-01
-1.260372109604937785e-01 -1.088900299570726496e-02 9.919657509548061025e-01
-1.022868713823020109e-01 -1.333267053339220500e-02 9.946655899543551671e-01
-6.040620487341443606e-02 -1.535821505894415830e-02 9.980557177048260398e-01
1.163002096043505920e-02 -1.251639766186589675e-01 9.920679016928853899e-01
5.407138890883032845e-02 -1.069037544826568764e-01 9.927980016996208468e-01
6.878501370997867903e-02 -8.213232331248240814e-02 9.942448910383924199e-01
5.533657858583483635e-02 -5.983117309385727056e-02 9.966735141441970258e-01
2.067669445216539087e-02 -4.559608795829754591e-02 9.987459492130751348e-01
-2.540714949307474810e-02 -4.106107256025424979e-02 9.988335522371576403e-01
-7.266175757776981159e-02 -4.535726415093054714e-02 9.963247400193706582e-01
-1.112791908163199145e-01 -5.690055890560127144e-02 9.921588925606920073e-01
-1.324184029422020015e-01 -7.432839282162755079e-02 9.884030840616909730e-01
-1.291429876051465031e-01 -9.579757670384075885e-02 9.869877978223112747e-01
-9.864507266820535247e-02 -1.167779339358497731e-01 9.882469649757783525e-01
-4.627901519398844310e-02 -1.289492362232304568e-01 9.905707179349376723e-01
4.015843980446081457e-02 -2.201495772091103253e-01 9.746391452055168658e-01
9.838616132301737649e-02 -1.823404363583368826e-01 9.783006330003777284e-01
1.133704923221402899e-01 -1.358718362760697740e-01 9.842184592749001482e-01
8.981952681112687076e-02 -9.697798310948578526e-02 9.912253645844230077e-01
4.102903777569363170e-02 -7.350126185669059176e-02 9.964507928465982101e-01
-1.934108669772179739e-02 -6.668552673226182947e-02 9.975865691206401431e-01
-7.946193820942591690e-02 -7.482348630040280835e-02 9.940257774694700732e-01
-1.288947139785320273e-01 -9.585966786136172757e-02 9.870142231934118104e-01
-1.577301246101780741e-01 -1.281196322234723350e-01 9.791356226944760710e-01
-1.563902488007282154e-01 -1.685760107144936570e-01 9.732030716617608990e-01
-1.177079823460666641e-01 -2.086050275687702793e-01 9.708907113394272814e-01
-4.436175727678056541e-02 -2.310464381821029367e-01 9.719308503669427113e-01
7.132158647603258073e-02 -2.833852269483527198e-01 9.563503774505607291e-01
1.581719100382069365e-01 -2.227704349687684993e-01 9.619537307890285716e-01
1.738025765687994662e-01 -1.554431902446647695e-01 9.724351284195859035e-01
1.356600368304614890e-01 -1.047624678858612990e-01 9.852010859361850503e-01
6.756547331287077185e-02 -7.759598676139314866e-02 9.946928016501707104e-01
-1.220091709289908462e-02 -7.223888051379333264e-02 9.973127301725545069e-01
-9.075446399235079231e-02 -8.500556479609470972e-02 9.922387218905848183e-01
-1.576687056593437941e-01 -1.132163026191955885e-01 9.809804524439812434e-01
-2.021856541047087064e-01 -1.556343001974299645e-01 9.669017146929802520e-01
-2.109668834467618159e-01 -2.102641574359936927e-01 9.546108936035483383e-01
-1.678985765366159122e-01 -2.680576728649138873e-01 9.486596607927217928e-01
-6.383283844447727728e-02 -3.034905312990211490e-01 9.506938866680850753e-01
1.083503058984983392e-01 -2.790109767570417287e-01 9.541556927780638908e-01
2.315926753304001218e-01 -2.000037698208069481e-01 9.520311574685098588e-01
2.420197609654934912e-01 -1.230089059883107266e-01 9.624423329995797083e-01
1.844739527173662463e-01 -7.384445998299742075e-02 9.800593637625675258e-01
9.522876890835149655e-02 -5.310951760414984318e-02 9.940376555804008030e-01
-4.740324153036514637e-03 -5.419042514131760385e-02 9.985193674385219875e-01
-1.032563824760152904e-01 -7.116392112048519625e-02 9.921057482994801724e-01
-1.911564542647402332e-01 -1.006347375369918695e-01 9.763871463687081587e-01
-2.579779132015445064e-01 -1.416751399503677622e-01 9.557068331975278053e-01
-2.874078005251454737e-01 -1.946919093749855945e-01 9.378122501978310988e-01
-2.515720561280982426e-01 -2.570299179483215291e-01 9.330847345527226722e-01
-1.134429996408973795e-01 -3.061075414573979914e-01 9.452136578021186342e-01
1.571525535760518177e-01 -1.352449092615240489e-01 9.782698448911136824e-01
2.982065523291911324e-01 -7.343251473366840809e-02 9.516724845910836672e-01
2.929678187141618317e-01 -2.477108561234389952e-02 9.558013656170524230e-01
2.183244434088671138e-01 -3.331118742871069446e-03 9.758705554827128426e-01
1.146534071592316129e-01 -2.978388058418094363e-03 9.934010899083846047e-01
1.096292268390589280e-03 -1.550500652022853212e-02 9.998791891603709958e-01
-1.122879112852709915e-01 -3.490769741497659617e-02 9.930623734895679400e-01
-2.180337483003596810e-01 -5.716232055635538795e-02 9.742657510715040381e-01
-3.066787286103891952e-01 -7.950462334111790819e-02 9.484867802375747114e-01
-3.607000037065729026e-01 -1.007392507164644180e-01 9.272254907470514063e-01
-3.430575064323853618e-01 -1.248921057911029919e-01 9.309744943828347497e-01
-1.817713172544684064e-01 -1.586655109172337430e-01 9.704557918158562835e-01
1.253732821131965380e-01 6.163176662930547334e-01 7.774535834037062942e-01
3.602354224726574961e-01 5.176512783267936957e-01 7.760590147937871386e-01
3.440598166279111303e-01 3.875784503230539912e-01 8.552226537149119068e-01
2.508649007979736889e-01 2.611458001024672404e-01 9.321317893067991855e-01
1.315667770749751053e-01 1.445167194106795894e-01 9.807166262385621502e-01
2.623989170602705756e-03 3.871728836833800841e-02 9.992467594454774726e-01
-1.311956834334667421e-01 -5.766440368333441979e-02 9.896779825763962757e-01
-2.693905458473743741e-01 -1.450710504183682359e-01 9.520415558884256502e-01
-4.121496122340244095e-01 -2.184307372746668308e-01 8.845454822387105454e-01
-5.571018756947011541e-01 -2.559914974292952783e-01 7.900037046377960115e-01
-6.844490206316447001e-01 -1.910028128280054360e-01 7.035960941107727296e-01
-6.435033532378927612e-01 1.256251927184666994e-01 7.550640670339131555e-01
-1.773220096638077892e-01 6.687660113407739582e-01 7.220172622343125068e-01
9.465994851640309460e-02 6.096256457188536926e-01 7.870171956370762834e-01
1.780318761073757805e-01 4.600001277090566831e-01 8.698876557334764836e-01
1.553860436419129409e-01 3.119662686404051088e-01 9.373004985977601011e-01
7.934161664027292171e-02 1.845335904964051921e-01 9.796184266576790645e-01
-2.505932462852197146e-02 7.902496738924988384e-02 9.965576173901403711e-01
-1.472241898351222267e-01 -5.399839252925289247e-03 9.890884084162966383e-01
-2.830690283671514207e-01 -6.606655330662557224e-02 9.568213708490173053e-01
-4.289959196716140455e-01 -9.170067552083593920e-02 8.986397982584695132e-01
-5.723809252429359340e-01 -5.406229488513392134e-02 8.182037305523619519e-01
-6.660007498842976936e-01 9.808384033953666814e-02 7.394745170849138516e-01
-5.759030332832653087e-01 3.953087930298559427e-01 7.155883274678846995e-01
-2.524682989010066381e-01 5.424863541404556511e-01 8.012292516012431420e-01
-5.230654841831135216e-02 5.258808000974489749e-01 8.489484136749871901e-01
5.194738668364397294e-02 4.202800876001415165e-01 9.059062407245033199e-01
6.933414748123359339e-02 2.974124159627392627e-01 9.522282451303445416e-01
2.894393445976706572e-02 1.868226190928676533e-01 9.819671876662720011e-01
-4.756803377267779936e-02 9.710782018784552827e-02 9.941364863143459241e-01
-1.473584604342325910e-01 3.176469038959792851e-02 9.885729556198630252e-01
-2.621878660354852730e-01 -3.650528873796612863e-03 9.650099463439746339e-01
-3.824458710353645374e-01 1.997517102726780510e-03 9.239757386714686493e-01
-4.880294406738393542e-01 6.634151802953611177e-02 8.703022854278591458e-01
-5.359600557366130946e-01 2.047314849406478288e-01 8.190432453349748565e-01
-4.615941910661698344e-01 3.968577054209668775e-01 7.933692484727025152e-01
-2.257180659768514286e-01 3.917841045565381708e-01 8.919397794182356565e-01
-9.606744574838631257e-02 3.876697611530354748e-01 9.167787094795425418e-01
-1.122847108657519521e-02 3.238052196171466446e-01 9.460571342080171808e-01
1.590074152163234097e-02 2.390938300345329670e-01 9.708662662069046378e-01
-4.561495158994412734e-03 1.576339183499675667e-01 9.874870837370748333e-01
-5.855189054430613715e-02 9.052044761007202456e-02 9.941718788410988106e-01
-1.342031892386447434e-01 4.422150089187586869e-02 9.899666473456744109e-01
-2.213252175594384863e-01 2.536962656677719044e-02 9.748700067804152436e-01
-3.079816070392475957e-01 4.192944115538180250e-02 9.504679119727607040e-01
-3.757069939895246735e-01 1.008175284270555472e-01 9.212383408376940697e-01
-3.970581964921940932e-01 1.998497618832508205e-01 8.957705405255617093e-01
-3.453330265364839557e-01 3.142811525809258710e-01 8.842920659576724018e-01
-1.596572692531758320e-01 2.430842093070724186e-01 9.567756390922442788e-01
-7.837404704096671837e-02 2.441117035537703484e-01 9.665748729088798896e-01
-2.114836287846465213e-02 2.110310517738038238e-01 9.772505522814801671e-01
-9.054901814512096407e-04 1.613455127314659121e-01 9.868975659149910040e-01
-1.531502825911524451e-02 1.091983493537627276e-01 9.939019923552006031e-01
-5.566811488169720601e-02 6.368585508591129152e-02 9.964161644851230459e-01
-1.119492303248311449e-01 3.178236545685829417e-02 9.932055432162278930e-01
-1.740460467931799204e-01 1.996559890975732610e-02 9.845350925466180847e-01
-2.308391757950641332e-01 3.360904688683182678e-02 9.724112848408017484e-01
-2.688547186711922055e-01 7.439594297222461294e-02 9.603032770523056705e-01
-2.731844337527207789e-01 1.361017939707649393e-01 9.522849189360343969e-01
-2.342364217880175681e-01 2.010573050898560032e-01 9.511620570533546593e-01
-7.687100654659828614e-02 1.017910820416707968e-01 9.918313485512842975e-01
-2.515197415406115328e-02 1.109086341907947054e-01 9.935122812820074145e-01
7.561792568998615925e-03 1.026204997648711426e-01 9.946918378679886485e-01
1.381764815148887361e-02 8.161700156132943584e-02 9.965679794452571016e-01
-4.537743445381085643e-03 5.358144656002859080e-02 9.985531720790317145e-01
-4.052576362121214359e-02 2.434981630514381282e-02 9.988817492220095628e-01
-8.522491750279057032e-02 1.656419403837751717e-04 9.963617244752590585e-01
-1.292419587700541217e-01 -1.288943644423937857e-02 9.915293129914074521e-01
-1.631739049550492149e-01 -1.037658289551162544e-02 9.865427528845646110e-01
-1.780870522434145897e-01 8.684238901127379687e-03 9.839764152753019966e-01
-1.673121727406335357e-01 4.031895827197925358e-02 9.850791940024078430e-01
-1.303617333831318115e-01 7.538691553321241745e-02 9.885962934564914706e-01
1.633867366407660421e-02 -3.097861964228005097e-02 9.993864982418982912e-01
5.203724190152834994e-02 -6.606098168437593218e-03 9.986232948025168810e-01
6.448296299963046652e-02 9.027056197107622207e-03 9.978779783816206228e-01
5.294181412374234647e-02 1.168146822404595407e-02 9.985292722886764949e-01
2.282191478933117898e-02 1.312380310634109941e-03 9.997386847889200290e-01
-1.768878034332157373e-02 -1.856831502541904030e-02 9.996711082787161917e-01
-5.953270789791714757e-02 -4.230593950396176889e-02 9.973294662111786835e-01
-9.364977337787712408e-02 -6.387300751307736779e-02 9.935542052940055102e-01
-1.116764257534885590e-01 -7.837451609991183399e-02 9.906491867240861948e-01
-1.072867750302106127e-01 -8.269230086799933543e-02 9.907832917850383225e-01
-7.884086414622754058e-02 -7.531092856004209524e-02 9.940384208773027641e-01
-3.275553618843338177e-02 -5.661015690774653941e-02 9.978588903165213075e-01
1.198701804470332366e-01 -1.543178576573742411e-01 9.807227633982874559e-01
1.498360974752124819e-01 -1.038398067391174961e-01 9.832428176345654469e-01
1.438573094845643774e-01 -6.139956194888461505e-02 9.876918387332283000e-01
1.100595759692826470e-01 -3.858916686259090262e-02 9.931755967292150711e-01
6.059592250083661175e-02 -3.791860158611921189e-02 9.974418849385883190e-01
6.879972972433433948e-03 -5.589114867885763144e-02 9.984131637109879831e-01
-4.106239454281160328e-02 -8.644527856169384461e-02 9.954100127931683195e-01
-7.391955847242127897e-02 -1.232617841492573973e-01 9.896173156545905458e-01
-8.295533395475160332e-02 -1.604485611589511751e-01 9.835520686728821405e-01
-6.157896128533663083e-02 -1.912676265167272682e-01 9.796043724758995985e-01
-9.814572691594591197e-03 -2.059963967173279176e-01 9.785035302454304640e-01
5.921930129728046610e-02 -1.938779257745800177e-01 9.792366538539321041e-01
2.354368790232714559e-01 -2.636925105907080291e-01 9.354334481160344605e-01
2.687063777111591278e-01 -1.708372005916185821e-01 9.479512294793255300e-01
2.420886034598832004e-01 -9.691271511056377685e-02 9.654020062775423572e-01
1.791544928084266852e-01 -5.838035425363550385e-02 9.820872679878630551e-01
1.024783139498094547e-01 -5.472179830399230560e-02 9.932289363284542150e-01
2.742490369174888434e-02 -7.879867715681762586e-02 9.965132428301078926e-01
-3.538476681135476615e-02 -1.228786134373886646e-01 9.917906858996762276e-01
-7.647076003122783849e-02 -1.805714445618026576e-01 9.805846094391844625e-01
-8.537859318405102704e-02 -2.458339650678888488e-01 9.655444875534753280e-01
-5.133425221969560581e-02 -3.087185718547539315e-01 9.497671493270107845e-01
3.017570372666602066e-02 -3.488410102007722946e-01 9.366959893725391728e-01
1.417208603730498451e-01 -3.368113837577752512e-01 9.308454702614257226e-01
3.626973690361179337e-01 -3.434642844400703221e-01 8.663041635639463500e-01
4.072300626724109085e-01 -1.848176846027271003e-01 8.944306007255405921e-01
3.515576133199340703e-01 -7.866460147208867437e-02 9.328553612386106808e-01
2.509945924347699586e-01 -3.551052962122788759e-02 9.673369200306888294e-01
1.412330846793232453e-01 -4.102972429812282856e-02 9.891257642563132668e-01
3.940875693207723102e-02 -8.001196592657212892e-02 9.960145757896508023e-01
-4.551487524744681629e-02 -1.425331966787768134e-01 9.887429817580031255e-01
-1.052699638563114465e-01 -2.232833447715106279e-01 9.690525180078620737e-01
-1.276629041657086905e-01 -3.184381608465902125e-01 9.393078944715348433e-01
-9.414415511849086315e-02 -4.185747457883172706e-01 9.032895771820521613e-01
1.584126431498278365e-02 -4.943210083547595057e-01 8.691350844627384609e-01
1.965234051938455073e-01 -4.834934298445802692e-01 8.530021421475691978e-01
4.939535973662783075e-01 -3.442590813969133579e-01 7.984331709821375078e-01
5.462564416265913714e-01 -9.887495886300849690e-02 8.317617702751400888e-01
4.465246357563280588e-01 1.774708257865068028e-02 8.945953223232329110e-01
3.061377434347498094e-01 3.849712836398509752e-02 9.512085224346862322e-01
1.664487942132914788e-01 5.891520390426877377e-03 9.860324989027515752e-01
3.966158519416392025e-02 -5.629731682804645782e-02 9.976259673734511058e-01
-7.003929411062539967e-02 -1.380859465334571268e-01 9.879406706125608562e-01
-1.577579950036868128e-01 -2.368968456282842250e-01 9.586408605645355685e-01
-2.123330069573660661e-01 -3.530760224103977052e-01 9.111816594705900441e-01
-2.095791863749605355e-01 -4.834080044050517166e-01 8.499372129255370334e-01
-1.030392119960040626e-01 -6.034401544065717271e-01 7.907230240995862802e-01
1.647822294309845559e-01 -6.160064765537456299e-01 7.703134671725641036e-01
5.814564859285781262e-01 -9.972110385121372989e-02 8.074429121728411429e-01
5.983697169981774255e-01 1.560727023260240487e-01 7.858721227834157830e-01
4.648179347306751752e-01 1.982088854706688108e-01 8.629354119938279499e-01
3.125595080292386529e-01 1.527614783772202334e-01 9.375342578617639200e-01
1.650714273129881837e-01 7.619630936405694110e-02 9.833338936110308515e-01
2.667118153621122686e-02 -1.214501354350185254e-02 9.995704811175070148e-01
-1.021871538857954953e-01 -1.073841666987467025e-01 9.889521860653320839e-01
-2.204320302452972835e-01 -2.099240935838805611e-01 9.525447994581978106e-01
-3.225245487292222601e-01 -3.212225990038946044e-01 8.903897783310303904e-01
-3.912972601073677059e-01 -4.396898562408902422e-01 8.084301358506940094e-01
-3.747742143505087831e-01 -5.553896125701264230e-01 7.423521176013124778e-01
-9.743977360071133520e-02 -6.077148167393569000e-01 7.881549289550362491e-01
-2.041325394465804965e-01 8.617644557205248468e-01 -4.644264518688278054e-01
1.588726838497201976e-01 9.596484768584435665e-01 2.320221351288784817e-01
2.341274927661966543e-01 7.272587112349486738e-01 6.451969343260823830e-01
1.913463197784650849e-01 4.747443802927623357e-01 8.590718010082963874e-01
1.041181626024458712e-01 2.506589748271764728e-01 9.624601220595249140e-01
-1.914242426546649591e-05 5.250028317378528653e-02 9.986209090041968661e-01
-1.134233728174021683e-01 -1.317057807216636678e-01 9.847785161260296238e-01
-2.362051676675620548e-01 -3.139629376622716239e-01 9.195838148541468637e-01
-3.696681688153485301e-01 -5.003375033081199907e-01 7.829481641514621781e-01
-5.138985120889453251e-01 -6.755986005636844816e-01 5.286538093962120932e-01
-6.672173203708110512e-01 -7.412194198418630142e-01 7.358545404228848674e-02
-7.535249720233108128e-01 -3.056401139788025301e-01 -5.820517479265484573e-01
-6.694242111071998513e-01 7.335382328189122836e-01 1.174431205998153066e-01
-2.390901149468469822e-01 8.624220793462878953e-01 4.461659713499932511e-01
-1.390278389064475775e-02 6.960958738228004705e-01 7.178142148542800971e-01
4.912158567463773690e-02 4.713379939445070943e-01 8.805836503622128664e-01
2.419561488618767603e-02 2.618491613662856099e-01 9.648054668750866147e-01
-4.837548100503304832e-02 7.864298407590696038e-02 9.957284237647872072e-01
-1.531238504026813940e-01 -8.285674913178020518e-02 9.847272950219306820e-01
-2.881120534692582780e-01 -2.266781290059997622e-01 9.303808201355205920e-01
-4.574187400679530779e-01 -3.460173219296564517e-01 8.191703785901336410e-01
-6.637795239016454074e-01 -4.052402281573438403e-01 6.286311328050990799e-01
-8.858247362553386406e-01 -3.046653044063776239e-01 3.499908412072851860e-01
-9.897170513162089067e-01 1.181442248523371236e-01 8.063560298001502813e-02
-6.371131996472405579e-01 5.406991646257633954e-01 5.493006319023390205e-01
-3.525840855494491999e-01 6.406806609060229363e-01 6.820650653406254982e-01
-1.433777492966638312e-01 5.528072754592051608e-01 8.208818046503705279e-01
-4.746079625978355532e-02 3.943447531812449003e-01 9.177361758461372032e-01
-3.627980383943244652e-02 2.309895156763863977e-01 9.722795994367980921e-01
-8.121829657244789002e-02 8.433989071682683469e-02 9.931215288853764145e-01
-1.669173594294558194e-01 -4.017375392747038476e-02 9.851521022747948830e-01
-2.881041229507375623e-01 -1.377559832932669370e-01 9.476388042951827684e-01
-4.424906226594481073e-01 -1.947405066260444462e-01 8.753731683902856719e-01
-6.187942070391291294e-01 -1.798930798718341162e-01 7.646778466445637301e-01
-7.747777818678459605e-01 -4.448332819110192154e-02 6.306668076225799835e-01
-8.140362738424673505e-01 2.340774906635327002e-01 5.315568391367440082e-01
-4.795748518667616866e-01 3.690994401012509529e-01 7.960989666956673760e-01
-3.111728640413942704e-01 4.290304905493399490e-01 8.480001691410837816e-01
-1.651904177060775081e-01 3.858564873437759779e-01 9.076491045952670422e-01
-8.301773527287897858e-02 2.879961540030165912e-01 9.540263470731480400e-01
-6.278425430706381649e-02 1.761172293483564688e-01 9.823649316509273088e-01
-9.048601167383328592e-02 7.095349864144319396e-02 9.933669426360418608e-01
-1.545958342764615912e-01 -1.675888795464899883e-02 9.878356481210863738e-01
-2.477978964197694867e-01 -7.754175566045634627e-02 9.657036184353487984e-01
-3.625820032455187025e-01 -9.833980648510751155e-02 9.267489268313188200e-01
-4.825820941369366457e-01 -6.157031333425051073e-02 8.736839353761834959e-01
-5.728111325913766150e-01 4.661441249163249256e-02 8.183608635116087493e-01
-5.821827148509051142e-01 2.123732767831485735e-01 7.848317512926944461e-01
-3.020600760034201637e-01 2.186935023050401994e-01 9.278646789991563670e-01
-2.060459401684123781e-01 2.551414668445639022e-01 9.446946080275925306e-01
-1.189841689924788226e-01 2.378076663316785189e-01 9.639970338974528374e-01
-6.708518290224242675e-02 1.842456581945626504e-01 9.805881478334159684e-01
-5.475853065851563062e-02 1.147054135508830675e-01 9.918891931169462328e-01
-7.579520739994333178e-02 4.411743704992632936e-02 9.961469461297606243e-01
-1.220306295950285974e-01 -1.604977228533752825e-02 9.923965589673007237e-01
-1.859114300283019605e-01 -5.523433824526464281e-02 9.810127970945758946e-01
-2.588671532015035526e-01 -6.313850534117797231e-02 9.638471487411310878e-01
-3.274115205375383586e-01 -3.158500820960499084e-02 9.443537914762707430e-01
-3.704945290468920072e-01 3.978042206718105517e-02 9.279823931339236109e-01
-3.648351640103933424e-01 1.349172406745050290e-01 9.212451580715587118e-01
-1.250116081378544186e-01 8.783146939623637239e-02 9.882599510322400693e-01
-7.374623349747165546e-02 1.191274481273683905e-01 9.901364270380412780e-01
-3.317233700406455738e-02 1.218195843640016846e-01 9.919977746563073406e-01
-1.458357236745064060e-02 9.899795814403447580e-02 9.949807654927994571e-01
-1.923407104056095579e-02 5.870349195091831285e-02 9.980901515113783651e-01
-4.244487493555060970e-02 1.064984623960987288e-02 9.990420478472880061e-01
-7.751392728165901191e-02 -3.470234316084613857e-02 9.963871428600368230e-01
-1.174124044536448558e-01 -6.703616922025011637e-02 9.908180858748358855e-01
-1.547520858737966298e-01 -7.769688616617635712e-02 9.848933880363043292e-01
-1.811130120943047206e-01 -6.176681714008466773e-02 9.815207268064751744e-01
-1.874866139404274823e-01 -2.071056134194114787e-02 9.820487982999004384e-01
-1.678446965126707546e-01 3.523917397053055039e-02 9.851834136191613966e-01
5.471388229224113248e-02 -2.551689528989211156e-02 9.981759760378755564e-01
7.653964424485781848e-02 1.772749223492104190e-02 9.969089320884907401e-01
7.822143621528999946e-02 4.124891495024220200e-02 9.960822927507346769e-01
6.209236053228783803e-02 3.995513105665680215e-02 9.972703376044477208e-01
3.402103063016277684e-02 1.621898140984038769e-02 9.992895046567887851e-01
7.990193430597278572e-04 -2.258459743406791495e-02 9.997446161528593667e-01
-3.074890679992404313e-02 -6.654975919673099261e-02 9.973091969300474924e-01
-5.389698821919765293e-02 -1.054343375975552027e-01 9.929646091962945897e-01
-6.237966277898640555e-02 -1.303606807102754839e-01 9.895023348110091321e-01
-5.177539695929319480e-02 -1.348325294523741724e-01 9.895147787028506503e-01
-2.240648766549882542e-02 -1.156985386461237136e-01 9.930316195699001591e-01
1.768520369750607724e-02 -7.551712236817773038e-02 9.969876618090725007e-01
2.479448421890642629e-01 -1.215139178758549571e-01 9.611231570378208078e-01
2.469672421421258424e-01 -4.717785842587220169e-02 9.678746979765556757e-01
2.093016654840853807e-01 1.230587577212011261e-03 9.778503456458637055e-01
1.533345933211275880e-01 1.408541974761623114e-02 9.880739362220729571e-01
9.470510207111212941e-02 -5.587479311907836595e-03 9.954896904119358014e-01
4.372746703137562335e-02 -4.875256733575752260e-02 9.978532436210892920e-01
7.782440237058862835e-03 -1.047323794274173658e-01 9.944699906602036954e-01
-6.215698997699145925e-03 -1.630722086135333038e-01 9.865945569807328397e-01
8.547155431439556680e-03 -2.134831997244615864e-01 9.769093456249369201e-01
5.578083310248854731e-02 -2.441881581993498862e-01 9.681222247493495026e-01
1.288131171973260214e-01 -2.413537769910466257e-01 9.618500585694391702e-01
2.036007282854131739e-01 -1.964844668099030300e-01 9.591353385962440026e-01
4.670590270125447030e-01 -1.918927537407558170e-01 8.631529623118877614e-01
4.414107147949214993e-01 -6.109081483214401365e-02 8.952231527430967173e-01
3.544701126295393689e-01 1.534656470516260543e-02 9.349414004119495081e-01
2.490717520014193165e-01 3.143661002397131476e-02 9.679746907358036667e-01
1.522739933067580875e-01 7.059556699605346129e-04 9.883380659415456071e-01
7.649538548041154296e-02 -6.122233542400134371e-02 9.951885658736129292e-01
2.822681086727079486e-02 -1.420882061600020896e-01 9.894514585458362710e-01
1.452941466180388171e-02 -2.322207941498427575e-01 9.725545737251879430e-01
4.537236083607074089e-02 -3.207067637709445918e-01 9.460911798255633443e-01
1.300500453094606268e-01 -3.883974169403434651e-01 9.122688376949490419e-01
2.626415873748241814e-01 -4.021216952420691437e-01 8.771074841755577278e-01
3.988844696787925970e-01 -3.302722410663059827e-01 8.554597749923551486e-01
7.167310653669314302e-01 -2.074329359406216489e-01 6.657838666000991390e-01
6.504052069168025918e-01 1.334260835874338108e-02 7.594702374799019440e-01
4.951584073160948951e-01 1.081552052777065009e-01 8.620444322861020581e-01
3.320544371977848797e-01 1.036441381740390716e-01 9.375487951884037274e-01
1.945433729845346960e-01 4.077286544577561622e-02 9.800461466028290713e-01
9.096346675518138247e-02 -5.470247163815072922e-02 9.943506862834894378e-01
2.352654403924444096e-02 -1.706634004493552126e-01 9.850484787423322564e-01
-1.689781238901723499e-03 -3.014420566307159932e-01 9.534829999185762128e-01
3.035040059929616785e-02 -4.394369560893698345e-01 8.977605553856603526e-01
1.434269680461646990e-01 -5.608497865275675620e-01 8.153994246926282718e-01
3.515516873428096711e-01 -6.041768579987923937e-01 7.151095967650198393e-01
5.972724924667927038e-01 -4.799094725956627450e-01 6.426137781401689564e-01
9.532310034601869653e-01 -9.032735409623872391e-02 2.884295809104878705e-01
8.079067632012726374e-01 2.430620801565094857e-01 5.368495945455173946e-01
5.757421098415684835e-01 3.028261464952468618e-01 7.594849227956685933e-01
3.695987990808257129e-01 2.318122829907833249e-01 8.998109763569596131e-01
2.062668809377397883e-01 1.117956932816487753e-01 9.720883173826594392e-01
8.179576232688962056e-02 -2.800804343746644831e-02 9.962554907091165646e-01
-7.788139747396052512e-03 -1.817719843450018857e-01 9.833098649899698618e-01
-5.902559152673421405e-02 -3.521001630744269306e-01 9.340992745465063196e-01
-5.421258665645357216e-02 -5.402656464089663491e-01 8.397464062194386347e-01
4.722448847102175135e-02 -7.289205622131569307e-01 6.829675407159627731e-01
3.082403553594130208e-01 -8.363579840840862367e-01 4.533135843835663925e-01
7.249691454397650947e-01 -6.486563519199463057e-01 2.316563732645536000e-01
8.809826419924216001e-01 3.287121175277604168e-01 -3.403203318910956732e-01
7.021535313401296996e-01 6.588929191866191859e-01 2.698898654497814964e-01
4.958327897415891194e-01 5.631741874551592364e-01 6.610481670811123589e-01
3.218251400555505737e-01 3.806835281578430652e-01 8.668959745076892931e-01
1.743930538039190348e-01 1.932926572471029281e-01 9.655180016133655396e-01
4.870418947422057443e-02 1.236973791253063483e-02 9.987366477262997755e-01
-5.872838314009189153e-02 -1.685964228141173249e-01 9.839340543085859370e-01
-1.472246848185224943e-01 -3.608057634283992066e-01 9.209473889734443031e-01
-2.052418464001542486e-01 -5.740862598208891221e-01 7.926542441513045878e-01
-1.978613788953811625e-01 -8.051091612654929230e-01 5.591512435718544172e-01
-3.963433225607324722e-02 -9.882492261888967677e-01 1.476231236747615194e-01
4.334087743140441762e-01 -7.830977517205451877e-01 -4.459985937173480686e-01
-3.039877466182263621e-01 5.650005045235083623e-01 -7.670501155687823314e-01
-1.066358688654795300e-01 9.849670169789938035e-01 -1.358998415547650607e-01
1.753678528469232098e-02 8.989665269780630075e-01 4.376661336394849777e-01
5.044468751545021223e-02 6.260016995490127467e-01 7.781884127017759667e-01
3.157528706327623197e-02 3.351301676110622907e-01 9.416425924966026484e-01
-1.123298562322040846e-02 6.667426649429689101e-02 9.977115626378687541e-01
-6.801930301291828074e-02 -1.872678129224027432e-01 9.799510909535039671e-01
-1.375675661944890382e-01 -4.431518220020512211e-01 8.858282155064897134e-01
-2.182853167946567363e-01 -7.015676022973001968e-01 6.783468286052848351e-01
-3.011643086674943848e-01 -9.071670962719831088e-01 2.938501635630278996e-01
-3.687908905673425997e-01 -8.831818450828152756e-01 -2.897983912146588348e-01
-3.995212961543189167e-01 -3.598156049636163090e-01 -8.431580304685498684e-01
-8.341503210346311592e-01 4.922431332317607766e-01 -2.487768873991952623e-01
-5.272420358129644713e-01 8.360196464085163370e-01 1.519440242027379206e-01
-2.572157147497383667e-01 7.883338022898923603e-01 5.589006103529999825e-01
-1.106442820162390761e-01 5.634344475499671878e-01 8.187181848298069609e-01
-6.063471373936391018e-02 3.089412658773761922e-01 9.491463141833722528e-01
-7.150765356366264869e-02 6.989778729684920089e-02 9.949879169182435090e-01
-1.265603403998488696e-01 -1.530627270794646944e-01 9.800787120517204798e-01
-2.248041338626667052e-01 -3.673672764908572086e-01 9.024989670698081445e-01
-3.728569219672497326e-01 -5.647845181844531881e-01 7.362038873574273667e-01
-5.730072142711084560e-01 -6.892019901648553937e-01 4.434674161043351548e-01
-7.969035266704088682e-01 -6.030380058178241853e-01 3.591563335707238097e-02
-9.404541783482698314e-01 -1.597325644832742475e-01 -3.000524058741202427e-01
-8.720089397215036175e-01 3.705266254792519698e-01 3.198600144699499381e-01
-6.209117181530088292e-01 5.925807716383723056e-01 5.131439051034292209e-01
-3.634972756053866938e-01 5.796226424907666708e-01 7.293197672759891281e-01
-1.944030465389653128e-01 4.311158683852924223e-01 8.811053078507912195e-01
-1.167047064063866241e-01 2.438023208562096200e-01 9.627774612275974420e-01
-1.081541212971006000e-01 5.917822242487556089e-02 9.923712128216718442e-01
-1.545833810507428185e-01 -1.123115477525925832e-01 9.815753127215254281e-01
-2.541376014811788098e-01 -2.666113333163894761e-01 9.296948297483569323e-01
-4.109812109811509795e-01 -3.880612498645207298e-01 8.249260030899331353e-01
-6.198427256277632136e-01 -4.315301067192188755e-01 6.554210573983992871e-01
-8.365440876333011255e-01 -3.205272783782776580e-01 4.443604992131852116e-01
-9.564129336067510589e-01 -1.413981431755469836e-02 2.916751036353320559e-01
-6.736961344428094023e-01 2.459116030912398554e-01 6.968938239802112689e-01
-5.111613692973916434e-01 3.726648336902326775e-01 7.744901395554542045e-01
-3.299300715930425509e-01 3.750317723740809184e-01 8.663124826347391449e-01
-1.963112196502816154e-01 2.901814712218304670e-01 9.366197834760662255e-01
-1.264637373023439759e-01 1.684983659051674243e-01 9.775557395027488772e-01
-1.130232272302876539e-01 4.028033940489184755e-02 9.927755256672670114e-01
-1.477590431268646920e-01 -7.951532266150924955e-02 9.858217783335126994e-01
-2.278178011325817653e-01 -1.797973457790039142e-01 9.569597504272790989e-01
-3.518414480341948147e-01 -2.441027770671183872e-01 9.036710848939217833e-01
-5.079470800815483189e-01 -2.447779981036782293e-01 8.258774094749534722e-01
-6.566546805206053827e-01 -1.509512731102455041e-01 7.389305405088814060e-01
-7.298667250289357922e-01 3.598194890500256565e-02 6.826418263253213325e-01
-4.184009490519661756e-01 1.394128207878427561e-01 8.974991427474985350e-01
-3.272078571768638477e-01 2.115346519675660453e-01 9.209712857732106350e-01
-2.224993362623229054e-01 2.205737932953166502e-01 9.496532246425575252e-01
-1.409016472803450437e-01 1.772404442896420851e-01 9.740290297017271115e-01
-9.623749058106961796e-02 1.036895325870552664e-01 9.899428398844620780e-01
-8.788112426693829582e-02 1.903386634043732761e-02 9.959491050901576603e-01
-1.117701844697960301e-01 -6.193213237928058695e-02 9.918023174214554150e-01
-1.647750853491999345e-01 -1.260212051631722785e-01 9.782473240942399784e-01
-2.429831938216106824e-01 -1.594563589949714311e-01 9.568348013613153791e-01
-3.354267186661326061e-01 -1.479208416038422791e-01 9.303807505662372579e-01
-4.171815987929477498e-01 -8.270512972738473800e-02 9.050521394624355676e-01
-4.528142998339850234e-01 2.566638763778735649e-02 8.912353484974863127e-01
-1.653920487539014272e-01 5.752380881806265500e-02 9.845488721379452857e-01
-1.253869823057988664e-01 1.075865976302320948e-01 9.862571818134916457e-01
-8.310169230693360831e-02 1.231528031823095060e-01 9.889021669528194058e-01
-5.232298149673584448e-02 1.040436093172330961e-01 9.931954656400273640e-01
-3.844308975713028181e-02 5.882263693626441775e-02 9.975279576200589693e-01
-4.090296469287486164e-02 -3.887719518014667928e-04 9.991630479233910567e-01
-5.706095280104609563e-02 -6.029326047979358116e-02 9.965484285302611545e-01
-8.403156981915910206e-02 -1.077716907337016722e-01 9.906179677101848435e-01
-1.182788346780542649e-01 -1.312564440632115470e-01 9.842671706194173753e-01
-1.537335393917325377e-01 -1.225599271453734762e-01 9.804820565029490620e-01
-1.802927312306701335e-01 -8.006916929417946804e-02 9.803486416545025284e-01
-1.861745893073257219e-01 -1.303902634005982622e-02 9.824301532873572773e-01
8.341267141808816898e-02 -4.369316636652417350e-04 9.965149950390976841e-01
8.365283452100479022e-02 5.330095245824773009e-02 9.950684457582757991e-01
7.181428864190762817e-02 7.912769400739642911e-02 9.942743665549397258e-01
5.346619327514456205e-02 7.232669128089125321e-02 9.959468941188057700e-01
3.372576079455023162e-02 3.754695129582377028e-02 9.987255876902945140e-01
1.624074424998801780e-02 -1.497545313714447428e-02 9.997559572363819980e-01
3.814150402357526729e-03 -7.244167520406173677e-02 9.973653573040520692e-01
-9.065411509047334448e-04 -1.217893870660303468e-01 9.925555517861471833e-01
4.489322552706574536e-03 -1.514772325201809433e-01 9.884505521324739030e-01
2.086476463491366076e-02 -1.529362524231333842e-01 9.880157712767527745e-01
4.514273897797509150e-02 -1.227282404077673500e-01 9.914130885377557822e-01
6.909516386925604325e-02 -6.634482012128502249e-02 9.954015386631640538e-01
3.432610038690395160e-01 -3.377377782052662369e-02 9.386326305613158505e-01
3.050967141505092628e-01 4.886375100813422634e-02 9.510669423607868156e-01
2.365579792641080703e-01 8.979360934842357811e-02 9.674592653784116481e-01
1.649313470084565747e-01 8.456506279405037740e-02 9.826730895515219943e-01
1.072535487069330440e-01 4.270625525558033320e-02 9.933140752308753374e-01
7.050541864087908617e-02 -2.198505038529020156e-02 9.972690928238606700e-01
5.748769537147078307e-02 -9.565302077392899560e-02 9.937533217541856256e-01
7.089531864152590068e-02 -1.650302190381529865e-01 9.837372009834310926e-01
1.134585469755533121e-01 -2.165679924561977054e-01 9.696522380531558127e-01
1.833322510603879185e-01 -2.352648944445930868e-01 9.544840046659396338e-01
2.655591690248447212e-01 -2.073055349677525305e-01 9.415427461982184276e-01
3.288672666362748576e-01 -1.319891374969157094e-01 9.351070465556254874e-01
6.225960136254508059e-01 -3.134102645803796966e-02 7.819155605808386644e-01
5.380652467504772885e-01 1.099966316499932650e-01 8.356952382688573877e-01
4.009517123277452355e-01 1.673158138279701446e-01 9.006903701186592670e-01
2.681531592430662081e-01 1.474337018126133381e-01 9.520279338116599543e-01
1.685315892559944295e-01 7.771831677813698103e-02 9.826275828919233124e-01
1.093185708713284993e-01 -1.873884216692239812e-02 9.938301192139650242e-01
9.119635452609577142e-02 -1.268087304231722834e-01 9.877260606107627350e-01
1.170816815740995387e-01 -2.345291065040829570e-01 9.650326305583321052e-01
1.933302159646656804e-01 -3.261255845317143631e-01 9.253461680414439838e-01
3.215986138276984430e-01 -3.741477521023116593e-01 8.698205511373440224e-01
4.785944699826844007e-01 -3.408481200466401129e-01 8.091785293510928012e-01
6.011484922522216667e-01 -2.103581961586446780e-01 7.709539023649867318e-01
8.856918010942035346e-01 3.662568992572105137e-02 4.628267411374756835e-01
7.432358113930624954e-01 2.701688838695999184e-01 6.120533496775123483e-01
5.297637088000191063e-01 3.305527318454174468e-01 7.810795761689142136e-01
3.381239378294388920e-01 2.665146788610230355e-01 9.025752758734746362e-01
2.019522283067419210e-01 1.431991124536861892e-01 9.688701211589163531e-01
1.222663309921645514e-01 -3.666707537790830918e-03 9.924905538904422730e-01
9.475159962795060009e-02 -1.609014211185885168e-01 9.824117604396053194e-01
1.223171486549213677e-01 -3.222820116738431273e-01 9.387080590346602582e-01
2.183390154051645382e-01 -4.730758206387110087e-01 8.535381317075438901e-01
3.978838188840932433e-01 -5.699452752482345730e-01 7.189233964008215905e-01
6.420489992581958072e-01 -5.305473901367080414e-01 5.534370328868385425e-01
8.491512586006271235e-01 -2.967103477322116656e-01 4.369268927009562486e-01
9.751416375821286842e-01 2.091217670589809730e-01 -7.325894618524457502e-02
7.904424953873604442e-01 5.527704672726164725e-01 2.639042856736599774e-01
5.421061794196709860e-01 5.751482403205213645e-01 6.126380594536876556e-01
3.348135349526996651e-01 4.274451910402231603e-01 8.397562178804797162e-01
1.909375776948753212e-01 2.284044532468914590e-01 9.546592309096320061e-01
1.032321415527912428e-01 2.123675126887738726e-02 9.944305533047369527e-01
6.364090198406073540e-02 -1.892656008121267885e-01 9.798614024156048208e-01
7.463576593750612109e-02 -4.078006991591657249e-01 9.100154351481939408e-01
1.551336989663820720e-01 -6.264761414640603876e-01 7.638463062823700467e-01
3.379485225611517096e-01 -7.908339553578375147e-01 5.102670390609262974e-01
6.309245119273149127e-01 -7.590798682943051823e-01 1.604120126410586988e-01
9.184005733510929304e-01 -3.766196195888959486e-01 -1.212355105105012015e-01
5.839225226172137795e-01 4.559964844611658075e-01 -6.716410453056224084e-01
4.859492199842067039e-01 8.700592941373602729e-01 -8.276581590106289743e-02
3.525094656468716892e-01 8.143146723625771521e-01 4.611167867302518597e-01
2.281330046171821946e-01 5.730230893832104488e-01 7.871466643757553117e-01
1.282191139885166253e-01 3.041799551803028301e-01 9.439461921498981667e-01
5.419635464545404652e-02 4.828529343878751323e-02 9.973621637001724993e-01
3.427196268697044624e-03 -2.005864560638001837e-01 9.796700097326825896e-01
-2.219283810919104108e-02 -4.576036643474385990e-01 8.888792743182823974e-01
-7.854218993452470945e-03 -7.232226885969822439e-01 6.905702382397403971e-01
7.949909212919507862e-02 -9.423474714775975647e-01 3.250555911693900346e-01
2.722896964719161983e-01 -9.348131245586932536e-01 -2.279972441679586348e-01
5.148658690252806425e-01 -4.262846440757478428e-01 -7.437704882139534179e-01
-3.394512719364798925e-01 4.257671030524135536e-01 -8.387462118776543019e-01
-3.115130165090975178e-01 9.056836451508250008e-01 -2.875704704097791775e-01
-2.198900471235983867e-01 9.217866278354462928e-01 3.193082835127352137e-01
-1.349132379841229967e-01 6.751842197981957616e-01 7.252066516187259948e-01
-7.336632754257155220e-02 3.668878457895627387e-01 9.273676135141434296e-01
-3.073315416369572228e-02 7.116952329595423177e-02 9.969906580249568995e-01
-4.050468449649818024e-03 -2.126785561921142875e-01 9.771138241993547746e-01
4.641261192751734536e-03 -5.024093366946733585e-01 8.646174397366221953e-01
-9.491338046023296490e-03 -7.895467829606216403e-01 6.136169750085841423e-01
-5.219559595924380679e-02 -9.847687016347209665e-01 1.658500046523408156e-01
-1.307630994264091795e-01 -8.903721477831312292e-01 -4.360486787967562949e-01
-2.460262050027769709e-01 -3.515918333484379099e-01 -9.032465273525546179e-01
-8.755266995377755102e-01 2.765426538983436489e-01 -3.962034312964354266e-01
-7.216727630628936296e-01 6.922171612237281169e-01 4.881061411101578033e-03
-4.853042572789351694e-01 7.418234674438156651e-01 4.627933891237003272e-01
-2.873225245906542713e-01 5.574008904908707152e-01 7.789415986727687979e-01
-1.592622921613011389e-01 3.028512785484002157e-01 9.396364325510628834e-01
-9.040180372291822808e-02 4.768831586331292310e-02 9.947629558913726466e-01
-7.128152077913603446e-02 -2.016676382293393632e-01 9.768567492148396703e-01
-1.048704082832210560e-01 -4.547884015274707981e-01 8.844035884723068230e-01
-2.043815559341088939e-01 -7.001500182718022325e-01 6.841185069180650835e-01
-3.814982491228865458e-01 -8.609652282320972017e-01 3.364490476901985661e-01
-6.167734773116987368e-01 -7.786031502202518384e-01 -1.156183901986290313e-01
-8.252213152234032512e-01 -3.430023091715245220e-01 -4.487306506179260523e-01
-9.701450387088946803e-01 1.453292598313155326e-01 1.941597540832083746e-01
-8.014588621639259225e-01 4.327119938929508969e-01 4.128244452546475651e-01
-5.537068548718547811e-01 4.930785916786534218e-01 6.710307156128425543e-01
-3.386858467847136955e-01 3.856889707604018169e-01 8.582167063286224584e-01
-1.962094512196626006e-01 2.103909981447391886e-01 9.577251584622724634e-01
-1.224309049587906095e-01 2.030519928093748455e-02 9.922693043691999115e-01
-1.100744148175590298e-01 -1.708614562968302220e-01 9.791271551513589522e-01
-1.625588278441944812e-01 -3.608910769194612622e-01 9.183312354971280289e-01
-2.922456123503879288e-01 -5.336158727220813303e-01 7.936287560572966582e-01
-5.041837077671015299e-01 -6.318627308538041776e-01 5.886835127469735029e-01
-7.595084414042863052e-01 -5.566661183560950299e-01 3.365557310604010977e-01
-9.523910804194790636e-01 -2.584402811244307374e-01 1.617400724309808191e-01
-7.705019501208015820e-01 5.781068588776087924e-02 6.348107351464694625e-01
-6.470056946433804246e-01 2.301273981255974321e-01 7.269284777273390397e-01
-4.646210620416049708e-01 2.821843096692928654e-01 8.393445562365535739e-01
-2.981907965682740191e-01 2.316543499271505324e-01 9.259689579040193408e-01
-1.820894100033079721e-01 1.259813444743161093e-01 9.751780081653237398e-01
-1.206859940057809222e-01 -1.141497925903638263e-03 9.926900764253268061e-01
-1.123140966127277734e-01 -1.333576265950903172e-01 9.846833435836302995e-01
-1.601290257279076590e-01 -2.603156420268167848e-01 9.521525411590243682e-01
-2.706778377387343837e-01 -3.648394762460378526e-01 8.908567026910456654e-01
-4.404659758805573033e-01 -4.113200560943198192e-01 7.980009621210312210e-01
-6.315633813005211428e-01 -3.517754444533385261e-01 6.909281670909716011e-01
-7.652495293499439466e-01 -1.729700222221980388e-01 6.200601013143007822e-01
-4.788076433919704056e-01 1.516488690363834713e-02 8.777888509400326722e-01
-4.106786767108170921e-01 1.130782074074848792e-01 9.047410367087415084e-01
-3.062937940916213297e-01 1.514057863680030314e-01 9.398193441057371977e-01
-2.056974921794998135e-01 1.309184119504419042e-01 9.698190094670178230e-01
-1.310420351075930190e-01 7.013236772441243383e-02 9.888930356878816719e-01
-8.908031811965655411e-02 -1.169828232301698204e-02 9.959557455602092713e-01
-8.168580715725991259e-02 -9.932179780676396452e-02 9.916968334071486479e-01
-1.115275721000582032e-01 -1.795181482360516112e-01 9.774123158192694616e-01
-1.809829371035209800e-01 -2.374906150529514648e-01 9.543811524957205306e-01
-2.844476616983772632e-01 -2.542048145928061942e-01 9.243751619295298427e-01
-3.969862082206055409e-01 -2.114051268368320469e-01 8.931460254793540665e-01
-4.743527776839192578e-01 -1.100806883055062968e-01 8.734252597479035263e-01
-1.884445644436866241e-01 9.842704687399240690e-03 9.820345041269965547e-01
-1.685734859179147949e-01 7.024451318563031121e-02 9.831829373075271494e-01
-1.319830994696791771e-01 9.743452079191909643e-02 9.864517097214697827e-01
-9.254596981306557890e-02 8.749683203378452734e-02 9.918566165808748725e-01
-5.944047245941226632e-02 4.733067841756787714e-02 9.971091400214822098e-01
-3.715136133182792705e-02 -1.108794725258125877e-02 9.992481342374266440e-01
-2.833990567253373907e-02 -7.418963834581759897e-02 9.968413852306433620e-01
-3.546360320999233234e-02 -1.285529923672315278e-01 9.910683432542384264e-01
-6.008542018860006662e-02 -1.618962719999874622e-01 9.849768217542187454e-01
-1.000003816903240056e-01 -1.640952213186463449e-01 9.813626658897397492e-01
-1.455845692540957692e-01 -1.300726551123151387e-01 9.807579913450369391e-01
-1.801390105985469225e-01 -6.555544454601683335e-02 9.814542376244916877e-01
9.028372438898174535e-02 3.408351155515527975e-02 9.953326897830642173e-01
6.605276180098489103e-02 8.671285979978936298e-02 9.940412026691189951e-01
4.134776995211033451e-02 1.081307592161073888e-01 9.932764473355414347e-01
2.442122852181469531e-02 9.550681130884816628e-02 9.951291637727086581e-01
1.848630315762323992e-02 5.525765764740768471e-02 9.983009806001227338e-01
2.277776264942105861e-02 -1.344377365654927242e-03 9.997396491978133293e-01
3.485655080932268529e-02 -6.100247079431030117e-02 9.975288063121473536e-01
5.210675042071106350e-02 -1.103193082568619948e-01 9.925293631859393173e-01
7.198588559727410463e-02 -1.374310197955470048e-01 9.878920725831349392e-01
9.110787594781667720e-02 -1.337618448840899865e-01 9.868166616923974566e-01
1.040920600338970936e-01 -9.690193759722505462e-02 9.898357730087168349e-01
1.045893558079175056e-01 -3.465903864234184256e-02 9.939113731574572563e-01
3.740647750635953117e-01 8.514375872437593418e-02 9.234858333548392473e-01
3.004709972333540757e-01 1.584090418162450720e-01 9.405443930470915870e-01
2.095051461361422396e-01 1.793021960834725037e-01 9.612275049238125924e-01
1.340887476450792481e-01 1.514811070663264481e-01 9.793230733304139068e-01
8.952825999605290574e-02 9.114056346335609737e-02 9.918054690075761570e-01
7.730843534088815971e-02 1.500299605354112054e-02 9.968943353908776839e-01
9.421081365882201519e-02 -6.241675131473877619e-02 9.935937156327608877e-01
1.373177750865782476e-01 -1.276025123544292650e-01 9.822736011347059648e-01
2.036565713009659273e-01 -1.665225277347088251e-01 9.647767869943281172e-01
2.848157752602969994e-01 -1.646492289691625088e-01 9.443360660076499657e-01
3.597209051406849989e-01 -1.125476504166495473e-01 9.262472114886960428e-01
3.966879006151667886e-01 -1.854293993596882115e-02 9.177662386926263016e-01
6.641633458230266074e-01 1.677108235971561390e-01 7.285328611076663519e-01
5.283472109615401369e-01 2.943574112413314681e-01 7.963685950088152943e-01
3.593310287029415906e-01 3.165787308409289680e-01 8.778719263027696673e-01
2.213055116211323226e-01 2.558637158297287773e-01 9.410407161476517235e-01
1.396743598975961898e-01 1.527927327078631992e-01 9.783381082318622912e-01
1.135739847949845671e-01 3.551434817969481572e-02 9.928945971508607027e-01
1.364321242477900542e-01 -8.062309324280905742e-02 9.873632524604253335e-01
2.052949384666488686e-01 -1.837385812036513300e-01 9.612981441869618005e-01
3.196653664123672578e-01 -2.562393471422462765e-01 9.122255480376355585e-01
4.698191219841567623e-01 -2.687281750720951767e-01 8.408657208737311262e-01
6.180455678723202340e-01 -1.897422175087604412e-01 7.629007582434538248e-01
6.989610940525851079e-01 -2.279475580069956209e-02 7.147963263118513044e-01
8.929015383092018254e-01 2.887103887895894894e-01 3.455042029993845021e-01
6.888251559348083086e-01 5.051648854225758711e-01 5.199310945570273512e-01
4.460852553120461250e-01 5.225513028437704932e-01 7.266003584430170692e-01
2.586158932707852687e-01 4.039439182409976792e-01 8.774663131218151113e-01
1.533677764670551835e-01 2.343047814957364139e-01 9.599893720817025411e-01
1.211111667854549989e-01 5.713116199617879892e-02 9.909934992768042461e-01
1.498880714685102145e-01 -1.150140692148506338e-01 9.819904938002600447e-01
2.372732926566550604e-01 -2.766228354214839147e-01 9.312256394211416710e-01
3.887528968555587494e-01 -4.081945215141585814e-01 8.259833035794911238e-01
6.000986836119845957e-01 -4.566216759904611067e-01 6.567938907627354217e-01
8.211006669294809157e-01 -3.447044268943770251e-01 4.549423621156771236e-01
9.461732503760273971e-01 -5.548361272308763303e-02 3.188694858275218924e-01
8.743551334381128859e-01 4.291709262083789889e-01 -2.265290637604330248e-01
6.387497906699255434e-01 7.598152229951913306e-01 1.211591177902632405e-01
3.877261570572025917e-01 7.608468010798640213e-01 5.203658063516750643e-01
2.094052346824839261e-01 5.659631794586128528e-01 7.973927057509920813e-01
1.173054830676288213e-01 3.179408373102151075e-01 9.408257264833495004e-01
9.469095680011128946e-02 7.471339088371661830e-02 9.926991144969462555e-01
1.271876383579154390e-01 -1.585111720616527164e-01 9.791309988865767311e-01
2.131448699967397331e-01 -3.875487027388137551e-01 8.968697048063437594e-01
3.628489300680780016e-01 -5.956412280661140812e-01 7.166255517186914670e-01
5.812912476105439596e-01 -7.045087546878142648e-01 4.071460426180586456e-01
8.211177170158351357e-01 -5.706129498985693660e-01 1.290566583918035734e-02
9.542286728860880363e-01 -1.268042164884686240e-01 -2.708658902903001153e-01
4.154817037599509710e-01 5.043033555097409248e-01 -7.570026944881896869e-01
2.592193670216597079e-01 9.372734034831855521e-01 -2.330748525345965882e-01
1.349714873082869804e-01 9.287205958886549650e-01 3.453415011059191575e-01
6.118985384737249400e-02 6.772058445746776956e-01 7.332448744176436328e-01
3.274527844761479511e-02 3.718100881026290550e-01 9.277311060454853653e-01
3.861945647264637682e-02 8.107134696480779168e-02 9.959598256372138581e-01
7.050266324212091373e-02 -1.963506437274486205e-01 9.779958073446336497e-01
1.269691448343095441e-01 -4.765475858395858966e-01 8.699317413973157720e-01
2.145099391185706361e-01 -7.484009288301652907e-01 6.275998213394533565e-01
3.386391474893407638e-01 -9.201899219793606699e-01 1.964027374435457773e-01
4.710779155300975352e-01 -7.965071397142938769e-01 -3.790276690213850164e-01
5.202790999980981823e-01 -2.421615594120053727e-01 -8.189428778910368134e-01
-4.167253283805127384e-01 3.049498124378620667e-01 -8.563560080832121058e-01
-5.542683544630455650e-01 7.651546448531583167e-01 -3.276048850372266230e-01
-5.014112208562403472e-01 8.124977964994403168e-01 2.973787455127711032e-01
-3.540323826314823452e-01 5.945783726321702822e-01 7.218986292039051289e-01
-1.959221209938787067e-01 3.174038558237615160e-01 9.278304343000082222e-01
-5.310408508828567964e-02 5.678128406809194312e-02 9.969733406298770806e-01
7.266317077451828199e-02 -1.949100137346005956e-01 9.781258355441498908e-01
1.804243449697218171e-01 -4.641144466554240067e-01 8.672051868778132278e-01
2.572845761562881362e-01 -7.494207490373145930e-01 6.100599870376317568e-01
2.634885950990303316e-01 -9.546797914466477186e-01 1.384205767065669057e-01
1.375608374795658229e-01 -8.665452172495898830e-01 -4.797670293524489704e-01
-1.277815874688230380e-01 -3.725091102519874631e-01 -9.191892235460714655e-01
-8.989948613242135789e-01 1.130650656588053603e-02 -4.378132047140331773e-01
-8.975779762649237492e-01 4.398277748054634784e-01 -3.008828731535651696e-02
-7.037544875177720316e-01 5.499285394058632814e-01 4.497868637985646401e-01
-4.589337503552511910e-01 4.258026446059789971e-01 7.797896643527818528e-01
-2.512608092668914272e-01 2.227312674610947285e-01 9.419441534516850290e-01
-9.611664425841255632e-02 9.711959819961488508e-03 9.953226956786138668e-01
1.103076107835714199e-02 -2.113307598390416486e-01 9.773523582905152551e-01
6.672377167995000025e-02 -4.579038479929978256e-01 8.864942212367465935e-01
4.928389926073659111e-02 -7.279818566372933120e-01 6.838227209449665445e-01
-8.140699045994596872e-02 -9.440251747500890689e-01 3.196707233114094993e-01
-3.467416075361143823e-01 -9.249808107828176862e-01 -1.555016311389152694e-01
-6.729703713535166720e-01 -5.525483108575808266e-01 -4.917328984812290305e-01
-9.719470140182262519e-01 -1.640520114774960680e-01 1.685406166814101270e-01
-9.044369108178538230e-01 1.521327508987765642e-01 3.985592809787065760e-01
-6.894094335498491821e-01 2.770840592603246444e-01 6.692824941950349382e-01
-4.482367773123670518e-01 2.377710493647350876e-01 8.617126664664425117e-01
-2.516964914425294797e-01 1.192465383763724879e-01 9.604317462896482249e-01
-1.135445400997437959e-01 -2.925540836655366947e-02 9.931020886568905359e-01
-3.225337698739289688e-02 -1.974968731229301833e-01 9.797727822203431414e-01
-1.431874376417321092e-02 -3.895899650954138815e-01 9.208770996577291257e-01
-8.113346772637039517e-02 -5.978286815527386056e-01 7.975075096372161720e-01
-2.606450010298134168e-01 -7.666513262709192533e-01 5.867792833470867331e-01
-5.436890454812867146e-01 -7.759705385937601951e-01 3.197998515610772641e-01
-8.290395045555553066e-01 -5.428478915673968785e-01 1.342000987596140560e-01
-7.490351305988922626e-01 -2.005530282074382276e-01 6.314466374965180817e-01
-6.874270003030407139e-01 -4.483609199840830027e-03 7.262396412362218667e-01
-5.312966157731550121e-01 9.741443808661903736e-02 8.415665947030664951e-01
-3.559756798593470828e-01 1.023188128326571467e-01 9.288768356941591309e-01
-2.084875393759390849e-01 4.440007840360912089e-02 9.770166728171030268e-01
-1.038073036835483604e-01 -4.818161208004453216e-02 9.934297035821618715e-01
-4.637570958432418733e-02 -1.626837805232003165e-01 9.855877845809698501e-01
-4.426042969732470883e-02 -2.935243055338290774e-01 9.549264350847377347e-01
-1.123322549591188740e-01 -4.288766197704803051e-01 8.963516662057599005e-01
-2.625762182268004397e-01 -5.330910465952258814e-01 8.042808375571524060e-01
-4.740497856313304892e-01 -5.424336992584918304e-01 6.935722620257510629e-01
-6.675670589710620551e-01 -4.156137636815409042e-01 6.177535278856440826e-01
-4.513120687676822618e-01 -1.501570454494540741e-01 8.796421308046425969e-01
-4.219162553561098816e-01 -4.098278140858488405e-02 9.057080573198453832e-01
-3.376496962132726765e-01 2.605318415258877154e-02 9.409112148562409628e-01
-2.358336199718877868e-01 4.052367116196432112e-02 9.709481632747570812e-01
-1.431223234213666318e-01 1.226182663002587693e-02 9.896290457268804852e-01
-7.251972646603171979e-02 -4.448641274683767799e-02 9.963743515136749274e-01
-3.146985124773282738e-02 -1.180947430833065165e-01 9.925035416151203327e-01
-2.795958110404156774e-02 -1.990186625640601170e-01 9.795967710111989080e-01
-7.096247902850814915e-02 -2.755323833686740831e-01 9.586689899466481757e-01
-1.637055990375742565e-01 -3.278274432727577570e-01 9.304459383978631593e-01
-2.891031061264695556e-01 -3.284329586422380376e-01 8.991947429259302682e-01
-4.016948773249068849e-01 -2.620823861606277894e-01 8.774702549917571259e-01
-1.777563489717162715e-01 -5.563363269868950439e-02 9.825006764948577276e-01
-1.834394725041523233e-01 2.845450417594019496e-03 9.830268884111326155e-01
-1.601418012306551064e-01 3.811521669694671599e-02 9.863578629254778907e-01
-1.193470482267658950e-01 4.271268170594976626e-02 9.919334195909272900e-01
-7.241485825158429368e-02 1.969658900517627306e-02 9.971800903978703667e-01
-2.822459409485410589e-02 -2.231979004678454059e-02 9.993523899307913405e-01
5.556385111037205962e-03 -7.298063779523404626e-02 9.973178796609020180e-01
2.139278512401597554e-02 -1.220002447963385167e-01 9.922994956232763508e-01
1.260409011920769415e-02 -1.595148696405200850e-01 9.871150608089677148e-01
-2.350120523159608329e-02 -1.757417672962308941e-01 9.841557420349742458e-01
-8.034195134529592552e-02 -1.622888731064020262e-01 9.834670774968153895e-01
-1.393769486143482117e-01 -1.180995138245791581e-01 9.831716894975861543e-01
6.975021724960742131e-02 6.631175745879244743e-02 9.953580551824139366e-01
2.463816441946229882e-02 1.030920677915736217e-01 9.943666257536883935e-01
-7.847261619199623339e-03 1.124276291270734501e-01 9.936289290745331515e-01
-1.866111040953316938e-02 9.510404782483811159e-02 9.952924108248973889e-01
-7.759825943857811062e-03 5.821162358704459749e-02 9.982741066364005933e-01
1.930087541090805270e-02 1.130916646531955269e-02 9.997497581705666603e-01
5.496048747330331552e-02 -3.520624084555068478e-02 9.978676592725794769e-01
9.160052371285774819e-02 -7.105010678170742278e-02 9.932578851344622262e-01
1.220560116345742463e-01 -8.716957868591844460e-02 9.886879156617592868e-01
1.393238636430948474e-01 -7.744266025368236328e-02 9.872140068862914619e-01
1.369222397507547928e-01 -4.150061734829540300e-02 9.897120788498801058e-01
1.118777853001188816e-01 1.206227753067471917e-02 9.936487621976276552e-01
3.165490306883159688e-01 2.137410613434234941e-01 9.241815134843868185e-01
2.170571953108144103e-01 2.546510006046656671e-01 9.423582343540710671e-01
1.208281277576357948e-01 2.412504144389209793e-01 9.629116268254633848e-01
5.945747249825936165e-02 1.892052528704918080e-01 9.801357973517185185e-01
4.106808473121843772e-02 1.198158676539617939e-01 9.919463545349261890e-01
5.973834560104875069e-02 4.884474121998434032e-02 9.970183154386385027e-01
1.062753678079640524e-01 -1.253182476982148824e-02 9.942577631405542515e-01
1.725588008718811905e-01 -5.430351118867385307e-02 9.835011890761481412e-01
2.503934059867903295e-01 -6.587091111039578006e-02 9.659007015774501159e-01
3.264219529377141438e-01 -3.746096881971699294e-02 9.444815426758270682e-01
3.776207405375902604e-01 3.279557319288893547e-02 9.253793960829217458e-01
3.774816320951849824e-01 1.282710707404183526e-01 9.170900445660774558e-01
5.694594906588162919e-01 3.871625456823645228e-01 7.251351954769097441e-01
3.908650975002648797e-01 4.617587527696916938e-01 7.962432604402855940e-01
2.156789195661842629e-01 4.244560059880194136e-01 8.793859804632636612e-01
1.032195580040295158e-01 3.195819083536973193e-01 9.419199152254770224e-01
6.342556379282648926e-02 1.970731190921523879e-01 9.783350058077883160e-01
8.321161241686589327e-02 8.299565267852122841e-02 9.930697604878634399e-01
1.490616842412648413e-01 -1.238443282059354701e-02 9.887503426623507341e-01
2.530046188889144010e-01 -8.137350511082006022e-02 9.640368330549413667e-01
3.880717418810085140e-01 -1.098418876551146145e-01 9.150601525964134897e-01
5.350486157243671270e-01 -7.450724108078132790e-02 8.415293517389045297e-01
6.484249554732667287e-01 4.267912672920817080e-02 7.600812912190214599e-01
6.686787235531308493e-01 2.207526610122726163e-01 7.100260751011104876e-01
7.585764202650020493e-01 5.654469802291598457e-01 3.237769713360879598e-01
4.855728521670784614e-01 7.119147986579436038e-01 5.073424136521023087e-01
2.357065903565547516e-01 6.492503668440323672e-01 7.231295626756033545e-01
9.029759919193629247e-02 4.723641929847187670e-01 8.767658825285474800e-01
4.814336905039526965e-02 2.786488775019480557e-01 9.591856019995106397e-01
8.198193361534328316e-02 1.065475518462353777e-01 9.909220866224947022e-01
1.729230588360906318e-01 -3.930362624639487101e-02 9.841508221234889220e-01
3.150340865190923156e-01 -1.585445224196724845e-01 9.357441737685011640e-01
5.063676313607865520e-01 -2.343066003559570176e-01 8.298748332968820529e-01
7.246513824354700040e-01 -2.181652555242002411e-01 6.536698671476141032e-01
8.963915570770939478e-01 -5.060896897855986926e-02 4.403645179390741071e-01
9.202932254348645813e-01 2.553209514686160531e-01 2.964314270780585847e-01
6.964548782885164879e-01 6.661624529664479377e-01 -2.667924076244353460e-01
3.689975488057026798e-01 9.251259789433663450e-01 8.934613623085764511e-02
1.137490060959321508e-01 8.543261838721231127e-01 5.071369984161891997e-01
-3.809206759481520519e-03 6.080235705156270543e-01 7.939098359644740643e-01
-1.081203177073753602e-02 3.433375999556398384e-01 9.391498242694589216e-01
5.329681901602479482e-02 1.122585126973405789e-01 9.922486963506780278e-01
1.684333278271951673e-01 -8.998775438693254469e-02 9.815968714995068067e-01
3.320361136039420846e-01 -2.757546842426006894e-01 9.020595176489341060e-01
5.466614847836053226e-01 -4.304913282419784992e-01 7.182189341437833496e-01
7.877961531580683907e-01 -4.752232902414291749e-01 3.918418628497617462e-01
9.592106204593696672e-01 -2.817625430096349914e-01 -2.290971310775146569e-02
9.351365119895793665e-01 1.680287870156722263e-01 -3.119070866108625828e-01
2.451788636371160790e-01 5.772078811366235795e-01 -7.789212969097598638e-01
-3.138281686359700728e-02 9.617180649799478287e-01 -2.722379148781199354e-01
-1.686955907341168293e-01 9.308823824755313447e-01 3.240367072782160407e-01
-1.729614602359275388e-01 6.631717189313910410e-01 7.282084897081020358e-01
-1.029516084870252257e-01 3.622382531292058783e-01 9.263824341382611571e-01
3.068105821880318801e-03 9.499954183363992777e-02 9.954725881601840243e-01
1.319847897061393882e-01 -1.492535080178981899e-01 9.799507159192639705e-01
2.833256029688775435e-01 -3.946568409316454917e-01 8.740552503178817823e-01
4.555788125410690226e-01 -6.338712699801734018e-01 6.250241264602528490e-01
6.173818320046802199e-01 -7.682008780250595414e-01 1.694316514468391377e-01
6.756098568228763313e-01 -6.041776471208798460e-01 -4.225170908770894407e-01
5.381732253946478473e-01 -7.275053025288279185e-02 -8.396885969311738140e-01
