2.883970902118176624e-02 -3.413214812637291318e-02 9.990011349581978672e-01
1.184202816754481580e-02 1.292715360880588053e-03 9.999290451106107591e-01
-1.262868200957088273e-02 3.271902476611315835e-02 9.993848016700268566e-01
-3.876343022691357276e-02 5.387470321680451479e-02 9.977950254587559797e-01
-6.105141974877797278e-02 5.963418320901964914e-02 9.963515887172725849e-01
-7.459954273970689775e-02 4.673521413067709823e-02 9.961178283634214425e-01
-7.519819412578362949e-02 1.580673497137919173e-02 9.970433183817792866e-01
-6.040886484773497211e-02 -2.598416867293357191e-02 9.978354533820431582e-01
-3.273172055150072590e-02 -6.484541948100347453e-02 9.973583639004203194e-01
-1.435833235437051223e-03 -8.681164670603574995e-02 9.962237079989304522e-01
2.289505040340132636e-02 -8.619527588366282522e-02 9.960151560505361434e-01
3.343628257898378919e-02 -6.609222427856074888e-02 9.972531438392626679e-01
3.478996783349882355e-02 -4.553930652505578519e-02 9.983565644094130054e-01
1.292651564264514150e-02 -3.606172851879506543e-03 9.999099463005229893e-01
-1.730713415576059025e-02 3.364899822889697717e-02 9.992838475756345984e-01
-4.903652594263300385e-02 5.955988372761062549e-02 9.970195782299423604e-01
-7.592871994793265467e-02 6.827979166670676558e-02 9.947726873698289340e-01
-9.234823883345091855e-02 5.513828684565216104e-02 9.941989600216682987e-01
-9.310434203594672442e-02 1.905303849008997338e-02 9.954740394497134659e-01
-7.438850282336884057e-02 -3.290793363957212475e-02 9.966862187023746156e-01
-3.860101456831806221e-02 -8.277878658584962579e-02 9.958200812222830489e-01
1.059812984395960399e-03 -1.104398494615016491e-01 9.938822447590917042e-01
3.059140435547179349e-02 -1.090396277161730931e-01 9.935665682615736349e-01
4.204856522034108174e-02 -8.400146951169421006e-02 9.955780588596568892e-01
5.568692724089170654e-02 -4.657534856556717895e-02 9.973613703369718086e-01
2.778695402578417947e-02 4.928364348700404454e-04 9.996137465532155542e-01
-7.669801511710904081e-03 4.365588576956727640e-02 9.990171859294026957e-01
-4.280918790749344005e-02 7.609997401740652145e-02 9.961807905121394802e-01
-7.060298756341490400e-02 9.116491892234801497e-02 9.933298423510376063e-01
-8.520242898140344134e-02 8.207189612271857670e-02 9.929777187645635328e-01
-8.177271927839051269e-02 4.437921238684215675e-02 9.956624467608593543e-01
-5.686409408198164067e-02 -1.711634929001933092e-02 9.982351954279842232e-01
-1.347790713677896740e-02 -8.037129616431316903e-02 9.966738688116643097e-01
3.084758842434035669e-02 -1.162065382713807771e-01 9.927459225558671330e-01
6.057605441156477255e-02 -1.165092505890315405e-01 9.913405752611736954e-01
6.852164274489333518e-02 -8.919458343068553674e-02 9.936544222024007444e-01
8.668648010195330322e-02 -3.601914140167721684e-02 9.955842885563481737e-01
5.314524635037629063e-02 1.277180390812313222e-02 9.985051145663369487e-01
1.471663551725438043e-02 5.992724256629955448e-02 9.980942571908415495e-01
-2.004618146164984654e-02 9.868132668352591619e-02 9.949171555324943794e-01
-4.349212439033748462e-02 1.217074419104188371e-01 9.916126933937264853e-01
-4.979692478821898943e-02 1.201952531624752435e-01 9.915005634890022845e-01
-3.585716580088778305e-02 8.592716905010619466e-02 9.956559572863573626e-01
-1.966328979264009118e-03 1.975494238462443403e-02 9.998029184802977865e-01
4.530064306049474965e-02 -5.449116047133785445e-02 9.974861227950788667e-01
8.595192612126212328e-02 -9.852935892070108226e-02 9.914152670937432799e-01
1.078722935029172714e-01 -1.034334646870552210e-01 9.887694810607929874e-01
1.071593162599102228e-01 -7.833286951902428130e-02 9.911512712455260443e-01
1.182489959358354742e-01 -1.595947261979944673e-02 9.928557146903616015e-01
8.144772323229183819e-02 3.003467686738985759e-02 9.962249678489727422e-01
4.338833183784627373e-02 7.757892069917701749e-02 9.960416475848297146e-01
1.276396399404574646e-02 1.198986428417932182e-01 9.927040831325051329e-01
-2.435348157426735216e-03 1.492164068526858345e-01 9.888015640184064647e-01
3.493860853047600547e-03 1.556261375723051732e-01 9.878098492324743907e-01
3.158047480005887753e-02 1.289740412420716797e-01 9.911449794540847513e-01
7.548864305310266920e-02 6.742427241818264860e-02 9.948645296014181350e-01
1.202608235133675596e-01 -7.832277872002765470e-03 9.927114332731716839e-01
1.489056124072617449e-01 -5.753936050411344316e-02 9.871759420621635250e-01
1.572946825113290259e-01 -7.020913448434350224e-02 9.850528210653539674e-01
1.457431612959499967e-01 -5.264335022023380883e-02 9.879208513909201184e-01
1.399739811617632113e-01 7.674832373083709247e-03 9.901254372784672464e-01
1.036580579127364538e-01 4.738531367187976545e-02 9.934835877246129821e-01
6.910786674367495885e-02 9.153075112972276772e-02 9.934013410257894749e-01
4.448987831814501387e-02 1.332366678434990515e-01 9.900851685935431190e-01
3.723776403975893878e-02 1.644533166913624556e-01 9.856817212257628080e-01
5.194414506035444079e-02 1.752016072799428004e-01 9.831613309118770738e-01
8.723331701947209527e-02 1.558169917369276181e-01 9.839265285008685913e-01
1.329787556950969285e-01 1.048643950648840001e-01 9.855557362125956233e-01
1.719824146345410865e-01 3.979722033291394762e-02 9.842958042734151203e-01
1.907945012354647085e-01 -9.070555616746885444e-03 9.815880924905647786e-01
1.891818278510130069e-01 -2.842926155790473711e-02 9.815304443053209926e-01
1.705890438108389195e-01 -2.030669919974861445e-02 9.851329941176417693e-01
1.457160493078273611e-01 2.756299465103651328e-02 9.889424221357809852e-01
1.133489819949625721e-01 5.994710444606471400e-02 9.917451048274158465e-01
8.415636240994131545e-02 9.839862325987802638e-02 9.915822797965746505e-01
6.527406208106729946e-02 1.361354986635049391e-01 9.885375171550120355e-01
6.286752530883842061e-02 1.653534774689496833e-01 9.842285820633861482e-01
7.997300674361292050e-02 1.771142481391319023e-01 9.809357070156757841e-01
1.137731610858702114e-01 1.637283170223122197e-01 9.799228061545106616e-01
1.540032821389221984e-01 1.247643100824757517e-01 9.801616479030393903e-01
1.859180208091023301e-01 7.303077976061461696e-02 9.798474344232636080e-01
1.992834633968728619e-01 2.955624615986357159e-02 9.794960589657364380e-01
1.941633695421748351e-01 7.204839198141405401e-03 9.809427486964311660e-01
1.746008582349589389e-01 7.902021867177196762e-03 9.846075859723022461e-01
1.353589786369259751e-01 3.805388435150494630e-02 9.900655780240963377e-01
1.088286855792383045e-01 6.439294723202951265e-02 9.919727141115890490e-01
8.521459542659748365e-02 9.687955684441611204e-02 9.916414796648421737e-01
7.048209257699958319e-02 1.291103241592390649e-01 9.891222365418598228e-01
6.947110658710350939e-02 1.540256540485790693e-01 9.856215618808946699e-01
8.406222554358973309e-02 1.642934831485042546e-01 9.828230734122732626e-01
1.113117372751998013e-01 1.544129813089799852e-01 9.817160120666605927e-01
1.429213176038015287e-01 1.247117864290949868e-01 9.818454396188430744e-01
1.679980005131579135e-01 8.435711283020821960e-02 9.821713441851938065e-01
1.789769724203511825e-01 4.794607962661660144e-02 9.826842915156751568e-01
1.750563803939280683e-01 2.653150964908054799e-02 9.842008650063160946e-01
1.591023976912595561e-01 2.383905517937286514e-02 9.869742278789037648e-01
1.131806755273536552e-01 3.680850704867642126e-02 9.928923750819332872e-01
9.252192107741802340e-02 5.971456117988612616e-02 9.939184399654046320e-01
7.332542321646819128e-02 8.750246642304812528e-02 9.934619774707188489e-01
6.058914113122451650e-02 1.142521055931679658e-01 9.916024467217888771e-01
5.825661243027179664e-02 1.338412351146119617e-01 9.892889824976237589e-01
6.779983439626537101e-02 1.405875480838577052e-01 9.877440578305316521e-01
8.709372815474954177e-02 1.309675816419589023e-01 9.875536314929800330e-01
1.103909208151591381e-01 1.061810878947001824e-01 9.882000916691862091e-01
1.302500519336955431e-01 7.353688683860754027e-02 9.887503477851342648e-01
1.409765357977353917e-01 4.392731889967688846e-02 9.890379199042876879e-01
1.407332649830911886e-01 2.628930976579573961e-02 9.896984491850367993e-01
1.305509429538094790e-01 2.429007330140132287e-02 9.911440075150353968e-01
8.535617935386004274e-02 2.486988146123850218e-02 9.960400652796631560e-01
6.917368538864174243e-02 4.731353929636445549e-02 9.964820270576861816e-01
5.231920085219855104e-02 7.247920812656645506e-02 9.959967196790493471e-01
3.924964602405484060e-02 9.478535255587117181e-02 9.947236813447363213e-01
3.362069124466978559e-02 1.089327457755621398e-01 9.934804004195464389e-01
3.721160796055137526e-02 1.106619639495701191e-01 9.931612285866329159e-01
4.923902742136430921e-02 9.821843742891647744e-02 9.939460029235122063e-01
6.634924860529700652e-02 7.408196223954710558e-02 9.950425317946105519e-01
8.356233477950072985e-02 4.534709983094194902e-02 9.954702289586365715e-01
9.606446247421129847e-02 2.121761651603272167e-02 9.951489495542481523e-01
1.007982577718998241e-01 8.797855470556358026e-03 9.948679856992184156e-01
9.684386714821166531e-02 1.058632018715063502e-02 9.952432844389776934e-01
5.826387029909101123e-02 5.794362003114651716e-03 9.982844017547899407e-01
4.433729883263804600e-02 3.053267081600163219e-02 9.985499286190920865e-01
2.730700117134199009e-02 5.545497241434708263e-02 9.980877084313460879e-01
1.161257736359151520e-02 7.501664427753688968e-02 9.971146629792785321e-01
1.195785602762618020e-03 8.441830181616696849e-02 9.964296866388244744e-01
-1.317538849237906602e-03 8.042361786456155015e-02 9.967599037787626681e-01
4.905710755501240319e-03 6.278854601137867641e-02 9.980147957279379423e-01
1.859406211398822312e-02 3.565638075066242252e-02 9.991911145350834689e-01
3.623722908064760245e-02 7.234303569069623976e-03 9.993170308165665316e-01
5.278310083227334693e-02 -1.339116940847864465e-02 9.985162096072239812e-01
6.345361936782167867e-02 -2.038603566433525721e-02 9.977765520090907669e-01
6.535000844948593568e-02 -1.293230465234289882e-02 9.977785986341149993e-01
3.776614836605237530e-02 -1.555379962693852550e-02 9.991655505244975144e-01
2.355152863574149630e-02 1.375312844834368498e-02 9.996280192935588227e-01
3.825155200373171402e-03 4.083804641856352002e-02 9.991584569788549697e-01
-1.648315952123457009e-02 5.988085870822215662e-02 9.980694305571364833e-01
-3.273428705639175318e-02 6.614454268596793585e-02 9.972729646009320659e-01
-4.115746056708499689e-02 5.680597290715055925e-02 9.975365381185820057e-01
-3.917383621972999469e-02 3.258904449866720926e-02 9.987008384569271424e-01
-2.615748450308669898e-02 -6.076118415942423009e-04 9.996576498042500925e-01
-4.902383896766406533e-03 -3.232054630722990679e-02 9.994655316309835058e-01
1.807707660270918559e-02 -5.202039900582197673e-02 9.984823971352141392e-01
3.549882938796941612e-02 -5.439406592656732820e-02 9.978883297764585825e-01
4.243516448469424746e-02 -4.050306789443829103e-02 9.982778963324893118e-01
4.710691626479462935e-02 -2.783677651095726666e-02 9.985019040108672472e-01
6.677779539634099565e-03 3.928416645712725806e-04 9.999776262176208741e-01
-3.922315883026805672e-02 1.825899550882196729e-02 9.990636380602966327e-01
-8.124680194021527413e-02 2.297894856930996973e-02 9.964290868381362465e-01
-1.108379388191976650e-01 1.245451803116283743e-02 9.937604521708383043e-01
-1.203383108638901855e-01 -1.396666749026270228e-02 9.926346876558242993e-01
-1.038244455873951616e-01 -5.267787498789099077e-02 9.931996405482905743e-01
-6.076459073735045180e-02 -9.254802942033751867e-02 9.938523666838472437e-01
-2.692931794946785019e-03 -1.172139430131936555e-01 9.931030357831330813e-01
4.781981856112538926e-02 -1.169898319351322519e-01 9.919811712813385585e-01
7.434974869963272004e-02 -9.513243634334046794e-02 9.926842067968436600e-01
7.254669748734657309e-02 -6.204183430881084899e-02 9.954334671283919800e-01
6.248472250533038813e-02 -3.770870915343373792e-02 9.973333007111827575e-01
1.075200469041782264e-02 -4.634367690103782626e-03 9.999314561664532919e-01
-4.695269098424288690e-02 1.629164335053744431e-02 9.987642500441783477e-01
-1.002638541076788931e-01 2.265932479611412059e-02 9.947028272601178278e-01
-1.395301742182664395e-01 1.199875138670104813e-02 9.901451209028429012e-01
-1.550194861805442303e-01 -1.785684087284518731e-02 9.877500150030024129e-01
-1.369460796677600678e-01 -6.532041503194939425e-02 9.884224879289630339e-01
-8.014466677771586722e-02 -1.182108699968220655e-01 9.897489694874606059e-01
1.447624479423179327e-03 -1.519513977217196721e-01 9.883869065876585980e-01
6.981681927354237149e-02 -1.505940732489178813e-01 9.861272924165975784e-01
1.024036884391232721e-01 -1.209250224637549026e-01 9.873654964277793766e-01
9.698127204529143064e-02 -7.898125248070030080e-02 9.921474661706983778e-01
8.784367969408388155e-02 -2.757134494698508173e-02 9.957526343804394831e-01
2.395119632246632546e-02 7.761684736236325842e-03 9.996829979771351127e-01
-4.529248244626984249e-02 3.239975831057752276e-02 9.984482193360207924e-01
-1.088821432161474617e-01 4.468708909507978361e-02 9.930497182703431625e-01
-1.562425331906957537e-01 4.186191881294989287e-02 9.868312168632001891e-01
-1.757745195899770019e-01 1.913227037394329283e-02 9.842445196663269780e-01
-1.540755351936540229e-01 -2.801853351443977722e-02 9.876617291535680909e-01
-8.024706213606146166e-02 -9.294838971159853636e-02 9.924318645975568343e-01
3.035399536209644131e-02 -1.421058601845342773e-01 9.893859507122649832e-01
1.145535157334674897e-01 -1.458298598439443650e-01 9.826551500965234887e-01
1.476645836269221412e-01 -1.148882813056654600e-01 9.823420247353263912e-01
1.339634432421775712e-01 -7.071362851467348498e-02 9.884601047169606636e-01
1.164185294817201427e-01 1.869889524082172638e-03 9.931984844464083473e-01
4.335740426762878935e-02 3.513944010273920698e-02 9.984414631035462007e-01
-3.323222986171511101e-02 6.288445286505602028e-02 9.974673751489134821e-01
-1.020424612573360840e-01 8.427569638235936356e-02 9.912037848494952286e-01
-1.514043461961095127e-01 9.691161358246637436e-02 9.837097453547017922e-01
-1.677358408133485801e-01 9.417368191417219148e-02 9.813235986876943651e-01
-1.354250053327483438e-01 6.387734097110757403e-02 9.887263287892498198e-01
-4.224596580486027902e-02 -1.803510863095857944e-03 9.991056128967759076e-01
9.202383560284409236e-02 -6.958690512855707222e-02 9.933223426036265069e-01
1.769553267207025771e-01 -8.841957011349445283e-02 9.802391503944359874e-01
1.995883944592077852e-01 -6.942598815824460590e-02 9.774172624654439145e-01
1.735483306164282979e-01 -3.488734960134103058e-02 9.842072189218004086e-01
1.380436615978296311e-01 4.288649845999131793e-02 9.894971933979772594e-01
6.271596268842262456e-02 6.981534812655337818e-02 9.955865232063451087e-01
-1.395828521925290486e-02 9.860133571332524438e-02 9.950291165937307225e-01
-8.040462387614347173e-02 1.286116308713243506e-01 9.884301416204708257e-01
-1.236714073403886588e-01 1.579966938415710009e-01 9.796644465028052640e-01
-1.281537821659733956e-01 1.802750146516699237e-01 9.752320376244368871e-01
-7.742152509219832335e-02 1.804904163917015469e-01 9.805249191342935156e-01
3.334654099686275297e-02 1.389126643940547801e-01 9.897430372952907840e-01
1.627556877527991108e-01 6.354392483023396654e-02 9.846180760687617273e-01
2.290195193823748032e-01 1.677805172712107037e-02 9.732772250094420263e-01
2.359753642561409626e-01 7.419185651040932118e-03 9.717307153468742742e-01
2.003045140927227907e-01 2.011733049746070728e-02 9.795271280814635828e-01
1.449296177716797307e-01 8.203764154602372072e-02 9.860351065059339559e-01
7.528147919373447128e-02 1.011289964695625543e-01 9.920209801025230423e-01
5.772299220853530609e-03 1.283387451429642834e-01 9.917135912432720746e-01
-5.198227092522377663e-02 1.623090262071920642e-01 9.853697902419283894e-01
-8.482319698673640440e-02 2.003292422047029675e-01 9.760498040421371480e-01
-7.812968507185467926e-02 2.347661235119543333e-01 9.689069199679560818e-01
-2.045788034738267938e-02 2.497782768172827073e-01 9.680869214909808562e-01
8.211414701640463998e-02 2.262472088462370301e-01 9.706026310231959942e-01
1.867877492969953479e-01 1.670391995868384660e-01 9.680951619101401118e-01
2.387333622725468785e-01 1.119243796892707699e-01 9.646135573219282167e-01
2.394852364545979051e-01 8.156270807201621009e-02 9.674680078288803164e-01
2.036269102493948879e-01 7.384102832290158347e-02 9.762599981349648903e-01
1.359982615930492578e-01 1.072140675235007529e-01 9.848906622406138345e-01
7.736340691919919854e-02 1.200800000048698329e-01 9.897452686770927821e-01
1.921582145733337701e-02 1.440209525921835876e-01 9.893880519898411441e-01
-2.745878772712218030e-02 1.767467780309019965e-01 9.838732598420277808e-01
-5.092849226042056587e-02 2.143842297686954224e-01 9.754207762306592588e-01
-4.009379668069928265e-02 2.488556035972916136e-01 9.677103781741439592e-01
1.043859315086743955e-02 2.666609446751476153e-01 9.637338721649728601e-01
9.061177436862961898e-02 2.541883393413743031e-01 9.629007189159389801e-01
1.687053240540974108e-01 2.124121530529161639e-01 9.625069302978453978e-01
2.109459291673377312e-01 1.632184656665354727e-01 9.637746351887322982e-01
2.133242477598561726e-01 1.264982613331265271e-01 9.687574284604022479e-01
1.847639037736192036e-01 1.082790771583756195e-01 9.767998471088978896e-01
1.159132493725067992e-01 1.124292539849553046e-01 9.868757680013219291e-01
6.952982734940892084e-02 1.222719852680356767e-01 9.900581622952178140e-01
2.311255978585026807e-02 1.426978078814695738e-01 9.894964099005795211e-01
-1.353621261149233132e-02 1.708603766797701651e-01 9.852022648314338049e-01
-3.079988874279256800e-02 2.024327418979261772e-01 9.788117039865237290e-01
-2.109800118855375065e-02 2.301779878419717984e-01 9.729198159452384642e-01
1.728527530809500709e-02 2.441225909623152002e-01 9.695903154628748855e-01
7.518549035623481314e-02 2.357597170641346773e-01 9.688986003961689297e-01
1.318349071673479700e-01 2.058321511456135955e-01 9.696662739349832805e-01
1.663425774409842961e-01 1.670987834204182843e-01 9.718066389511893499e-01
1.722059976034777118e-01 1.345325833600088949e-01 9.758309681517655099e-01
1.529766906938063997e-01 1.158844480129277571e-01 9.814117009763047017e-01
9.142016124382668085e-02 9.809588733163501773e-02 9.909689959866450071e-01
5.516777638361183844e-02 1.081460925553986846e-01 9.926031125852623482e-01
1.794619726202112409e-02 1.257919337081136457e-01 9.918943106085911232e-01
-1.167042445757935504e-02 1.480357447675254845e-01 9.889131506175206088e-01
-2.586209887289703940e-02 1.708490069667193967e-01 9.849577496828247902e-01
-1.933123762491228970e-02 1.886121556336026739e-01 9.818613741252748550e-01
8.234670568955979042e-03 1.949011544695339326e-01 9.807883207843242079e-01
4.989194130096653162e-02 1.854796004077012561e-01 9.813807171662484174e-01
9.213987536298279268e-02 1.622576449745508076e-01 9.824371226777726118e-01
1.211417162888848292e-01 1.339283283754131582e-01 9.835587869735856748e-01
1.299463946475787057e-01 1.106720114036560676e-01 9.853251445131804287e-01
1.185929653598672140e-01 9.836057795711297680e-02 9.880591608152801131e-01
6.853997275162623803e-02 6.914475266619424243e-02 9.952493533350850186e-01
3.838924132601867489e-02 8.190059391300519298e-02 9.959008780332150312e-01
6.191465275747318371e-03 9.785786252040327982e-02 9.951811415519566939e-01
-2.026576856651456093e-02 1.140571414597869038e-01 9.932674700735645290e-01
-3.414570803368395524e-02 1.271695565137308526e-01 9.912930820493643935e-01
-3.107931289473037095e-02 1.334689912085322006e-01 9.905655479047442702e-01
-1.077548616768339573e-02 1.298930469650925179e-01 9.914694575468024906e-01
2.177204055832854604e-02 1.161253077605978595e-01 9.929959169843165512e-01
5.687464172315608024e-02 9.614139665492509035e-02 9.937414688830913390e-01
8.377220778176326654e-02 7.698908119705452635e-02 9.935063656463583026e-01
9.526055710720092440e-02 6.496265857933862520e-02 9.933303978283601898e-01
8.934928125268140620e-02 6.262599477582754537e-02 9.940295220554260514e-01
5.164758326023927842e-02 3.299272671249364047e-02 9.981202368089352461e-01
2.280647033051409409e-02 5.013882729990817161e-02 9.984818290324216639e-01
-9.233951109594034160e-03 6.554188101590102677e-02 9.978070935705982691e-01
-3.676900068094096641e-02 7.629508206448749885e-02 9.964070960413689004e-01
-5.303492623972146797e-02 7.980530364898995310e-02 9.953986186991894414e-01
-5.343245357121188116e-02 7.412712472225922722e-02 9.958163195518778821e-01
-3.678716171995854989e-02 5.931312069495102424e-02 9.975613557300606615e-01
-6.628289408663965397e-03 3.896512389173419078e-02 9.992185871467604841e-01
2.852731326976887943e-02 1.986959833704589340e-02 9.993955130275414822e-01
5.779772980700542684e-02 8.669229307972625351e-03 9.982906725460274355e-01
7.274294968679301254e-02 8.372302788017539979e-03 9.973155808553791912e-01
7.007878680930511306e-02 1.769694922145724145e-02 9.973844703159551184e-01
4.378414190660696870e-02 -2.024162889696050696e-03 9.990389640460581866e-01
1.137598854781245346e-02 2.051951058087225083e-02 9.997247303983239908e-01
-2.543216200937022456e-02 3.652984155422763640e-02 9.990088967629549010e-01
-5.832499317231377295e-02 4.312519650883197414e-02 9.973657366268713353e-01
-7.985146515378140075e-02 3.818661756439842292e-02 9.960750603000098069e-01
-8.422400994426351706e-02 2.098765452529141942e-02 9.962257949413214630e-01
-6.845944608733152414e-02 -5.889943016444843665e-03 9.976365133717421951e-01
-3.458571430338011621e-02 -3.484865915127171448e-02 9.987939724095513672e-01
8.049284621906601170e-03 -5.522388336313711205e-02 9.984415514808765435e-01
4.505326914077568967e-02 -5.973558220432554494e-02 9.971970031837826820e-01
6.503476916121890550e-02 -4.846344376668255266e-02 9.967054597113009784e-01
6.379253029726586477e-02 -2.694286452438100429e-02 9.975994161633368051e-01
6.938123198678267101e-02 -1.978838809519473801e-02 9.973939363885225839e-01
6.202300702616689657e-03 -1.160757291502937175e-02 9.999133941081658206e-01
-5.548329151255710495e-02 -2.082083434282437640e-02 9.982425042143675542e-01
-1.051269945186452670e-01 -4.544712907060095841e-02 9.934197871406851288e-01
-1.325481258029880816e-01 -8.347769363034268641e-02 9.876550354309920898e-01
-1.276626063469745997e-01 -1.308060204688368811e-01 9.831541303121303921e-01
-8.309565257137332961e-02 -1.765779239368436559e-01 9.807728326691484977e-01
-3.247076828111227810e-03 -2.007531423698404871e-01 9.796364796804548636e-01
8.412322908402870836e-02 -1.866368830716002569e-01 9.788206966578866242e-01
1.403061829701247321e-01 -1.427849785981532282e-01 9.797584523274736057e-01
1.507251911817512058e-01 -9.025193408554484098e-02 9.844473094771442057e-01
1.222417638879102486e-01 -4.653753534232859396e-02 9.914086992587546332e-01
9.688795318215717711e-02 -2.197737987514284536e-02 9.950526213734329772e-01
1.381213819060003040e-02 -1.550389063011951840e-02 9.997844038661148902e-01
-6.657298782697158857e-02 -2.957280570913026554e-02 9.973432139711848610e-01
-1.337822936957488440e-01 -6.172107914421930130e-02 9.890868547719785520e-01
-1.766039271799549060e-01 -1.106177945426825987e-01 9.780463978947588899e-01
-1.805634862192413426e-01 -1.734443278177590364e-01 9.681497263297026423e-01
-1.282162867437695586e-01 -2.385944105393749959e-01 9.626179361890354613e-01
-1.244147839864987067e-02 -2.756202078187549032e-01 9.611860957470106381e-01
1.262928444432567521e-01 -2.498117118441171847e-01 9.600230341340759699e-01
2.075087279133745743e-01 -1.810312458815480641e-01 9.613364737979779306e-01
2.151601459684138740e-01 -1.071584589471961391e-01 9.706818099988969717e-01
1.700628967189107832e-01 -5.201157462008269838e-02 9.840596563547489017e-01
1.243228612088511376e-01 3.940927516947585751e-03 9.922339921969509646e-01
2.139468462786665165e-02 4.103310254106938386e-03 9.997626869985491993e-01
-7.855208992193359052e-02 -1.385088793522027371e-02 9.968137850533136390e-01
-1.663428521981185626e-01 -4.683840691228871589e-02 9.849549325530156940e-01
-2.309099591951880859e-01 -9.403931271405073511e-02 9.684199494065929281e-01
-2.540789440187150028e-01 -1.556721726745810552e-01 9.545732370338103623e-01
-2.045547306186218661e-01 -2.274857312797432807e-01 9.520544124394905161e-01
-4.561758630685736060e-02 -2.796268993720889551e-01 9.590244172945703305e-01
1.772872655040417522e-01 -2.435814633370544102e-01 9.535393522076454076e-01
2.864375609458545968e-01 -1.548165609565641254e-01 9.455079884024940595e-01
2.843757944692936190e-01 -7.204084223831558331e-02 9.560023664036695346e-01
2.186197270430699779e-01 -1.932932780731323047e-02 9.756186714255413728e-01
1.420852600838712343e-01 5.386171078224542136e-02 9.883879273740032723e-01
2.688827378103692683e-02 4.348539641540865447e-02 9.986921652999488641e-01
-8.675639296173483228e-02 2.415458631604538997e-02 9.959366868633121594e-01
-1.912956478762024015e-01 -2.024298413640222448e-04 9.815324417081926489e-01
-2.764988837023362733e-01 -2.665951165238578460e-02 9.606443867269759407e-01
-3.223386609007735104e-01 -5.410872463589923298e-02 9.450767342427927042e-01
-2.861248366507282981e-01 -8.770940945109995113e-02 9.541696061735283063e-01
-9.145846874306230723e-02 -1.304847594594570892e-01 9.872229110206084401e-01
2.352849671640290796e-01 -9.775815304041060583e-02 9.669975841441895703e-01
3.506150816543724957e-01 -2.788664001693983915e-02 9.361043744289651025e-01
3.309592345986664963e-01 2.530100086816138016e-02 9.433058064005657162e-01
2.492707094885834029e-01 5.030045891098409300e-02 9.671266603833613695e-01
1.411918394399824805e-01 1.124329961298937419e-01 9.835769852212044029e-01
2.765010280948655350e-02 9.098172785128483264e-02 9.954686318573413573e-01
-8.767502352263506493e-02 7.340335824218124916e-02 9.934410084393514584e-01
-1.971351235835446802e-01 6.438099251464313166e-02 9.782601038846930885e-01
-2.899242013998236112e-01 7.116501918368178803e-02 9.544000720281439198e-01
-3.439135781612301934e-01 1.038951829608268929e-01 9.332358982132029634e-01
-3.106508374573281328e-01 1.684016428240792673e-01 9.354875434131777467e-01
-1.083285102116129245e-01 2.370280742150999986e-01 9.654442634918664057e-01
2.194072167486856850e-01 2.275518110645919634e-01 9.487258015463616578e-01
3.327730291050444156e-01 1.852864142556243376e-01 9.246248189360526393e-01
3.183370097526497799e-01 1.582905881910176282e-01 9.346687316433839321e-01
2.435192394580526776e-01 1.352416498435118908e-01 9.604207807838539557e-01
1.217325583361311414e-01 1.587891656227311821e-01 9.797791511977075318e-01
2.270171207845276054e-02 1.311198758075877158e-01 9.911065585682202750e-01
-8.144497926050615899e-02 1.174418252312535438e-01 9.897343749913557476e-01
-1.810539532721994471e-01 1.221924760264119225e-01 9.758526860172517248e-01
-2.626219638977410065e-01 1.526009235176380152e-01 9.527553002843607288e-01
-3.017225250280551330e-01 2.160110743731997740e-01 9.286025703383389285e-01
-2.567975008239532508e-01 3.077905249568304025e-01 9.161441132906894547e-01
-8.887429804489066498e-02 3.869142847784852179e-01 9.178228017330644084e-01
1.374846334621036004e-01 3.864846911063845036e-01 9.119909863052714227e-01
2.474972498033148061e-01 3.205074670494416078e-01 9.143413339149480956e-01
2.558356107385795775e-01 2.533212598420202522e-01 9.329396977244162059e-01
2.048113514950948011e-01 1.993062717952730212e-01 9.582950069377237368e-01
9.208429012106378320e-02 1.792929632594382761e-01 9.794766545652855427e-01
1.358329325937927823e-02 1.522573481325537603e-01 9.882475368468042198e-01
-7.187583556433609078e-02 1.430699927208114730e-01 9.870992054726426268e-01
-1.530549233969344669e-01 1.551129958461736902e-01 9.759683134935432935e-01
-2.156848620400797778e-01 1.925067664087589114e-01 9.572989006437155890e-01
-2.392104044794413076e-01 2.560483294372316032e-01 9.365989725496723928e-01
-1.985312904986622218e-01 3.343279249098958239e-01 9.213089412995494332e-01
-8.343566418816301955e-02 3.950275006576147163e-01 9.148725395736394539e-01
6.137933733051704338e-02 3.993075247199847633e-01 9.147601202778539164e-01
1.540593344456172575e-01 3.478180470520997325e-01 9.248179970217498269e-01
1.787267675425856794e-01 2.813718252820679444e-01 9.428078481329632554e-01
1.519318106692878478e-01 2.228289479637995396e-01 9.629454734594966592e-01
6.275825066919846207e-02 1.715816132758094803e-01 9.831689335808089236e-01
3.644065911217957143e-03 1.503682438939958343e-01 9.886233418304145593e-01
-6.252844006246378872e-02 1.451632664191014055e-01 9.874299065076656001e-01
-1.244532206644741595e-01 1.582595006147209937e-01 9.795230095977286444e-01
-1.693667074916457571e-01 1.910154557356278926e-01 9.668650443901566360e-01
-1.826990398232996859e-01 2.405748105523134728e-01 9.532810820399891805e-01
-1.516842039677020471e-01 2.955002386547291859e-01 9.432239984339904071e-01
-7.652210200259318418e-02 3.346771572857452082e-01 9.392207239495244941e-01
1.649685995545548470e-02 3.374349758575149738e-01 9.412042768069190934e-01
8.663857291307089370e-02 3.032508356563271557e-01 9.489640079356692626e-01
1.149274435385316678e-01 2.537566874351293023e-01 9.604161734911975667e-01
1.036265814069011609e-01 2.070428872661435327e-01 9.728282348176519045e-01
4.151567294344848946e-02 1.410760402427266580e-01 9.891278985901418297e-01
-3.732758040546997266e-03 1.279881691810147160e-01 9.917686701379117009e-01
-5.486926955387401439e-02 1.255796683820548099e-01 9.905650458943726644e-01
-1.014624305209716748e-01 1.354227022318086615e-01 9.855790515799009999e-01
-1.329387439623826439e-01 1.576581422938422294e-01 9.785045735826125579e-01
-1.395493764156215954e-01 1.889503323057225015e-01 9.720204439535000684e-01
-1.153293374913974823e-01 2.209869322769639211e-01 9.684337456307360315e-01
-6.350132030842234321e-02 2.417874746863853119e-01 9.682491411841908091e-01
-3.776681022418171751e-04 2.417516677941940750e-01 9.703380794781535368e-01
5.103283181109180555e-02 2.215569428615278835e-01 9.738111578469531571e-01
7.569839434800772204e-02 1.919468959870381242e-01 9.784815492456157004e-01
7.085734557892353624e-02 1.632262856265770667e-01 9.840408610713818893e-01
3.195956336461177466e-02 9.669546429233025209e-02 9.948007707550358125e-01
-6.666374487896870558e-03 9.169225442084012745e-02 9.957650776817721372e-01
-4.935920488438355624e-02 9.041416597218662754e-02 9.946803242674033818e-01
-8.652648001487674156e-02 9.412516522375488637e-02 9.917931344428594365e-01
-1.092453436337614964e-01 1.030404157773146812e-01 9.886597633215062908e-01
-1.106347643184796836e-01 1.152794133187849956e-01 9.871527773294498376e-01
-8.807713250812558570e-02 1.268582708698730022e-01 9.880027316970987350e-01
-4.604084520757324023e-02 1.332440359512963857e-01 9.900132663029627134e-01
2.953004657921278614e-03 1.319404453364375063e-01 9.912532464753438521e-01
4.284243345076341192e-02 1.242477503669316835e-01 9.913258911300822929e-01
6.207509317642019575e-02 1.140543939882280033e-01 9.915332964752429090e-01
5.732217592518232957e-02 1.043990488141783163e-01 9.928821716367274286e-01
3.443022836953009425e-02 4.843087613005006564e-02 9.982329435616064117e-01
-5.163526123160132146e-03 5.011816811702007185e-02 9.987299470940722568e-01
-4.682217034231288960e-02 4.801346376813589445e-02 9.977486615683456295e-01
-8.114752994428002519e-02 4.341452089166372014e-02 9.957561236366628821e-01
-9.978613575858853724e-02 3.730344824223776751e-02 9.943093984567489274e-01
-9.678617521087620745e-02 3.016980443051164515e-02 9.948478372035255424e-01
-7.070251944219890783e-02 2.296973692057124525e-02 9.972329441661952343e-01
-2.718282052538064861e-02 1.810956089140225780e-02 9.994664266861229551e-01
2.056057675285438355e-02 1.836313762477996200e-02 9.996199567136702102e-01
5.690763504908288861e-02 2.424026986780469795e-02 9.980851318348642476e-01
7.161744454424716355e-02 3.349915681243835486e-02 9.968694739683205963e-01
6.265903037289639876e-02 4.251133691444914514e-02 9.971291953135031916e-01
4.757098674413724748e-02 6.385945560406489953e-03 9.988474462697239931e-01
-4.283028985041871560e-04 1.266914092051823169e-02 9.999196514845812844e-01
-4.858439822529155711e-02 7.776427070575919059e-03 9.987888082227640574e-01
-8.700663670897937352e-02 -6.718723721583347123e-03 9.961850751342229415e-01
-1.067810960884039706e-01 -2.901797682489724167e-02 9.938590214608511442e-01
-1.009020271990195700e-01 -5.623576099128258649e-02 9.933057535788214487e-01
-6.679887223674563224e-02 -8.212446725553781968e-02 9.943809544365136421e-01
-1.095104707927778594e-02 -9.648084433103713831e-02 9.952745959006141785e-01
4.849696773713202402e-02 -9.117127322643504839e-02 9.946536296915571285e-01
8.986804455875443964e-02 -6.856266092932367107e-02 9.935909098282759144e-01
1.017975223669395635e-01 -3.852325796375233313e-02 9.940589635608769736e-01
8.506148271274169281e-02 -1.142337555968672355e-02 9.963102180794513041e-01
9.797583286123502655e-02 -5.573746630968506692e-04 9.951886381529203573e-01
2.048867780245484591e-02 -2.537687000204598420e-02 9.994679727488886556e-01
-4.277301867821513282e-02 -7.163605686234962577e-02 9.965132935542224679e-01
-8.222576375877725663e-02 -1.332248994667971642e-01 9.876689981650081940e-01
-8.702099027101899142e-02 -2.038313067168976422e-01 9.751308351470155955e-01
-4.585964474929857954e-02 -2.719717676078557966e-01 9.612118656195942634e-01
4.512626862750645368e-02 -3.139340086433757837e-01 9.483717931787003508e-01
1.642200725102587189e-01 -2.975081424666080054e-01 9.404895921543992010e-01
2.575623063790608014e-01 -2.173963299420000328e-01 9.414884460578692993e-01
2.837497747315826380e-01 -1.194879702037014574e-01 9.514245583946340235e-01
2.488668653071281212e-01 -4.327711422330125790e-02 9.675703461436446773e-01
1.791972648529946699e-01 -4.154691379915027676e-03 9.838043905211306672e-01
1.357790430744421073e-01 1.415689169458693442e-02 9.906379933555921058e-01
3.150310358308162917e-02 -2.619571372403102505e-02 9.991603169897261827e-01
-5.396529304959397227e-02 -9.150498240104934511e-02 9.943412821269540514e-01
-1.121706277633943150e-01 -1.771287704765887039e-01 9.777745900444358984e-01
-1.300319611985265855e-01 -2.793013298509815501e-01 9.513582165568422733e-01
-8.711394793733698294e-02 -3.868735880700546192e-01 9.180087074361920063e-01
3.853193034050324262e-02 -4.646708020523911409e-01 8.846447513348830727e-01
2.344706468165492497e-01 -4.421611071186827835e-01 8.657465397754149361e-01
3.974838244113203523e-01 -2.885443815318373129e-01 8.710618515453932842e-01
4.269278347841157784e-01 -1.254812497777854363e-01 8.955373134831794424e-01
3.587425757910137625e-01 -2.022716523641121186e-02 9.332173520148301371e-01
2.502338159730007616e-01 2.102917292100137461e-02 9.679570296401429630e-01
1.590072950548836184e-01 6.074181491701002161e-02 9.854070793534881467e-01
3.041744858938684806e-02 -2.389256203605993369e-03 9.995344267587898957e-01
-7.976454126046834958e-02 -8.657694585717139180e-02 9.930468520686630551e-01
-1.663913168060695003e-01 -1.901647485529298354e-01 9.675491192178281574e-01
-2.172180336731462380e-01 -3.139324592858489527e-01 9.242633482151202395e-01
-2.046840893158689834e-01 -4.536062182992653402e-01 8.673787075442975780e-01
-7.495207300611264611e-02 -5.778394725739991467e-01 8.127015015904829331e-01
2.294970782117022601e-01 -5.655888667985209395e-01 7.921113083689205192e-01
5.431382793280663535e-01 -2.694337776250654848e-01 7.952397430984110560e-01
5.635366738151906807e-01 -2.907812899620910302e-02 8.255791177587672447e-01
4.487172061539893564e-01 7.890318504955297352e-02 8.901837766947493513e-01
3.019533337115186122e-01 9.499520134875662214e-02 9.485779335306766535e-01
1.555687408867748034e-01 1.283169040174969855e-01 9.794555319168083418e-01
1.629006303611620771e-02 4.120134054493233139e-02 9.990180595883858539e-01
-1.128522298288709980e-01 -5.460977500062453444e-02 9.921099468794091214e-01
-2.306689484555636549e-01 -1.599004915680954098e-01 9.598039742649643324e-01
-3.311570604494762926e-01 -2.759442291321684282e-01 9.023246553891504096e-01
-3.941231663441795430e-01 -3.998568398164629167e-01 8.275152188346696081e-01
-3.533512658477583335e-01 -5.180498156174253577e-01 7.789526760096073810e-01
1.715700935843508801e-02 -5.327787022544181461e-01 8.460806648623524495e-01
6.287627931355055377e-01 2.194304269602595676e-03 7.775940682626354405e-01
5.999071553022569114e-01 2.232884780536642522e-01 7.682796760202262876e-01
4.579719286073322126e-01 2.517432826384500832e-01 8.525767016837418888e-01
3.040440977243745180e-01 2.037967986577248480e-01 9.306041325374549977e-01
1.217215452540019172e-01 1.923174873349872138e-01 9.737545119208258493e-01
-7.898197429113091445e-03 9.088428091742081771e-02 9.958301391098263178e-01
-1.416872905194989929e-01 -3.413285282463126517e-03 9.899055819564854808e-01
-2.794163568428109645e-01 -9.018113101629847417e-02 9.559256577460957249e-01
-4.216323953416485359e-01 -1.622725652558007214e-01 8.921287674790429056e-01
-5.648789505134309552e-01 -1.919817563260756421e-01 8.025302340127968836e-01
-6.776668090352701013e-01 -9.779378493768739466e-02 7.288374795243350857e-01
-5.427192417227366672e-01 2.806288936162595338e-01 7.916459112075880933e-01
1.893065925046881204e-01 6.439960519118541615e-01 7.412368711527024256e-01
3.688898745714514482e-01 5.429637187690805611e-01 7.543942341634348736e-01
3.388299698769340340e-01 4.213704265344279110e-01 8.412141315713820289e-01
2.422302968231822284e-01 3.026644075269288026e-01 9.218018983042882697e-01
7.084433298703671222e-02 2.291018174085857617e-01 9.708210122075308091e-01
-3.461526548579244023e-02 1.299969063308496209e-01 9.909099796347552447e-01
-1.562464494003548698e-01 4.959106172856513062e-02 9.864723886892995397e-01
-2.901894027076759031e-01 -8.098339674177612579e-03 9.569349651102940779e-01
-4.324225787505062701e-01 -2.964196991984349022e-02 9.011837032515506163e-01
-5.674194276095448908e-01 1.653535563449786902e-02 8.232628834007356122e-01
-6.383362403682146802e-01 1.825858160669531494e-01 7.477895853805732740e-01
-5.019291506465459740e-01 4.799399256214054166e-01 7.195309552240971573e-01
-1.173639606965003468e-01 6.930933587687372333e-01 7.112294262475670203e-01
1.159194479716500886e-01 6.230473532065780029e-01 7.735468164527787849e-01
1.799985269645708597e-01 4.837656364335122250e-01 8.564877928473862978e-01
1.498474103550048453e-01 3.473830061723200968e-01 9.256731608038960557e-01
2.223238526722813926e-02 2.306106491983516416e-01 9.727920895658189737e-01
-5.569985092399135779e-02 1.474331367594430842e-01 9.875024034362427372e-01
-1.545771755805995795e-01 8.648118825161595080e-02 9.841884478431376371e-01
-2.662490175615976895e-01 5.423467096690862826e-02 9.623772966527839312e-01
-3.805374067386803061e-01 6.286213851866258306e-02 9.226264865120983316e-01
-4.757498825290542022e-01 1.303678399429783474e-01 8.698656652508370835e-01
-5.070078725801103747e-01 2.694539784910330305e-01 8.187414552940517343e-01
-4.145920402935548976e-01 4.514551127917173501e-01 7.901276613684141692e-01
-2.098109962166090914e-01 5.712273841821386977e-01 7.935229180224673273e-01
-3.009832285072215965e-02 5.452238240694734506e-01 8.377500060450424613e-01
5.796570893528501384e-02 4.454699543932659767e-01 8.934184329420097326e-01
6.669738044578690794e-02 3.324229344955484389e-01 9.407690747802253117e-01
-1.000240001899189643e-02 2.026069326771137991e-01 9.792090598156819592e-01
-6.549946927331742885e-02 1.409028020219979249e-01 9.878543515657497442e-01
-1.401847002938600706e-01 9.819457523016549005e-02 9.852441703449962285e-01
-2.239322030668224883e-01 8.145835158775235896e-02 9.711945764810445691e-01
-3.046432025804527433e-01 9.892844288411831166e-02 9.473149857939742180e-01
-3.637666730140802773e-01 1.571682042736194385e-01 9.181350462593148576e-01
-3.748714376455031805e-01 2.525132742462082858e-01 8.920249164497531247e-01
-3.154886601589569350e-01 3.582552900535790341e-01 8.787036203747606855e-01
-1.980383720229895173e-01 4.239825714729077988e-01 8.837531229328730031e-01
-7.912357633539018886e-02 4.151511939195355327e-01 9.063051063826891296e-01
-5.267201550920819382e-03 3.548370302755610717e-01 9.349133320972788930e-01
1.451225823651740993e-02 2.771423115279899596e-01 9.607192792494859690e-01
-2.017046069365999519e-02 1.562451817956291567e-01 9.875123268502012941e-01
-6.196124731722246065e-02 1.146302823883672134e-01 9.914740047980943327e-01
-1.174837759886835364e-01 8.506874261091725009e-02 9.894245152664324916e-01
-1.766989372183752072e-01 7.405632801153526346e-02 9.814749848403578891e-01
-2.286537014478213781e-01 8.701748274670700889e-02 9.696109748298771258e-01
-2.604137194349435691e-01 1.255039475472979893e-01 9.573053086031977355e-01
-2.584449536814926729e-01 1.830336263770690752e-01 9.485277526419298999e-01
-2.156753965144087293e-01 2.421436465879678313e-01 9.459654210146060116e-01
-1.424437339978048556e-01 2.788032218625356440e-01 9.497255109366151693e-01
-6.715061880974099173e-02 2.784227115660944385e-01 9.581083383822116550e-01
-1.696472482374597815e-02 2.481736556734301380e-01 9.685670006464847104e-01
-2.264281557769909185e-03 2.034132495064864821e-01 9.790903548468908868e-01
-9.194000689011100694e-03 1.027812230607115240e-01 9.946614954532835284e-01
-4.661932185541256546e-02 7.604225276738921235e-02 9.960141638671458075e-01
-9.088997469370224680e-02 5.294191227452488269e-02 9.944526969266774818e-01
-1.326711092369819434e-01 3.949579627941579574e-02 9.903728887899045930e-01
-1.628307497347190325e-01 4.024814459110091780e-02 9.858327615765104524e-01
-1.730606961514554454e-01 5.642296567032097782e-02 9.832936714901306940e-01
-1.578446890563119098e-01 8.450042627024131892e-02 9.838418227016290096e-01
-1.183180725078215451e-01 1.161246239773014166e-01 9.861622105030148910e-01
-6.552985038006307883e-02 1.406072631917516524e-01 9.878944459034864067e-01
-1.751548673146409441e-02 1.503555148557711163e-01 9.884768216186292644e-01
1.034046438286270221e-02 1.447812368457217780e-01 9.894096564384972092e-01
1.223924444778746838e-02 1.273870298997153983e-01 9.917775685650839224e-01
1.830644927137111896e-02 5.239919222989605774e-02 9.984584110360330556e-01
-2.384801771895998443e-02 3.381649014609355158e-02 9.991434917193391385e-01
-6.561449688763064392e-02 1.000386696631089950e-02 9.977948989867567731e-01
-9.795091040640994950e-02 -1.306252877694762810e-02 9.951055167631860376e-01
-1.126984781718438217e-01 -3.025229361591975918e-02 9.931685918053856366e-01
-1.040234677968698424e-01 -3.782887027255573548e-02 9.938551678798037692e-01
-7.128232747574229922e-02 -3.329125847551499956e-02 9.969004573670682268e-01
-2.243103974302306999e-02 -1.605217895068480199e-02 9.996195156193287135e-01
2.649069836085514787e-02 1.009155196913110071e-02 9.995981209862526695e-01
5.919589496535074963e-02 3.663199546942603330e-02 9.975740287954596441e-01
6.731910014850671364e-02 5.511297356355175647e-02 9.962081604264138024e-01
5.158208685050665737e-02 6.052784135469045645e-02 9.968328188503154941e-01
5.623042596140129246e-02 1.479498307453607810e-02 9.983081927300817560e-01
4.727106867098357433e-04 -2.945511337764135720e-03 9.999955502439216160e-01
-4.770072434325013655e-02 -3.467350497370325774e-02 9.982596801182990198e-01
-7.894162425001269301e-02 -7.415101074425442529e-02 9.941176226012286010e-01
-8.450610614009530785e-02 -1.151572441112492656e-01 9.897461933009592538e-01
-5.798365990509221635e-02 -1.499046996167273382e-01 9.869987214869143655e-01
-3.659387913034806996e-04 -1.668968972756804670e-01 9.859742855514349591e-01
7.289461677499861625e-02 -1.540365371290143004e-01 9.853725793193418570e-01
1.336339762611749860e-01 -1.113643355462151929e-01 9.847537484859641976e-01
1.597529936726210797e-01 -5.719397290890929769e-02 9.854987724374288938e-01
1.483509813980544711e-01 -1.179979264891020500e-02 9.888643745285417008e-01
1.094534089016656747e-01 1.296231543907845965e-02 9.939074049720938442e-01
1.228705613056653850e-01 3.713434529758735669e-02 9.917277174525980232e-01
4.678805286509715028e-02 -2.700801403515842511e-02 9.985396563417354709e-01
4.123958604932907962e-04 -1.104726144091132956e-01 9.938790828844149550e-01
-8.859997831315342617e-03 -2.041003328863338628e-01 9.789098807112647238e-01
2.960383766630909561e-02 -2.965462653046728736e-01 9.545595451983478474e-01
1.252567976945065942e-01 -3.662487214120438428e-01 9.220480511857156447e-01
2.691773551059874481e-01 -3.757596321254525473e-01 8.867627926131961269e-01
4.090001034285152826e-01 -2.929733385571881565e-01 8.642253978507477008e-01
4.687231149610580072e-01 -1.461565325167138163e-01 8.711698511219972962e-01
4.302973896576319235e-01 -1.418977987219994033e-02 9.025756514558448407e-01
3.334025233972766067e-01 5.893155989668770467e-02 9.409409272852343742e-01
2.222547605728538433e-01 7.090891780602132100e-02 9.724066776706039583e-01
1.628499825054216532e-01 7.522824865373492487e-02 9.837787321355971892e-01
5.973346198250761852e-02 -2.288571949058195582e-02 9.979519814915646103e-01
-5.311809767708405329e-03 -1.423288533826404523e-01 9.898051738457290805e-01
-2.536863251220506862e-02 -2.784960552654821564e-01 9.601022756384199885e-01
1.642068466480283220e-02 -4.235355227051634808e-01 9.057306564989929809e-01
1.462087528811573112e-01 -5.497382363657071780e-01 8.224420174446039900e-01
3.758045985411829770e-01 -5.850609950853981056e-01 7.186616281289309738e-01
6.287543348507971253e-01 -4.337357189626823151e-01 6.454001181455248926e-01
7.260529214861347613e-01 -1.458335427402921991e-01 6.719968251513700475e-01
6.366177916242440338e-01 6.964018027154118828e-02 7.680286665738536023e-01
4.693307548526155504e-01 1.542372576144460661e-01 8.694478195457554515e-01
3.016368764849547968e-01 1.422282742939656730e-01 9.427546407924648486e-01
1.722434496180470509e-01 1.419487234722690006e-01 9.747731807801843784e-01
4.881604602177398028e-02 8.019227958615220272e-04 9.988074642144876281e-01
-3.863542136097183888e-02 -1.562298420825649625e-01 9.869648122700237503e-01
-8.543291737302251276e-02 -3.331732679210788195e-01 9.389871086292553848e-01
-7.123531867662372119e-02 -5.318515996635624354e-01 8.438361246760515133e-01
5.024447406820527900e-02 -7.313373035151327084e-01 6.801626579817006135e-01
3.480007987952923321e-01 -8.306306960558047514e-01 4.346815970427923559e-01
7.876389890239067215e-01 -5.789955180176079574e-01 2.106870026486531988e-01
9.557841207413086959e-01 2.723177725344091450e-03 2.940566252304098183e-01
7.772408738362683867e-01 3.045924520240728683e-01 5.505634043489442409e-01
5.396303702723241891e-01 3.434714862317960193e-01 7.686523281858692602e-01
3.344175202152280257e-01 2.644133166919236388e-01 9.045720093663558448e-01
1.400395415417235168e-01 2.172152264223653206e-01 9.660261239817411472e-01
1.470551545672768752e-02 3.834093375194477793e-02 9.991565045647922139e-01
-9.196576680781129443e-02 -1.440166448620427142e-01 9.852925980326713296e-01
-1.786417502884194153e-01 -3.418720908371902789e-01 9.226107513792770609e-01
-2.324295252609841211e-01 -5.660740959757990520e-01 7.909087391425133617e-01
-2.138587540750210014e-01 -8.123652648840208323e-01 5.425192252035717644e-01
-2.287948556940601688e-02 -9.958212541316207034e-01 8.841130561015382583e-02
5.167003998856304348e-01 -6.688670672545071749e-01 -5.344506928618135699e-01
8.431164224351699321e-01 4.509808107909584196e-01 -2.928668750788311903e-01
6.513870146096969460e-01 6.939129644963839549e-01 3.068872022447986514e-01
4.546302709956649979e-01 5.815837516646290561e-01 6.745899913978525841e-01
2.857502074579368334e-01 4.008613423612567561e-01 8.704349505495450057e-01
7.278958003838814639e-02 2.695678669154764617e-01 9.602264535849867055e-01
-3.342758991713663808e-02 7.707820665673698057e-02 9.964645233478915953e-01
-1.480394220832263741e-01 -1.055323625371788615e-01 9.833347598690090896e-01
-2.719608865252141072e-01 -2.895667130241821319e-01 9.177082297270776623e-01
-4.079213650290248183e-01 -4.800317437856364555e-01 7.766399969811829118e-01
-5.588160768370566966e-01 -6.561680061433547984e-01 5.071174814403262010e-01
-7.235396632111158466e-01 -6.900796770306842909e-01 1.674500252413375911e-02
-7.704108031818583946e-01 -1.142391186668983982e-01 -6.272293185964351592e-01
-1.667379492300187227e-01 9.188781997858123107e-01 -3.575769990433010914e-01
1.535631294729121188e-01 9.470569588290582708e-01 2.819600716411855834e-01
2.116168307153004913e-01 7.220402727737293969e-01 6.586927671160165421e-01
1.628926036452287562e-01 4.836051788230157911e-01 8.599953666696902310e-01
-2.800706372937909316e-03 2.799675111974112562e-01 9.600053899419261905e-01
-7.985281389575356326e-02 1.040161930916417288e-01 9.913647964738748763e-01
-1.870531683023902991e-01 -5.340557354997946260e-02 9.808970164813125558e-01
-3.237185545985963864e-01 -1.945874967121191956e-01 9.259276448687047134e-01
-4.948623718158940976e-01 -3.097907963634977668e-01 8.118749259888744518e-01
-7.025677725786383387e-01 -3.568550956421568943e-01 6.156727748147752255e-01
-9.153771168067164066e-01 -2.249977353447860651e-01 3.338573843970192301e-01
-9.686195662461535294e-01 2.326785035400323609e-01 8.738907183126029543e-02
-6.063977322761502364e-01 7.781703202242727935e-01 1.635015076762723896e-01
-2.114141541642907685e-01 8.552723653721756580e-01 4.730890364929667413e-01
-1.760538425852065797e-02 6.899975747666630133e-01 7.235975381808694706e-01
2.986446175527254082e-02 4.783210994999674281e-01 8.776770702811291791e-01
-6.020000112469101050e-02 2.521999318889654451e-01 9.658007839195751343e-01
-1.105357239476912057e-01 1.121827182305572407e-01 9.875205777409110652e-01
-1.987772779153465508e-01 -7.490305296816194940e-03 9.800160657412732013e-01
-3.204058194808833693e-01 -1.005414437936766464e-01 9.419296836402720752e-01
-4.728121651883799847e-01 -1.511841745474396537e-01 8.680967698456738546e-01
-6.423431460219105604e-01 -1.260268343128147228e-01 7.559844706021774385e-01
-7.811910283066574312e-01 2.212858124326153378e-02 6.238997541152959680e-01
-7.903562256439471412e-01 3.015302593927642327e-01 5.333071715778739952e-01
-5.953759619390508462e-01 5.766613001815459327e-01 5.594543849306975458e-01
-3.275928337770555587e-01 6.487928573147091482e-01 6.868411487057448639e-01
-1.421261733903527724e-01 5.575840346801841374e-01 8.178631885023422976e-01
-6.211198678809698448e-02 4.069013126486219489e-01 9.113580102583428433e-01
-8.578113352204908004e-02 2.020942185171481498e-01 9.756021340555193211e-01
-1.183593338559550817e-01 1.018442412485877774e-01 9.877341841881408513e-01
-1.844183345817226038e-01 1.824344726353073487e-02 9.826785102474124844e-01
-2.768877679483771614e-01 -3.851246752591524353e-02 9.601301754478761552e-01
-3.877616741571132120e-01 -5.460143884759424693e-02 9.201410581701768843e-01
-4.994375769130001141e-01 -1.263898128326724699e-02 8.662576769757854844e-01
-5.760672204803062302e-01 9.848753072092794603e-02 8.114473265596816587e-01
-5.696836087415441119e-01 2.593189507560583196e-01 7.798809317517582107e-01
-4.598715191232138899e-01 4.011536673104318940e-01 7.922082561438513748e-01
-2.997486120532412146e-01 4.481113131836672592e-01 8.422274161821725613e-01
-1.681624506068839786e-01 4.022467497523480873e-01 8.999549669397893803e-01
-9.794429495127573992e-02 3.084065941308815062e-01 9.461988627044753963e-01
-7.844227239829081044e-02 1.452197265340997301e-01 9.862849694313534643e-01
-1.031797471815141948e-01 7.771017101799507221e-02 9.916224428136803937e-01
-1.505803443389883978e-01 2.028465753955391304e-02 9.883896461250746279e-01
-2.131158202975993177e-01 -1.631917527633210477e-02 9.768906446768460539e-01
-2.820460070459184232e-01 -2.173475274688351291e-02 9.591546540744024796e-01
-3.437571898074205934e-01 1.165012234678644044e-02 9.389862986779449194e-01
-3.779349520080074742e-01 8.271618339516782770e-02 9.221297116215182443e-01
-3.640541219058916478e-01 1.738008558029559281e-01 9.150179554770860868e-01
-2.984924681859807971e-01 2.506564808897046581e-01 9.209091024765483358e-01
-2.072121139049593330e-01 2.816510675570446653e-01 9.368755605708761758e-01
-1.286380753646958197e-01 2.631188664127361299e-01 9.561488941080269477e-01
-8.475834596588020797e-02 2.116033466132350993e-01 9.736734804292268564e-01
-4.427363849108038873e-02 9.261065527161166377e-02 9.947176038780677354e-01
-7.001128406092398115e-02 4.606231093448661523e-02 9.964821541882306066e-01
-1.054787200449604917e-01 2.020461477553874355e-03 9.944195077295893137e-01
-1.436399673275931821e-01 -2.923752086608013417e-02 9.891980222178253790e-01
-1.772206992076084398e-01 -3.913385572067468177e-02 9.833927827214928863e-01
-1.982157978852900904e-01 -2.300428836041236783e-02 9.798884121090908339e-01
-1.987002648873366639e-01 1.727264171054949254e-02 9.799080878236201553e-01
-1.746011144000603477e-01 7.120484187166294110e-02 9.820612615027295433e-01
-1.310658220936732343e-01 1.212707922474460798e-01 9.839284248494144514e-01
-8.329964919392357503e-02 1.508789851834861917e-01 9.850363954058601879e-01
-4.836495724609261165e-02 1.533453479889523852e-01 9.869883662743060837e-01
-3.532007594840806675e-02 1.314540464210723625e-01 9.906928514502182370e-01
7.593986722549566672e-03 5.218371537035636221e-02 9.986086276493517655e-01
-2.724956824727584742e-02 1.353922492101978375e-02 9.995369680101373611e-01
-5.845011601876724805e-02 -3.045494391216409247e-02 9.978256763226736048e-01
-7.928669828152182242e-02 -6.965402834492408213e-02 9.944153738809633492e-01
-8.369530824864081231e-02 -9.513799955263216312e-02 9.919394419107837590e-01
-6.787270635830626453e-02 -1.001409514065651762e-01 9.926555724836532146e-01
-3.349851935211996257e-02 -8.112115076800946456e-02 9.961411587217320340e-01
9.421504596016656852e-03 -4.057601351400215439e-02 9.991320345073054776e-01
4.555201813672210553e-02 9.984887853174025801e-03 9.989120660289647624e-01
6.330455509858042007e-02 5.362823474876197982e-02 9.965523296553481236e-01
5.979693539592635665e-02 7.722143712687079553e-02 9.952191598665206529e-01
3.900272856650591896e-02 7.585876089181911586e-02 9.963554765043757255e-01
6.694570860940009249e-02 3.120953016334276561e-02 9.972683878102538424e-01
1.502151105154919501e-02 -1.305481521582060010e-02 9.998019433895587449e-01
-1.979919862488030077e-02 -7.036995187894673487e-02 9.973244515233511409e-01
-3.053832421091927374e-02 -1.304783771775265833e-01 9.909807282906981651e-01
-1.038252886996042859e-02 -1.828300802661756430e-01 9.830897033558220199e-01
4.382390866906400034e-02 -2.145641685804579590e-01 9.757262334231847634e-01
1.233750255306444027e-01 -2.103001877543316522e-01 9.698208257744327376e-01
2.007568994114464211e-01 -1.615220316797223721e-01 9.662335642176718142e-01
2.418331906656544239e-01 -8.274948830517166176e-02 9.667829281063256008e-01
2.340281248166151962e-01 -6.818733848122590820e-03 9.722059152583704122e-01
1.895495044562867659e-01 4.099329521478250332e-02 9.810150534562381841e-01
1.285372240517539122e-01 5.228454385592661013e-02 9.903254558512223360e-01
1.288111645948777084e-01 8.922758884220816089e-02 9.876467593553350799e-01
7.227232925733442781e-02 -9.641493774651723955e-03 9.973383337771953849e-01
5.876641985242699734e-02 -1.194261191559465446e-01 9.911023710804133247e-01
9.187113654231668369e-02 -2.287301911920417152e-01 9.691450840342399342e-01
1.785716668241325855e-01 -3.208616826406212041e-01 9.301397424154859150e-01
3.193332548856555042e-01 -3.652746262089163753e-01 8.744145011217548946e-01
4.850168980993022627e-01 -3.211825242043643835e-01 8.133882189359753490e-01
6.042388383762672399e-01 -1.768730239504589241e-01 7.769242946363956737e-01
6.105550365252168099e-01 8.107763320370092036e-03 7.919323276314076399e-01
5.096201694604434174e-01 1.444719585609209045e-01 8.481834330311028847e-01
3.630265420772633700e-01 1.920190559158056753e-01 9.117787077535119966e-01
2.275528114481603081e-01 1.638050552549735472e-01 9.598893800198147197e-01
1.603774296484472284e-01 1.492186056098896429e-01 9.757114777428617103e-01
8.470009866836938905e-02 3.689298639164894847e-05 9.964064893026581826e-01
6.297550272271086602e-02 -1.597156255097077482e-01 9.851522750442130993e-01
9.962902883311701430e-02 -3.247660805550898200e-01 9.405323224294792617e-01
2.100257766704026474e-01 -4.786304891736256617e-01 8.525268488249846399e-01
4.091290953066626934e-01 -5.711307537632925868e-01 7.116340671156129449e-01
6.686514928475881803e-01 -5.106170917912183915e-01 5.405324843925018996e-01
8.685657200488712260e-01 -2.468430228250182434e-01 4.297232970630276427e-01
8.764768017200837980e-01 9.524211389540762629e-02 4.719293970366317259e-01
7.088840003032904624e-01 3.134358556062560863e-01 6.318555519535624665e-01
4.852758693641977539e-01 3.542688791003857918e-01 7.993753135503374185e-01
2.934782245408446011e-01 2.779298511849849218e-01 9.146723618546505064e-01
1.490278654321887386e-01 2.264816535692141253e-01 9.625470149147454801e-01
6.520375004420775333e-02 1.876896423908979913e-02 9.976954429893223342e-01
3.080615849862615788e-02 -1.942858034096167086e-01 9.804611196738767243e-01
5.032361906601592189e-02 -4.184340354140222984e-01 9.068519677275314050e-01
1.456961838119796571e-01 -6.434242930818883099e-01 7.515169998707833532e-01
3.518090196772073464e-01 -8.038204273549495182e-01 4.796906651590120418e-01
6.666145092708797293e-01 -7.369509424779717710e-01 1.119303551782341588e-01
9.424010467928315427e-01 -2.967026585046484977e-01 -1.544273273748365538e-01
9.539176781507304748e-01 2.940412278085081099e-01 -5.983995037100613146e-02
7.433032954487552857e-01 5.977525578899886005e-01 3.003199802064081547e-01
4.913159709024506605e-01 5.885309897907796683e-01 6.420591022577933904e-01
2.883490001198450448e-01 4.282653465566380047e-01 8.564132455004398459e-01
8.940213553410480962e-02 2.941118338345292127e-01 9.515805206919952797e-01
1.643397355295649759e-02 4.091384072266864014e-02 9.990275182149016553e-01
-3.208420535286615055e-02 -2.092617111322452872e-01 9.773331775914615438e-01
-5.315856918700303385e-02 -4.719510163230704602e-01 8.800206842531372864e-01
-3.001940791411984027e-02 -7.447379203373423184e-01 6.666815320377302845e-01
7.257734435937271411e-02 -9.596493801782757238e-01 2.716718539143788691e-01
2.823266854762656597e-01 -9.069306122507918566e-01 -3.126795599820952898e-01
5.165344085733840629e-01 -3.107318868834705872e-01 -7.978959200507294014e-01
5.458826703554828796e-01 5.561090428552524223e-01 -6.267015578887982219e-01
4.406363501787745052e-01 8.975548982726839764e-01 -1.532355989150337508e-02
3.089343936080616859e-01 8.065540358232918816e-01 5.040140154233122560e-01
1.875223423421156776e-01 5.596812179872335813e-01 8.072126766565501654e-01
-1.014560596127060980e-03 3.210503226033121216e-01 9.470615930460755116e-01
-4.766753127156047459e-02 5.802218094521453817e-02 9.971766307835308041e-01
-1.064341903874385792e-01 -1.950191593785008670e-01 9.750073284811349161e-01
-1.769805618250722967e-01 -4.536086500366480756e-01 8.734512426850324918e-01
-2.583121258042859747e-01 -7.142816149631494582e-01 6.504434027555370257e-01
-3.419625339696282240e-01 -9.087800725351451447e-01 2.391242462071712371e-01
-4.106775390918792623e-01 -8.354420356544506321e-01 -3.652130391252566000e-01
-4.360347797797475833e-01 -2.323040851652043159e-01 -8.694299758106249776e-01
-3.085372872637465180e-01 6.553672907020738903e-01 -6.894189268113609659e-01
-1.108530859122656559e-01 9.924070028336291482e-01 -5.329103180230653630e-02
2.235994444307419623e-04 8.754294646825963033e-01 4.833458413691959499e-01
2.363191491687300153e-02 6.038829302225170448e-01 7.967226237426350277e-01
-8.735741890491301176e-02 2.973281468174815423e-01 9.507705582697231206e-01
-1.061678184475599723e-01 6.428441869485629345e-02 9.922680624907476155e-01
-1.664192314951479235e-01 -1.557813802863530495e-01 9.736718137773744397e-01
-2.690092261859713951e-01 -3.684340433098743928e-01 8.898822348812535088e-01
-4.215643971895317588e-01 -5.606692603768932415e-01 7.126944923952449606e-01
-6.249754826405686803e-01 -6.665493538988895850e-01 4.063466560893077562e-01
-8.422125485276901191e-01 -5.391450452807474703e-01 -8.020298127899942731e-04
-9.539910996294972412e-01 -5.769936329897135813e-02 -2.942308027764740652e-01
-8.063107085266032481e-01 5.599777681313578004e-01 -1.904939382605211062e-01
-4.992809358867330016e-01 8.405588124871234967e-01 2.101890335158234369e-01
-2.523640705591781441e-01 7.667973907608348627e-01 5.901983881824820477e-01
-1.251329012564135479e-01 5.437313463136604907e-01 8.298782923170318071e-01
-1.409313052944712874e-01 2.392269957126000324e-01 9.606814309179049216e-01
-1.416041309610236443e-01 5.930866339035701512e-02 9.881451070271985992e-01
-1.941422531724542322e-01 -1.085296919301196733e-01 9.749513277609456186e-01
-2.981047607897833740e-01 -2.584975774732581333e-01 9.188648181505707502e-01
-4.574884653462509276e-01 -3.714067948468679492e-01 8.079364435502612851e-01
-6.636358368429717824e-01 -3.978984877197257464e-01 6.334542363329250803e-01
-8.648917159070054206e-01 -2.633467171534946694e-01 4.273298799755308464e-01
-9.537601438498795048e-01 5.390791855588192988e-02 2.956949852813836599e-01
-8.420980575916096056e-01 4.153033599918564689e-01 3.440842637784056190e-01
-5.920429278259261574e-01 6.010490906004810618e-01 5.368660562000192593e-01
-3.546172594609921513e-01 5.701698676971767021e-01 7.410485282777030669e-01
-2.049628639083183324e-01 4.213795942576564202e-01 8.834191881330936136e-01
-1.518269037351043516e-01 1.718595684811964341e-01 9.733513651418916890e-01
-1.463762356930119468e-01 4.648262440152071268e-02 9.881363080329547133e-01
-1.862657701911221708e-01 -7.011060922558735864e-02 9.799946761738331791e-01
-2.692021784200226420e-01 -1.658408914656988586e-01 9.486975207366195040e-01
-3.931075088490632585e-01 -2.226642411320427228e-01 8.921250597352330391e-01
-5.434980809711545957e-01 -2.123629108422182277e-01 8.121033370693873099e-01
-6.778666844984764239e-01 -1.078168672402705502e-01 7.272360560268481544e-01
-7.304546163905121237e-01 8.043858538410414427e-02 6.782077022381538534e-01
-6.594128359009383544e-01 2.772101456623017879e-01 6.988055859756650001e-01
-4.982061219365926386e-01 3.858466011333243628e-01 7.764747648564218618e-01
-3.298861840481707719e-01 3.777864643852318349e-01 8.651314887930807718e-01
-2.104724344605742870e-01 2.913652216893105051e-01 9.331707571082886732e-01
-1.247823861616070285e-01 1.133755919885700986e-01 9.856852090018568546e-01
-1.220506426698418495e-01 2.999029811928433792e-02 9.920706742176333970e-01
-1.492946653589376504e-01 -4.877054551316047093e-02 9.875892550983268459e-01
-2.034566229023672124e-01 -1.093781364885839796e-01 9.729552023887922951e-01
-2.801243921912760504e-01 -1.377436524874836310e-01 9.500300053676786760e-01
-3.672137847766448471e-01 -1.201544512075148341e-01 9.223431813186278028e-01
-4.392548432648545886e-01 -5.037518499923274856e-02 8.969490082522860730e-01
-4.632742899104962397e-01 5.745540346220052302e-02 8.843505011707671892e-01
-4.215920328447442800e-01 1.647301907998562076e-01 8.916973264964868084e-01
-3.317117215943899966e-01 2.284680129590559994e-01 9.152976023192270771e-01
-2.345199835621988027e-01 2.318859195565521336e-01 9.440494148197157154e-01
-1.618103413101090182e-01 1.866682591036791239e-01 9.690058691712505334e-01
-7.055077899832482013e-02 7.240086661020149472e-02 9.948772296604783127e-01
-7.619019765897581953e-02 1.331414623828684057e-02 9.970044068561365602e-01
-9.370874264527546960e-02 -4.542597386641847312e-02 9.945627946239623540e-01
-1.201793950453659554e-01 -9.069704163349930071e-02 9.886005055861907254e-01
-1.519689708175368525e-01 -1.110977954378674915e-01 9.821215361438806468e-01
-1.829618809108620181e-01 -9.904410866421933801e-02 9.781182007674397161e-01
-2.035927134317941090e-01 -5.413415149547935040e-02 9.775579270198798687e-01
-2.038514872816938328e-01 1.297673524323138608e-02 9.789158163374407362e-01
-1.806469409422485628e-01 8.105960987686622321e-02 9.802020314072085183e-01
-1.426653669986295003e-01 1.274288991709680852e-01 9.815337328463530353e-01
-1.052227139106888809e-01 1.397237346737287556e-01 9.845839011715284972e-01
-7.983005736303978861e-02 1.185380292564602867e-01 9.897352664028179481e-01
-1.422420900311795796e-03 5.263913945931288779e-02 9.986125863997658003e-01
-1.992635511182895211e-02 -6.880946463117039056e-04 9.998012136908175362e-01
-3.169950770522251410e-02 -5.794085132386675441e-02 9.978166158964474342e-01
-3.406559696334231918e-02 -1.062047963607329754e-01 9.937605729416715272e-01
-2.477287456394361431e-02 -1.340817668449908462e-01 9.906605798584651179e-01
-3.607991864754216647e-03 -1.331262320581307335e-01 9.910925227911927538e-01
2.491190641740732153e-02 -1.002553697289853829e-01 9.946498166486675840e-01
5.071846189339760530e-02 -4.191617638544140739e-02 9.978329879194637320e-01
6.332340725171677065e-02 2.418182287522840229e-02 9.977000478783395465e-01
5.928647629583345263e-02 7.614723536324170816e-02 9.953324631876088180e-01
4.280535817107614105e-02 9.906622690949964949e-02 9.941597376666918562e-01
2.075237376047199545e-02 8.939230708833033334e-02 9.957802741652134193e-01
6.968036083436436601e-02 5.712742469194283246e-02 9.959322791545162090e-01
3.383620505662957023e-02 -9.258372424164777043e-03 9.993845074682072838e-01
2.351614875775433211e-02 -8.365559207445111278e-02 9.962172115870717715e-01
4.157282124229877418e-02 -1.530879436594465015e-01 9.873377244083935134e-01
9.066834591571731883e-02 -2.037776333001286022e-01 9.748096876906379160e-01
1.678246590301394614e-01 -2.198034082241899778e-01 9.610001797889680120e-01
2.550697018188677334e-01 -1.867145856110566382e-01 9.487239381053625964e-01
3.176237955630079046e-01 -1.055961772862319820e-01 9.423187209402988929e-01
3.251233823940086753e-01 -4.616882398351957427e-03 9.456603357536550458e-01
2.780757308065299749e-01 7.617129798069061097e-02 9.575342402756605864e-01
2.030061201203079424e-01 1.123944616889829967e-01 9.727055053690871755e-01
1.281711079140527010e-01 1.023144338512660539e-01 9.864603001244828251e-01
1.028781405720730763e-01 1.417721274845662460e-01 9.845388524893716742e-01
8.212400971416673745e-02 2.330088638727840014e-02 9.963496954995149091e-01
1.114193319894690171e-01 -9.248102561713417158e-02 9.894609605032131938e-01
1.887174751312977738e-01 -1.941234016480442026e-01 9.626535303589741632e-01
3.136861075719747927e-01 -2.627195500769645142e-01 9.124579244675287137e-01
4.738831261188575228e-01 -2.661239682462031020e-01 8.394121849871033492e-01
6.248952045016622492e-01 -1.725136722997849259e-01 7.614098871570230687e-01
6.960666812932555514e-01 7.499582477519634374e-03 7.179379718723982728e-01
6.425782828094802612e-01 1.993309272372999763e-01 7.398380443774518200e-01
4.904510654994078678e-01 3.143212855432361841e-01 8.128098681764203137e-01
3.154831580904438049e-01 3.211996660937868620e-01 8.929172142268073653e-01
1.796309548227704167e-01 2.497219584147048477e-01 9.515102014980791889e-01
1.166804778704985113e-01 2.155724126028986110e-01 9.694917230220602145e-01
9.139513406412867746e-02 3.781397023852510475e-02 9.950964943784519345e-01
1.282139351706980679e-01 -1.344585773636953752e-01 9.825894757229224341e-01
2.265530937752147644e-01 -2.962177938731164195e-01 9.278624436271857290e-01
3.928268175309095334e-01 -4.247318409987656529e-01 8.156530847550774732e-01
6.191564595446267250e-01 -4.595708078092251569e-01 6.367416675651340618e-01
8.438429097303327131e-01 -3.202054299663224524e-01 4.305782464524457454e-01
9.519269074791062435e-01 -4.709538379166702468e-03 3.062890514948761189e-01
8.694759814913807228e-01 3.411764607042474529e-01 3.572256153623836750e-01
6.435608971206420170e-01 5.339468137285178218e-01 5.483887050317548528e-01
3.960055274534723391e-01 5.242201192859893277e-01 7.539050926755105353e-01
2.143227369832012563e-01 3.902209564406637909e-01 8.954291538511145454e-01
8.345257423842558642e-02 2.898474353503870393e-01 9.534275704393310180e-01
6.702269620790514415e-02 4.754051357535666461e-02 9.966182106313375977e-01
1.066683250036429415e-01 -1.862531997305516551e-01 9.766942274995317197e-01
2.029285671369448485e-01 -4.176023281858093905e-01 8.856795651552240578e-01
3.673554252916634844e-01 -6.242647710992482724e-01 6.894515842850671428e-01
6.011170437666757405e-01 -7.146778988946144162e-01 3.576224273235222850e-01
8.425355478650735641e-01 -5.365673705981590658e-01 -4.721554185828846090e-02
9.510390077989717694e-01 -4.882890681379361414e-02 -3.051893567999857115e-01
8.376211224177445569e-01 5.047635568518040738e-01 -2.088171615409768478e-01
5.856266089626686044e-01 7.924350379345423967e-01 1.705525887476932456e-01
3.365337753728730452e-01 7.533195696619738868e-01 5.650262330170754410e-01
1.674316579799435267e-01 5.408645034493697601e-01 8.242767913842713456e-01
5.353435014938700588e-03 3.359755289393528410e-01 9.418555009594398175e-01
1.316171150326220056e-02 4.809908335356303383e-02 9.987558498105839622e-01
4.815469662038445592e-02 -2.297959484333451097e-01 9.720467824529073209e-01
1.099394390971183549e-01 -5.133447211900885598e-01 8.511113422797912387e-01
2.052461104621316479e-01 -7.841793016108608017e-01 5.856081087770084181e-01
3.364094288125783483e-01 -9.336343374570037490e-01 1.231081643403701409e-01
4.647168340226415784e-01 -7.535609798494347089e-01 -4.649560342916775335e-01
4.905608217280763572e-01 -1.414404827678215071e-01 -8.598515395228825131e-01
3.680249999051376508e-01 5.932648202622351485e-01 -7.159570186010055792e-01
2.145333563533067811e-01 9.643041077924339177e-01 -1.552192858712141410e-01
9.765305531104186143e-02 9.079990615276521959e-01 4.074329209245907135e-01
3.025050801094943120e-02 6.407661071128728514e-01 7.671399499050995940e-01
-9.247713823054012905e-02 3.291294691559629171e-01 9.397455886768937283e-01
-5.431308477291828946e-02 3.731834635617332224e-02 9.978263525522339528e-01
-3.024188522669181076e-02 -2.463241857426505255e-01 9.687155536566161018e-01
-2.333439759051328735e-02 -5.381642693080080919e-01 8.425168990170184280e-01
-3.974900013616662620e-02 -8.218319959449079670e-01 5.683416115587179851e-01
-8.693556172242837554e-02 -9.918954399389109389e-01 9.265875207705158434e-02
-1.734395574029755915e-01 -8.407075635778082923e-01 -5.129615116857862978e-01
-2.939694677192063454e-01 -2.473492915612332532e-01 -9.232552626511827398e-01
-3.692562319411422656e-01 5.134964089598069714e-01 -7.745781259227724203e-01
-3.233286681504617954e-01 9.257001494175393086e-01 -1.963104829612478952e-01
-2.294310622253475929e-01 8.937775685859357111e-01 3.853868777978074478e-01
-1.487759331377566108e-01 6.344290130822567431e-01 7.585285420329200834e-01
-1.724960245662177372e-01 2.704082955707532987e-01 9.471665509271824934e-01
-1.132932164017787374e-01 1.842526840447965275e-02 9.933907371228457572e-01
-1.013248297840692314e-01 -2.300292260782681175e-01 9.678945366201198164e-01
-1.418204631081243783e-01 -4.825910804133085041e-01 8.642874552770141161e-01
-2.494597480415366164e-01 -7.205844302819940372e-01 6.469373330873483541e-01
-4.343104367496010698e-01 -8.552424823832170953e-01 2.827273259828321228e-01
-6.691118588193835093e-01 -7.252319769696722318e-01 -1.622587438876928190e-01
-8.584603954717783258e-01 -2.531150859066179093e-01 -4.460700647802205432e-01
-8.746897963663766706e-01 3.477140634918173823e-01 -3.376576523379534178e-01
-7.020511371995565852e-01 7.079534993230728324e-01 7.698079990014060348e-02
-4.715318644569846396e-01 7.176403101699280196e-01 5.124939863266774198e-01
-2.878217778085798151e-01 5.225723459418697425e-01 8.025439349194576355e-01
-2.089051759778642881e-01 1.875480277311429300e-01 9.597834988913137577e-01
-1.463559846928269570e-01 -1.241602092124283315e-03 9.892312086509135183e-01
-1.426860077871640320e-01 -1.912776877091655892e-01 9.711094425276511899e-01
-2.032493989025429271e-01 -3.786057955404850683e-01 9.029658539662116512e-01
-3.407026508791091146e-01 -5.420299510306598734e-01 7.681960920686971006e-01
-5.560214644586471966e-01 -6.180772203204576432e-01 5.557163672074069138e-01
-8.012231246131981122e-01 -5.109592398748334929e-01 3.113874752965469228e-01
-9.669358086528012652e-01 -1.943573487324198046e-01 1.651071256445285906e-01
-9.547491854887888429e-01 1.941465241672748754e-01 2.253022857454799188e-01
-7.740381573435295426e-01 4.460262529531927589e-01 4.493612273583080796e-01
-5.353172433437770605e-01 4.794436372224251675e-01 6.953914348808620804e-01
-3.367535631184241929e-01 3.629889814214485311e-01 8.688130046756681324e-01
-1.989039703317793950e-01 1.124788957298124420e-01 9.735428642857893999e-01
-1.470479459261067878e-01 -1.501116073582542919e-02 9.890154531918339265e-01
-1.462122432111294668e-01 -1.462701196315312757e-01 9.783797994838566714e-01
-2.004747363663724469e-01 -2.698706141642319700e-01 9.417960138424646965e-01
-3.157957508838555860e-01 -3.661288869808037583e-01 8.753414658530903614e-01
-4.849781762527215490e-01 -3.975001128367783854e-01 7.789671551825212426e-01
-6.645834142392128552e-01 -3.201254061376349602e-01 6.751656166180929342e-01
-7.766711277589518625e-01 -1.330669294637741862e-01 6.156907921909582360e-01
-7.621400384661585203e-01 8.868413163594617010e-02 6.413093532477137648e-01
-6.322930633778715004e-01 2.419654988142653229e-01 7.359743062008429204e-01
-4.571178096482884645e-01 2.782345717636424687e-01 8.447655480534125294e-01
-3.032033671737202063e-01 2.203647449501067168e-01 9.270960561438978953e-01
-1.538897357126057797e-01 6.308059741234701978e-02 9.860724047819895421e-01
-1.183410693504572536e-01 -1.992869901987997378e-02 9.927730043974553054e-01
-1.159777695493886124e-01 -1.068453992831191190e-01 9.874883379677721340e-01
-1.496732309727065724e-01 -1.840003388772339654e-01 9.714637405601725950e-01
-2.211682672050831744e-01 -2.358792959134981548e-01 9.462798504358482798e-01
-3.227868653328907489e-01 -2.435410226043003001e-01 9.146017766642976499e-01
-4.272923795532694302e-01 -1.915514341751024807e-01 8.835888582598957486e-01
-4.917986847226661906e-01 -8.631335873865246533e-02 8.664202547311518066e-01
-4.854216288206761321e-01 3.471445977766402652e-02 8.735907214225004935e-01
-4.142505299660145801e-01 1.233954462048409695e-01 9.017594259439493110e-01
-3.141299310277198553e-01 1.529387532336673183e-01 9.369803222010082422e-01
-2.210060429284965711e-01 1.268477622160488205e-01 9.669880941407172914e-01
-8.793561939045647924e-02 4.341954603357784520e-02 9.951794159169361498e-01
-6.877373004779403776e-02 -1.635525752010306977e-02 9.974982103275276124e-01
-6.211298832114763024e-02 -7.886813919739338319e-02 9.949481359857040852e-01
-7.037164806962882546e-02 -1.306504432851789133e-01 9.889278501575506919e-01
-9.483201149225230220e-02 -1.595558778974180414e-01 9.826234331750118844e-01
-1.326843099286997008e-01 -1.561193578039787588e-01 9.787857886266974061e-01
-1.739159168932690736e-01 -1.169052838711299169e-01 9.777967112106104031e-01
-2.028356865144801680e-01 -4.998262221893060714e-02 9.779363076154026224e-01
-2.071770482646288492e-01 2.373785293521454842e-02 9.780154318876013164e-01
-1.869770735147039398e-01 7.942706568257441868e-02 9.791480558205593043e-01
-1.529642024475992290e-01 1.011484925507949856e-01 9.830416752224446775e-01
-1.172906664319983278e-01 8.665663028951252345e-02 9.893096219055029783e-01
-1.421556133921235941e-02 5.159133046287764368e-02 9.985670996167738123e-01
-1.000912883227835469e-02 -6.326100143658469968e-03 9.999298964412001167e-01
2.847268514369088576e-03 -6.538585357488058136e-02 9.978559932245449904e-01
2.182099522005607681e-02 -1.123677996664987078e-01 9.934270591068923295e-01
4.429362562947357362e-02 -1.356978325113030182e-01 9.897596541486014532e-01
6.634932449182896763e-02 -1.272952792128884958e-01 9.896432079439601015e-01
8.149012689823853517e-02 -8.579117138598571501e-02 9.929749413405443148e-01
8.220801242962169630e-02 -2.072267327039108847e-02 9.963997257651148187e-01
6.572112405783922529e-02 4.748130112234532491e-02 9.967077103626127421e-01
3.818535535683396931e-02 9.634303713227566901e-02 9.946154522388475083e-01
1.084360828697337499e-02 1.125350353347142757e-01 9.935885878881831612e-01
-7.573055094670191369e-03 9.510117388202198041e-02 9.954388055338937447e-01
5.414435447055260253e-02 8.512444311171230016e-02 9.948980943111541686e-01
4.468676563482994885e-02 7.695313256815133028e-03 9.989714085653106368e-01
6.531105138911386110e-02 -6.914185876016205878e-02 9.954666593782615092e-01
1.133803931910233737e-01 -1.321883278531803818e-01 9.847188088074002588e-01
1.857364557689540618e-01 -1.672579033136640525e-01 9.682596566920920189e-01
2.723771066899809412e-01 -1.594086374158863728e-01 9.488938813526271998e-01
3.490244171190016176e-01 -9.985765863047106616e-02 9.317780874584502548e-01
3.815476175599213371e-01 -3.870013538531764052e-05 9.243491840406526938e-01
3.496022126825190646e-01 1.039056951084410679e-01 9.311186280015212313e-01
2.671313370334018611e-01 1.713753774378086181e-01 9.482991768333741689e-01
1.720033660241425122e-01 1.840627694539602177e-01 9.677477661959489330e-01
9.668893624029351042e-02 1.494029451663313468e-01 9.840376057775426233e-01
3.900326050314357335e-02 1.710086094990944383e-01 9.844972326762985171e-01
6.510264011358121716e-02 5.830918597862885105e-02 9.961735215717885117e-01
1.371868926317964532e-01 -3.405182187005089539e-02 9.899597112596423276e-01
2.483437577794138651e-01 -9.847603463540091639e-02 9.636533861168722348e-01
3.912494121888306919e-01 -1.195063289717640947e-01 9.124922656096512430e-01
5.431750533989950780e-01 -7.223241869438241924e-02 8.365066282192121783e-01
6.526299783630126194e-01 5.944420080823081126e-02 7.553413124754562169e-01
6.580701711139358423e-01 2.464254100473618481e-01 7.114901033555498522e-01
5.397340057877411112e-01 4.074916678384591373e-01 7.366394936728408727e-01
3.496013175079391022e-01 4.643999606797830082e-01 8.137023997243567619e-01
1.756198386990947824e-01 4.097369994831683848e-01 8.951386839534823947e-01
7.097737360415602714e-02 2.957148942430207761e-01 9.526357718242501882e-01
2.660794760552830790e-02 2.448491849268259191e-01 9.691960037912304982e-01
6.831031203862086842e-02 7.542056731586882501e-02 9.948092476926414518e-01
1.672254745025234524e-01 -6.740272467049347738e-02 9.836119729774841502e-01
3.193979635436731135e-01 -1.830523930869023819e-01 9.297724249887362458e-01
5.224840138598659811e-01 -2.509988930600090540e-01 8.148680941990332771e-01
7.480222479983998918e-01 -2.168319133470962556e-01 6.272532485795423440e-01
9.116538935161820900e-01 -2.209139736061521350e-02 4.103646532043069284e-01
9.103252590896560026e-01 3.034055341896648716e-01 2.815191014594382035e-01
7.201100852612217773e-01 6.063740836956075242e-01 3.372713087816953670e-01
4.336455411563885920e-01 7.214461239532345971e-01 5.398768700992081504e-01
1.899369262598724628e-01 6.292475469876279703e-01 7.536388317045569218e-01
5.787590680803415127e-02 4.397228715562259693e-01 8.962667993635878849e-01
-2.630250409988940663e-02 3.013607105734482650e-01 9.531473655215545460e-01
4.457623175542631266e-02 7.408826116301853171e-02 9.962549317922129166e-01
1.669181287753796206e-01 -1.261395779665904215e-01 9.778686748006792939e-01
3.403481561068896211e-01 -3.111009081886750849e-01 8.873439905465038136e-01
5.663314125118719122e-01 -4.597126605696026380e-01 6.840562849023353875e-01
8.114508768374483205e-01 -4.803873543721305928e-01 3.328294822262134467e-01
9.657317125538880109e-01 -2.437096694097782845e-01 -8.926285007840703556e-02
9.069304882852606831e-01 2.389416077536295757e-01 -3.469639714765254124e-01
6.401782822648008908e-01 7.276868757615934102e-01 -2.462591678716126165e-01
3.091044246949340990e-01 9.397843470539531952e-01 1.458075295259946280e-01
6.961783111607326713e-02 8.265825987314716627e-01 5.584931199801312918e-01
-3.036787981936430944e-02 5.652763681956990416e-01 8.243424163748066524e-01
-1.095604592523117676e-01 3.150377115553065210e-01 9.427341863253089205e-01
-1.405488024464605782e-03 5.189555951494242980e-02 9.986515285654160579e-01
1.306384259961519967e-01 -1.919222319900332208e-01 9.726764408173527166e-01
2.868685406276493821e-01 -4.395735720736043128e-01 8.511647990445656564e-01
4.629694582125092883e-01 -6.749276076595581708e-01 5.745711489287014251e-01
6.183654429034300959e-01 -7.812083943484492421e-01 8.565993008640741813e-02
6.510083139599324165e-01 -5.617894862656781507e-01 -5.104711042520243547e-01
4.809336179513593601e-01 1.198614344691250298e-02 -8.766750752070813224e-01
1.772662674749959366e-01 6.506813655155271325e-01 -7.383701178854216174e-01
-8.248149505202541365e-02 9.786969675762980936e-01 -1.880134267305850482e-01
-1.962446268830953244e-01 8.973370568645603340e-01 3.953153839618898102e-01
-1.854572351297313071e-01 6.136434095494263108e-01 7.674942213819127002e-01
-1.938146767720925479e-01 2.713189310011885902e-01 9.427735193290245341e-01
-5.549041019399691965e-02 1.351601357646703763e-02 9.983677337301042343e-01
6.750473753999013116e-02 -2.392355741481548559e-01 9.686121259160882513e-01
1.726912487429147491e-01 -5.120618952515861855e-01 8.414097384978663774e-01
2.430078923582782990e-01 -7.942809663710380663e-01 5.568347247723599569e-01
2.328270875127753103e-01 -9.709545776279401297e-01 5.512490819682226012e-02
8.224316170578942209e-02 -8.251583737471154256e-01 -5.588825642186626697e-01
-1.981626631788248882e-01 -2.869099334124889378e-01 -9.372375627507992801e-01
-4.718064774945179840e-01 3.802595241890039945e-01 -7.954881155980239038e-01
-5.759809023163009467e-01 7.842468179275644546e-01 -2.306576006494541198e-01
-5.008542828654226620e-01 7.808446439887262169e-01 3.733987537332373874e-01
-3.485894201401545378e-01 5.467418712648962620e-01 7.612875556398667198e-01
-2.451346444681150316e-01 1.842464579856132878e-01 9.518204919001963527e-01
-9.957177145128356943e-02 -2.868079257327536824e-02 9.946169486126067438e-01
1.048720745810574975e-04 -2.518620958463405612e-01 9.677631289100521172e-01
4.751667637770473629e-02 -5.014277490927105951e-01 8.638937306787787263e-01
1.714933272857514790e-02 -7.674414708065873114e-01 6.408896077119927703e-01
-1.320679853976115814e-01 -9.572811519294546212e-01 2.572369401809643241e-01
-4.111161627819702180e-01 -8.875093845015742389e-01 -2.081119725554966549e-01
-7.291538065104410382e-01 -4.769358994236091998e-01 -4.907819009420281708e-01
-9.225791642893979017e-01 7.768448960693261074e-02 -3.779058159034790476e-01
-8.865035107663412628e-01 4.600502514892788053e-01 4.965170192119203879e-02
-6.802432255234723835e-01 5.281868093751561632e-01 5.082202756006851674e-01
-4.417514720446782950e-01 3.885691828357542565e-01 8.086220545451504593e-01
-2.483661356388801866e-01 9.086646175177844065e-02 9.643949132988213213e-01
-1.209445038650619059e-01 -6.029327912434698927e-02 9.908264971615201588e-01
-4.869374561167399279e-02 -2.311370177750027843e-01 9.717019080727973268e-01
-4.069466014767063322e-02 -4.246353120431619055e-01 9.044494438063039876e-01
-1.204171375267672761e-01 -6.275674253067151653e-01 7.691936295132688617e-01
-3.131599408055945055e-01 -7.751479638459947141e-01 5.487043699662855767e-01
-5.976078852768962335e-01 -7.475662941893883584e-01 2.898438394147900277e-01
-8.622917844665662912e-01 -4.876461133201952514e-01 1.365801837938266650e-01
-9.723764757358972499e-01 -1.149712782089720164e-01 2.031393477946258630e-01
-8.808761457209826062e-01 1.710174400797709049e-01 4.413731426905294075e-01
-6.628108182151686290e-01 2.672280331377255291e-01 6.994790901537690786e-01
-4.321831100040470774e-01 2.140700973089764980e-01 8.760089913153386032e-01
-2.125472121596459762e-01 2.404841371608927580e-02 9.768548287238393302e-01
-1.165341532249279666e-01 -7.246745648620432634e-02 9.905393777547158995e-01
-6.693186002314936711e-02 -1.893264670539974992e-01 9.796303460932334062e-01
-7.317728118145019889e-02 -3.201674784842505339e-01 9.445305030754372888e-01
-1.505261064176666441e-01 -4.501805864039501448e-01 8.801586964359541243e-01
-3.075855854696917246e-01 -5.396855334805726878e-01 7.836648726101093088e-01
-5.151845156384171620e-01 -5.267469951785256344e-01 6.761083625550564635e-01
-6.902581250494953524e-01 -3.839146348187867930e-01 6.133133570818876112e-01
-7.489825652048931470e-01 -1.709402124166996828e-01 6.401597931752007753e-01
-6.738292127170544266e-01 9.269236556336366006e-03 7.388289878873586236e-01
-5.176742518619071864e-01 9.411203560516148703e-02 8.503859674956508741e-01
-3.504091944085365173e-01 8.807192565380290994e-02 9.324466378220803708e-01
-1.554073638106400201e-01 -3.857776612325672632e-03 9.878429373301578220e-01
-9.022628397102511189e-02 -6.425341013264962431e-02 9.938464252424027423e-01
-5.443109642174499135e-02 -1.394048727490685979e-01 9.887383562885390109e-01
-5.642343544425182378e-02 -2.193644184784419859e-01 9.740100861070272176e-01
-1.048345458257846918e-01 -2.913281804231903638e-01 9.508615089973949663e-01
-2.005733654030329438e-01 -3.344915896976823899e-01 9.208070924533465762e-01
-3.225415108336863734e-01 -3.231132770564610901e-01 8.896992660326319413e-01
-4.241869604042259323e-01 -2.480770198886873834e-01 8.709323824649621848e-01
-4.613415681325008233e-01 -1.361263279827595873e-01 8.767175031575796806e-01
-4.248468721207509513e-01 -3.431817210204221591e-02 9.046145025992047284e-01
-3.403958946580181721e-01 2.325353649428832381e-02 9.399946318679356372e-01
-2.426838463639924559e-01 2.995268376088109849e-02 9.696429174956913144e-01
-9.132373139023496067e-02 4.502560052886660398e-03 9.958110779851613303e-01
-4.932750359472683199e-02 -4.004018037265195951e-02 9.979797499673593864e-01
-1.789897324057255004e-02 -9.108427627568471685e-02 9.956823195037383112e-01
-4.575309235902508959e-03 -1.382641561290532950e-01 9.903848189847230810e-01
-1.570187167398266054e-02 -1.716980383399250853e-01 9.850244843941583506e-01
-5.298869351265930727e-02 -1.819290931863404015e-01 9.818828868109709118e-01
-1.084922944046056437e-01 -1.619402634768860039e-01 9.808184200552370058e-01
-1.633919829640803345e-01 -1.133300722389789378e-01 9.800302825062467971e-01
-1.970978234525330719e-01 -5.088571293456895656e-02 9.790623535859996895e-01
-1.999809709965129634e-01 3.449528875933092001e-03 9.797937088948904805e-01
-1.761757974197111221e-01 3.279988978288449902e-02 9.838121038256655293e-01
-1.364251994534053380e-01 3.181077805321569363e-02 9.901395049959876848e-01
-3.084310032717014691e-02 4.149428767609874419e-02 9.986625692657510323e-01
-2.989925182481727693e-03 -6.591997651149484640e-03 9.999738026139439739e-01
3.322115277592872090e-02 -5.217846931048212428e-02 9.980850476530326310e-01
7.031509726786611125e-02 -8.512549274950777234e-02 9.938860284661800160e-01
1.011747135989432556e-01 -9.670318644026407173e-02 9.901576495995072502e-01
1.185603993326282551e-01 -8.148563388376157957e-02 9.895976572226181656e-01
1.155426980865166681e-01 -4.049743596460918249e-02 9.924766206815098801e-01
8.901272288838885105e-02 1.568075001613300837e-02 9.959070484954278824e-01
4.493437397377308962e-02 6.853307719531800957e-02 9.966364027897129940e-01
-1.365697268652573629e-03 1.004961829721995187e-01 9.949365065565924926e-01
-3.348136658602180599e-02 1.039492704101357551e-01 9.940188867787238536e-01
-4.298723157079603618e-02 8.162319200512829775e-02 9.957357844573130334e-01
1.621647864848432125e-02 9.950000957870111518e-02 9.949054095311120616e-01
3.855574010159331516e-02 2.864641776853866367e-02 9.988457526837757339e-01
8.856629997864096104e-02 -3.055457047728181441e-02 9.956015411454374187e-01
1.585282528172479444e-01 -6.831348355233733682e-02 9.849883557807862511e-01
2.400088632701795066e-01 -7.398991696822508624e-02 9.679469188642774169e-01
3.180515938767722872e-01 -3.806205508385711311e-02 9.473090644532397020e-01
3.670840546359673273e-01 3.958881844189887644e-02 9.293449425732104308e-01
3.597050199743638821e-01 1.387085972217221574e-01 9.226983383869309385e-01
2.893202736625865024e-01 2.208181307370329916e-01 9.314145867365529741e-01
1.837968787911273272e-01 2.526712455060383666e-01 9.499347077778650394e-01
8.772449158923319168e-02 2.298201901880078946e-01 9.692714241931010832e-01
3.025211997096384151e-02 1.715318353625121250e-01 9.847139882698863200e-01
