2.772303760268993167e-02 -1.448437273228026512e-01 9.890660887126996315e-01
6.072814160389516241e-02 -1.652884609827817430e-01 9.843738199907641206e-01
7.135398612613630398e-02 -1.518931394704659821e-01 9.858179765279725393e-01
5.947906822926837811e-02 -1.165384718817746995e-01 9.914035631436679541e-01
3.023695801979737682e-02 -7.031345783994061294e-02 9.970665695007219220e-01
-8.519013958795543587e-03 -2.167029094591202062e-02 9.997288756917208641e-01
-4.801706390883866971e-02 2.251161878345370529e-02 9.985928041965231872e-01
-7.972761584990446793e-02 5.501441538062046971e-02 9.952974034785332380e-01
-9.635149005894069751e-02 6.677696666073199006e-02 9.931048419412373818e-01
-9.278507612469154286e-02 4.751112161037374104e-02 9.945519709757619786e-01
-6.666557450231516690e-02 -8.218893002736170350e-03 9.977415251326652301e-01
-2.015268400156394052e-02 -8.634446598093623026e-02 9.960614953517029635e-01
9.275324663353597121e-02 -9.828076933095468426e-02 9.908267889083459679e-01
1.112487740296227434e-01 -1.255732272844914121e-01 9.858271019130898649e-01
1.098384309574893247e-01 -1.205989329552099587e-01 9.866060087264958423e-01
9.035078509435201521e-02 -9.273569096464792660e-02 9.915829906034880903e-01
5.789989841317590841e-02 -5.158587541277291633e-02 9.969887156942935924e-01
1.982825433798264883e-02 -4.929010388291819866e-03 9.997912508053038438e-01
-1.541381990529357669e-02 4.050250338097705072e-02 9.990605393948319701e-01
-3.932990460003600586e-02 7.726130417048369947e-02 9.962348365129344296e-01
-4.476475138009313598e-02 9.566000077276730351e-02 9.944069998174523972e-01
-2.795158469438096746e-02 8.430217712231800886e-02 9.960481172340311939e-01
9.060947846829167304e-03 3.607976464943522116e-02 9.993078353575053363e-01
5.605259241740963294e-02 -3.759418020956253881e-02 9.977197925759215824e-01
1.326795305515673096e-01 -5.267554670926555965e-02 9.897582679379139936e-01
1.405809308203840868e-01 -8.344260908621450867e-02 9.865466704006321530e-01
1.312891530761992054e-01 -8.681358547758583066e-02 9.875355991865613081e-01
1.081824032722311923e-01 -6.806350021049702159e-02 9.917983300859495310e-01
7.622543454972527388e-02 -3.450381909398490127e-02 9.964934368052127400e-01
4.196843127371208126e-02 6.930905709910716375e-03 9.990948970557920195e-01
1.303675427604349818e-02 4.959589007211927941e-02 9.986842798031853041e-01
-2.874344107869970799e-03 8.593320588154773620e-02 9.962967541213689771e-01
2.932355218315544016e-04 1.064273312526438503e-01 9.943204398861332782e-01
2.435054631372849179e-02 1.005958486058255302e-01 9.946293410801892998e-01
6.397291984101022289e-02 6.269222392425366497e-02 9.959804970914143407e-01
1.057391732429775744e-01 2.347311201140986608e-03 9.943911289690834376e-01
1.377852382004056964e-01 -2.417367446859117544e-02 9.901670877164042706e-01
1.412851207998687686e-01 -5.398831175358396323e-02 9.884957141205045206e-01
1.302998410276551000e-01 -6.215587193132992433e-02 9.895244307305460785e-01
1.084617085257583852e-01 -5.051017896880817537e-02 9.928165891062029624e-01
8.035112276095046635e-02 -2.415926298889318688e-02 9.964737964857121044e-01
5.167716907200679138e-02 1.087965835740786757e-02 9.986045780142348560e-01
2.899456135685940864e-02 4.821102703934890960e-02 9.984162520129294949e-01
1.870718387618996309e-02 8.056530091171609786e-02 9.965737672447406714e-01
2.531754137711371769e-02 9.944281522445150290e-02 9.947211411239256229e-01
4.905128210984007614e-02 9.648537435996044909e-02 9.941250144009915468e-01
8.378163538181938874e-02 6.805718727062638751e-02 9.941573601968369811e-01
1.175172208124565104e-01 2.167317158700391919e-02 9.928343147000177060e-01
1.151691819694617702e-01 -1.906501557080356873e-02 9.931629195178803826e-01
1.185949608697554891e-01 -4.472337223822450691e-02 9.919350055482170081e-01
1.103189772849186429e-01 -5.329570574037991587e-02 9.924662669333241816e-01
9.301657581719861845e-02 -4.493034273309671339e-02 9.946502807144086411e-01
7.043653028308234643e-02 -2.336496179837271869e-02 9.972425852127190238e-01
4.739377881676969106e-02 6.100383332339928168e-03 9.988576550503178719e-01
2.939785556961665644e-02 3.747119781325436438e-02 9.988651938185766355e-01
2.162963695571195125e-02 6.413164459511772053e-02 9.977070165969857962e-01
2.737085607971437295e-02 7.903935585273823283e-02 9.964956680608814121e-01
4.623545736457882610e-02 7.616333154179040499e-02 9.960228056678681607e-01
7.305955497735620863e-02 5.374126635801820817e-02 9.958785958724467591e-01
9.893317780031156417e-02 1.775863294557586403e-02 9.949356045925995540e-01
7.640925632443824889e-02 -3.532184828278141231e-02 9.964506975169574732e-01
8.237940942463826965e-02 -5.535699876174266648e-02 9.950624279869028088e-01
7.900020336553466305e-02 -6.085406833084004014e-02 9.950154522599090612e-01
6.740306113479495320e-02 -5.192072992193537406e-02 9.963739584883142264e-01
5.022673097467880710e-02 -3.198318609387054007e-02 9.982256014062318439e-01
3.143842086495739208e-02 -6.067063098417796625e-03 9.994872767767860600e-01
1.576548790498803060e-02 2.017811971540909438e-02 9.996720926761876180e-01
7.631094210811795696e-03 4.087868746236354017e-02 9.991349755224858686e-01
9.822366002964608503e-03 5.045339163251330583e-02 9.986781145088265976e-01
2.227763412294372219e-02 4.497009379238603444e-02 9.987399049213655511e-01
4.155050270175621868e-02 2.440351811805912055e-02 9.988383372842399854e-01
6.165795395435393761e-02 -5.633160416483332100e-03 9.980814416758257979e-01
3.152985779033003894e-02 -6.628265758836185406e-02 9.973026007038796603e-01
4.198960450854227061e-02 -8.069762659618270884e-02 9.958537875486284108e-01
4.440767703975075781e-02 -8.108940297674166464e-02 9.957170616922234041e-01
3.824750048637626937e-02 -6.861910597856353544e-02 9.969094978989484490e-01
2.508794931523049276e-02 -4.731957936499004563e-02 9.985646960553773432e-01
8.304968528028170913e-03 -2.247704048792638354e-02 9.997128638505858866e-01
-7.718576594949655943e-03 3.446095100192508517e-04 9.999701519643579006e-01
-1.870605050885795068e-02 1.582579623600503457e-02 9.996997688543911575e-01
-2.161443836790900852e-02 1.956343965417997946e-02 9.995749536092223275e-01
-1.548897666814338589e-02 9.378276242070293992e-03 9.998360563294056425e-01
-1.862200079466388818e-03 -1.298907495511579004e-02 9.999139043651160685e-01
1.548704301064299411e-02 -4.118431635812991320e-02 9.990315328283495555e-01
-1.178116213014534716e-02 -1.036605820698200120e-01 9.945429542979430382e-01
5.005124105140540056e-03 -1.135708954538251353e-01 9.935172874381748009e-01
1.360108577020025834e-02 -1.081561238545940828e-01 9.940408760903969299e-01
1.188987414089191959e-02 -9.024522147757230162e-02 9.958485983790061891e-01
7.282282808663718618e-04 -6.514473607953374934e-02 9.978755598994767384e-01
-1.663391728431738020e-02 -3.888161066979708286e-02 9.991053663890538949e-01
-3.563237688255049829e-02 -1.727163443782296637e-02 9.992157046210966564e-01
-5.156685833857375251e-02 -5.436685926415102746e-03 9.986547459295296303e-01
-6.055356037431781219e-02 -7.088180446193853047e-03 9.981397818061154004e-01
-6.015484950031177447e-02 -2.315475168854624205e-02 9.979204635419446356e-01
-4.992702950128523331e-02 -5.019593144633356652e-02 9.974906817568177653e-01
-3.209943581567754195e-02 -8.023010598613448952e-02 9.962593820454576088e-01
-4.686734740524999693e-02 -1.393207331156335049e-01 9.891375966320655744e-01
-2.212136083545244644e-02 -1.467135369851917948e-01 9.889316374047539826e-01
-7.349060171466809642e-03 -1.358419190178655200e-01 9.907032675590642379e-01
-6.005331119396981054e-03 -1.115699417683308492e-01 9.937384384696328343e-01
-1.739471608020110374e-02 -8.091661205526806677e-02 9.965690772575553913e-01
-3.779476586808153127e-02 -5.096082574449976171e-02 9.979852453380180233e-01
-6.194987200611182243e-02 -2.803094779973702017e-02 9.976855613487236596e-01
-8.433322528530498574e-02 -1.744731668007966363e-02 9.962848479495131082e-01
-9.991027111598115018e-02 -2.289632868620377487e-02 9.947329771642938745e-01
-1.045293315422329006e-01 -4.488548329637503248e-02 9.935083855893276361e-01
-9.566755911209261221e-02 -7.873125529991187310e-02 9.922948692664641523e-01
-7.433755536626197868e-02 -1.141705032706921280e-01 9.906760439441966160e-01
-6.667483560349833638e-02 -1.662103484197224035e-01 9.838336172217821973e-01
-3.331996223883669506e-02 -1.736701571315263926e-01 9.842400401519580955e-01
-1.326703546060164184e-02 -1.584992319955746964e-01 9.872699626884633428e-01
-1.077672061493299520e-02 -1.279081872028666467e-01 9.917274615231311818e-01
-2.458750183676116502e-02 -9.083360833525749856e-02 9.955625095140259173e-01
-4.990738636130410966e-02 -5.543813083111667067e-02 9.972140524664204753e-01
-8.041343961762738302e-02 -2.860622534844074055e-02 9.963510237863527630e-01
-1.095936622874257721e-01 -1.615899301200727708e-02 9.938451167718536094e-01
-1.313078646642361069e-01 -2.253837277733308775e-02 9.910853981518239486e-01
-1.398405229020589502e-01 -4.909545633549322607e-02 9.889561488366058750e-01
-1.305932156795717725e-01 -9.104270385553807354e-02 9.872469995361650152e-01
-1.033437894151839204e-01 -1.355076697972937838e-01 9.853718752915692214e-01
-6.346128283127257241e-02 -1.787512347904975929e-01 9.818455385865622054e-01
-2.328742759458844389e-02 -1.888823048355804113e-01 9.817235713967454869e-01
-7.054513586606740282e-04 -1.712263327295645010e-01 9.852314678889789734e-01
2.217744439276404648e-04 -1.355403551805265672e-01 9.907718016443400888e-01
-1.795112231690559196e-02 -9.248919811079504838e-02 9.955518597443451245e-01
-4.900192400525114900e-02 -5.097289724093820307e-02 9.974971554799687556e-01
-8.542833864257820542e-02 -1.819698989214982646e-02 9.961781309162588416e-01
-1.198143041792396751e-01 -5.809982694272217401e-04 9.927961497483128728e-01
-1.452840464464917880e-01 -4.018921094443812098e-03 9.893818242323025869e-01
-1.552774984902992039e-01 -3.222554081059771786e-02 9.873451336700880265e-01
-1.437574016396878096e-01 -8.223876188982645608e-02 9.861899388640705810e-01
-1.092431205932822696e-01 -1.389204073008590279e-01 9.842596512295980204e-01
-3.115822305045876789e-02 -1.726451449641666913e-01 9.844911472719033441e-01
1.004463578634828130e-02 -1.873232139729137935e-01 9.822469744411153059e-01
2.987395803249304899e-02 -1.698125258216489075e-01 9.850234782509688092e-01
2.581762037570769358e-02 -1.319198085092130046e-01 9.909241215152789772e-01
2.023209728925135734e-03 -8.519544824211031098e-02 9.963622043320577992e-01
-3.404951707878887263e-02 -3.861027755982034820e-02 9.986740593674074962e-01
-7.397242071350930426e-02 6.916007727190656056e-04 9.972600476616733101e-01
-1.096409908328928734e-01 2.580493359422890084e-02 9.936362304844511550e-01
-1.338752554350619572e-01 2.908668958081566530e-02 9.905712394730817882e-01
-1.404219592306777120e-01 3.364985403755463983e-03 9.900860317362195628e-01
-1.237121350727770769e-01 -5.234637849268626575e-02 9.909365087100806546e-01
-8.213766962259595739e-02 -1.221828565232122993e-01 9.891030041409012430e-01
1.495912700252188532e-01 -1.622958597407418435e-01 9.753371242001257491e-01
1.987861219559313997e-01 -1.523810039335479483e-01 9.681240144515421697e-01
1.926778997463101106e-01 -1.212722436910437657e-01 9.737393233609006327e-01
1.477280996410242631e-01 -8.529729095119495397e-02 9.853429761929682895e-01
7.955431923589635634e-02 -5.158177653808945079e-02 9.954950681043025495e-01
1.220693325963361463e-03 -2.227458813318436773e-02 9.997511453513124868e-01
-7.566779477549265276e-02 2.013595893942551895e-03 9.971310496947838331e-01
-1.392658276705221743e-01 1.960678809632332778e-02 9.900609087848366574e-01
-1.758203104909834835e-01 2.507971897510970216e-02 9.841027518074650926e-01
-1.685784227976639404e-01 6.776545790487532341e-03 9.856649500688997589e-01
-9.898070838357732326e-02 -4.911057070333380015e-02 9.938767384405432503e-01
3.846124760885345772e-02 -1.279521329500826754e-01 9.910343001661877649e-01
1.993821100331887863e-01 -4.228698587395683661e-02 9.790089810744315724e-01
2.302459101594294122e-01 -6.231978129716780890e-02 9.711349369236670359e-01
2.138009013363846855e-01 -5.699610729668049686e-02 9.752131143195312823e-01
1.648816378966385943e-01 -3.898119654921582133e-02 9.855427498592346236e-01
9.672447718902300873e-02 -1.517470526776556333e-02 9.951955103559624316e-01
2.092777851329695113e-02 1.179838363452371565e-02 9.997113714618562907e-01
-5.128555905129764808e-02 4.110309072063695474e-02 9.978378261852303144e-01
-1.074850508821557776e-01 7.127693974347701356e-02 9.916484062900233765e-01
-1.326464887986020524e-01 9.723209117162089077e-02 9.863826992886766121e-01
-1.093525031743599052e-01 1.065996974325670865e-01 9.882704764167470346e-01
-2.397657352950391049e-02 8.010426668815651130e-02 9.964980834803401910e-01
1.092454468597982148e-01 1.323898406571068047e-02 9.939266379572742061e-01
2.053166263869071473e-01 4.941659558069486091e-02 9.774472277367839412e-01
2.268270992847265244e-01 1.263768941940952503e-02 9.738530463247733193e-01
2.091956689117230317e-01 -2.196173677911955353e-03 9.778713355700948684e-01
1.644664379714643465e-01 -1.176445667650983818e-04 9.863826726684721269e-01
1.036289756942327528e-01 1.387651727490449641e-02 9.945192193543194170e-01
3.703275325360172454e-02 3.685100602526866082e-02 9.986343567799194076e-01
-2.454312915348473220e-02 6.716991994531487653e-02 9.974396406129605319e-01
-6.886690613722790122e-02 1.025517875368196080e-01 9.923409092201777026e-01
-8.192371593876443536e-02 1.371770822982111004e-01 9.871529531227718479e-01
-5.024358407862074272e-02 1.586365766505166974e-01 9.860578171729444952e-01
3.009492511184413618e-02 1.494874376203926269e-01 9.883055203106482223e-01
1.351691896323419517e-01 1.039042828339613173e-01 9.853594218269752236e-01
1.781849258333351171e-01 8.524107322272531095e-02 9.802979606434770732e-01
1.967695138023317913e-01 4.729255425508021443e-02 9.793085176541134196e-01
1.841920923812112587e-01 2.509619153418961648e-02 9.825698215776070832e-01
1.486895893374277633e-01 1.926129392206243907e-02 9.886963176725908076e-01
9.913074079949490969e-02 2.719442286897415934e-02 9.947027493646626306e-01
4.473976399597417303e-02 4.621031947577414895e-02 9.979293361212276947e-01
-4.482767598547991901e-03 7.399241372069038924e-02 9.972487290071340160e-01
-3.758586218945610818e-02 1.073480157506225552e-01 9.935107983700713907e-01
-4.344806535663035818e-02 1.400978854860343847e-01 9.891839303684426543e-01
-1.394079402064228937e-02 1.615859530078814776e-01 9.867601704834638721e-01
4.896350358721387325e-02 1.592924441157999027e-01 9.860164768217657416e-01
1.246033874448430750e-01 1.292189744443135724e-01 9.837562973016190648e-01
1.390774843294404761e-01 7.114041410432711543e-02 9.877228836236067178e-01
1.565782210386949258e-01 4.052654504396748653e-02 9.868337549168976208e-01
1.501936783199561976e-01 2.124707086040938941e-02 9.884282578784114870e-01
1.244555162140456167e-01 1.557228069316261496e-02 9.921029828388950866e-01
8.607539755385242020e-02 2.210279424788299044e-02 9.960434189443445607e-01
4.306835099226167390e-02 3.839264579639933145e-02 9.983341734568075276e-01
4.393657286568928774e-03 6.178556762957748000e-02 9.980797760743131963e-01
-2.066734525217342466e-02 8.875897683387309889e-02 9.958386942028243372e-01
-2.389691161708445630e-02 1.137273927925804978e-01 9.932245555481056254e-01
-9.136656576609055802e-04 1.287582804570521211e-01 9.916755872909154279e-01
4.462509150758928872e-02 1.261137339512180822e-01 9.910115677008793922e-01
9.811526219620216038e-02 1.041367834443213958e-01 9.897115365892161787e-01
1.010808896904411835e-01 2.301800902425525652e-02 9.946118966712466092e-01
1.184689166221738893e-01 2.827895353203677652e-03 9.929537344722005887e-01
1.171422077142631468e-01 -7.783803762999744712e-03 9.930846467298264368e-01
9.895447456632434913e-02 -7.751741553745424874e-03 9.950617681664345460e-01
6.885763346484831404e-02 1.160831725885814536e-03 9.976258210287208827e-01
3.382142266803911390e-02 1.630425242169678685e-02 9.992948927727185460e-01
1.896349868763923295e-03 3.486992995775031051e-02 9.993900599076727120e-01
-1.893679292538181028e-02 5.355076602549016518e-02 9.983855534471209880e-01
-2.232644707782521082e-02 6.801677813666702488e-02 9.974343325014284334e-01
-5.644218326208196197e-03 7.331006917732026118e-02 9.972932249627819434e-01
2.774721069762451850e-02 6.594028373728347270e-02 9.974377029566144914e-01
6.776847772341787479e-02 4.699108939943070357e-02 9.965938344903266799e-01
6.951449065334125432e-02 -4.371171383979341463e-02 9.966228081186958576e-01
8.865424894485106344e-02 -5.285435469781256390e-02 9.946591583721416940e-01
9.123213364408716552e-02 -5.221331798512204164e-02 9.944598871829262166e-01
7.753043547724806916e-02 -4.338334217991839797e-02 9.960456401169591745e-01
5.155841224662766759e-02 -2.959502406389481408e-02 9.982313683094711232e-01
1.981429078011261863e-02 -1.416753169737003208e-02 9.997032934459246789e-01
-1.002650398316588636e-02 -5.401767626807102397e-05 9.999497318867255347e-01
-3.050641883552797709e-02 9.898896809843396247e-03 9.994855527979654708e-01
-3.588458368522726843e-02 1.284699844496180535e-02 9.992733616407151187e-01
-2.374832116757020356e-02 6.761301162611277685e-03 9.996951045434677718e-01
3.482409456396005736e-03 -7.868717524282097669e-03 9.999629773688528678e-01
3.814065630051906297e-02 -2.684777953230569822e-02 9.989116512841023088e-01
4.608831431198156386e-02 -1.161897918610594049e-01 9.921571445849374227e-01
6.992206997251040890e-02 -1.145364267095498323e-01 9.909552518088152739e-01
7.592763102013211363e-02 -1.016982065846541855e-01 9.919135393900998521e-01
6.372565938609484060e-02 -8.259660141571992242e-02 9.945435343767200509e-01
3.743562402858448268e-02 -6.247820225089168594e-02 9.973439969725037546e-01
3.946357555658286040e-03 -4.557036535233247032e-02 9.989533362793810989e-01
-2.870868275415877982e-02 -3.501013981468005520e-02 9.989745250229182805e-01
-5.274985770916890832e-02 -3.321863228574579996e-02 9.980550961649518049e-01
-6.191028296791611235e-02 -4.174012395421598104e-02 9.972085433423992784e-01
-5.276758851259107097e-02 -5.999750842735260270e-02 9.968028293424701092e-01
-2.637653239781099362e-02 -8.364638656259044958e-02 9.961463549868707634e-01
1.039103393710267241e-02 -1.048399321949711055e-01 9.944348219120057175e-01
3.211778668355048938e-02 -1.832873285955846643e-01 9.825345810477638109e-01
6.424980200346930292e-02 -1.715841672301022247e-01 9.830721420620546214e-01
7.360306484662118565e-02 -1.465400111036200548e-01 9.864626774445010016e-01
6.011205905063575494e-02 -1.167930211623793152e-01 9.913354278772888994e-01
2.924831385006392351e-02 -8.969718272044800711e-02 9.955395278686695049e-01
-1.076319071516307346e-02 -7.027739725125926873e-02 9.974694186597409251e-01
-5.086917846788776426e-02 -6.178932517097874416e-02 9.967920575410156303e-01
-8.233079944610499634e-02 -6.644428814107168624e-02 9.943876487748550819e-01
-9.748309475682395697e-02 -8.512471335110856352e-02 9.915900510862700745e-01
-9.073194918979347878e-02 -1.155355027597573248e-01 9.891507776866488300e-01
-6.084726221382877331e-02 -1.498543248531764294e-01 9.868339738800602223e-01
-1.471344235902047153e-02 -1.756495929724562755e-01 9.843427934934636525e-01
3.058351179995134894e-02 -2.341916405686512714e-01 9.717092797198612075e-01
7.418319215817081869e-02 -2.140181291740433644e-01 9.740087753127971704e-01
8.625550667301547236e-02 -1.778698289216942285e-01 9.802664492513126770e-01
6.860514189632148374e-02 -1.383837475933268335e-01 9.879996320380387553e-01
2.944791694332038814e-02 -1.046314618524809281e-01 9.940749857924625621e-01
-2.090401488567051463e-02 -8.188885119565572634e-02 9.964222188467627417e-01
-7.206321965526366058e-02 -7.323873481341980352e-02 9.947074846888026567e-01
-1.141225064802729172e-01 -8.093126932885764957e-02 9.901647252652712172e-01
-1.375972701715465762e-01 -1.062569148813255343e-01 9.847722880347284935e-01
-1.336993781864071473e-01 -1.470830340110028112e-01 9.800464567452403797e-01
-9.715643703648557672e-02 -1.935827107009703008e-01 9.762614203480693975e-01
-3.434613510884882565e-02 -2.274699381566707701e-01 9.731792076683145609e-01
4.710467461955977070e-02 -2.569616018279284320e-01 9.652729587091664065e-01
1.023276104979313900e-01 -2.315383737644777506e-01 9.674290886696345071e-01
1.144026963577912670e-01 -1.875607851265891357e-01 9.755680268176851744e-01
8.942543164755106799e-02 -1.414611479446934716e-01 9.858964630206430435e-01
3.944076493818404749e-02 -1.029673826175027812e-01 9.939024822274331594e-01
-2.304693010070906281e-02 -7.667273097302809703e-02 9.967899133409401369e-01
-8.655109160861114426e-02 -6.498301609140096080e-02 9.941258049970415067e-01
-1.402543193513516029e-01 -7.025433758880718360e-02 9.876198934575957100e-01
-1.730140232833839442e-01 -9.531700268189884084e-02 9.802962902852053739e-01
-1.725088614623801198e-01 -1.411338220992848502e-01 9.748445706760582308e-01
-1.274055957380489101e-01 -1.997968849096722344e-01 9.715189236216151825e-01
-4.097244229932511805e-02 -2.467594136811511463e-01 9.682102306481966680e-01
8.799820636675138863e-02 -2.374552567612581988e-01 9.674044225208355829e-01
1.477644184746491340e-01 -2.132870637455621665e-01 9.657506433192812878e-01
1.539093084815554291e-01 -1.690165694235879479e-01 9.735221230270900694e-01
1.188337706928471044e-01 -1.229752998263480002e-01 9.852693086540035283e-01
5.790273010368662127e-02 -8.392220633457603274e-02 9.947885891637574529e-01
-1.520703637659365746e-02 -5.499437594424601283e-02 9.983708552732540875e-01
-8.862072749593656595e-02 -3.754207800897685354e-02 9.953577040624987937e-01
-1.509986520676376009e-01 -3.375932323239594357e-02 9.879573448123657453e-01
-1.899442794472652740e-01 -4.833193223514343356e-02 9.806045049009125547e-01
-1.904007027962987819e-01 -8.793924625367777193e-02 9.777598178200033185e-01
-1.350890357428156663e-01 -1.533417065013233938e-01 9.788959461910144988e-01
-2.066095492844056622e-02 -2.181311045869883947e-01 9.757007462089642980e-01
3.768486644428276633e-01 -9.996761451252604569e-02 9.208645721039933063e-01
3.957390791274106867e-01 -3.271942657020129874e-02 9.177799411493704484e-01
3.332538269868277614e-01 1.640768583003445781e-03 9.428357198776240455e-01
2.350853611875280691e-01 9.463366323701427607e-03 9.719286587261636301e-01
1.220778332523985849e-01 6.330846496343947929e-04 9.925203281706538316e-01
4.701766496481865620e-03 -1.786698466283350925e-02 9.998293175591208559e-01
-1.096134797110262932e-01 -4.145524163204340057e-02 9.931094340540034260e-01
-2.117429574475939436e-01 -6.700949080453943996e-02 9.750254602385163283e-01
-2.850572676837052066e-01 -9.326612430325176284e-02 9.539621502965276445e-01
-2.945263902088159358e-01 -1.247014600851009403e-01 9.474722958077769208e-01
-1.667801134880531055e-01 -1.729744385978282395e-01 9.707029604037276105e-01
1.920360312303164840e-01 -1.753091728882907874e-01 9.656028462108083854e-01
3.303977047786296195e-01 1.493442136411441690e-01 9.319515344313525906e-01
3.567017471792049421e-01 1.222215948100495858e-01 9.261888281130004064e-01
3.075589624287209389e-01 9.799441623989815775e-02 9.464695341190919597e-01
2.216918563813101151e-01 7.320795761094125997e-02 9.723648059018382694e-01
1.178625968757299608e-01 4.928619945639043515e-02 9.918060691489667402e-01
6.228201158549917169e-03 2.910229764195184157e-02 9.995570347821267632e-01
-1.055288011668035902e-01 1.657059932322355392e-02 9.942781740349927455e-01
-2.076822607382703134e-01 1.729439524275004636e-02 9.780434461046279004e-01
-2.822620528149200614e-01 3.881047366339775151e-02 9.585519707739454942e-01
-2.916377378467958081e-01 8.692678645139768900e-02 9.525708181867165170e-01
-1.637551680317523572e-01 1.499324916532721319e-01 9.750407647321520654e-01
1.579274867454370235e-01 1.813710491990502827e-01 9.706510451458481015e-01
2.310726388678910337e-01 2.720040075014312220e-01 9.341409184215067052e-01
2.742167531604564612e-01 2.114730198846403175e-01 9.381281011391484626e-01
2.510098120174107383e-01 1.572499249242822750e-01 9.551264499437810418e-01
1.888767076735849149e-01 1.142245365588538952e-01 9.753349909371534787e-01
1.047317262381880359e-01 8.286138878351974324e-02 9.910425095664990858e-01
9.594615472848740112e-03 6.425305089139440873e-02 9.978875131021297529e-01
-8.718256710227784145e-02 6.153563767735018009e-02 9.942899804829391508e-01
-1.739066239462891961e-01 8.003769783687049444e-02 9.815041788360641117e-01
-2.312589545745198372e-01 1.257203080682930130e-01 9.647350413808736258e-01
-2.262533964076434423e-01 1.985610317494586052e-01 9.536157073395036265e-01
-1.170179939611662168e-01 2.771854190291564435e-01 9.536640040216611824e-01
8.978567495154760048e-02 3.126134631934143204e-01 9.456274928342055519e-01
1.466488657088871606e-01 2.720518709147861647e-01 9.510425278179399644e-01
1.939056895518308232e-01 2.183785945762872216e-01 9.564054438313316364e-01
1.904256967669499256e-01 1.648491664116472355e-01 9.677617508170309746e-01
1.507455522791200930e-01 1.219218725575338946e-01 9.810254000075551151e-01
8.801280529161520372e-02 9.245589966882765409e-02 9.918193649658081368e-01
1.314534719665725292e-02 7.792005468565907367e-02 9.968729432204308516e-01
-6.345274168619899346e-02 8.083379527637547801e-02 9.947058093294890435e-01
-1.294999520008945082e-01 1.045701627097270631e-01 9.860501222061034410e-01
-1.682164923988730965e-01 1.508317097009031216e-01 9.741421903570791629e-01
-1.578993960637879168e-01 2.140493463827412568e-01 9.639764820968071968e-01
-8.155915506823212258e-02 2.742758691417298555e-01 9.581862302450497859e-01
4.357537957496622483e-02 2.999491269270257998e-01 9.529594469601294637e-01
9.860241728430303720e-02 2.050092321741230350e-01 9.737806621766788018e-01
1.393574139830674463e-01 1.689616841037328010e-01 9.757209951993759400e-01
1.444086856315516532e-01 1.307495400436397281e-01 9.808418268469607515e-01
1.194623091619377159e-01 9.926889478131402378e-02 9.878635752059532482e-01
7.353783485386543306e-02 7.789541727198853738e-02 9.942456893610488455e-01
1.639546566402991928e-02 6.840933405552035440e-02 9.975226071220657520e-01
-4.169322250368783650e-02 7.282237551291144417e-02 9.964730687890447358e-01
-8.939678586029002616e-02 9.286606535665056783e-02 9.916572535827293811e-01
-1.139870933747057502e-01 1.277427792125981343e-01 9.852353652314690402e-01
-1.030901159680079476e-01 1.709202619633858888e-01 9.798768759593078359e-01
-5.154418695922344945e-02 2.082721681065268504e-01 9.767117797911204491e-01
2.693213074922343533e-02 2.224258378923286428e-01 9.745775530818850951e-01
8.210345942323260537e-02 1.085264789679596109e-01 9.906972420035097260e-01
1.140084048997775240e-01 9.066572320370577809e-02 9.893340235977496899e-01
1.198133566613047846e-01 7.177250498601592255e-02 9.901987008138347646e-01
1.013495897013162450e-01 5.599483010785906434e-02 9.932737989439582860e-01
6.504376612351078779e-02 4.500803102107443082e-02 9.968668846100510184e-01
1.952780051176182530e-02 4.006408837966906472e-02 9.990062731683094777e-01
-2.553935283462992548e-02 4.272759797160892437e-02 9.987602784593717642e-01
-6.016380436621537181e-02 5.406006361383276781e-02 9.967235455059971772e-01
-7.492741245795661587e-02 7.300261145746651803e-02 9.945131982947680305e-01
-6.305556739347958906e-02 9.502706119170042931e-02 9.934756429132397537e-01
-2.437603934532201616e-02 1.124623938334051443e-01 9.933569442446666953e-01
3.050129382420893598e-02 1.177616550735548079e-01 9.925733543014809701e-01
8.813494749580831622e-02 2.329449439208018408e-03 9.961058200286877495e-01
1.136664057266512512e-01 2.285126322606349791e-03 9.935163443078912637e-01
1.164170753981944861e-01 3.037405389826888184e-03 9.931957705931598879e-01
9.771891678147907878e-02 3.439988134154650223e-03 9.952081087815315419e-01
6.350887044511104029e-02 2.548712590258489074e-03 9.979780195169150048e-01
2.219895784814013631e-02 6.251896531569086117e-04 9.997533772926597839e-01
-1.680479010036791190e-02 -1.079148859824618232e-03 9.998582071812011085e-01
-4.428501530442145728e-02 -1.368795706982879699e-03 9.990179997467574236e-01
-5.257885177182449604e-02 -9.219663322593114559e-05 9.986167712620918069e-01
-3.760247711414954619e-02 1.737544918455120923e-03 9.992912661745810832e-01
-1.548791629657334402e-03 2.866919597817020170e-03 9.999946909941430651e-01
4.544167802856964589e-02 2.909021104061025771e-03 9.989627578115193307e-01
1.102319146115453008e-01 -1.024614483528839964e-01 9.886104271158493439e-01
1.336814640414971389e-01 -8.357066528982377840e-02 9.874944101485013670e-01
1.316679605240743123e-01 -6.317107052944853640e-02 9.892790122201993164e-01
1.072764184873054166e-01 -4.744864235653786788e-02 9.930963681208816451e-01
6.800231032449062518e-02 -3.977770588639815974e-02 9.968918797467328785e-01
2.326204744252953482e-02 -4.068165995887767367e-02 9.989013363148719904e-01
-1.704606591988417491e-02 -4.895767806305019454e-02 9.986553847026307107e-01
-4.353150012998163731e-02 -6.287289592074615796e-02 9.970717163047089215e-01
-4.854930144885203497e-02 -8.045206435236941511e-02 9.955754269115555388e-01
-2.832069873331363383e-02 -9.846127027199116921e-02 9.947378128330172098e-01
1.391143442012284480e-02 -1.113406794847414533e-01 9.936849224397705793e-01
6.586582306686107613e-02 -1.131020392339922714e-01 9.913978122190942877e-01
1.451222686591832345e-01 -1.968671520161658084e-01 9.696302654084698602e-01
1.712578130832474732e-01 -1.563722599710762884e-01 9.727376202088565682e-01
1.631486150992375317e-01 -1.160197025881949118e-01 9.797560706637518102e-01
1.280469902408938598e-01 -8.649445241574199583e-02 9.879892094510113187e-01
7.702559004548233113e-02 -7.249463189959656773e-02 9.943900576855195794e-01
2.155540437643066465e-02 -7.445469499169039829e-02 9.969914056480098097e-01
-2.742703990959078145e-02 -9.083612848602475032e-02 9.954880989963945659e-01
-5.956587500080129383e-02 -1.194355444100746733e-01 9.910535087809417831e-01
-6.551894000043180510e-02 -1.567889864079123341e-01 9.854564841951221066e-01
-3.907251433907080879e-02 -1.954925687787839317e-01 9.799265248862815136e-01
1.760286391269423947e-02 -2.221212438051419491e-01 9.748601398316790734e-01
8.782500867625499252e-02 -2.227699225637379821e-01 9.709069623049187969e-01
1.921880317545058559e-01 -2.695079810928420194e-01 9.436255658773818888e-01
2.251231171666483732e-01 -2.042840586565210226e-01 9.526739240140011944e-01
2.085528972003128367e-01 -1.446886742895366340e-01 9.672491285090099034e-01
1.577710075848539062e-01 -1.044787315252383719e-01 9.819330444713467720e-01
8.930923938671021800e-02 -8.739397929244757668e-02 9.921623617855253041e-01
1.700396055940462531e-02 -9.228693354213021727e-02 9.955872574630544314e-01
-4.738250272729349621e-02 -1.168301277738161420e-01 9.920209774392827473e-01
-9.242982955679598933e-02 -1.588535849895088004e-01 9.829660549298285810e-01
-1.058129483768954354e-01 -2.148905395847797439e-01 9.708891161985203633e-01
-7.532780386809909134e-02 -2.752181485664136340e-01 9.584261539963047083e-01
3.239847775659257002e-03 -3.178461757175014002e-01 9.481367580514574733e-01
1.085721513594796322e-01 -3.155828094538983275e-01 9.426662072687344018e-01
2.523651667473794658e-01 -3.015745914633043978e-01 9.194371041002808997e-01
2.924091307541555884e-01 -2.114350412096977494e-01 9.326264652047564496e-01
2.627586992843190528e-01 -1.380316438916851240e-01 9.549372394220138061e-01
1.922365801635005089e-01 -9.416995911284622989e-02 9.768198994941702518e-01
1.033478953902522424e-01 -7.903790869234902927e-02 9.914999856317412430e-01
1.112684113481720444e-02 -8.830657668810637517e-02 9.960311952543892122e-01
-7.307195021545821734e-02 -1.185124960258718552e-01 9.902602074088848738e-01
-1.376722700139359490e-01 -1.680448344274096673e-01 9.761184762577473917e-01
-1.673778466889791205e-01 -2.355719291254343151e-01 9.573351151221751731e-01
-1.407764475826811246e-01 -3.139073661462828402e-01 9.389590817948201273e-01
-3.667110198307094865e-02 -3.763265496522816833e-01 9.257610697725557891e-01
1.276428318062715062e-01 -3.718425335536755805e-01 9.194783508756796397e-01
3.233147802893561740e-01 -2.599799284585675996e-01 9.098780081115940277e-01
3.606254922608456703e-01 -1.578105715203852732e-01 9.192633343324554396e-01
3.123114715584174306e-01 -8.762423983575902409e-02 9.459299854250089457e-01
2.224517909775642344e-01 -5.340432480760477774e-02 9.734799323985942054e-01
1.159711745247965220e-01 -4.716429747983059279e-02 9.921321563796261511e-01
6.392051106366960535e-03 -6.144712494159863120e-02 9.980898719649695661e-01
-9.689443287241203406e-02 -9.180688204271386654e-02 9.910514443197522283e-01
-1.834949861806465521e-01 -1.367800454934565979e-01 9.734581702371964962e-01
-2.368224093697348653e-01 -1.974208740430125064e-01 9.512834198662893925e-01
-2.266132784931715327e-01 -2.746621744184428726e-01 9.344555163057784997e-01
-1.031184146845114530e-01 -3.526585803025911181e-01 9.300529653153528642e-01
1.521558350986825514e-01 -3.509240733390329714e-01 9.239593587364316463e-01
6.833177823754698066e-01 2.230734661231217331e-01 6.952086283997497285e-01
5.608025784009408321e-01 2.889258532530784018e-01 7.759009726640300197e-01
4.173904551143138297e-01 2.471021618913996631e-01 8.744859802009768979e-01
2.747857431284532748e-01 1.691035569693263574e-01 9.465182419760947985e-01
1.359332671177362895e-01 7.884638845974997756e-02 9.875755130203816012e-01
9.122595182628522384e-04 -1.775789247627540535e-02 9.998419000209428642e-01
-1.301100209606844416e-01 -1.208797414283731414e-01 9.841033840801699517e-01
-2.536498501396144967e-01 -2.320139985283163064e-01 9.390587085006878443e-01
-3.561774678221367174e-01 -3.505304999518520370e-01 8.661789538076392070e-01
-3.934303224995968074e-01 -4.708465963091624240e-01 7.896303338157799612e-01
-2.048871532274356144e-01 -5.690821130973834352e-01 7.963459066227667194e-01
6.119901154276382593e-01 -1.070280983129087982e-01 7.835898702702378538e-01
3.308647345591200217e-01 5.877019561813275894e-01 7.383325389862567256e-01
3.695756067942094214e-01 4.710851762462958114e-01 8.009323489430923981e-01
3.128036775383760126e-01 3.479848346080237076e-01 8.837762240530401270e-01
2.175050696710946196e-01 2.323477022759462829e-01 9.480011022748416893e-01
1.035198681414373906e-01 1.272415524348824989e-01 9.864548769375199866e-01
-2.210725816418596112e-02 3.184850143270192419e-02 9.992481884361846811e-01
-1.575631244105296369e-01 -5.409548908092384756e-02 9.860261354989833249e-01
-3.022436285317824933e-01 -1.261584011595158206e-01 9.448454089578623982e-01
-4.520772018856399344e-01 -1.668202299165396640e-01 8.762403862102177143e-01
-5.847349519754478919e-01 -1.250172139343702360e-01 8.015333630974660339e-01
-5.823688331484911940e-01 1.141257682534980861e-01 8.048738107293320621e-01
1.853093015137619731e-02 6.136350456164517686e-01 7.893723046946702349e-01
6.061382025002906571e-02 6.057794133395963954e-01 7.933204063735652678e-01
1.796775643151922452e-01 4.971017503578693542e-01 8.488850467953741319e-01
1.943798707402754344e-01 3.690956736360635482e-01 9.088370863659517296e-01
1.487113866489002678e-01 2.521911848788696009e-01 9.561822680588074608e-01
6.778938565358329227e-02 1.524621087616133130e-01 9.859816958668765619e-01
-3.593761767550605890e-02 7.062295930814405098e-02 9.968554986829671893e-01
-1.565871350456530253e-01 9.274421144622993843e-03 9.876206023826279434e-01
-2.895691679915933237e-01 -2.268910033124742209e-02 9.568881343579083154e-01
-4.235764275791505939e-01 -4.488066845720402320e-03 9.058492519483170025e-01
-5.221677442945816816e-01 1.011439205599573010e-01 8.468239215751326432e-01
-4.887151755140573539e-01 3.263693343096883415e-01 8.090985940196067094e-01
-2.039539135465941178e-01 5.929719892969071982e-01 7.789653529255766706e-01
-4.416460132711277214e-02 4.814594415244997649e-01 8.753549532370741293e-01
6.847583530039789979e-02 4.169590081119508573e-01 9.063422342218312444e-01
1.090858610774924214e-01 3.226332470776546169e-01 9.402170296231001645e-01
9.396313626822683229e-02 2.297637066340789680e-01 9.686999370994475722e-01
4.080133879967743488e-02 1.497336591181024357e-01 9.878841440570662602e-01
-3.782304556595683653e-02 8.726309237735883906e-02 9.954670109718577464e-01
-1.331349915751120772e-01 4.762959388703166819e-02 9.899527745323363215e-01
-2.362844495205069506e-01 3.981699431821490026e-02 9.708677901125833953e-01
-3.318566711815748027e-01 7.723044670229087250e-02 9.401630751600427160e-01
-3.887542116115802471e-01 1.728352214682768451e-01 9.049851651681375397e-01
-3.580627808133288736e-01 3.196399843361946713e-01 8.772806423315513413e-01
-2.146643553278862748e-01 4.576529104953849236e-01 8.628285044357679734e-01
-4.722898184146815531e-02 3.304284083380897297e-01 9.426486568375247455e-01
3.326047191394585628e-02 2.981356776314305068e-01 9.539438446426642404e-01
7.038262408681500437e-02 2.411853108428626546e-01 9.679235156044050381e-01
6.598863742170615887e-02 1.794860504787249011e-01 9.815448320961785988e-01
2.970657554778890347e-02 1.234916062623993283e-01 9.919008733496195163e-01
-2.819117272817550993e-02 7.958337580252335119e-02 9.964294977949087473e-01
-9.818936613826784177e-02 5.409699436545997719e-02 9.936963135575241912e-01
-1.700837951091136169e-01 5.435536515006690605e-02 9.839293658188593694e-01
-2.300026082719651144e-01 8.705865461171020947e-02 9.692881877157972781e-01
-2.580716888836476763e-01 1.532750330534795036e-01 9.538898089607089625e-01
-2.329034574360880072e-01 2.396011509896383840e-01 9.425217599390822709e-01
-1.510332991953944048e-01 3.120133354480221222e-01 9.379960666425208871e-01
1.276777746829265900e-04 1.855951009972028054e-01 9.826262983372729964e-01
5.063887544814993369e-02 1.761782839463751360e-01 9.830548899014602826e-01
7.296977115551635251e-02 1.504900355047525951e-01 9.859148856322855758e-01
6.600176188273078337e-02 1.171186696415573297e-01 9.909222899146510333e-01
3.566662069644778443e-02 8.242042222170864463e-02 9.959592191294971419e-01
-9.522417186065534542e-03 5.215778518731287866e-02 9.985934553237066913e-01
-6.035888219809178862e-02 3.257740741803297202e-02 9.976449858870524157e-01
-1.071672003689352615e-01 2.974300092252365330e-02 9.937960278956083915e-01
-1.394017388093486687e-01 4.746217104118535118e-02 9.890978200041120605e-01
-1.461688730533449998e-01 8.429752166132550850e-02 9.856614978744929756e-01
-1.200431231864946963e-01 1.307774695731216408e-01 9.841173212719399599e-01
-6.483526622628124625e-02 1.699858637761910152e-01 9.833113415240350985e-01
7.434055751197418682e-02 5.404538790401310772e-02 9.957673310343813089e-01
1.025996263969908284e-01 6.569592047974429083e-02 9.925509370785283725e-01
1.070333550947183271e-01 6.608592128604758031e-02 9.920567080084817801e-01
8.915407134748611073e-02 5.545769489308687017e-02 9.944727224208981253e-01
5.527698703670137770e-02 3.619624029224070838e-02 9.978147558004448747e-01
1.381280411317080750e-02 1.285753270393425254e-02 9.998219292930488056e-01
-2.616291626641121734e-02 -8.605942003011800984e-03 9.996206478332971823e-01
-5.568228257303234341e-02 -2.236096001666785724e-02 9.981981120371552496e-01
-6.678742672379596457e-02 -2.433716549994179718e-02 9.974703714933349508e-01
-5.437017686826394608e-02 -1.345247316836576355e-02 9.984302253200751931e-01
-1.931260388601818700e-02 7.714680344352577504e-03 9.997837301329463022e-01
2.886901795206912869e-02 3.293340727508371757e-02 9.990405249476458360e-01
1.672880679043151908e-01 -6.201534628945772759e-02 9.839556896331217439e-01
1.794571369813485195e-01 -2.580198816660338526e-02 9.834273706752607591e-01
1.641781220310823686e-01 -1.672619450919242239e-03 9.864292912268652902e-01
1.287375212329457952e-01 4.976279106806231513e-03 9.916662176726398492e-01
8.274918937236318273e-02 -5.621822349195148769e-03 9.965545478153350345e-01
3.604198725192446495e-02 -2.930945543616986226e-02 9.989203827017979487e-01
-1.787259354602674941e-03 -6.004165807584077585e-02 9.981942721732776080e-01
-2.164231485279075051e-02 -9.142990636835274243e-02 9.955763066833326347e-01
-1.619495107401707282e-02 -1.171937526453935979e-01 9.929770127755738196e-01
1.697018241219068815e-02 -1.306228664199759470e-01 9.912868806139373268e-01
7.076777124965505372e-02 -1.252274902682185276e-01 9.896009287757843165e-01
1.274320789025811251e-01 -9.953538928756062998e-02 9.868402968797533870e-01
2.778985699494763706e-01 -1.576768268287526698e-01 9.475813437913173098e-01
2.768479542116557557e-01 -8.973790716816446023e-02 9.567143347237507811e-01
2.380500869892623605e-01 -4.277157952221031373e-02 9.703106451387202291e-01
1.780643178536374660e-01 -2.458904897991819744e-02 9.837115824150793886e-01
1.118485458188413911e-01 -3.389479587633388580e-02 9.931470412836721495e-01
5.128239662249518827e-02 -6.523596093257995332e-02 9.965512456455571932e-01
6.732374844915949008e-03 -1.120636803433144590e-01 9.936782208928525151e-01
-1.153788454340236302e-02 -1.674845364203527698e-01 9.858071856504920794e-01
5.987291758985981323e-03 -2.224846162449256037e-01 9.749178159577016611e-01
6.333749228642081286e-02 -2.623202086229219354e-01 9.629000312694148134e-01
1.492270744165734853e-01 -2.670034104378469775e-01 9.520716669849742519e-01
2.317658999068700210e-01 -2.262456738498765385e-01 9.460959056589035576e-01
4.072103101344610732e-01 -2.198201092201095830e-01 8.864868204900447912e-01
3.910126831393468949e-01 -1.114262754783022502e-01 9.136154917456182911e-01
3.216210452472066383e-01 -4.498121931803304024e-02 9.457994465860082300e-01
2.299904168913187996e-01 -2.390124337795197090e-02 9.728993466454012307e-01
1.369117459980341567e-01 -4.062331565430195995e-02 9.897499280286586876e-01
5.516623365144703028e-02 -8.639885762110900702e-02 9.947320865772780740e-01
-5.061721426258573506e-03 -1.543382413049145252e-01 9.880051043629065610e-01
-3.198680477048540527e-02 -2.384211337433949363e-01 9.706349505890968787e-01
-1.071784225386495856e-02 -3.286807100925761005e-01 9.443802828682551498e-01
7.191043856938027223e-02 -4.018401601629456588e-01 9.128819061112928290e-01
2.079427436925033734e-01 -4.159452976155914028e-01 8.852961791045177442e-01
3.423655699075233150e-01 -3.407691997982675858e-01 8.755924674246862160e-01
5.516839158018354006e-01 -2.190556829651777448e-01 8.047729274808398392e-01
5.095561201597947898e-01 -6.715156514261504117e-02 8.578130493916523713e-01
4.006632910136103121e-01 4.910971477746674772e-03 9.162122077298939793e-01
2.741313115351470264e-01 1.357222542320621513e-02 9.615964947591278955e-01
1.526145216968589347e-01 -2.098065776942020788e-02 9.880630646708312703e-01
4.616319363624397931e-02 -8.602507718958271599e-02 9.952229125416313105e-01
-3.753575824185011178e-02 -1.755684837549298938e-01 9.837513783294614678e-01
-8.650324757524471830e-02 -2.868419730978070126e-01 9.540643954306295971e-01
-7.926579872217891232e-02 -4.135700507485243205e-01 9.070152955033740083e-01
1.644859539508506177e-02 -5.301156432577046607e-01 8.477657981323307723e-01
2.207812385368733421e-01 -5.644851882991293035e-01 7.953691701978191642e-01
4.558614208774304233e-01 -4.237544979742229323e-01 7.827020444601708871e-01
6.837223056054861914e-01 -9.678954737434253275e-02 7.232949552820450156e-01
5.931617491998577574e-01 6.981982503070965906e-02 8.020500803060026662e-01
4.455390042327516675e-01 1.112167027578323669e-01 8.883275526149209123e-01
2.943731351203145996e-01 8.485078916225999301e-02 9.519163833541142150e-01
1.534760635176430632e-01 2.295272484312251005e-02 9.878857577419770664e-01
2.625665696453402878e-02 -6.151431015607571051e-02 9.977607817563569625e-01
-8.409478403651947376e-02 -1.654415633043638811e-01 9.826276794541243254e-01
-1.685796316662124816e-01 -2.902236180156508860e-01 9.419931843347276734e-01
-2.043419195554034840e-01 -4.367890634667890848e-01 8.760477692160499874e-01
-1.396464036384661156e-01 -5.924197544079282673e-01 7.934341286699965190e-01
1.209128743465777978e-01 -6.770102231111880808e-01 7.259733015890619257e-01
5.639557444561587030e-01 -4.163215242584275000e-01 7.131832210127223570e-01
6.175196393061458400e-01 7.864956801180066348e-01 -9.697434025177358030e-03
4.905617558166984749e-01 7.252906874254883007e-01 4.830140603170925973e-01
3.600181765726030436e-01 5.417604430408410332e-01 7.595278368127764690e-01
2.326128528050364908e-01 3.466864655391720396e-01 9.086802272096530242e-01
1.115506079808602086e-01 1.588965040268864315e-01 9.809731713288888377e-01
-2.986538308308170613e-03 -2.654975473465343710e-02 9.996430318431757112e-01
-1.114376294138143403e-01 -2.215914798199078717e-01 9.687511913912617567e-01
-2.086634122707632377e-01 -4.393176403548447184e-01 8.737617474189710576e-01
-2.730429795560312956e-01 -6.865186924033073179e-01 6.738988175506077649e-01
-2.427464584560953265e-01 -9.293617530519441283e-01 2.781382549582359642e-01
4.426711235817230167e-02 -8.960130550820637474e-01 -4.418156039412510783e-01
6.507783471640667949e-01 2.905797753876763756e-01 -7.014634252747207199e-01
-5.540146815399256408e-02 9.907420391423150674e-01 1.239390543866969452e-01
1.449522170652802755e-01 8.315496717988062336e-01 5.362033178740195360e-01
1.776893578525585993e-01 6.028241035110084578e-01 7.778364817441200119e-01
1.337577483357172692e-01 3.866001914266897210e-01 9.124961132789283225e-01
5.309247510868934927e-02 1.924384894054394501e-01 9.798717349134217214e-01
-4.984175096056776832e-02 1.290691557091892122e-02 9.986737261946856403e-01
-1.731449890007588643e-01 -1.622548342126720888e-01 9.714392320462159613e-01
-3.205993276758787869e-01 -3.396218344192294403e-01 8.842358738930513606e-01
-4.987508865130810820e-01 -5.101778621807232517e-01 7.006897331510886229e-01
-7.161000403354121913e-01 -6.034268732868005580e-01 3.508229479765206937e-01
-9.227614330411486598e-01 -3.233341849982159233e-01 -2.096815263756381109e-01
-5.659410924966125078e-01 7.164301993920348943e-01 -4.079686865713254562e-01
-3.668566971349397909e-01 8.055343621763831896e-01 4.653284379020660166e-01
-9.479680273555342318e-02 7.265847727832742686e-01 6.805057928853255333e-01
2.364267993342454230e-02 5.500818789972747869e-01 8.347759879659226723e-01
4.189241136160999635e-02 3.659048852690722220e-01 9.297089011117741775e-01
4.338020295357521584e-04 1.976709267499884848e-01 9.802683390447404221e-01
-8.127511131693268553e-02 4.709656039573462127e-02 9.955783596881340181e-01
-1.981120485612537785e-01 -8.733200558765373545e-02 9.762810748011515605e-01
-3.528824717304951952e-01 -2.004578426670522717e-01 9.139423474480840026e-01
-5.491369337895513070e-01 -2.672640534157976755e-01 7.918450313667133589e-01
-7.726425108858966384e-01 -2.180210194744673369e-01 5.962301446917892545e-01
-9.272240167111208686e-01 7.246016455908108056e-02 3.674304660559131186e-01
-7.571533996748280870e-01 5.880468361900015317e-01 2.844637899761092159e-01
-3.758767343296313679e-01 5.687063545573264323e-01 7.316349929273309183e-01
-1.727206846631980375e-01 5.433191538211326055e-01 8.215667119476941505e-01
-5.366645189598470700e-02 4.347148922453294428e-01 8.989676714993032336e-01
-1.320591909260383605e-02 3.039044291713334234e-01 9.526109917648055703e-01
-3.024738549267446883e-02 1.774974016916858188e-01 9.836563261949676784e-01
-8.957964245851893215e-02 6.505430975961311313e-02 9.938528182979683434e-01
-1.841235258561981780e-01 -2.714017032505430804e-02 9.825283397342686742e-01
-3.109516253173234546e-01 -8.802464185175160050e-02 9.463407151440884624e-01
-4.626414739577410229e-01 -9.538515318683388200e-02 8.813991939670713371e-01
-6.108070521588186974e-01 -1.394602040988460710e-02 7.916566513002264438e-01
-6.855602422954379938e-01 1.819281655805148057e-01 7.049179361829344126e-01
-5.962204817760743403e-01 4.353068866039507268e-01 6.745584122860522891e-01
-2.684412029631846885e-01 3.700538100811311404e-01 8.893815256660101420e-01
-1.432106356372614686e-01 3.661390898591265763e-01 9.194742414648787721e-01
-5.857925140515939794e-02 3.081819351130431484e-01 9.495221778214849584e-01
-2.415113744402101748e-02 2.268158885990562146e-01 9.736381644323108819e-01
-3.274914801911654044e-02 1.413869088406856100e-01 9.894125708279692955e-01
-7.485237092469593234e-02 6.341932099582388294e-02 9.951759202732274323e-01
-1.431422769568674869e-01 2.726879019446105945e-03 9.896983644921293344e-01
-2.311678290749138165e-01 -2.914074975632244269e-02 9.724773784023746925e-01
-3.280311295748998823e-01 -1.817605185132991144e-02 9.444920376417565988e-01
-4.107242904568160768e-01 4.784322701164202274e-02 9.105034776747410463e-01
-4.418217820925966488e-01 1.652643027548949817e-01 8.817489569619758605e-01
-3.890778070985684844e-01 2.950938176069214380e-01 8.726615030087380154e-01
-1.247535358517083276e-01 2.130668988135184239e-01 9.690402736327813349e-01
-5.736985333040820617e-02 2.218726340895295357e-01 9.733864772899969431e-01
-1.246389579278984854e-02 1.981702836029322068e-01 9.800883582608598266e-01
2.499159494582051892e-03 1.536385298463883442e-01 9.881239579874239176e-01
-9.577599886054180556e-03 9.926547800271846855e-02 9.950148915756710233e-01
-4.218064315022035382e-02 4.516413267150826832e-02 9.980886706418025112e-01
-8.843105962818657850e-02 1.710236756230717765e-03 9.960808314507104688e-01
-1.412435252960564658e-01 -2.062469284255071672e-02 9.897600156639599911e-01
-1.914986689455432933e-01 -1.301922215856414489e-02 9.814065210942403139e-01
-2.259622878919399225e-01 2.802553575183341916e-02 9.737328246478411664e-01
-2.288545900933531552e-01 9.507955256706183966e-02 9.688062010934456181e-01
-1.914146019740992355e-01 1.663059510054024914e-01 9.673173113363926490e-01
3.307150845328754585e-02 9.011084574033402517e-02 9.953824947267863044e-01
5.897193999329813224e-02 1.142996233068946238e-01 9.916944622237586771e-01
6.638253972015455140e-02 1.155554359876825310e-01 9.910803699164667524e-01
5.563893698306215246e-02 9.539980963832314642e-02 9.938828829456345382e-01
3.146338991015739522e-02 5.945746855576219958e-02 9.977348668501960782e-01
2.518309562748193464e-04 1.624887704557499007e-02 9.998679465688142809e-01
-3.123517286850645280e-02 -2.406735210815734438e-02 9.992222608300164177e-01
-5.631211578952618341e-02 -5.145670915437400295e-02 9.970863316174644053e-01
-6.871611585548954848e-02 -5.805452006746183308e-02 9.959456652456716297e-01
-6.367946918371976406e-02 -4.033010282087527709e-02 9.971551574409651675e-01
-4.031854000275655187e-02 -1.437490177710662410e-03 9.991858430512294831e-01
-4.244080780121141198e-03 4.742593832196859843e-02 9.988657408043768449e-01
2.043751893623242943e-01 -2.983896826316776926e-03 9.788880826391302969e-01
1.963102389898469524e-01 4.434715013349874863e-02 9.795384731305485371e-01
1.659227277284523183e-01 6.614510978416617004e-02 9.839179197853422654e-01
1.240050153730021115e-01 5.961125704821459981e-02 9.904894013543896758e-01
8.021158250805880685e-02 2.919561229242158273e-02 9.963501986020203427e-01
4.247865659604794369e-02 -1.654068816485104038e-02 9.989604443464490391e-01
1.801513309244198030e-02 -6.726212540129118678e-02 9.975726848037198558e-01
1.367847902808209254e-02 -1.123225247521515424e-01 9.935776515425980282e-01
3.442527347591357867e-02 -1.413477549671789679e-01 9.893612650147963761e-01
7.914332762132814114e-02 -1.447220259524809594e-01 9.863021184693675503e-01
1.357256222826264125e-01 -1.168846401632781667e-01 9.838274931866088924e-01
1.830336043591107853e-01 -6.346944475314401923e-02 9.810557217906097360e-01
3.945956284546880410e-01 -6.122231990610964986e-02 9.168130221313679495e-01
3.509693416548119727e-01 1.961693695254059303e-02 9.361814444875833363e-01
2.769049677437558921e-01 5.810532519658693357e-02 9.591388898500030624e-01
1.967746860813850973e-01 5.376316368979739552e-02 9.789735671342590928e-01
1.261647864092999005e-01 1.530734123298000716e-02 9.918911895841617810e-01
7.437276059520443738e-02 -4.641254688404378853e-02 9.961498722448484111e-01
4.905131428418587486e-02 -1.207167460249022328e-01 9.914743747551495456e-01
5.867187120329035027e-02 -1.962918358566811960e-01 9.787886016425287883e-01
1.106402813931379736e-01 -2.580297988283958288e-01 9.597808869996612424e-01
2.025650352645186059e-01 -2.838898676204771876e-01 9.372160634298095649e-01
3.086809828819595536e-01 -2.519063814903841347e-01 9.172018457086313914e-01
3.825817309561405644e-01 -1.649907709108952014e-01 9.090705498764559689e-01
6.048065535808638815e-01 -6.295011923364217388e-02 7.938805421686829789e-01
5.140161345320202191e-01 5.974886165485489981e-02 8.556970766408920070e-01
3.861658154830351353e-01 1.042121697953819898e-01 9.165237512573461975e-01
2.616938149615989917e-01 8.545920735827534920e-02 9.613600111760135514e-01
1.595172899389485366e-01 2.361723076251087683e-02 9.869125901626236708e-01
8.753734732045290179e-02 -6.678718770142487438e-02 9.939198581288940515e-01
5.264131279743186620e-02 -1.761787059257607924e-01 9.829496201562113455e-01
6.632938961144524415e-02 -2.948122902236524068e-01 9.532502953615769048e-01
1.444743067287864169e-01 -4.033755943437927205e-01 9.035570289600042271e-01
2.941099339528430723e-01 -4.603875395078197985e-01 8.375814349758434751e-01
4.786700052266683048e-01 -4.090763052541931399e-01 7.768729642458405138e-01
6.024810678618478521e-01 -2.452364617626113796e-01 7.595232983195848719e-01
8.107493015411451065e-01 4.093471015339714136e-02 5.839605462316814766e-01
6.521846367900516750e-01 1.958840344592614469e-01 7.323145803403557919e-01
4.662787302188107774e-01 2.161389436526607588e-01 8.578275483931140366e-01
3.017236959072320812e-01 1.574381186245450703e-01 9.403063597210765678e-01
1.714237597889971820e-01 5.622019567383711169e-02 9.835919805377338898e-01
7.721446779987510556e-02 -7.176263959921258540e-02 9.944285039760070166e-01
2.313803480242469443e-02 -2.218454098820842046e-01 9.748072863185888171e-01
2.345481593027809106e-02 -3.906325982373028971e-01 9.202478170604114771e-01
1.077927818581311536e-01 -5.607836037521387595e-01 8.209156265671418984e-01
3.128067463430104778e-01 -6.705901990526906831e-01 6.726520083793267046e-01
6.178028310113667931e-01 -5.909481417350325172e-01 5.187484513463538338e-01
8.332655844917210564e-01 -2.692014367010596709e-01 4.829068773372278689e-01
9.046798330246119679e-01 3.272876505319129437e-01 2.728318044654470809e-01
6.808807753895234072e-01 4.448589847785491269e-01 5.818091210756924925e-01
4.699116986681590169e-01 3.830655890435155086e-01 7.952633211367923227e-01
2.955971702324374784e-01 2.566346347089303315e-01 9.201961623580336980e-01
1.552660670800981857e-01 1.068920789467418392e-01 9.820725695548215839e-01
4.428409148001323514e-02 -5.776894121198412890e-02 9.973473159701760071e-01
-3.684810076652943883e-02 -2.417282381653711731e-01 9.696440977716926923e-01
-7.510694156114812448e-02 -4.518703987738413308e-01 8.889162446718184007e-01
-3.285313398078350960e-02 -6.835327077929855832e-01 7.291801622128883942e-01
1.673140197491373993e-01 -8.764247899949525467e-01 4.515369378883355433e-01
6.011458642339839731e-01 -7.950164834816587645e-01 8.107059212006546833e-02
9.884929778495697983e-01 -1.509578650529805888e-01 -9.662076422754548727e-03
2.869403396387841254e-01 8.806730007902238144e-01 -3.769354151139098219e-01
2.517721081850818332e-01 9.402294696255575346e-01 2.293018752377655178e-01
1.914354686732316901e-01 7.418271794102657690e-01 6.426856908490408138e-01
1.224918663677491415e-01 4.782550302507020401e-01 8.696366302736534548e-01
5.738422482674263719e-02 2.165559382764585816e-01 9.745822573482967321e-01
-1.510904330122978575e-04 -3.940578441591379572e-02 9.992232790153084965e-01
-4.910741200511284377e-02 -3.057559251253839649e-01 9.508426664474680656e-01
-8.218789313260722873e-02 -5.938853389588573117e-01 8.003407739157040179e-01
-7.583970449065857711e-02 -8.742493391473995512e-01 4.795168737629028621e-01
9.859984879740747721e-03 -9.965899094955676940e-01 -8.192272572073074077e-02
1.785561284140023408e-01 -6.353576108691587621e-01 -7.512911654720468846e-01
2.871255070020364841e-01 2.999278404964328959e-01 -9.097264609340932617e-01
-3.708456191377174638e-01 8.947299099166832193e-01 -2.488612365694900797e-01
-1.493703854191986147e-01 9.441998317828173004e-01 2.935560689563344039e-01
-3.432128233907043996e-02 7.428620239725818308e-01 6.685641801039204912e-01
-1.792556606054303368e-03 4.808954158233664788e-01 8.767761320774971612e-01
-1.726623497608237995e-02 2.246747904183670763e-01 9.742808197230667933e-01
-6.325562687641389514e-02 -2.074904449860729208e-02 9.977816408519855074e-01
-1.366442373230868368e-01 -2.687919086380748390e-01 9.534564815749060340e-01
-2.409757824238319135e-01 -5.272412318387885710e-01 8.148296482912532612e-01
-3.781048574744626523e-01 -7.648722123383910887e-01 5.215431099600054132e-01
-5.360706291709228521e-01 -8.439852394796734103e-01 1.780999946220754304e-02
-6.641035725869399720e-01 -4.903976922781241865e-01 -5.643372646613830090e-01
-6.191030444270554378e-01 3.476338828011716342e-01 -7.041747680156014155e-01
-6.863140193748330509e-01 7.035748995468360523e-01 1.842699854485660982e-01
-3.912600933177738383e-01 7.665974716114429821e-01 5.091599511902128450e-01
-1.933572887936882700e-01 6.241603857694983937e-01 7.569919231448180019e-01
-9.831924562068740381e-02 4.162792896085190653e-01 9.039053484650154680e-01
-7.657899861600962754e-02 2.042392412588151518e-01 9.759210978870279662e-01
-1.081682687074668747e-01 7.646286220896347406e-04 9.941323055750295179e-01
-1.889105122147934079e-01 -1.967424323365571937e-01 9.620837976460233643e-01
-3.258066212487636948e-01 -3.846990950721128066e-01 8.636299275739260928e-01
-5.268653545414923034e-01 -5.276075601101343215e-01 6.663656358924913148e-01
-7.744669894643941843e-01 -5.232178736267871777e-01 3.555895652961123532e-01
-9.728982456429946524e-01 -2.287257436954057699e-01 3.396377181051427052e-02
-9.488031610969759333e-01 3.121346014190285456e-01 -4.842057506077849377e-02
-6.551137703304086291e-01 4.808600370630405907e-01 5.827517247327715921e-01
-4.229864980172871047e-01 5.370063905929832737e-01 7.298674941092707646e-01
-2.417796524977020578e-01 4.578427127985102429e-01 8.555247804566898928e-01
-1.388619944190261080e-01 3.193994936908178817e-01 9.373906922600577785e-01
-1.035648787526823877e-01 1.666928444166661250e-01 9.805548488020456865e-01
-1.230035155735688807e-01 1.706849974636528988e-02 9.922594426222741681e-01
-1.931413847393117778e-01 -1.219516863861715289e-01 9.735626285395619917e-01
-3.171153699252565739e-01 -2.384029713662241812e-01 9.179334754767961568e-01
-4.946991094873936512e-01 -3.021136306075618005e-01 8.148620406385063131e-01
-6.984000847843940818e-01 -2.570496443558610844e-01 6.679541914755158238e-01
-8.466942714724694508e-01 -5.550938188412738589e-02 5.291762647534837827e-01
-8.350462800786524475e-01 2.491111772022784887e-01 4.905520681027784602e-01
-4.692025428905554074e-01 3.025201758977967281e-01 8.296568669756875236e-01
-3.251573510594270022e-01 3.437678505760221048e-01 8.809633147653869178e-01
-2.015212324892840801e-01 3.072547548609174117e-01 9.300450034655205478e-01
-1.243654125431479934e-01 2.257345549586149691e-01 9.662179644679538271e-01
-9.463691635722107365e-02 1.257858595227653864e-01 9.875331749396982772e-01
-1.067523972794447717e-01 2.379964896937267899e-02 9.940007557261678617e-01
-1.574120297243961630e-01 -6.789177093303229438e-02 9.851965084884045654e-01
-2.455710195911198213e-01 -1.350942836109531031e-01 9.599189595339781000e-01
-3.654059206006141092e-01 -1.576255152835651929e-01 9.174054229845466368e-01
-4.932333295129003314e-01 -1.115263962130201014e-01 8.627182307134935169e-01
-5.796961430783231783e-01 1.162571646000454782e-02 8.147497925235055449e-01
-5.729376251568226719e-01 1.751703920434756478e-01 8.006608591851186452e-01
-2.457670260734681478e-01 1.785232330108446341e-01 9.527476182969216723e-01
-1.733636331633630345e-01 2.109239037369632919e-01 9.620063188611790439e-01
-1.097862489264704033e-01 1.993931085555289695e-01 9.737501567687270043e-01
-6.983238304879185732e-02 1.548397722230819284e-01 9.854684587626114656e-01
-5.600683371151848888e-02 9.094977046762664497e-02 9.942793238468755623e-01
-6.590488176489547878e-02 2.096573542291706171e-02 9.976056257346894718e-01
-9.678291009280257096e-02 -4.192345728656497739e-02 9.944221900395854297e-01
-1.459889069125527017e-01 -8.427046418097287883e-02 9.856904828217125658e-01
-2.078865530385137772e-01 -9.318020456140686802e-02 9.737045910048156561e-01
-2.688465000497244906e-01 -5.968347973291071584e-02 9.613321182911204188e-01
-3.059955027070977995e-01 1.348410002596488536e-02 9.519374619004133953e-01
-2.983315620496812537e-01 1.044991820717101894e-01 9.487245121905437673e-01
-1.880819803003309573e-02 1.005390016496508637e-01 9.947553271203619651e-01
-1.480887460332223253e-03 1.350105938841552888e-01 9.908430483742175499e-01
8.093879194875159416e-03 1.387326525977253810e-01 9.902967940082584297e-01
8.462959201194497627e-03 1.135639454773400836e-01 9.934946444793223419e-01
1.172725875952990160e-03 6.720268941396800866e-02 9.977386547837188147e-01
-1.114722073858402662e-02 1.083709295756569296e-02 9.998791411395984152e-01
-2.578848791389277972e-02 -4.256320101117799098e-02 9.987608962162686232e-01
-4.010300069485097513e-02 -8.014608835631542583e-02 9.959760809661417635e-01
-5.123141204619714728e-02 -9.139509994674306637e-02 9.944959920107673268e-01
-5.597973002957254418e-02 -7.084192126173990967e-02 9.959155044570102699e-01
-5.161978315772229597e-02 -2.156213348892188630e-02 9.984340100307527166e-01
-3.794649087893815081e-02 4.253747004629004208e-02 9.983739917847084255e-01
2.134223984202578694e-01 6.251857590499441952e-02 9.749575926773647039e-01
1.814990878910726080e-01 1.115310888471693906e-01 9.770460057309720003e-01
1.380989970554657997e-01 1.252447624223434475e-01 9.824675142201664269e-01
9.628236475769468006e-02 1.045190020999492569e-01 9.898512435901023476e-01
6.379674532859527791e-02 5.760089344037863657e-02 9.962992082503875357e-01
4.475080125906263223e-02 -3.798551422104595038e-03 9.989909593152703771e-01
4.215245512339486217e-02 -6.649896845239720855e-02 9.968957105542878283e-01
5.875576467334362590e-02 -1.169766307777420911e-01 9.913950917617788683e-01
9.520694018548334081e-02 -1.422596822499237745e-01 9.852399816016835787e-01
1.455405692976870502e-01 -1.319098910641843814e-01 9.805191091090345035e-01
1.937347713281794004e-01 -8.365194282304182216e-02 9.774810437242684724e-01
2.195640215024341479e-01 -1.039823124680224094e-02 9.755426783327394435e-01
4.581337073649192626e-01 6.974998478462512974e-02 8.861424523172019008e-01
3.713496578787437441e-01 1.460377224607342650e-01 9.169364292098123315e-01
2.686914250057778064e-01 1.634061840080077987e-01 9.492646296772419001e-01
1.799236125074237802e-01 1.309882766099476348e-01 9.749202865121672223e-01
1.184863475421115003e-01 6.484429111523958011e-02 9.908361132679692762e-01
8.881739009789117734e-02 -2.022126771672273782e-02 9.958426439694439969e-01
9.396778883710604768e-02 -1.109108373586895624e-01 9.893780070415635342e-01
1.383687819211427139e-01 -1.925865045768550277e-01 9.714754337833952924e-01
2.239875692452269196e-01 -2.454283893011479090e-01 9.431831606579376137e-01
3.384714606356544198e-01 -2.441951893246223637e-01 9.087385651802614150e-01
4.435312992436463708e-01 -1.730039626203090375e-01 8.794029881169915797e-01
4.897856930711986800e-01 -5.129090858376440104e-02 8.703328199944013743e-01
7.024323651871527963e-01 1.452263178239289187e-01 6.967769291164073175e-01
5.485064294210162394e-01 2.567064696278502089e-01 7.957653456484448107e-01
3.799042844389664553e-01 2.622524856587912789e-01 8.870717944061264904e-01
2.430844704688408242e-01 1.961627117816777399e-01 9.499632259845964821e-01
1.526413930903841865e-01 9.070200285717280875e-02 9.841106400162411560e-01
1.098601867563044621e-01 -3.555515571871605690e-02 9.933109131927646551e-01
1.168762999421090742e-01 -1.716793242358314320e-01 9.781953486608663262e-01
1.821489885444528833e-01 -3.040803686096001379e-01 9.350705189442870546e-01
3.157826442335804895e-01 -4.032926637940502657e-01 8.588575836136392860e-01
5.069144141841220863e-01 -4.150762779644443512e-01 7.554796225998494652e-01
6.901557543482719215e-01 -2.908642333157194226e-01 6.626334073358555177e-01
7.670203458799692564e-01 -6.531590510124736515e-02 6.382896063283004517e-01
8.708572372381393478e-01 3.262687430838199787e-01 3.676362055575967958e-01
6.513863055877540109e-01 4.618848478341204267e-01 6.019620156072154060e-01
4.321614203024647938e-01 4.229281437896488249e-01 7.964724050416386314e-01
2.644603950935536241e-01 2.954955980492690037e-01 9.180103762814393331e-01
1.555768443074275476e-01 1.328862404918733919e-01 9.788447745190750338e-01
1.006444919859634662e-01 -4.629593652586211361e-02 9.938447426504870563e-01
1.000520457334878599e-01 -2.386696888778498116e-01 9.659329002345392601e-01
1.672313725821704677e-01 -4.369450685008082758e-01 8.838057903956892947e-01
3.272395415964463039e-01 -6.041426241139692399e-01 7.265851444561595152e-01
5.872585910189161984e-01 -6.422305119569511334e-01 4.926127452535378759e-01
8.622894017102482600e-01 -4.302873958443509395e-01 2.670388448813614812e-01
9.768679787954257510e-01 -1.957174078935321887e-02 2.129457653165751363e-01
7.839443250162739796e-01 6.169098655449485324e-01 -6.966715917758423138e-02
5.703823076720976326e-01 7.325781177076591266e-01 3.714745274584313472e-01
3.731600459974171446e-01 6.105894768923781912e-01 6.985213459727432905e-01
2.237482910869347530e-01 4.044571026041531847e-01 8.867644300424586401e-01
1.217987571481565362e-01 1.808797165604253410e-01 9.759342144294671506e-01
6.078484025456500767e-02 -4.846339305872702369e-02 9.969736720337571967e-01
4.028122968377539914e-02 -2.917270389494446836e-01 9.556530527764863781e-01
7.475600001424491381e-02 -5.525190253823902831e-01 8.301411127347199104e-01
1.995215522705298672e-01 -7.948641784617213046e-01 5.730463227156250561e-01
4.514322959078299613e-01 -8.793053470159233331e-01 1.517596419361041671e-01
7.680477372218240673e-01 -5.658981395059848873e-01 -2.997698601465426660e-01
9.067570720218220970e-01 1.185020030346910364e-01 -4.046589769363382882e-01
4.901913831068024224e-02 8.535780472840402977e-01 -5.186536814427071818e-01
-6.716179142877994231e-03 9.955031577724150482e-01 9.448997726125771268e-02
-2.885156077028281155e-02 8.201323830293149042e-01 5.714459394797619662e-01
-2.992982964792945816e-02 5.331320667229317856e-01 8.455024569620830377e-01
-1.533605859326771584e-02 2.385958511293394535e-01 9.709978502194495098e-01
1.112248782753746078e-02 -4.778876698835082815e-02 9.987955366411433999e-01
4.708696586962656666e-02 -3.431207112877113219e-01 9.381103320668783274e-01
9.384483656282796571e-02 -6.533964607787442480e-01 7.511765516125564757e-01
1.552099964574870095e-01 -9.176139664157753062e-01 3.659159270083209292e-01
2.210137629761403377e-01 -9.465814848318215846e-01 -2.348114331729453386e-01
2.366834138247670971e-01 -5.149150246693289246e-01 -8.239195828416863154e-01
1.482760900393142733e-01 2.657570477704898626e-01 -9.525688388157347308e-01
-5.580173783031991963e-01 7.297542560985489368e-01 -3.950637052646195357e-01
-4.095653576568633603e-01 8.975416931668405152e-01 1.633252179994951758e-01
-2.631864435545312464e-01 7.536067655217149053e-01 6.023368981633421271e-01
-1.582616538421405261e-01 4.920652199675650817e-01 8.560520242493814269e-01
-9.174617770947976481e-02 2.158703796490409887e-01 9.721021644179478338e-01
-5.596444468547742690e-02 -5.640836809139780639e-02 9.968380394729814409e-01
-5.133201822820887550e-02 -3.386134662581934962e-01 9.395243181383755582e-01
-8.644275295544644189e-02 -6.358088105428919556e-01 7.669907475959003573e-01
-1.736163609819159070e-01 -8.930649262752359263e-01 4.150811928482487922e-01
-3.174604005591265543e-01 -9.392857259896922884e-01 -1.302352449567987236e-01
-4.919056575479207605e-01 -5.654468325173126475e-01 -6.620413156809723532e-01
-6.069818336521251023e-01 1.501544241866853702e-01 -7.804016289792891081e-01
-8.651492099010015258e-01 4.995731929700931162e-01 4.408479866710796058e-02
-6.288911465388653532e-01 6.613602046911832844e-01 4.087769629708792873e-01
-4.011012122486630194e-01 5.794780132079289103e-01 7.094526409429886549e-01
-2.396917972896796811e-01 3.878326368545034764e-01 8.900189256991308806e-01
-1.447830038409913533e-01 1.693409227361573066e-01 9.748648797066994387e-01
-1.062038756900785530e-01 -5.367796751866839300e-02 9.928944619603828903e-01
-1.241224527757781443e-01 -2.843525311890389706e-01 9.506509636682511921e-01
-2.115186129507412305e-01 -5.196129010795198511e-01 8.278057196027009956e-01
-3.853984414600690189e-01 -7.125583659344009169e-01 5.862837337476642929e-01
-6.362924281834879681e-01 -7.376679426326882005e-01 2.257829759932619418e-01
-8.812502995254649640e-01 -4.589713584891624842e-01 -1.128857903924320588e-01
-9.798408442455921463e-01 5.567466654805185849e-02 -1.918651908321670763e-01
-8.205518291142311904e-01 2.888917882754744038e-01 4.931898522925021178e-01
-6.147009078378747882e-01 4.132307287165358223e-01 6.718505479254159862e-01
-4.070201519701088233e-01 3.838112259355629940e-01 8.288688308388639792e-01
-2.526559469596097451e-01 2.679788607048683713e-01 9.297054924444283497e-01
-1.603567888631161065e-01 1.184455275429097121e-01 9.799267101527742163e-01
-1.257242106311401986e-01 -4.269107702017740924e-02 9.911462529839268898e-01
-1.501326196676485425e-01 -2.081746972479113778e-01 9.665006424920313810e-01
-2.438730620821441264e-01 -3.668772889727668352e-01 8.977343618391022684e-01
-4.163440325273085052e-01 -4.827856172713247962e-01 7.704386376180583085e-01
-6.468308168857553886e-01 -4.824699180047902214e-01 5.906205825632043771e-01
-8.522561785031242954e-01 -3.021049975221892780e-01 4.270737368126986122e-01
-9.227982025282036593e-01 9.088332964410838696e-03 3.851764266078687160e-01
-5.941495608284043106e-01 1.530304686778574674e-01 7.896632035391288884e-01
-4.616836369512712923e-01 2.360730009353157466e-01 8.550542424905080985e-01
-3.205548201353564663e-01 2.342542549843305011e-01 9.178069248539304503e-01
-2.091132785871477329e-01 1.729475167728912743e-01 9.624763857678498846e-01
-1.392117320766096955e-01 7.957866069088065375e-02 9.870599426653996478e-01
-1.122203901191369396e-01 -2.785568923983560916e-02 9.932928292394538339e-01
-1.306241828722420339e-01 -1.369304350648487545e-01 9.819304348079760381e-01
-2.001516991087349262e-01 -2.333637286897784768e-01 9.515674792024726436e-01
-3.225222024876714388e-01 -2.931356630999212842e-01 9.000282839563417125e-01
-4.779291155446547257e-01 -2.812686148980254597e-01 8.321488609546616733e-01
-6.112142057006060281e-01 -1.754625660689750344e-01 7.717707448835855466e-01
-6.571511602860976575e-01 -5.180120771914243326e-03 7.537410157895051421e-01
-3.269596966737956523e-01 9.082575087212270415e-02 9.406636166714565928e-01
-2.644020944162799869e-01 1.442346570994144650e-01 9.535658845405444728e-01
-1.928853646548980283e-01 1.514490788408257571e-01 9.694629506176133393e-01
-1.321545796370327819e-01 1.190013519123858388e-01 9.840598789320982309e-01
-9.078515369072134855e-02 5.981152448211085604e-02 9.940727525731989367e-01
-7.195129259817029110e-02 -1.250033564290670834e-02 9.973298115980818723e-01
-7.839936649025507076e-02 -8.447713765146344644e-02 9.933363743204720597e-01
-1.132385060835108676e-01 -1.421752550361276013e-01 9.833428891263245042e-01
-1.761436885033063893e-01 -1.705285761199743788e-01 9.694809981256448106e-01
-2.557329515519637386e-01 -1.552926148048429655e-01 9.541933039367073155e-01
-3.249438395762154763e-01 -9.213429195556945006e-02 9.412347068438220443e-01
-3.526383630540868008e-01 1.681636733421299846e-03 9.357581722863067553e-01
-6.647682201833200744e-02 8.533941510912779194e-02 9.941317902388353556e-01
-6.302784735354306778e-02 1.241494698319211692e-01 9.902597636975938311e-01
-5.353958559392182209e-02 1.307215230377242465e-01 9.899724219337233677e-01
-4.096908628210012976e-02 1.064634990910985346e-01 9.934722227271480799e-01
-2.767466985471590465e-02 5.933685281314711457e-02 9.978543233092244114e-01
-1.588828201040445864e-02 9.386299826297950927e-04 9.998733327119463388e-01
-8.124995308199725597e-03 -5.541703363704138935e-02 9.984302363380090917e-01
-6.946515537223624422e-03 -9.648449232175621004e-02 9.953102474421072765e-01
-1.402669324505794943e-02 -1.110779931908784518e-01 9.937127005856217776e-01
-2.864272087747651852e-02 -9.270214129100690092e-02 9.952818231741967780e-01
-4.647367229425349716e-02 -4.343041474975151139e-02 9.979749480112667381e-01
-6.084559551171969671e-02 2.310878275048339203e-02 9.978796508930164455e-01
1.892483553142809971e-01 1.255677015353071080e-01 9.738674511154631341e-01
1.349708426652824478e-01 1.646725124907948978e-01 9.770700257709942216e-01
8.405150561182478386e-02 1.648754728495736011e-01 9.827265249585255269e-01
4.990030149334793302e-02 1.315968132229455301e-01 9.900465840862135991e-01
3.653632068867317118e-02 7.576551270831705098e-02 9.964560624303711034e-01
4.285216014154630965e-02 1.007471780473782191e-02 9.990306263734389791e-01
6.641792050494846333e-02 -5.196373140103211635e-02 9.964378708452072964e-01
1.045959477415348143e-01 -9.655560783889761967e-02 9.898164993123405031e-01
1.526924807678922691e-01 -1.108626755297888039e-01 9.820358819776477954e-01
2.001944686231042769e-01 -8.629552514280941500e-02 9.759483885294029104e-01
2.298923900161121969e-01 -2.503635306159206556e-02 9.728939664928618614e-01
2.263180158701109945e-01 5.485304095517015005e-02 9.725077375479159736e-01
4.477959212152739510e-01 2.127781414343140332e-01 8.684493511258714049e-01
3.257324189996471109e-01 2.663370966173158605e-01 9.071730497419008277e-01
2.083827120584167691e-01 2.525555462548049745e-01 9.448768921776000695e-01
1.265534542955999431e-01 1.918730148477770514e-01 9.732260628337290331e-01
8.816412082515390214e-02 1.064066379558435971e-01 9.904063384278039006e-01
9.092449375061861794e-02 1.237556173557772220e-02 9.957808905116076748e-01
1.318784335481039127e-01 -7.693776165345887763e-02 9.882755990089854281e-01
2.094853374294715076e-01 -1.463935511063737815e-01 9.667909916815474736e-01
3.180380804274314799e-01 -1.755536835306397425e-01 9.316827161630181209e-01
4.356381121107686938e-01 -1.421978778913554342e-01 8.888189910211008460e-01
5.188009990574558028e-01 -4.094778843200728297e-02 8.539138141520801195e-01
5.246952640940978352e-01 9.630106554471046243e-02 8.458256230525686981e-01
6.830657164099149803e-01 3.586263560154155927e-01 6.362455216633601252e-01
4.820743615912683189e-01 4.373315247776402570e-01 7.591741877407642836e-01
2.964105550291618041e-01 3.945748280104476868e-01 8.697421962673157481e-01
1.719328076788914916e-01 2.839736276399886794e-01 9.432910942272455523e-01
1.144016578295971587e-01 1.477999496085469489e-01 9.823784584271033626e-01
1.165074566544620632e-01 5.848501648943096182e-03 9.931725970708205065e-01
1.741573665635624546e-01 -1.319486859463172845e-01 9.758374638989026906e-01
2.894715191150071809e-01 -2.506980852217984834e-01 9.237730834395525559e-01
4.608602146105038599e-01 -3.165219419672696821e-01 8.291089933430388914e-01
6.573395693717453137e-01 -2.759393024051178811e-01 7.012575788729507043e-01
8.013108095537834208e-01 -1.002775140305307705e-01 5.897842034779898768e-01
8.127746262780681796e-01 1.517266002739895425e-01 5.624735066185210242e-01
7.883972975365729496e-01 5.649734735510769656e-01 2.433817483316735308e-01
5.283664151609397397e-01 6.697068454831412998e-01 5.218444906702175423e-01
3.053774842231160580e-01 5.766068560653695441e-01 7.578054669028171375e-01
1.654885599419879949e-01 3.949446445616121570e-01 9.036770796366448977e-01
1.053220400396027157e-01 1.928869920045105935e-01 9.755520878956333020e-01
1.112368638751877331e-01 -9.472307440868920486e-03 9.937487788706578229e-01
1.782400775768792078e-01 -2.109551267800481855e-01 9.611079071731347678e-01
3.134485845341126176e-01 -4.015167866903867067e-01 8.605430000059857143e-01
5.244512363771918206e-01 -5.313431943994657569e-01 6.653009172003571114e-01
7.796633461509926422e-01 -4.944316296964108570e-01 3.842686953478578471e-01
9.691042497453112858e-01 -2.099311686035010560e-01 1.294830397169213776e-01
9.723358459041159252e-01 2.233093366397436996e-01 6.852695046015076785e-02
5.906552184845421660e-01 7.738107773015148183e-01 -2.287865682444574777e-01
3.650862879172370179e-01 8.961966492507265070e-01 2.520784962004052887e-01
1.923175740245126331e-01 7.455271762001423053e-01 6.381247372328432421e-01
9.357749032805488809e-02 4.925972929962999514e-01 8.652116274278641717e-01
5.843046440422397514e-02 2.284530038908057503e-01 9.717999309748196479e-01
7.324928891339299586e-02 -2.980819560886187325e-02 9.968681021822678456e-01
1.336145541832092221e-01 -2.925554265078998406e-01 9.468677169126280546e-01
2.476147755090953306e-01 -5.587352389824743470e-01 7.915187020334970569e-01
4.280821852384792403e-01 -7.677571653428864051e-01 4.767542110417256618e-01
6.542684480788535373e-01 -7.562623066889611056e-01 3.483246558004812017e-04
8.167181902623886769e-01 -3.620617793261144413e-01 -4.493135493679166759e-01
7.842380185982313900e-01 2.845417096933594570e-01 -5.513680672926488668e-01
-2.033688151378689746e-01 8.015194397169327356e-01 -5.623234947832568276e-01
-3.217925217880703848e-01 9.446839093164161039e-01 6.341832857895017550e-02
-3.024315877816829978e-01 7.664939427556578533e-01 5.665881841606824620e-01
-2.133744254573327614e-01 4.842733598359694747e-01 8.484990674797795451e-01
-9.864364381166536300e-02 2.112731716919784841e-01 9.724366706673669425e-01
2.777381669812551551e-02 -4.317115389941605236e-02 9.986815641520284670e-01
1.644018558537423680e-01 -3.050215388352104928e-01 9.380479148948133172e-01
3.091929228386698369e-01 -5.876336952956142667e-01 7.477207878743893366e-01
4.393232269858758920e-01 -8.293586988614478628e-01 3.451945116213729903e-01
4.808867203177245031e-01 -8.326905326900202464e-01 -2.745440565558400214e-01
3.437858054530124607e-01 -4.177370377188275308e-01 -8.410155095400537739e-01
5.882610090004893044e-02 2.610361483677749450e-01 -9.635349599772163875e-01
-7.391366421212089977e-01 5.127647296473198946e-01 -4.367486191204029700e-01
-6.778079485636193668e-01 7.225320884741471827e-01 1.361020425596565220e-01
-5.028976639571894891e-01 6.224193103519384263e-01 5.997400617665410438e-01
-3.170977916282062825e-01 3.980622935163984910e-01 8.608108973665539176e-01
-1.576492334584979338e-01 1.590132302776543216e-01 9.746083889371539577e-01
-2.680779754435187387e-02 -7.926738044651815418e-02 9.964928621861395275e-01
7.555281309452414884e-02 -3.382029188251861607e-01 9.380354780773030310e-01
1.373101445664062226e-01 -6.321225587263169521e-01 7.626053992391018665e-01
1.230070907308172118e-01 -9.095063380708683365e-01 3.970736413297027423e-01
-2.145994348285838044e-02 -9.858212218111268577e-01 -1.664211208129361408e-01
-3.009493203532246364e-01 -6.620237705358016367e-01 -6.864066096888057356e-01
-5.969296360294991111e-01 -3.962761402305572944e-02 -8.013143339767008211e-01
-9.800616057185482788e-01 1.982952067753560310e-01 1.258014174740272779e-02
-8.183880565178899280e-01 4.169077964358164912e-01 3.955109078392596844e-01
-5.764480467342413261e-01 4.013985021341469062e-01 7.117491776605607834e-01
-3.561686038194754045e-01 2.662657832353298448e-01 8.956821190196168070e-01
-1.879468475185762655e-01 9.326019523296730229e-02 9.777415397195440283e-01
-7.071088964242157326e-02 -9.736512847699486939e-02 9.927336006414361202e-01
-6.086355495430664266e-03 -3.145720719546570288e-01 9.492140790270444661e-01
-1.181869351445953044e-02 -5.645564600921588738e-01 8.253098338514310850e-01
-1.242575255218202057e-01 -8.073551007985712014e-01 5.768342990547056237e-01
-3.712776341519462009e-01 -9.066008814413561989e-01 2.005685921284668383e-01
-6.957018258895490970e-01 -7.029296119069783355e-01 -1.479490796136555264e-01
-9.417444701977099042e-01 -2.469445200996991108e-01 -2.283325575662958629e-01
-8.758590266012789005e-01 -3.463412514214834256e-03 4.825546293374241014e-01
-7.219856237862743997e-01 1.713839102183933039e-01 6.703464137027927983e-01
-5.138120073928394982e-01 2.047268935046086258e-01 8.331171106961864359e-01
-3.256239607198181951e-01 1.450056153189503705e-01 9.343138700303387223e-01
-1.835188877163417553e-01 3.878882174655549908e-02 9.822506020149194272e-01
-9.115269880278384362e-02 -9.469967299911744019e-02 9.913239417238108864e-01
-5.378420385695698719e-02 -2.528319661213339620e-01 9.660141077244516206e-01
-8.788481625526137209e-02 -4.316154557420009974e-01 8.977663156056877591e-01
-2.182388012171139202e-01 -6.003593595529517213e-01 7.693766730543828425e-01
-4.494641575145756907e-01 -6.765111426485889146e-01 5.833649329381843662e-01
-7.130294687100890982e-01 -5.671726615967307428e-01 4.121943093835148120e-01
-8.818064427721644671e-01 -2.939739387283917815e-01 3.687773323213980881e-01
-6.112820375455879640e-01 -6.876743652088770919e-02 7.884195014384866029e-01
-5.145770210826084989e-01 4.717490426042236090e-02 8.561454419557482654e-01
-3.802932927809821173e-01 8.956444253114183296e-02 9.205189960558306517e-01
-2.523759222763369281e-01 7.057790620324051745e-02 9.650518913567708301e-01
-1.512800643467736572e-01 1.101791653142785050e-02 9.884295360048084289e-01
-8.486860668429432875e-02 -7.476077491204516368e-02 9.935834872491130509e-01
-6.070050351396203553e-02 -1.782600211708501581e-01 9.821093695334265350e-01
-9.084711296208405895e-02 -2.898739934244621841e-01 9.527433389966721844e-01
-1.875484118118952714e-01 -3.879992385270332189e-01 9.023758552450688031e-01
-3.447621261221290867e-01 -4.307105094734057782e-01 8.340428846414472686e-01
-5.134451045328028984e-01 -3.759942271519782220e-01 7.713640293531052183e-01
-6.170188828058382757e-01 -2.328580192059299392e-01 7.517079493742631069e-01
-3.382550945104309537e-01 -4.014349039231379646e-02 9.401978468475324924e-01
-2.995616927264817542e-01 2.700562291573056078e-02 9.536946516478540525e-01
-2.348184383884452664e-01 5.689590933070486078e-02 9.703726894829812766e-01
-1.648072140413309461e-01 4.922795469660093404e-02 9.850965387598453749e-01
-1.024953960588638052e-01 1.231613472333001683e-02 9.946572307142604874e-01
-5.612115061898726581e-02 -4.360772162832163984e-02 9.974711941041185526e-01
-3.354641377455179485e-02 -1.084759280490458777e-01 9.935328938472927085e-01
-4.349310643384014102e-02 -1.716239738024440409e-01 9.842019921281552897e-01
-9.223758251931386820e-02 -2.194092271312875209e-01 9.712630021887569409e-01
-1.748617894441823750e-01 -2.340602541819467308e-01 9.563676866168211443e-01
-2.662075062825990934e-01 -2.013862257037571935e-01 9.426437034722147112e-01
-3.286980637291969654e-01 -1.271436137511654241e-01 9.358376378320782951e-01
-9.721122094116055323e-02 4.612051690399527476e-02 9.941945868107209261e-01
-1.096630191690392137e-01 8.031787874562901219e-02 9.907184567679812037e-01
-1.027567851697982620e-01 8.905645041515315719e-02 9.907118611083798321e-01
-8.031445105038556576e-02 7.273629473177949112e-02 9.941121769605334446e-01
-4.822017652800725251e-02 3.736756961705558350e-02 9.981375052149100702e-01
-1.331358347120286355e-02 -8.078397244566201674e-03 9.998787366441067581e-01
1.691378646669710467e-02 -5.334736213157613427e-02 9.984327632749564474e-01
3.488107614855410349e-02 -8.817619195118578390e-02 9.954939827541355868e-01
3.430467153526536167e-02 -1.035157029186571653e-01 9.940360600904352140e-01
1.283225942591143497e-02 -9.323395750974652896e-02 9.955615311397105760e-01
-2.470414240541178238e-02 -5.729530358195159684e-02 9.980515785947826624e-01
-6.609554704123009328e-02 -5.178993617177621300e-03 9.977998580307821941e-01
1.236993678821376452e-01 1.756667521597000403e-01 9.766471515196109010e-01
5.626426710496707645e-02 1.906673929251904431e-01 9.800409570637084178e-01
8.443423724584528042e-03 1.724430578164516392e-01 9.849832995572744831e-01
-9.535366277069351817e-03 1.312662347540269614e-01 9.913012924451963803e-01
9.714585187853637567e-04 7.846925596748319243e-02 9.969160607275604491e-01
3.342718027862420782e-02 2.450423629503399592e-02 9.991407138247582198e-01
8.021803717633223252e-02 -2.027260365973597780e-02 9.965711655734877938e-01
1.336263351213912709e-01 -4.535815848426404118e-02 9.899932525127899119e-01
1.843238348200235410e-01 -4.151417557961768756e-02 9.819884404325778249e-01
2.191430349111200271e-01 -4.681778260683445471e-03 9.756815111511313310e-01
2.228146361533797082e-01 5.810694550249832085e-02 9.731275460083782525e-01
1.875438123658089429e-01 1.264969565851335742e-01 9.740769160688669270e-01
3.389144527044445354e-01 3.492597005230421159e-01 8.735872339603911740e-01
1.996279166520162351e-01 3.556765720810201037e-01 9.130404541780710037e-01
9.163237901166111643e-02 3.008628728942069341e-01 9.492549914698695801e-01
3.739078284746405467e-02 2.169663722571999187e-01 9.754627223362113408e-01
3.466286084109645310e-02 1.278390834736643222e-01 9.911890106407423850e-01
7.380543748765852619e-02 4.658922827784637427e-02 9.961838189841042412e-01
1.463815489050153684e-01 -1.736987794884627123e-02 9.890756945149506985e-01
2.452419391238737367e-01 -5.252808547877450829e-02 9.680378048043565276e-01
3.579502669207609289e-01 -4.331167443001305434e-02 9.327356030887680172e-01
4.568368197883624360e-01 2.355505113781431598e-02 8.892385954577464169e-01
4.998710392533226576e-01 1.408768959419431088e-01 8.545657635931748208e-01
4.564977449717644853e-01 2.678612621900561264e-01 8.484457278186910978e-01
5.246561232618212056e-01 5.673192198624353866e-01 6.347321128621596920e-01
2.958915618055805163e-01 5.739352328966439432e-01 7.635748372571569131e-01
1.275024852701630296e-01 4.672909620310022327e-01 8.748612878931495418e-01
4.737143491033134896e-02 3.205625070958215139e-01 9.460420847927651922e-01
4.330282424741686148e-02 1.772588944633489705e-01 9.832111419962440424e-01
9.844033412085884116e-02 5.137972227103117934e-02 9.938156895308103422e-01
2.037222498791537995e-01 -5.242516480358844211e-02 9.776240826612152546e-01
3.554890337338569850e-01 -1.228704067679867729e-01 9.265691609565062103e-01
5.411950474046224313e-01 -1.308816274096251953e-01 8.306490957505571204e-01
7.147854858418997148e-01 -3.555156731403955050e-02 6.984395430468824939e-01
7.949587577297089203e-01 1.698359333648481462e-01 5.824056397794051820e-01
7.233105261717620582e-01 4.107505147432548576e-01 5.550728757262797242e-01
5.713053715894866880e-01 7.911436923574274305e-01 2.184074871340850044e-01
2.743961427296903732e-01 8.119461338643053638e-01 5.152186259810579427e-01
8.099900060623001219e-02 6.443476947175823533e-01 7.604309371749607971e-01
6.306888149573336433e-03 4.229346179457597610e-01 9.061382522026106834e-01
2.068232980867465085e-02 2.161400902617844899e-01 9.761432797571654163e-01
9.989212192685681391e-02 3.500423118327988803e-02 9.943823549199285461e-01
2.359612678482866932e-01 -1.264454587036659972e-01 9.635008178765385178e-01
4.311382327003288051e-01 -2.618625064118567103e-01 8.634511289237493115e-01
6.758622481482412514e-01 -3.241981062113770129e-01 6.618956182488160422e-01
9.043191773002879907e-01 -2.196994079870200900e-01 3.659767693408956246e-01
9.903023534896870927e-01 9.899522189830624319e-02 9.747407200972915686e-02
8.589373421757152682e-01 5.110243007179674501e-01 3.287561850246596001e-02
3.235259348782003053e-01 9.055490146735855062e-01 -2.744302306325166474e-01
5.687784535753973719e-02 9.716474297220839551e-01 2.294911393107484654e-01
-7.370823565218438678e-02 7.681505875669321082e-01 6.360123983207963683e-01
-8.884386389455391220e-02 4.896780771470234384e-01 8.673650607501607324e-01
-3.135713028856278173e-02 2.310579480464168833e-01 9.724345505095635112e-01
7.479301866952441091e-02 -9.198254954261215512e-05 9.971990753594908163e-01
2.247203984990678860e-01 -2.228165914868772135e-01 9.486060874022733680e-01
4.228189989790915315e-01 -4.410963030996633005e-01 7.916174236928771313e-01
6.579167860548252866e-01 -5.942604904631372253e-01 4.626013100952798274e-01
8.513997677721458768e-01 -5.232045547145756093e-01 -3.708678151920198618e-02
8.630582505937489657e-01 -1.125850278438822183e-01 -4.923972660235231280e-01
6.466019331037198281e-01 4.771172560419648101e-01 -5.952017003449884269e-01
