4.251944617693258904e-02 1.455032578708529978e-01 9.884436749992013826e-01
5.347708762658490850e-02 1.534845648944248575e-01 9.867029388007543256e-01
7.438626190352853884e-02 1.449822504374312926e-01 9.866340917980050973e-01
9.914357812971946737e-02 1.208150196041118257e-01 9.877116390696086823e-01
1.199145870526592966e-01 8.804206153002834545e-02 9.888726344747913455e-01
1.306714303350411666e-01 5.763605551215470607e-02 9.897489895925759562e-01
1.295649640058468832e-01 3.887771507204599436e-02 9.908084796632389279e-01
1.179282503177886687e-01 3.579047069331110081e-02 9.923769293894484367e-01
9.889228995015195145e-02 4.741549968055222553e-02 9.939678492680894539e-01
7.680672244482973643e-02 6.978443452963213611e-02 9.946008546570581643e-01
5.681740222319693612e-02 9.758111375888006700e-02 9.936044026886153846e-01
4.405439934399271729e-02 1.248980042033240312e-01 9.911910504260502686e-01
1.870361108851295584e-02 1.208153180120396658e-01 9.924987828030965575e-01
2.365999278683055679e-02 1.236910590764571660e-01 9.920386719507900963e-01
3.704614025597379595e-02 1.123417957926472754e-01 9.929788036059008505e-01
5.518126002710056072e-02 8.889742124784159871e-02 9.945110743663468922e-01
7.282480370234081790e-02 6.020588632199425777e-02 9.955258907823499870e-01
8.502916810028893213e-02 3.548428167085099227e-02 9.957464066351675580e-01
8.881842923874458395e-02 2.208775465753681430e-02 9.958029010410512916e-01
8.355425028768508067e-02 2.282794860308417356e-02 9.962417236902528783e-01
7.069450926635639787e-02 3.619189450214194831e-02 9.968412276445188791e-01
5.344779257916559834e-02 5.802805745491122075e-02 9.968831817301193610e-01
3.616727931249431177e-02 8.307608570307849216e-02 9.958866862707483891e-01
2.337838143925185727e-02 1.057913960068665726e-01 9.941134904085638935e-01
-1.318216178102240427e-02 9.605811894810800666e-02 9.952884347739838766e-01
-1.433877845004272872e-02 9.323987886491406918e-02 9.955404182763339938e-01
-6.983976195622284243e-03 7.679476443865157487e-02 9.970224612469974490e-01
7.314811092245459591e-03 5.049091517777738042e-02 9.986977325613148881e-01
2.491621769711756945e-02 2.224943106980132451e-02 9.994419167280064187e-01
4.080824178551276799e-02 1.134098732123211715e-03 9.991663531279242338e-01
5.040012257843895505e-02 -6.799181194790184478e-03 9.987059621226102024e-01
5.108472401662760010e-02 -4.308343716019125461e-04 9.986942301594666782e-01
4.288523451821823346e-02 1.729657889961692951e-02 9.989302703485452017e-01
2.824021955007836523e-02 4.132324223253613232e-02 9.987466543880451075e-01
1.116218174536320711e-02 6.599679894010819503e-02 9.977573994856842043e-01
-3.915681958396540797e-03 8.584075733399867958e-02 9.963011752555396283e-01
-4.690091194034431282e-02 7.709832544176088709e-02 9.959197521252837193e-01
-5.391455913159361180e-02 6.907494889822383966e-02 9.961535382401471850e-01
-5.094955817529091269e-02 4.625233919951819012e-02 9.976296224753339326e-01
-3.766664983860536914e-02 1.408052389104402780e-02 9.991911540527340652e-01
-1.687280469609945405e-02 -1.734942406745790255e-02 9.997071100807762845e-01
5.115118201794148327e-03 -3.754508421900745740e-02 9.992818432339478640e-01
2.130275809910381346e-02 -4.093691788806508303e-02 9.989346131010188312e-01
2.707488595669846343e-02 -2.825399478175999804e-02 9.992340378155961655e-01
2.147910708841231989e-02 -4.436062551585948088e-03 9.997594557231397339e-01
6.816238856133631507e-03 2.403263947377773380e-02 9.996879368720685832e-01
-1.263436530661295187e-02 5.075177548596376820e-02 9.986313784867459908e-01
-3.201566123500942246e-02 6.999764194355176383e-02 9.970332630148450725e-01
-7.543043782855975155e-02 6.961384826225405775e-02 9.947181315219768560e-01
-8.746405092559438044e-02 5.825689858306257879e-02 9.944627562473974391e-01
-8.712827854541617401e-02 2.902460430876221270e-02 9.957741889718002559e-01
-7.229818477882569983e-02 -1.148734571498457972e-02 9.973169071896136328e-01
-4.538456696848935934e-02 -5.002111226305645808e-02 9.977164574211009329e-01
-1.532881194379317850e-02 -7.262530060650121411e-02 9.972414919346977991e-01
7.643199989193014653e-03 -7.323308854960243475e-02 9.972855640363550433e-01
1.703062942143027808e-02 -5.453091954002812353e-02 9.983668346233210977e-01
1.159750990736466668e-02 -2.385923763054308491e-02 9.996480553394494484e-01
-5.706373703898500079e-03 1.060669426637687006e-02 9.999274650371645645e-01
-2.970298953039140696e-02 4.158672217760043394e-02 9.986932847233861432e-01
-5.469600918964284686e-02 6.292363683566859489e-02 9.965184205552483077e-01
-9.103963539793931414e-02 7.726639014515537807e-02 9.928452496440925978e-01
-1.058325118196263709e-01 6.594732988678084218e-02 9.921947536260034006e-01
-1.055906125916371563e-01 3.193283858867935338e-02 9.938968338577641726e-01
-8.688065589833156299e-02 -1.845458758212718473e-02 9.960477798918603298e-01
-5.193776978547152978e-02 -6.807519955526721012e-02 9.963273735450632884e-01
-1.357701638386202281e-02 -9.670005751639131064e-02 9.952209621497404290e-01
1.456358538541310810e-02 -9.684425033023687235e-02 9.951929929207058434e-01
2.485356119780957052e-02 -7.341842476454375765e-02 9.969914921405969022e-01
1.672877659704617020e-02 -3.636917605097644834e-02 9.991983942476238001e-01
-5.476596249021671581e-03 4.535441791951073595e-03 9.999747180111149270e-01
-3.523477785727472528e-02 4.132897769700952240e-02 9.985241239108244571e-01
-6.578583783975243404e-02 6.746645617859890753e-02 9.955503507258101070e-01
-8.692585450020370863e-02 9.945206990572517947e-02 9.912382062909127489e-01
-9.985623470387866574e-02 9.246027703374397333e-02 9.906966385132969233e-01
-9.527478681886021594e-02 5.722096440317397253e-02 9.938050494083361386e-01
-7.015801856910869327e-02 -2.420298589214144470e-03 9.975329541349089446e-01
-2.732618763522057584e-02 -6.571882615577932796e-02 9.974639418837722982e-01
1.592504533016542850e-02 -1.030366613465723974e-01 9.945500687996990941e-01
4.435127466175006750e-02 -1.052452796533968199e-01 9.934567909811297115e-01
5.107735632988361085e-02 -7.968518560789307481e-02 9.955106101215773773e-01
3.719928111847679159e-02 -3.850336916017814415e-02 9.985658235927658000e-01
8.712340260352330681e-03 7.560692492752994591e-03 9.999334633144928430e-01
-2.651002264425860941e-02 5.033553615095717054e-02 9.983804648027899686e-01
-6.067406132936803420e-02 8.312550147243284726e-02 9.946903082302614996e-01
-6.118802969629973110e-02 1.298262407146625608e-01 9.896469937526513050e-01
-6.591454681454766984e-02 1.306017108910898783e-01 9.892413586332359232e-01
-5.063986204094594878e-02 9.902236348789801579e-02 9.937958421636416961e-01
-1.600749538571708680e-02 3.483086770650870023e-02 9.992650152718920431e-01
3.150173200397862749e-02 -3.995804875444877030e-02 9.987046586556390659e-01
7.158471179502441661e-02 -8.601352010632379308e-02 9.937189257511609419e-01
9.233990213022714999e-02 -9.306714659422968272e-02 9.913686744593416256e-01
9.026028911345898575e-02 -6.971902565506235550e-02 9.934748802416679681e-01
6.841192976143239957e-02 -2.874565225679104677e-02 9.972429470007333485e-01
3.385781770666738272e-02 1.916135699289486793e-02 9.992429587333834240e-01
-4.785494607245440075e-03 6.608411246300084640e-02 9.978025802339965944e-01
-3.899174866779941268e-02 1.053634307894529415e-01 9.936690550620577156e-01
-2.107426280719351327e-02 1.577401463539400139e-01 9.872557529207643956e-01
-1.372250800731627043e-02 1.664258934458328620e-01 9.859584751726007124e-01
1.586693963190034112e-02 1.423248396304359620e-01 9.896928211576393464e-01
6.123314151110065967e-02 8.248556737650045156e-02 9.947093211362808551e-01
1.073685457617222089e-01 6.398588494311763589e-03 9.941986991775307869e-01
1.359952412463403537e-01 -4.550776748077432071e-02 9.896637496934329592e-01
1.432795835362382086e-01 -6.034239284287717942e-02 9.878409571219025631e-01
1.301189551129365851e-01 -4.441835697034614283e-02 9.905029364340729447e-01
1.008486198481835378e-01 -8.924051475769811254e-03 9.948617578236131909e-01
6.256059443121156360e-02 3.634473458639393695e-02 9.973791818019881461e-01
2.377990930266158515e-02 8.384155887970459742e-02 9.961953166514668778e-01
-6.766716376096105524e-03 1.268745458425039330e-01 9.918956906683785713e-01
1.858125229689920610e-02 1.737836467753941794e-01 9.846085421002602756e-01
3.470121015245195006e-02 1.866042275462670152e-01 9.818221265971740497e-01
7.176043821257969968e-02 1.693294520019791582e-01 9.829435264511413584e-01
1.194853659146705299e-01 1.195632905272832613e-01 9.856104031971211210e-01
1.602813734267900803e-01 5.370560877742880379e-02 9.856092475813099663e-01
1.794298276325777264e-01 2.880598040314052716e-03 9.837665572231373279e-01
1.768054415714818695e-01 -1.844364172076980862e-02 9.840729992793842973e-01
1.564544773397814337e-01 -1.180687953524883413e-02 9.876145979662160901e-01
1.237904698081930127e-01 1.511910521206850586e-02 9.921931930033400793e-01
8.566003655166101738e-02 5.423647792243444649e-02 9.948471051375762375e-01
5.002476401825242669e-02 9.847749402991144707e-02 9.938811328094344644e-01
2.515394678475901813e-02 1.410181875254272743e-01 9.896874000149837869e-01
4.498260085854600271e-02 1.755971740634768019e-01 9.834338808892644224e-01
6.354671960211281945e-02 1.891062299774699251e-01 9.798982846252402013e-01
9.924781208655635012e-02 1.773435572391556525e-01 9.791318269273572295e-01
1.415485299120370355e-01 1.391791822193407802e-01 9.800985506144145321e-01
1.751650636616050305e-01 8.686539312850004302e-02 9.806995482557941957e-01
1.889501792796744739e-01 4.186883831150695068e-02 9.810936908005414292e-01
1.829233673675213778e-01 1.786011872008998538e-02 9.829649321468308942e-01
1.616173000475490673e-01 1.723249022518566834e-02 9.867030402334724393e-01
1.306414203164535104e-01 3.593054823066534759e-02 9.907783884408477570e-01
9.638463739521166418e-02 6.779497871642441165e-02 9.930326492794371296e-01
6.599284506709487963e-02 1.063933526117677025e-01 9.921317447395984201e-01
4.675677400389028487e-02 1.449632449142369550e-01 9.883316557254057111e-01
5.268564938701040395e-02 1.650946486893174747e-01 9.848695240095993730e-01
6.873677717502466034e-02 1.768050668880893073e-01 9.818427693812523671e-01
9.781340771999345873e-02 1.682080391049499413e-01 9.808866360853136790e-01
1.312685463408944375e-01 1.391408074278602247e-01 9.815337001089764479e-01
1.577045329812470364e-01 9.844574140239209514e-02 9.825669016800251399e-01
1.689728445109818233e-01 6.092605319511731898e-02 9.837358354049209330e-01
1.642025090661829723e-01 3.815638074242167638e-02 9.856884023995650113e-01
1.466312211684913103e-01 3.427785329865695035e-02 9.885971443170652462e-01
1.209540443518586639e-01 4.758272843332513047e-02 9.915170210891843805e-01
9.269152761152101017e-02 7.341673312850695299e-02 9.929845235480324606e-01
6.800011384716192486e-02 1.060109145733314356e-01 9.920371316176532783e-01
5.301055614390431242e-02 1.389669335701911868e-01 9.888771775661371333e-01
-4.663285415017368041e-02 1.730080782328974331e-01 9.838158271646613162e-01
-3.946085614777723044e-02 1.928872000743784287e-01 9.804271359358556204e-01
-1.090743727649249283e-02 2.013208649946556794e-01 9.794646175996950532e-01
3.199634380978486764e-02 1.934543851613593213e-01 9.805873927624179087e-01
7.548546678524410691e-02 1.706333793717042524e-01 9.824389009746411494e-01
1.051924402161934502e-01 1.413926621158124175e-01 9.843488536190501126e-01
1.138569545191863014e-01 1.163479441464510267e-01 9.866609092290156147e-01
1.016326116319186679e-01 1.020057583931579248e-01 9.895785150798428464e-01
7.321028441447660629e-02 9.986260913420348662e-02 9.923042444497102155e-01
3.572319217351892229e-02 1.085798281904290646e-01 9.934456575229467790e-01
-2.428087135963211823e-03 1.258274518302835709e-01 9.920491705348664091e-01
-3.253807751974661239e-02 1.486709211517694418e-01 9.883512688893737463e-01
-5.396036514594395456e-02 1.299685174948079502e-01 9.900487177172285769e-01
-5.019399477731439907e-02 1.382469560186595225e-01 9.891250386274273998e-01
-2.913204426746709291e-02 1.366055262076890098e-01 9.901970784678967297e-01
4.111202388284879508e-03 1.241641750765054147e-01 9.922531711425692791e-01
3.971543962628498736e-02 1.044558862317767761e-01 9.937362083002448943e-01
6.673262581508566937e-02 8.445258208976130776e-02 9.941903831913875278e-01
7.786222124064222372e-02 7.080049814631547700e-02 9.944469638777818643e-01
7.122015130479458778e-02 6.659730653050784099e-02 9.952348912748705256e-01
4.952072745545933047e-02 7.139429139101007016e-02 9.962181250656704234e-01
1.859921292935897905e-02 8.295308794549544062e-02 9.963798745854502981e-01
-1.401855264680890167e-02 9.858578101397015570e-02 9.950298105903353507e-01
-4.049071181448316015e-02 1.153931172624668849e-01 9.924942975881230200e-01
-7.196726170399889155e-02 8.263824316955194205e-02 9.939776828524242713e-01
-7.166980014341953198e-02 7.896739704559078976e-02 9.942975359272823166e-01
-5.457614487172845336e-02 6.606034041506096688e-02 9.963219739798369057e-01
-2.430133570591308523e-02 4.693393847438393635e-02 9.986023485362066632e-01
1.068968578787502302e-02 2.797352764122168836e-02 9.995515056110307883e-01
3.957932517803908201e-02 1.583186411927875112e-02 9.990910014091868296e-01
5.398494197718230192e-02 1.389737396287859042e-02 9.984450355612393135e-01
5.073741145553754828e-02 2.139589037084462311e-02 9.984828145511112085e-01
3.177114127546052519e-02 3.504454745271233518e-02 9.988806106216873149e-01
2.621688578149247283e-03 5.107768386969666757e-02 9.986912420562494841e-01
-2.932162764509819303e-02 6.622050818625072055e-02 9.973740955368943784e-01
-5.639595637022233598e-02 7.762498016579530424e-02 9.953862861018530905e-01
-9.802336928702230778e-02 4.045912918244769230e-02 9.943613417362859863e-01
-1.017285727100933346e-01 2.546966567265592646e-02 9.944860952395406795e-01
-8.585019745007631264e-02 6.696976617658741094e-04 9.963078314974365135e-01
-5.244671002194506437e-02 -2.703752109482060809e-02 9.982576396207053504e-01
-1.057019880148467664e-02 -4.742990739875978246e-02 9.988186395846260224e-01
2.567114981692136810e-02 -5.311163695752287722e-02 9.982585567309429919e-01
4.502089222229987975e-02 -4.365832297810252893e-02 9.980315977453235732e-01
4.336985230012502246e-02 -2.405558359200773294e-02 9.987694352600003933e-01
2.315223985055863548e-02 -8.070545024692009871e-04 9.997316252139795134e-01
-9.161900973541910881e-03 2.064022794031948604e-02 9.997449877649055017e-01
-4.542099206507970582e-02 3.643442792094010035e-02 9.983032935645322903e-01
-7.743678217472742265e-02 4.375347681627906465e-02 9.960367352827285137e-01
-1.285613987064867236e-01 1.365037182389548624e-02 9.916076008743516246e-01
-1.374352405109179609e-01 -1.021652441311737304e-02 9.904580643797191719e-01
-1.211452028621333582e-01 -4.646783798108596042e-02 9.915465596011080462e-01
-7.914440252830191869e-02 -8.489007917330546049e-02 9.932420842907695446e-01
-2.229243415353914307e-02 -1.097510766035062896e-01 9.937090864854867256e-01
2.730180994974260381e-02 -1.110812380769873459e-01 9.934362434101425832e-01
5.327984850220159746e-02 -9.137277294327046662e-02 9.943904032664462322e-01
5.128877375882663625e-02 -6.038343275557975925e-02 9.968567112353099446e-01
2.589936322578020866e-02 -2.793654124830197150e-02 9.992741228750100513e-01
-1.416445543651461900e-02 -8.424089802009735589e-04 9.998993242067856224e-01
-5.921500015517983107e-02 1.682016559362138272e-02 9.981035346025597388e-01
-1.000800428263724229e-01 2.233316071130179298e-02 9.947287142534062543e-01
-1.574197937042616791e-01 1.175946694644261319e-02 9.874617579872295714e-01
-1.723705146968989299e-01 -1.513481765024099826e-02 9.849159065412025349e-01
-1.548557411482459900e-01 -5.953963938538082978e-02 9.861413340769046298e-01
-9.968714988967697366e-02 -1.105442178459576374e-01 9.888591649208985368e-01
-1.944901573181796739e-02 -1.447353958562749843e-01 9.892792330648313426e-01
4.828811649006947704e-02 -1.455185749869333522e-01 9.881764023390098295e-01
8.067160755726723864e-02 -1.184250207093779095e-01 9.896805576570837371e-01
7.530761156001151979e-02 -7.876857396904576869e-02 9.940444031310589068e-01
4.097604041495420818e-02 -3.933924928265967319e-02 9.983853903065824653e-01
-1.034968414963939598e-02 -7.466005690235622515e-03 9.999185680829002498e-01
-6.716243205862633403e-02 1.322741799844004071e-02 9.976543705779479243e-01
-1.192763541850637016e-01 2.040755457274129672e-02 9.926513401233669764e-01
-1.751570887892027473e-01 4.010989164150550318e-02 9.837231271243614961e-01
-1.943815322077609986e-01 2.066829194392619251e-02 9.807082347185293036e-01
-1.735784936122097277e-01 -2.266946976224307533e-02 9.845590899972398446e-01
-1.018308186535403365e-01 -8.490316121686991568e-02 9.911720020196898018e-01
8.060188951313872543e-03 -1.349473273866647616e-01 9.908199897988746452e-01
9.260242288538375610e-02 -1.415987373241167635e-01 9.855833748923004123e-01
1.260995982870839749e-01 -1.136300732318611811e-01 9.854882534913477210e-01
1.125951250022506483e-01 -7.182697062310094971e-02 9.910414845589624599e-01
6.648340058257157237e-02 -3.055646892560986289e-02 9.973195373870021863e-01
2.711268476587311467e-03 3.504324958411444892e-03 9.999901843166804083e-01
-6.595519389268567068e-02 2.783499517438286705e-02 9.974342712388144516e-01
-1.286599456561620392e-01 4.087120465862428831e-02 9.908461853454013646e-01
-1.720774990369617619e-01 9.401481159206150073e-02 9.805868393601108179e-01
-1.885651771945920374e-01 9.462068356548929138e-02 9.774917391933715116e-01
-1.574801208069369074e-01 6.871760865971270060e-02 9.851283681890873334e-01
-6.630887268174814886e-02 6.874668167543936635e-03 9.977754618857861413e-01
6.931821426071789471e-02 -6.226837929819555723e-02 9.956493529909531404e-01
1.560617034274963122e-01 -8.466801300221839244e-02 9.841118190010735844e-01
1.795014838816443858e-01 -6.885413960247763199e-02 9.813451608603521725e-01
1.534340157831351192e-01 -3.668838144308996657e-02 9.874775771974649841e-01
9.579959538485564863e-02 -1.824747608080469052e-03 9.953989691677295193e-01
2.224685216094475157e-02 3.008041968665816149e-02 9.992998778747569366e-01
-5.441828341144235720e-02 5.740833752216343427e-02 9.968665573753632270e-01
-1.230039290225073828e-01 7.942251612104737901e-02 9.892229765721050061e-01
-1.460740915249294780e-01 1.548762343861222190e-01 9.770750799234246831e-01
-1.511638304430674151e-01 1.802380888116435764e-01 9.719381295675674215e-01
-1.016938151961259557e-01 1.846014216209126424e-01 9.775380724485907002e-01
8.345764576732287235e-03 1.471305092553699678e-01 9.890818780364449836e-01
1.419022235789489939e-01 7.153697561273096583e-02 9.872923680772530686e-01
2.107662157486445420e-01 2.125840446261366076e-02 9.773053169500653947e-01
2.183266201719443189e-01 8.543010905002562660e-03 9.758383595088502283e-01
1.820522909600164330e-01 1.871457188829662305e-02 9.831107405349975847e-01
1.185989336055997823e-01 3.945261232833960352e-02 9.921581448175696982e-01
4.206144415915545609e-02 6.488748042435628360e-02 9.970057421094662420e-01
-3.545323192919190569e-02 9.315443827806489663e-02 9.950202605851429238e-01
-1.024447420586798857e-01 1.236929785352572364e-01 9.870182986579434381e-01
-1.079400779267001842e-01 1.981981191050885827e-01 9.742004132417001472e-01
-1.016720851878594872e-01 2.355836509912720422e-01 9.665211484905273931e-01
-4.426800516530745438e-02 2.543173157131591311e-01 9.661071610577336433e-01
5.937552408697571033e-02 2.341408586230036559e-01 9.703878634147315996e-01
1.680945017848979872e-01 1.752584735069163402e-01 9.700663409961739481e-01
2.226493603014735312e-01 1.174955785916282358e-01 9.677923596354355285e-01
2.238180586854468246e-01 8.401586794610110820e-02 9.710029920343241638e-01
1.869634196099638768e-01 7.368439130600037967e-02 9.795995560461405738e-01
1.266087924962777667e-01 7.971251179800548092e-02 9.887447239431548240e-01
5.525426519520500873e-02 9.721738749759553655e-02 9.937282051678594241e-01
-1.564258502076318336e-02 1.238724541509707844e-01 9.921748457991066417e-01
-7.445043235156216521e-02 1.583898096387661159e-01 9.845657932942629698e-01
-7.365764159913859577e-02 2.138228992614667479e-01 9.740915355271592135e-01
-6.275960603064147103e-02 2.509906540296532595e-01 9.659528577733309529e-01
-1.158853897501631487e-02 2.718808182628550951e-01 9.622611529233050520e-01
7.035765625599170459e-02 2.619132140326567715e-01 9.625233859605643039e-01
1.515160593529575883e-01 2.206415786429942738e-01 9.635144926423550027e-01
1.958277598915188489e-01 1.697061458186865934e-01 9.658422813935320095e-01
1.984760727743238584e-01 1.303764430982234657e-01 9.713955073095251747e-01
1.688318951677210411e-01 1.096576998549793208e-01 9.795258955415941937e-01
1.183152480139659790e-01 1.064138980603083484e-01 9.872576079154341544e-01
5.785420282573009582e-02 1.177002508055308011e-01 9.913624676049205275e-01
-1.835140937578252744e-03 1.411123521999054220e-01 9.899918869941258803e-01
-4.965306445539645341e-02 1.744310015666765135e-01 9.834166964632516938e-01
-5.259452233005693089e-02 2.034143229696303290e-01 9.776791035057739165e-01
-4.244377327934306665e-02 2.335388804094028492e-01 9.714206696621746628e-01
-3.046314490978296267e-03 2.500127171039717711e-01 9.682377607046783741e-01
5.653624085712159048e-02 2.435748071726480946e-01 9.682329093666242059e-01
1.152713693286181867e-01 2.141400400169329310e-01 9.699776052438522367e-01
1.511494619375563786e-01 1.742313618708255241e-01 9.730350829731542195e-01
1.570938672614377030e-01 1.395408336480483957e-01 9.776757502431094871e-01
1.368611021826918184e-01 1.186230524035444961e-01 9.834620532322839725e-01
9.822970549706763754e-02 1.131094468226603311e-01 9.887149123978086207e-01
5.022175324133866525e-02 1.214730685466790389e-01 9.913233928036062625e-01
2.460007159932736925e-03 1.414285713952478096e-01 9.899454063521504477e-01
-3.509512558422162726e-02 1.701970569483725881e-01 9.847848973080095547e-01
-1.518174903021644595e-01 1.492989024896400618e-01 9.770676984496479145e-01
-1.590658160301687829e-01 1.829923607626385562e-01 9.701607403275891439e-01
-1.351047801394567871e-01 2.177557684020103024e-01 9.666070161711075581e-01
-8.279560998543868122e-02 2.409926207208340221e-01 9.669888539819639917e-01
-1.831137942547679531e-02 2.422816258182517168e-01 9.700331474615349059e-01
3.471864842102222182e-02 2.215981716918336841e-01 9.745198129101990681e-01
6.045318935177185216e-02 1.899885135496242050e-01 9.799233524192613176e-01
5.583887475089074209e-02 1.586388068478654378e-01 9.857564349413250326e-01
2.613133650350026385e-02 1.338858957761115687e-01 9.906521691113641115e-01
-1.980402844971054788e-02 1.187955738720883336e-01 9.927212156922854414e-01
-7.184383408094172085e-02 1.154746613946467104e-01 9.907088704963518122e-01
-1.194461242673795776e-01 1.255828648591285623e-01 9.848662688157761025e-01
-1.271652565301718274e-01 9.595813389371742053e-02 9.872289673988121628e-01
-1.289556232402117031e-01 1.105241567260955432e-01 9.854718961059517612e-01
-1.066849835968201182e-01 1.244577113886726621e-01 9.864728036549524903e-01
-6.460755937413077687e-02 1.325975820763684310e-01 9.890620529062323918e-01
-1.511595678470363177e-02 1.318826936582762621e-01 9.911500708589832120e-01
2.552352752603664898e-02 1.233752836632104749e-01 9.920317983430546604e-01
4.537555082873196560e-02 1.112983328506922526e-01 9.927505932970586144e-01
4.089364017292412834e-02 9.935585051491700737e-02 9.942113081041820122e-01
1.549660639069092884e-02 8.947724596980170808e-02 9.958683033634205817e-01
-2.335422614636008601e-02 8.290795755833857417e-02 9.962835192326991995e-01
-6.639712900422764519e-02 8.110565161130225964e-02 9.944914753464220158e-01
-1.040014488652765551e-01 8.539999012092580610e-02 9.909039006489370749e-01
-1.165405503701241186e-01 3.084452823040911840e-02 9.927068626725604750e-01
-1.139329008307309321e-01 2.608812662145590724e-02 9.931458622768271072e-01
-8.846360496433142151e-02 2.103385196518669023e-02 9.958573028643011860e-01
-4.552729365959457680e-02 1.742224374109718407e-02 9.988111588058629087e-01
1.985040328114467002e-03 1.764822554899327448e-02 9.998422874381989178e-01
3.851167554302274004e-02 2.230163106110185506e-02 9.990092532599256225e-01
5.361752182513986748e-02 2.960414255118371321e-02 9.981226157626390538e-01
4.508177996823202471e-02 3.651863808340019557e-02 9.983155924794181457e-01
1.719258637640298099e-02 4.058439187960556638e-02 9.990281888461879367e-01
-2.213964887443781518e-02 4.106709606104463200e-02 9.989110719022471496e-01
-6.358188737385292444e-02 3.879402860980186302e-02 9.972223257337701208e-01
-9.779652530931387533e-02 3.509367486556324439e-02 9.945874891742840784e-01
-1.222141471779697175e-01 -3.544954693876769397e-02 9.918704713074623092e-01
-1.168922778091422282e-01 -6.004371370188393842e-02 9.913278710060700050e-01
-8.397693867170485937e-02 -8.378209469938226184e-02 9.929392903794904690e-01
-2.953114936589083458e-02 -9.727539873515543556e-02 9.948192841003535847e-01
2.903928315014408026e-02 -9.260847505876954044e-02 9.952790515134457561e-01
7.031840297266765683e-02 -7.173358019227812910e-02 9.949420162382565103e-01
8.270522332396898491e-02 -4.386027175707869763e-02 9.956084183032691826e-01
6.669794313156054977e-02 -1.878261388134444543e-02 9.975964102771529562e-01
2.996261792618442818e-02 -2.611317143272494281e-03 9.995476089460345603e-01
-1.730816475724516676e-02 2.729966216184038889e-03 9.998464755736883314e-01
-6.473159498389886857e-02 -2.033930810407589759e-03 9.979006382082249438e-01
-1.025667715396623852e-01 -1.532335022395879716e-02 9.946080898091532729e-01
-1.466857623396153054e-01 -9.051326947009841195e-02 9.850333167852054483e-01
-1.426412351690188873e-01 -1.347894019110374708e-01 9.805535656770641983e-01
-1.001065888402054849e-01 -1.781637035954498627e-01 9.788954824657343234e-01
-2.281265768886928808e-02 -2.017919029198481651e-01 9.791627089331388367e-01
6.317975666300942872e-02 -1.890239404597327255e-01 9.799378900119484204e-01
1.194968850303171626e-01 -1.475083526866410588e-01 9.818155531236937295e-01
1.308365313249704176e-01 -9.737358633882670089e-02 9.866104533980304403e-01
1.035391191943269285e-01 -5.560258569326039652e-02 9.930699891049370454e-01
5.181944841407432056e-02 -3.032132519896020909e-02 9.981960538912204584e-01
-1.027347737148176336e-02 -2.291879693995536177e-02 9.996845424479157138e-01
-7.084125287238796087e-02 -3.180824874937383806e-02 9.969803168582556108e-01
-1.195367009615499188e-01 -5.499773919475278716e-02 9.913053141220213860e-01
-1.898292560581811006e-01 -1.190389746775905033e-01 9.745740485216686233e-01
-1.949709119985398587e-01 -1.783388387010541309e-01 9.644592277982351192e-01
-1.458362301290894725e-01 -2.405449343667533657e-01 9.596196791083458910e-01
-3.448142155945659038e-02 -2.772137564824332934e-01 9.601893379871438983e-01
1.028910160547866770e-01 -2.536167066582055152e-01 9.618170329741091429e-01
1.855120744601238270e-01 -1.877856240773939367e-01 9.645319225507872352e-01
1.950957364110628423e-01 -1.163450252138995833e-01 9.738590702673911581e-01
1.516697474488200026e-01 -6.289739599231332356e-02 9.864280030929859500e-01
7.980868552800797489e-02 -3.415169839275505187e-02 9.962249922637582689e-01
-2.090802055799084649e-03 -2.841470795548435915e-02 9.995940340550407699e-01
-8.123067774734242519e-02 -4.214994592336817475e-02 9.958036749537314547e-01
-1.473312301721192985e-01 -7.284706349811138903e-02 9.864009397580377758e-01
-2.441034566820593499e-01 -1.047610201124407892e-01 9.640739759482632731e-01
-2.688465539853786002e-01 -1.627326336662263673e-01 9.493364105259132213e-01
-2.240877293548978744e-01 -2.307791155720965437e-01 9.468504049575403592e-01
-7.292003631594232149e-02 -2.820997808436960241e-01 9.566098378918579392e-01
1.505045502841353133e-01 -2.492598432416419374e-01 9.566702205519416191e-01
2.641956367024215768e-01 -1.637773845844058829e-01 9.504618003085766320e-01
2.654465184678321821e-01 -8.300489650808427766e-02 9.605458515808784625e-01
2.014994914663366665e-01 -3.156422958223003422e-02 9.789799049775682604e-01
1.082099706948524698e-01 -9.476972298810065407e-03 9.940828885148540461e-01
6.112645400505736099e-03 -1.021741526127682882e-02 9.999291174837715568e-01
-9.286140519749154498e-02 -2.811381121629975485e-02 9.952820570288581914e-01
-1.797243488944451628e-01 -6.001047051948917715e-02 9.818848719899891941e-01
-2.909484203967580562e-01 -4.028715715060999375e-02 9.558901409874868138e-01
-3.389601586664493515e-01 -6.495643692043430451e-02 9.385556308174678453e-01
-3.092511071793653810e-01 -9.457601537181546669e-02 9.462658875941940551e-01
-1.272962734316766542e-01 -1.340201542111942312e-01 9.827686691360695281e-01
2.067213154903370098e-01 -1.044021271485401914e-01 9.728136993118712272e-01
3.307173317070623009e-01 -3.721804225739323846e-02 9.429956860129120599e-01
3.148860782419296567e-01 1.441621621062705652e-02 9.490199842151814114e-01
2.343338146103217390e-01 3.815766318009990166e-02 9.714070496298624624e-01
1.273036823234452997e-01 4.022769409856646883e-02 9.910476805352103069e-01
1.217388859716476979e-02 2.846340129680300854e-02 9.995207007476715200e-01
-1.011964519036962357e-01 8.614386776382716715e-03 9.948291664715603888e-01
-2.054363284574330928e-01 -1.538957227940037677e-02 9.785494755069730211e-01
-3.066562134602804357e-01 5.544937399316188925e-02 9.502038379578303662e-01
-3.635149484946234577e-01 8.928471644961301357e-02 9.272999092147207190e-01
-3.373811374123959483e-01 1.554783772180272083e-01 9.284397892894421522e-01
-1.466225818695668925e-01 2.288609344822992719e-01 9.623536206373858315e-01
1.937367217685886656e-01 2.267558782170180920e-01 9.544882683052147154e-01
3.163568317359072846e-01 1.810396425977820190e-01 9.312051346627003845e-01
3.051344772099485181e-01 1.506598387337393929e-01 9.403162041624458789e-01
2.306159565408376078e-01 1.250575732992462719e-01 9.649750690818160725e-01
1.276014665084878597e-01 9.985420776772759022e-02 9.867861992021499384e-01
1.330654587062045022e-02 7.630693072300516466e-02 9.969955808130996910e-01
-1.026352486473721820e-01 5.755221202003794195e-02 9.930527421173384051e-01
-2.127361192124713474e-01 4.813672953670940224e-02 9.759232545913475443e-01
-2.815185228938339446e-01 1.374952595567633107e-01 9.496538184343293887e-01
-3.235218875722384868e-01 2.024303934843581509e-01 9.243135420709466255e-01
-2.834362519902385857e-01 2.970991183910189903e-01 9.118091932574310388e-01
-1.195041566711721182e-01 3.818907262080219467e-01 9.164487054794014931e-01
1.149989366651394535e-01 3.876266862434716853e-01 9.146151084899003525e-01
2.324920367643596719e-01 3.199850520019344446e-01 9.184536021686293683e-01
2.437323976044101226e-01 2.490994153524219989e-01 9.373067798906656867e-01
1.927789043266344426e-01 1.916347078999970088e-01 9.623473555712321881e-01
1.086699735780481818e-01 1.479773702281102221e-01 9.830023065806715588e-01
8.390658710477968615e-03 1.176990025195104872e-01 9.930138678046757095e-01
-9.706704592711644375e-02 1.024643734508455944e-01 9.899894144729375345e-01
-1.981358544709169722e-01 1.065934780557437622e-01 9.743613362655269006e-01
-2.354536969435808980e-01 1.796891149933621257e-01 9.551300322723228486e-01
-2.610167399881526684e-01 2.454344776184861909e-01 9.336124349226341268e-01
-2.225060087550773946e-01 3.270777866894252761e-01 9.184286567405202106e-01
-1.077876090272518461e-01 3.922942482542381426e-01 9.135026295128689799e-01
4.152089779220254767e-02 4.005014656875900414e-01 9.153548989481606890e-01
1.391142765429683459e-01 3.485308874801325008e-01 9.269160903415829544e-01
1.661741323283132954e-01 2.790904472594471497e-01 9.457772887913697968e-01
1.395306816998361787e-01 2.170717147229231647e-01 9.661320093713416934e-01
7.874051177269580926e-02 1.702206442833256173e-01 9.822549893310188462e-01
-1.078597832838205451e-03 1.404897540678713419e-01 9.900815449388651324e-01
-8.808329376864149074e-02 1.297497447886954147e-01 9.876266182553169459e-01
-1.709981772223078400e-01 1.413741182594995260e-01 9.750758852895524686e-01
-1.889478872615354688e-01 1.806860770462400956e-01 9.652208231596672849e-01
-2.034549254505689520e-01 2.326865569134938805e-01 9.510326280110531494e-01
-1.731799689705657563e-01 2.907578379517333222e-01 9.409933995607620005e-01
-9.745832748599386752e-02 3.332807130091202663e-01 9.377770741171982394e-01
-1.904623452211581369e-03 3.383906397787450060e-01 9.410037977179283031e-01
7.116790036325792990e-02 3.039196943707025977e-01 9.500357621329216240e-01
1.011563026209161276e-01 2.520724997691671798e-01 9.624068044753721907e-01
9.006884294524351853e-02 2.022791891955209864e-01 9.751772829332575609e-01
4.852514546497654901e-02 1.637704189598350457e-01 9.853042982405948447e-01
-1.167036946481205331e-02 1.401264818559238290e-01 9.900648319979893364e-01
-7.919495514828872595e-02 1.336341222883531132e-01 9.878613670142428749e-01
-1.426255205645447777e-01 1.466555318788572426e-01 9.788514268534524998e-01
-2.402149553962570905e-01 7.190221271821094218e-02 9.680531219981315383e-01
-2.738552654197087266e-01 1.122417672615620143e-01 9.551989736615393856e-01
-2.736369773022390151e-01 1.722609994411262169e-01 9.462816455603967336e-01
-2.317429120725406355e-01 2.342268602270939359e-01 9.441572965624686065e-01
-1.577433700161799679e-01 2.733428624759763337e-01 9.488944666027223640e-01
-8.024717822559752911e-02 2.736079149068970096e-01 9.584879233914146424e-01
-2.769833212316944251e-02 2.419118439400783915e-01 9.699028106770832824e-01
-1.141646005226076670e-02 1.945348843648062598e-01 9.808291610698290919e-01
-2.850407959944431524e-02 1.445186501335908036e-01 9.890914402671180383e-01
-7.011879265885426205e-02 1.005328030879042156e-01 9.924598281137000377e-01
-1.261934661433030680e-01 6.954964596057958137e-02 9.895645789180861351e-01
-1.866052024457747482e-01 5.813938168331194561e-02 9.807131643438852242e-01
-1.739301132404215688e-01 2.707050581693347391e-02 9.843858508852760814e-01
-1.856893518239769447e-01 4.523429337447133769e-02 9.815667696707178758e-01
-1.719115565388681655e-01 7.543602194988645315e-02 9.822198446991965426e-01
-1.331804867865448438e-01 1.088450600621510833e-01 9.850968027758338907e-01
-8.009125408088102471e-02 1.342563331590009013e-01 9.877047271458772038e-01
-3.077840482350078025e-02 1.436485899203107097e-01 9.891500252289859851e-01
-1.282955562960503637e-03 1.365448708722449556e-01 9.906330563147275337e-01
1.980014735719239864e-03 1.170499063126310413e-01 9.931240602129255413e-01
-1.852890338491045355e-02 9.032701402960574555e-02 9.957397804023718768e-01
-5.552824494712044895e-02 6.197422664711700613e-02 9.965318907313466257e-01
-9.997815204546207923e-02 3.818347604441768572e-02 9.942567029046881499e-01
-1.425208069534482647e-01 2.502887158403809681e-02 9.894753029623728491e-01
-1.227887783647032410e-01 -4.196751090768351816e-02 9.915450791244935225e-01
-1.156512973020046020e-01 -4.745254380795074778e-02 9.921557506351423861e-01
-8.456964839005186307e-02 -4.119739859091557654e-02 9.955655422525161447e-01
-3.687665854976190927e-02 -2.315082580818803720e-02 9.990516259525095144e-01
1.192050213432407392e-02 2.736269808553295005e-03 9.999252044309773213e-01
4.550606642356496562e-02 2.812089280033337399e-02 9.985681816014806422e-01
5.502226149891830537e-02 4.492575668793770405e-02 9.974739230303533155e-01
4.068547984895061476e-02 4.861226921455503308e-02 9.979887469362607177e-01
8.548812870216759147e-03 3.896658656585396535e-02 9.992039446128990754e-01
-3.286427511081872060e-02 1.942859960448847442e-02 9.992709687260299400e-01
-7.439353375073816388e-02 -4.395074477988662222e-03 9.972192765166650874e-01
-1.070561207241220725e-01 -2.652482495079820299e-02 9.938990998471732841e-01
-9.317883283318120768e-02 -1.257209745355985508e-01 9.876800806302606928e-01
-6.857597883004400152e-02 -1.581219353964972152e-01 9.850354250858077698e-01
-1.335655324709440935e-02 -1.737507526535612967e-01 9.846990801447127462e-01
5.802476747305364280e-02 -1.611671161276275743e-01 9.852199181090927071e-01
1.183529256249605810e-01 -1.199567176534263035e-01 9.856992294234130370e-01
1.454377775414892604e-01 -6.766674690754735655e-02 9.870506897961881521e-01
1.356596693969153167e-01 -2.404896209398958706e-02 9.904635790987620370e-01
9.845720296305203456e-02 -6.517152849032168804e-04 9.951410726383087546e-01
4.668379092221246890e-02 1.893266002809516782e-04 9.989096995327119144e-01
-7.990768825039146900e-03 -1.795561034385060109e-02 9.998068531826048710e-01
-5.552550874093302447e-02 -4.908979997314651122e-02 9.972497728340353751e-01
-8.671511830764874751e-02 -8.700591268883850482e-02 9.924265511433010278e-01
-9.394065566248931132e-02 -2.135842345528130848e-01 9.723975154042791003e-01
-5.538342906597204518e-02 -2.788701932416992602e-01 9.587304580050527436e-01
3.182374023058180679e-02 -3.197754214747914325e-01 9.469587791335009053e-01
1.477856215800074091e-01 -3.052601493306738578e-01 9.407314448261782092e-01
2.408366807119576569e-01 -2.281086630722658493e-01 9.433791025111859518e-01
2.689040142242606346e-01 -1.325836183871722807e-01 9.539980163863802654e-01
2.363788146101503396e-01 -5.789916784941573358e-02 9.699344010630809310e-01
1.688060597746336433e-01 -1.956965598499046596e-02 9.854549927561117029e-01
8.927403525105573334e-02 -1.643768729011035185e-02 9.958714520793741087e-01
1.312059104811746577e-02 -4.123842291828228729e-02 9.990631824692823848e-01
-4.917539993104622781e-02 -8.643453105140611048e-02 9.950431407147239948e-01
-8.824283960329216969e-02 -1.459127147658522139e-01 9.853540891113558020e-01
-1.349175428984270286e-01 -2.889751723956048846e-01 9.477819402990003139e-01
-9.530097585711835850e-02 -3.928994555581558079e-01 9.146298386904255784e-01
2.430985128655704930e-02 -4.697343926726432195e-01 8.824730202510165933e-01
2.143875988039876668e-01 -4.522048667500534469e-01 8.657648156205800527e-01
3.785459914266348092e-01 -3.035226583671314926e-01 8.744008967474503624e-01
4.125176024437958167e-01 -1.423450762004827008e-01 8.997594717231645056e-01
3.477961911137809614e-01 -3.738500950087451230e-02 9.368245142561633099e-01
2.414526462943848706e-01 4.046513718503127501e-03 9.704041659658925179e-01
1.285188191488052523e-01 -2.817862178229989332e-03 9.917030668386579428e-01
2.554833691776815449e-02 -4.298580635053882160e-02 9.987489689272763815e-01
-5.878311301318535353e-02 -1.070672197774654444e-01 9.925125470609450495e-01
-1.162755237110729145e-01 -1.903113281345417129e-01 9.748136237094323642e-01
-2.199741769171512651e-01 -3.250739175402632131e-01 9.197490470910474336e-01
-2.107062893979057272e-01 -4.604272294020463896e-01 8.623280269324605785e-01
-8.994228044458944804e-02 -5.829824883714989081e-01 8.074910553315026718e-01
2.003798319696180885e-01 -5.814555816396572707e-01 7.885159031496211668e-01
5.218241445336034845e-01 -2.923128386711355553e-01 8.014067422539378205e-01
5.524561530054599157e-01 -5.002376000490650620e-02 8.320395558153984572e-01
4.415364422834240909e-01 6.042490823492362162e-02 8.952063452637654128e-01
2.959123587629914343e-01 7.766238408375787661e-02 9.520527454031597614e-01
1.535970292851412122e-01 4.341315268646538800e-02 9.871794420309728535e-01
2.587215910557727830e-02 -1.990335628839404181e-02 9.994671019054920391e-01
-8.324856299943990401e-02 -1.032548581694829326e-01 9.911650271388237066e-01
-1.688682088124189573e-01 -2.048172893382154136e-01 9.641231280497888356e-01
-3.324171492497358105e-01 -2.908977632248690437e-01 8.971495584546317348e-01
-3.970433708288918506e-01 -4.119475459022447494e-01 8.201559492597076950e-01
-3.661352491663434350e-01 -5.286803438919260856e-01 7.657950595949601924e-01
-3.482310098102735230e-02 -5.602552463787617842e-01 8.275877056501375062e-01
6.105405176925059463e-01 -2.822644345315473979e-02 7.914818659612334883e-01
5.960144443487808141e-01 2.040230725807400669e-01 7.766217663589104481e-01
4.555650444917626052e-01 2.362780919120421319e-01 8.582733559418271874e-01
3.008357677369258298e-01 1.885726903822284861e-01 9.348466084294186906e-01
1.518011060695458880e-01 1.119103033536076319e-01 9.820552470200146766e-01
1.272434303483327943e-02 2.350499329406136734e-02 9.996427393748162915e-01
-1.157106409315862561e-01 -7.252735473528033883e-02 9.906315310905081661e-01
-2.324521294004044947e-01 -1.770059603256300962e-01 9.563654623344568506e-01
-4.235962887462645377e-01 -1.821969152501433653e-01 8.873389815813377268e-01
-5.667404475321095036e-01 -2.140651563875862473e-01 7.956012656801328964e-01
-6.849880182026800712e-01 -1.303130842362199560e-01 7.168053536320490027e-01
-5.886957607322528263e-01 2.254892489617249529e-01 7.762679304844327666e-01
1.638697603523443513e-01 6.398236953017715223e-01 7.508477479304487279e-01
3.626976988386436118e-01 5.385332630037124035e-01 7.605473712370801609e-01
3.365825335619549441e-01 4.134011128013438952e-01 8.460565690517248827e-01
2.397539833303201917e-01 2.913854630312894822e-01 9.260737224493040820e-01
1.185163099195159497e-01 1.778237449331074027e-01 9.768994830692752096e-01
-1.131356053611592277e-02 7.367414295589520823e-02 9.972181927780283672e-01
-1.449478484894006491e-01 -2.219021704587972182e-02 9.891904343884583284e-01
-2.820835777978315528e-01 -1.097936635321238585e-01 9.530866731755893717e-01
-4.382863340296441201e-01 -5.151095474460402196e-02 8.973581843076910980e-01
-5.755387340226149062e-01 -7.452353943522793851e-03 8.177405628075006261e-01
-6.539180747566386565e-01 1.544824729686900544e-01 7.406256254354607327e-01
-5.338471381092199097e-01 4.525989184560254008e-01 7.142558730209767059e-01
-1.421857805250633933e-01 6.891398416883229849e-01 7.105416823902350743e-01
1.048687056076974961e-01 6.232091104618988631e-01 7.749922317167361463e-01
1.749679067069642713e-01 4.801786122460770523e-01 8.595433275664536854e-01
1.461300524418032154e-01 3.390961297274937558e-01 9.293329987562159999e-01
6.698395702804817164e-02 2.164360776934217134e-01 9.739961877612633989e-01
-3.876489226931039561e-02 1.137158612362978299e-01 9.927567607581757603e-01
-1.608331553942939363e-01 3.083969698428158657e-02 9.864996752233823329e-01
-2.952535968387971499e-01 -2.866065098512700013e-02 9.549889426789032187e-01
-3.899485135101575239e-01 4.249492485803161440e-02 9.198556072408460293e-01
-4.881256813597633082e-01 1.099906964793913033e-01 8.658148565859984380e-01
-5.242866627193163431e-01 2.499421777730359284e-01 8.140346448798888579e-01
-4.372227099773109416e-01 4.364503906948916656e-01 7.863506586392129405e-01
-2.300385008603388071e-01 5.665042030963902686e-01 7.912997384025708403e-01
-4.299006755447322414e-02 5.443644937628903113e-01 8.377464724019595410e-01
5.025337671667670647e-02 4.424107441821929498e-01 8.954034462524022020e-01
6.099520003083314101e-02 3.251532273125404271e-01 9.436921978810497436e-01
1.696081847249400476e-02 2.190009995431683454e-01 9.755772100844255501e-01
-6.115729485062688930e-02 1.321514229300684573e-01 9.893410871403728324e-01
-1.608221481364018046e-01 6.861124992366343656e-02 9.845957206147261109e-01
-2.737815997172050042e-01 3.461382243069756337e-02 9.611688295783032965e-01
-3.158237595602873538e-01 8.129288082986257935e-02 9.453289482627129647e-01
-3.774346526399234847e-01 1.408752499754367393e-01 9.152580220521914223e-01
-3.913296936012974347e-01 2.386389580731493876e-01 8.887702282342067051e-01
-3.338016200999926464e-01 3.483678256271900420e-01 8.759088631166890293e-01
-2.150621733333244467e-01 4.190855487367057264e-01 8.821085899373511952e-01
-9.224081598330295673e-02 4.123306523027524539e-01 9.063526162804129704e-01
-1.479002487372372762e-02 3.504689445496379507e-01 9.364575666151175870e-01
6.902351371516510410e-03 2.694355729106379660e-01 9.629936809739528814e-01
-1.689770882522241904e-02 1.912347982943397862e-01 9.813988584454069741e-01
-7.241574969733893807e-02 1.263945347386060403e-01 9.893333011600318194e-01
-1.478967785241018518e-01 8.156047101447660985e-02 9.856340256251656662e-01
-2.331082131970878268e-01 6.369208236842767434e-02 9.703627566965369322e-01
-2.848063083237254989e-01 -3.813020962463621599e-02 9.578264215674616722e-01
-3.491483604181629397e-01 -4.058023124568674832e-03 9.370586720508747858e-01
-3.863383640481819481e-01 6.849032077402865404e-02 9.198107111926882018e-01
-3.749489868801610948e-01 1.621060281557094862e-01 9.127622323875199672e-01
-3.099781952747146518e-01 2.421134579190468150e-01 9.193990384749570755e-01
-2.167212533146878617e-01 2.751615085966624408e-01 9.366525730219746881e-01
-1.349206746181569605e-01 2.564209009634434433e-01 9.571022584394023314e-01
-8.820952782176035012e-02 2.029918643668189859e-01 9.751991500213752495e-01
-7.983779274958544003e-02 1.341142993745495782e-01 9.877445426588004063e-01
-1.033629848463227807e-01 6.432507148579513778e-02 9.925615238069652735e-01
-1.506276821805832833e-01 5.198859531655160987e-03 9.885768929225978718e-01
-2.140381241952086511e-01 -3.249769787213249717e-02 9.762845799376683731e-01
-1.805190336622770897e-01 -5.335354559166663457e-02 9.821233515491704091e-01
-2.038154334377985100e-01 -3.613278572990642062e-02 9.783423178458049430e-01
-2.066276838088824397e-01 5.469771024100786479e-03 9.784043550029043468e-01
-1.841080900788461816e-01 6.080330323119264441e-02 9.810235315647766186e-01
-1.406719758212233440e-01 1.120223685492185289e-01 9.836983196911618377e-01
-9.141558266423295553e-02 1.419985171471540575e-01 9.856366533231804006e-01
-5.416593027069225436e-02 1.438016315901048947e-01 9.881230402889612519e-01
-3.892414644904548804e-02 1.205411592860501924e-01 9.919449277763013884e-01
-4.616058626191235637e-02 8.011187906271366455e-02 9.957164692367058700e-01
-7.086845788863666007e-02 3.222258184360819733e-02 9.969650780723356975e-01
-1.062406122867098346e-01 -1.258763226295108763e-02 9.942607725414903674e-01
-1.452334249001230038e-01 -4.399868855543146579e-02 9.884186196632965826e-01
-8.679695656633749923e-02 -1.071987218218122540e-01 9.904416804490054904e-01
-7.335570609475854098e-02 -1.109619436624789679e-01 9.911137106517295958e-01
-4.127939637261027889e-02 -9.116025380830221347e-02 9.949803111422703683e-01
3.154687472286869755e-04 -5.050209670803719464e-02 9.987239051446946680e-01
3.664277420300503241e-02 -3.382678183806142038e-04 9.993283707938785954e-01
5.589831380988439374e-02 4.259476411315363947e-02 9.975274756032024293e-01
5.448193123853876940e-02 6.530630166054510188e-02 9.963768394196813594e-01
3.567431310503819952e-02 6.306659377640949637e-02 9.973715196125380045e-01
5.841178376257081736e-03 3.857941006111588467e-02 9.992384649095173987e-01
-2.803936767336583438e-02 -5.748646904120523074e-04 9.996066543350972111e-01
-5.910644333980542842e-02 -4.444904167510509846e-02 9.972616061243749774e-01
-8.068784460390225621e-02 -8.290783875792337443e-02 9.932853376575430104e-01
-1.289836265914189040e-02 -1.925199557225458213e-01 9.812082851715412390e-01
3.822782860938830907e-02 -2.228708172177105984e-01 9.740981634068209827e-01
1.147799057508181036e-01 -2.186651674325763295e-01 9.690258602262913357e-01
1.907602680873551060e-01 -1.714944893458985598e-01 9.665403045105227520e-01
2.326462083923161728e-01 -9.467292974894973845e-02 9.679425489631288126e-01
2.270141601437669909e-01 -2.015851122877774723e-02 9.736828053937195415e-01
1.849803328966788674e-01 2.689592588223403691e-02 9.823741067496938317e-01
1.260394015837828507e-01 3.794719092131999816e-02 9.912991879093463465e-01
6.599876326553484607e-02 1.680239991798933297e-02 9.976782259849568124e-01
1.503269593011543823e-02 -2.724158124306465603e-02 9.995158399468063726e-01
-1.960252409608709279e-02 -8.360947968730896018e-02 9.963057743261035659e-01
-3.106193264326874079e-02 -1.420819904451146309e-01 9.893674061396836583e-01
2.803953143686400973e-02 -3.035341175961744908e-01 9.524079084781651439e-01
1.192096505739229234e-01 -3.714933946451620672e-01 9.207506269044747338e-01
2.584247447691631061e-01 -3.823955064758435274e-01 8.871247533002667440e-01
3.966444654042816098e-01 -3.042225176162491884e-01 8.660957382641299995e-01
4.589466102876534337e-01 -1.611683687825769817e-01 8.737235064992560085e-01
4.243506804751080996e-01 -3.055967742695417724e-02 9.049821026385831413e-01
3.305588382940476966e-01 4.270131782846371682e-02 9.428188860440521735e-01
2.214488652670516255e-01 5.542351821946578383e-02 9.735957239532189167e-01
1.234217556484509398e-01 2.230412132783785029e-02 9.921036218078449487e-01
4.822157564533367802e-02 -4.105290486162428698e-02 9.979926546045641000e-01
2.068305566137574637e-03 -1.228665726979127487e-01 9.924210434213956988e-01
-7.911097381471169504e-03 -2.139503295290864915e-01 9.768125055672600698e-01
1.656202577582884319e-02 -4.277992681424008237e-01 9.037220178123105407e-01
1.399877101396279633e-01 -5.512410561619324190e-01 8.225185341446118459e-01
3.614116744089727606e-01 -5.897909296940183621e-01 7.221691359034969615e-01
6.121403188958176589e-01 -4.495558319477763742e-01 6.505257750037286568e-01
7.172610238490887413e-01 -1.672470703654143909e-01 6.764355409949731612e-01
6.345803792762526596e-01 4.948349553542301382e-02 7.712711105099970821e-01
4.703390424112046109e-01 1.366469531509045821e-01 8.718421849042193861e-01
3.036743064299213812e-01 1.265970629747382170e-01 9.443278558109300391e-01
1.654714305931876961e-01 6.064248305398456385e-02 9.843483605443331674e-01
6.296439557064609227e-02 -3.655142526658490543e-02 9.973462178208784001e-01
-1.803053239389078213e-03 -1.539825352387702850e-01 9.880719244269138279e-01
-2.235778313923545910e-02 -2.868522164348399905e-01 9.577139110712162839e-01
-6.794193806865107821e-02 -5.344999187695546050e-01 8.424332198380487524e-01
4.630373001363069507e-02 -7.289232543834958111e-01 6.830277108622468951e-01
3.303692574752508659e-01 -8.319698652216224177e-01 4.457379242089714033e-01
7.631066502458732081e-01 -6.065528261647518127e-01 2.230737757381428266e-01
9.542636420133783215e-01 -3.007539239956005112e-02 2.974497811457822438e-01
7.846850901957996838e-01 2.830092651130471926e-01 5.515206841854409792e-01
5.468327495484853751e-01 3.280035183705906632e-01 7.703165816452391956e-01
3.399479490275735261e-01 2.509357013697561811e-01 9.063479826921349014e-01
1.769873643408557129e-01 1.287137286378402523e-01 9.757603440004976036e-01
5.377867843006053916e-02 -1.224365967694939460e-02 9.984778147481331301e-01
-3.323349276465332319e-02 -1.676024344142862388e-01 9.852943514184009377e-01
-7.987918918619013597e-02 -3.410860383531468809e-01 9.366320673431692834e-01
-2.245348843552748552e-01 -5.703810707270007274e-01 7.900946271579947222e-01
-2.094233232018716528e-01 -8.096396900828970455e-01 5.482932098263627596e-01
-3.082785187640732852e-02 -9.931819986186877225e-01 1.124240239824621096e-01
4.830147569945982267e-01 -7.180924233728824824e-01 -5.010389366304245362e-01
8.578779288962766758e-01 4.103784908109375795e-01 -3.092490151839594192e-01
6.674697191973069099e-01 6.828498804362540531e-01 2.969852096364719030e-01
4.654435062745576612e-01 5.747181984463686222e-01 6.730983099382802370e-01
2.930645264850611498e-01 3.923494665236239576e-01 8.718801978682719778e-01
1.459007383958951798e-01 2.063960274088697533e-01 9.675296659044817504e-01
2.071387837472235191e-02 2.601968458568168843e-02 9.994468026146785533e-01
-8.520485285171396084e-02 -1.559033222762876980e-01 9.840905888960286285e-01
-1.707035950431078086e-01 -3.512892777834867308e-01 9.205738025567484772e-01
-3.967988209259806220e-01 -4.907283532639329371e-01 7.757166873379334193e-01
-5.438861599366127120e-01 -6.651070851897472602e-01 5.116838968149566291e-01
-7.028709293115309453e-01 -7.104249012915889727e-01 3.562185219345932047e-02
-7.671342630482628211e-01 -1.896780605134111564e-01 -6.128027870507872787e-01
-1.808766101086188571e-01 8.997257576720952832e-01 -3.972117985369893467e-01
1.538824998425216140e-01 9.521621959986433792e-01 2.640214551007154520e-01
2.165989491893045293e-01 7.241978657476817460e-01 6.546925587300606031e-01
1.681998473859421250e-01 4.799425896342389142e-01 8.610249253037625117e-01
7.800492892550187074e-02 2.610390370426320938e-01 9.621714255803017757e-01
-2.754196458688896662e-02 6.524638496811556443e-02 9.974890222130200490e-01
-1.411138023629109062e-01 -1.186730752460374017e-01 9.828548193879969030e-01
-2.631923218855516944e-01 -3.024057440222427395e-01 9.161225724119439473e-01
-4.864892343275882824e-01 -3.272185753949999332e-01 8.100964317905389178e-01
-6.926802506382787605e-01 -3.772522216454429755e-01 6.147152443525255583e-01
-9.074160513515617810e-01 -2.554726018354779860e-01 3.336612945202723779e-01
-9.784939864610905369e-01 1.903140192214781978e-01 7.956187873036589531e-02
-6.303285677058694247e-01 7.631850163359817918e-01 1.422481197556151045e-01
-2.234023039989791737e-01 8.592274631862828471e-01 4.602386088479279991e-01
-1.980218245588526854e-02 6.935119112065499802e-01 7.201729671298471303e-01
3.158652959126030668e-02 4.762358001425490150e-01 8.787501088540787819e-01
5.840300675917811614e-04 2.723542974690725260e-01 9.621968590465389548e-01
-7.518508510334598327e-02 9.219268527944982083e-02 9.928986412313152154e-01
-1.814047721239629429e-01 -6.789759797592295754e-02 9.810617844152276223e-01
-3.168083272456055921e-01 -2.108588926687736398e-01 9.247545680722132344e-01
-4.697601593678364940e-01 -1.708222332314681957e-01 8.661092063386074402e-01
-6.412355439127982448e-01 -1.478029539256807690e-01 7.529749425006138086e-01
-7.851339755598133463e-01 -2.487337851422429576e-03 6.193209616765472658e-01
-8.038629816430471475e-01 2.780388305956750794e-01 5.258314515363523567e-01
-6.146372832010693621e-01 5.657842585753057874e-01 5.496445968510548230e-01
-3.410821346488226991e-01 6.484739231028979756e-01 6.805472419154701136e-01
-1.478793601116566436e-01 5.581580234162659693e-01 8.164504367988730804e-01
-6.326003823675067916e-02 4.035156042768065499e-01 9.127832846124218635e-01
-5.885305839802150440e-02 2.440367220297764705e-01 9.679785099981579322e-01
-1.076465287880967875e-01 9.996067384046543325e-02 9.891511959883835248e-01
-1.952407330808053620e-01 -2.274992578052825384e-02 9.804914568842882927e-01
-3.167475667470604495e-01 -1.182730696326701469e-01 9.411070395865367422e-01
-3.886262618308534145e-01 -7.312985747016426119e-02 9.184887873903533340e-01
-5.031876817319841377e-01 -3.150833602137291523e-02 8.636025600439602989e-01
-5.840341695227926344e-01 8.022611033751048115e-02 8.077548266955159040e-01
-5.823552850918466417e-01 2.441999800290306222e-01 7.753893806852684145e-01
-4.745269140653907702e-01 3.923927554778836035e-01 7.879417067754119763e-01
-3.113072600192225980e-01 4.444047287377472788e-01 8.399953731627074482e-01
-1.747198306974409587e-01 3.990022528674102009e-01 9.001500891339527799e-01
-1.006999134744352570e-01 3.024620609706767937e-01 9.478271092872201375e-01
-8.608859489413984989e-02 1.925534790832883758e-01 9.775028959149274499e-01
-1.172209228779789308e-01 8.903752927195576761e-02 9.891064521176055058e-01
-1.829615364707208036e-01 2.873213179836073879e-03 9.831158735460265863e-01
-2.760706875017434614e-01 -5.588305435495078549e-02 9.595113650907384217e-01
-2.756377352886495435e-01 -1.513502560679627351e-01 9.492717939942389993e-01
-3.654269929128183270e-01 -1.345431838463479191e-01 9.210652770195255634e-01
-4.412208765661566057e-01 -6.480694449436906479e-02 8.950554161768737860e-01
-4.690969166573321081e-01 4.459265224531373806e-02 8.820201687877620156e-01
-4.295120401130242405e-01 1.550338356337685186e-01 8.896538187443955303e-01
-3.386351181713537217e-01 2.218868133015746424e-01 9.143809374783730126e-01
-2.382081121689817726e-01 2.265849706295117727e-01 9.444131227284829899e-01
-1.619761064052750721e-01 1.806909032421220584e-01 9.701105805211919231e-01
-1.219600504250996920e-01 1.058272532470588417e-01 9.868770635548751446e-01
-1.170734124690648442e-01 2.075959882433624573e-02 9.929062670510365729e-01
-1.433246741225132070e-01 -5.959460544476665594e-02 9.878798109028762431e-01
-1.975965925782909860e-01 -1.217453387235749585e-01 9.726940213141282987e-01
-1.491857320761049710e-01 -1.228984528685650723e-01 9.811419813805981605e-01
-1.826739879124935351e-01 -1.109362451343229722e-01 9.768947556701047530e-01
-2.060331652425398119e-01 -6.582532142793992569e-02 9.763285112497059881e-01
-2.084130674968667496e-01 2.018641221306321631e-03 9.780388123096387387e-01
-1.858091864412139693e-01 7.129721329288256360e-02 9.799957416288815892e-01
-1.465907368693149526e-01 1.187635980600206670e-01 9.820419357850365127e-01
-1.067398244167247351e-01 1.314770800327674238e-01 9.855558773147563567e-01
-7.882447790287407108e-02 1.099640193208592243e-01 9.908050343726694242e-01
-6.739755963323847132e-02 6.308486688447283164e-02 9.957298170314782260e-01
-7.157834863105680401e-02 3.179708548928127185e-03 9.974299120544645181e-01
-8.866371800146603810e-02 -5.627622055423690817e-02 9.944705788057059959e-01
-1.157338649062378821e-01 -1.021405455759144820e-01 9.880146666236041542e-01
-2.306621551447720145e-02 -1.435797347401866486e-01 9.893699052799861393e-01
-4.567294309354068792e-03 -1.425520751290476340e-01 9.897767655886671179e-01
2.161743761584685591e-02 -1.100084370861012517e-01 9.936955419850164173e-01
4.634885719918313551e-02 -5.219820943854167755e-02 9.975605898228890878e-01
5.953365126441258204e-02 1.357367812890630104e-02 9.981340088531442944e-01
5.732554084250219423e-02 6.555213103231549709e-02 9.962011345528207773e-01
4.311353651766890865e-02 8.864938423420014313e-02 9.951293934176791423e-01
2.307906575580835271e-02 7.913376233038964258e-02 9.965968113452179367e-01
2.464317069705376177e-03 4.237794759755820345e-02 9.990986120992878528e-01
-1.512914881182911286e-02 -1.099707797620019974e-02 9.998250712660835537e-01
-2.693426663949967728e-02 -6.810463785700303363e-02 9.973145459596994833e-01
-3.031531258283852795e-02 -1.160373110949829978e-01 9.927821131833153290e-01
9.139232237016457761e-02 -2.102874686699390538e-01 9.733584252124319880e-01
1.649648762786598000e-01 -2.263942095967747814e-01 9.599647136511716417e-01
2.495406886840195182e-01 -1.948868411908069864e-01 9.485507702921845974e-01
3.118774870921903752e-01 -1.162174541990195209e-01 9.429877710682680325e-01
3.215731984422901535e-01 -1.699782496715209965e-02 9.467321437397115957e-01
2.776377501404644343e-01 6.342422371591473207e-02 9.585899266855646417e-01
2.052491201617627492e-01 1.002713346207227546e-01 9.735596839057039098e-01
1.321763587868856338e-01 9.115899210323478996e-02 9.870255560706220344e-01
7.475849866651861075e-02 4.672815361274788165e-02 9.961062425951651145e-01
3.935756237693749382e-02 -1.901665160579671388e-02 9.990442178629943548e-01
2.856913108575900515e-02 -9.244130913453196818e-02 9.953081980544644658e-01
4.511564395759869173e-02 -1.605975505598322972e-01 9.859883393959009146e-01
1.784188867946821244e-01 -3.234593643060724721e-01 9.292689279631241028e-01
3.137855961489909307e-01 -3.682782327089915708e-01 8.751626951385830244e-01
4.756864068225307163e-01 -3.281859248489918945e-01 8.160983035732428670e-01
5.959527864001731290e-01 -1.896764325056118916e-01 7.802968200203314053e-01
6.073646229585345502e-01 -7.856053270370783048e-03 7.943843510577390798e-01
5.116815945043960978e-01 1.289914599155033981e-01 8.494369600591425984e-01
3.682374549261545060e-01 1.787246173492990087e-01 9.123917403960678518e-01
2.339479327333787162e-01 1.527067181678577468e-01 9.601817656029446590e-01
1.355665108514336747e-01 7.957571871656721196e-02 9.875674286478719477e-01
7.898035431699437781e-02 -1.815330878862396469e-02 9.967108713223169492e-01
6.461147914003348425e-02 -1.262194480042624078e-01 9.898959580223833932e-01
9.569619388227369738e-02 -2.332021749362877816e-01 9.677081089261645452e-01
2.100259626560075366e-01 -4.766239832688666800e-01 8.536502056366234159e-01
4.014223959696196498e-01 -5.697563381442900532e-01 7.171037408621742104e-01
6.552592443159162006e-01 -5.174519104906033506e-01 5.503442950264022526e-01
8.584681303132121188e-01 -2.656239316674834372e-01 4.387213194755529289e-01
8.765674404846519607e-01 7.280031832610420195e-02 4.757411438310634177e-01
7.165558817321809881e-01 2.953182579262534913e-01 6.319294223964144752e-01
4.953063029241815962e-01 3.415249836094553237e-01 7.987692732285890385e-01
3.029828926095915476e-01 2.685784623737035304e-01 9.143669812142914965e-01
1.690588746519255670e-01 1.414170192867642561e-01 9.754077729634907934e-01
9.285643012269782781e-02 -6.643256275659598607e-03 9.956573459433866180e-01
7.010412901707095690e-02 -1.642161022462445552e-01 9.839301209220577826e-01
1.045938589982734201e-01 -3.258851187762180635e-01 9.396057758549301031e-01
1.486041500472143340e-01 -6.376036337778547836e-01 7.558957684642627628e-01
3.460820364120082426e-01 -7.983116299637346147e-01 4.928749999114848679e-01
6.532967435946249735e-01 -7.451712653132022135e-01 1.338773698594306893e-01
9.348288842811738331e-01 -3.272208296531399774e-01 -1.379184025235870026e-01
9.629055917206968962e-01 2.631497714338114080e-01 -5.970778196694662837e-02
7.594062149947621299e-01 5.805716252150474599e-01 2.936644149748955934e-01
5.064492293737129502e-01 5.805633785892160281e-01 6.375385019806864006e-01
3.003951260129852918e-01 4.232754978564736148e-01 8.547517892243671200e-01
1.591246578656065613e-01 2.216941327128573169e-01 9.620452457030514992e-01
7.467180103944573433e-02 1.416389876804239473e-02 9.971075699749298860e-01
3.962586283242371110e-02 -1.968964834485993354e-01 9.796231754099667954e-01
5.775881936478943074e-02 -4.170586376597332778e-01 9.070424529971338190e-01
-2.083248636239600979e-02 -7.388337027475020413e-01 6.735657111197687064e-01
7.666974780142400692e-02 -9.536789513548213915e-01 2.908920891231472905e-01
2.806739747914164251e-01 -9.180388802352114075e-01 -2.800477356651483452e-01
5.186164633935200774e-01 -3.556321621922574061e-01 -7.775363201238860711e-01
5.620692264352612488e-01 5.209990056950246640e-01 -6.423692246358314595e-01
4.578654094331450763e-01 8.882932983682237937e-01 -3.597614374303335916e-02
3.234150336900826761e-01 8.076013914308254327e-01 4.931355883953260077e-01
1.989319704770531883e-01 5.607669543296583958e-01 8.037204078868137591e-01
9.936518859694404293e-02 2.926883391209859631e-01 9.510310696488891713e-01
2.654696246618057018e-02 3.792944324797029726e-02 9.989277331813102290e-01
-2.157718790777963039e-02 -2.113195215172684327e-01 9.771788397154456129e-01
-4.224042241460749386e-02 -4.706309102355723528e-01 8.813184969379868061e-01
-2.428079854297361395e-01 -7.140263778333261202e-01 6.566662881326642554e-01
-3.250654427779619549e-01 -9.105704248834149972e-01 2.553310776999372922e-01
-3.923149869960912972e-01 -8.545669383300730226e-01 -3.403003069223062282e-01
-4.202939056300353249e-01 -2.811445331843046569e-01 -8.627344807939022475e-01
-3.053273973408287545e-01 6.235790929700871787e-01 -7.196695736542566557e-01
-1.082539747141683939e-01 9.906892421390431913e-01 -8.255847908301858218e-02
5.876643391014331128e-03 8.831528785104162393e-01 4.690484604401357616e-01
3.067382218726171991e-02 6.091185065273124755e-01 7.924858116322834878e-01
7.097384249017467221e-03 3.216218681557431180e-01 9.468415923801047906e-01
-3.789625873759050467e-02 5.541549314046533004e-02 9.977439534738981042e-01
-9.500996623127037910e-02 -1.983408426040367545e-01 9.755173071104743521e-01
-1.633182785086808309e-01 -4.556154776154833774e-01 8.750666697241819003e-01
-4.052622519794466527e-01 -5.686882168291370609e-01 7.157906252251816648e-01
-6.065972035746989288e-01 -6.792614430121611813e-01 4.130904557749405237e-01
-8.251281839966690956e-01 -5.649175578224568950e-01 5.624307824414016485e-03
-9.483572874138860298e-01 -9.582529105719100881e-02 -3.023838107480918413e-01
-8.159304247556171674e-01 5.362471845681401339e-01 -2.160937273520984192e-01
-5.094421383721436936e-01 8.399787479023337333e-01 1.868272215804335501e-01
-2.555139003847937684e-01 7.744739269135142434e-01 5.787078565574348410e-01
-1.229693386843515174e-01 5.488318360922614936e-01 8.268386526012239113e-01
-8.167433469580280547e-02 2.974846249188861647e-01 9.512266822313147907e-01
-9.754861380805365800e-02 6.060852515786755573e-02 9.933835485966027168e-01
-1.554398368758809212e-01 -1.615892044522962145e-01 9.745395764751524359e-01
-2.553339353538989775e-01 -3.753707192308307072e-01 8.910114503195543101e-01
-4.453022032366014682e-01 -3.847452116537857236e-01 8.085029807628807408e-01
-6.523094409094668533e-01 -4.154400640743244333e-01 6.339573695937597009e-01
-8.584021173294495988e-01 -2.870281669552861570e-01 4.251595422175510897e-01
-9.576426327847127329e-01 2.841468406249484518e-02 2.865539977084528567e-01
-8.554827380780463120e-01 3.997486590135606588e-01 3.291660591059774044e-01
-6.052722869654112436e-01 5.990165830299871708e-01 5.242371523334595773e-01
-3.612665499144805392e-01 5.737053034862724665e-01 7.350841480161685038e-01
-2.055206608561308268e-01 4.231711003096453316e-01 8.824327044164727019e-01
-1.370830005641962002e-01 2.370950582809316920e-01 9.617661796377644512e-01
-1.344438832205767098e-01 5.368668611511860644e-02 9.894658063817857174e-01
-1.847329020890857154e-01 -1.168246405796071613e-01 9.758205563724786646e-01
-2.868745590567669534e-01 -2.692219818542462284e-01 9.193598380678043025e-01
-3.855523184190943753e-01 -2.372435841281667901e-01 8.916641136389455990e-01
-5.384803876284016688e-01 -2.291916712567384495e-01 8.108699340621713381e-01
-6.778024787383315486e-01 -1.263881672422626778e-01 7.242995450760350007e-01
-7.370839901800433358e-01 6.329869984696039065e-02 6.728301910718450518e-01
-6.708130162244568817e-01 2.660775134931329111e-01 6.922518718479758748e-01
-5.088699194390843283e-01 3.815771953257962590e-01 7.716542289765299101e-01
-3.357990752432821746e-01 3.764817665128320501e-01 8.634236854228738434e-01
-2.114402989699999957e-01 2.889787128279380224e-01 9.336939024669086429e-01
-1.488587273052068838e-01 1.668384869501925438e-01 9.746825116812067868e-01
-1.405153350848751814e-01 3.883085655793563906e-02 9.893167365333621621e-01
-1.787472313850520245e-01 -8.011967329235891722e-02 9.806274854519760886e-01
-2.609990724957297337e-01 -1.781912256729129007e-01 9.487504262183600323e-01
-2.119923843099370819e-01 -2.446233323255283532e-01 9.461599517399505999e-01
-3.156074598558906708e-01 -2.544290452918582246e-01 9.141432011425476567e-01
-4.238278136480925218e-01 -2.042109583239810344e-01 8.824215936154093942e-01
-4.929864340477734252e-01 -9.883539648380529341e-02 8.644049631085590768e-01
-4.900268003436848430e-01 2.474365646328488891e-02 8.713561191670445849e-01
-4.192158646247501341e-01 1.169560514615420460e-01 9.003217985106779508e-01
-3.166608402690248014e-01 1.489783110698615076e-01 9.367664463840270628e-01
-2.201048892827742742e-01 1.235705943514467664e-01 9.676177685045131982e-01
-1.496655843210249748e-01 5.948330509504421576e-02 9.869457681579155706e-01
-1.114062827156215990e-01 -2.420938236087892201e-02 9.934800179053577818e-01
-1.072960524719006603e-01 -1.121740905893904849e-01 9.878788035606161921e-01
-1.401271021649248549e-01 -1.908516392738637268e-01 9.715657708179978869e-01
-8.828893773485492480e-02 -1.674259003424086456e-01 9.819234345751711723e-01
-1.281867584586076358e-01 -1.652014758873869005e-01 9.778939755006952339e-01
-1.719472277026386497e-01 -1.269586879621361908e-01 9.768908037423357227e-01
-2.031760763524025903e-01 -6.012863953711859721e-02 9.772942385512736196e-01
-2.086325660377635893e-01 1.460204219598081748e-02 9.778850815675440566e-01
-1.878311636367876181e-01 7.188630071408923239e-02 9.795671563177946739e-01
-1.519146592521624373e-01 9.497760396016517725e-02 9.838196943802500760e-01
-1.139723026999890088e-01 8.119478081721377694e-02 9.901604525456761952e-01
-8.249677466467304765e-02 3.814714647982946072e-02 9.958609729200612604e-01
-6.172195953450509281e-02 -2.178090568564493290e-02 9.978556969115708331e-01
-5.431181969163485779e-02 -8.478913696313861159e-02 9.949175988467520160e-01
-6.269864443599214299e-02 -1.374173301105496015e-01 9.885268622405671834e-01
4.851228937910106315e-02 -1.418573728175485382e-01 9.886976502231203945e-01
6.826658233783830521e-02 -1.345165528584419401e-01 9.885570144117963309e-01
8.160732070766447965e-02 -9.428552157440241166e-02 9.921947821008361146e-01
8.176453962851507051e-02 -3.015465797449428179e-02 9.961953908053775564e-01
6.611114390450491263e-02 3.798516744010107388e-02 9.970889848484348894e-01
4.028130095487744006e-02 8.765543756770070860e-02 9.953360945220356415e-01
1.479544719180377575e-02 1.050286488495007359e-01 9.943591291195371662e-01
-2.107585020998695331e-03 8.864559970736976546e-02 9.960610000084152427e-01
-7.593242368655241797e-03 4.580185595747034155e-02 9.989216849489694905e-01
-2.721384501685177645e-03 -1.180943073550734003e-02 9.999265630095243163e-01
9.976927917177452060e-03 -7.080022398090475566e-02 9.974406193820373190e-01
2.792894491345307775e-02 -1.179487389698534033e-01 9.926268528564313742e-01
1.873310101946455142e-01 -1.707675858029125970e-01 9.673394048928661837e-01
2.707736174426218501e-01 -1.644738542860022523e-01 9.484882705407523540e-01
3.458289666839767240e-01 -1.075700792752042889e-01 9.321110469505033969e-01
3.794976706784750631e-01 -1.032808625648205803e-02 9.251350434309166815e-01
3.507822363006089517e-01 9.266770224091784580e-02 9.318607834100264276e-01
2.717052180152002561e-01 1.611549083757311263e-01 9.487915313754267110e-01
1.787521984861236146e-01 1.758173763195238215e-01 9.680577987498987236e-01
1.042932060415097811e-01 1.430161507803829890e-01 9.842099917139242038e-01
6.198364383396411798e-02 7.993913112075284877e-02 9.948707268849785734e-01
5.232548583256040053e-02 3.221568679683267742e-03 9.986248870459626392e-01
7.192030740265466238e-02 -7.298126261172829810e-02 9.947367514526099797e-01
1.179987377320680375e-01 -1.354847890980004632e-01 9.837276908862774283e-01
3.124277520629378246e-01 -2.622889799380463960e-01 9.130133573743464126e-01
4.678234240137372213e-01 -2.683254686386864485e-01 8.421061018803402964e-01
6.171719476960759732e-01 -1.802634215765351600e-01 7.659007023228877609e-01
6.918283679782132323e-01 -5.842193102933608551e-03 7.220383494250589562e-01
6.449979668728030857e-01 1.843365137219638017e-01 7.416182794662589117e-01
4.984939641471686778e-01 3.020400244127454115e-01 8.125734375190900582e-01
3.258027755201333142e-01 3.130393319271693731e-01 8.921092579556691993e-01
1.896663635313241003e-01 2.446866908349027425e-01 9.508707030258419790e-01
1.119904012580553165e-01 1.383761467752422092e-01 9.840275362151333916e-01
9.020666123318686613e-02 2.085474400781726217e-02 9.957046941345519819e-01
1.176911651890490962e-01 -9.373314641166086147e-02 9.886166531573920002e-01
1.920172849049036068e-01 -1.939469641276711787e-01 9.620363493150319023e-01
3.899545460226077620e-01 -4.190938675581701300e-01 8.199364501053443277e-01
6.099045916856763450e-01 -4.580986113340053123e-01 6.466545069312034100e-01
8.332029928456828882e-01 -3.292617605406131798e-01 4.442515793541732538e-01
9.481586820241767466e-01 -2.428912248383186673e-02 3.168677203991846492e-01
8.763937599119083766e-01 3.201592911049737644e-01 3.597665992093254106e-01
6.574995583612507355e-01 5.199866771730761172e-01 5.452597420654691218e-01
4.108554606410285137e-01 5.180868474593204320e-01 7.501891821074835320e-01
2.267691573924062176e-01 3.883910055600955924e-01 8.931562999024513783e-01
1.268269366563117284e-01 2.152095178492577643e-01 9.682973673232726508e-01
9.992752768455001600e-02 3.820548888360780077e-02 9.942609465477681985e-01
1.345651803315154327e-01 -1.324268105062348932e-01 9.820159632620458767e-01
2.294570273232887647e-01 -2.916518325586491267e-01 9.285950038511412430e-01
3.668010259296914377e-01 -6.136851662153169906e-01 6.991763183521724212e-01
5.945074348166101696e-01 -7.098364266944550138e-01 3.777474781986369656e-01
8.358344908780960258e-01 -5.485705622813631388e-01 -2.123775075252421624e-02
9.543654168608116661e-01 -7.762094273858884119e-02 -2.883776002888961965e-01
8.532065104020277735e-01 4.772437206987272806e-01 -2.104212005989830603e-01
6.058117125729376440e-01 7.795538214466627425e-01 1.590220373952099253e-01
3.543243392893754007e-01 7.524422627239952810e-01 5.552340982448814577e-01
1.806623272058097696e-01 5.442474092938032193e-01 8.192410396248203108e-01
9.366756129504466566e-02 2.933797504776625709e-01 9.513961898024316799e-01
7.583216521855755399e-02 5.097185641033492171e-02 9.958169272374114422e-01
1.138381473685580597e-01 -1.811216525145004086e-01 9.768499491703205306e-01
2.075125758619897898e-01 -4.090264219625157072e-01 8.886146054366695912e-01
2.118539051619128255e-01 -7.720734961370300242e-01 5.991831434799933520e-01
3.405317730987438840e-01 -9.282282250278169888e-01 1.497680665958286694e-01
4.709086368050901528e-01 -7.690437267670467980e-01 -4.322230929770595753e-01
5.055949153586527522e-01 -1.784677833216731790e-01 -8.441107936047582694e-01
3.888151682479736859e-01 5.622353193067103350e-01 -7.298727359369269196e-01
2.332327365222161275e-01 9.556456244983971837e-01 -1.798441853138907642e-01
1.120124991314543350e-01 9.139818433444673040e-01 3.899876793885080906e-01
4.066902598125910623e-02 6.496200129276934465e-01 7.591705138699611499e-01
1.404132242401279380e-02 3.429498948167976069e-01 9.392487481546238914e-01
2.188461343086149299e-02 5.368186818673291449e-02 9.983182462135996582e-01
5.685119235565813667e-02 -2.231073626689770995e-01 9.731346498048366600e-01
1.184351029338397421e-01 -5.033378768976726203e-01 8.559346400708456315e-01
-2.491473391857685488e-02 -8.135398136914899769e-01 5.809752383474061643e-01
-6.998437269265056493e-02 -9.908071577589537826e-01 1.157728971407787633e-01
-1.530579989725056878e-01 -8.594496393227629705e-01 -4.877699933561387979e-01
-2.723470564164893193e-01 -2.855626660264732330e-01 -9.188476721594817098e-01
-3.555808977885362987e-01 4.832672597220921684e-01 -8.000093629505282689e-01
-3.168230189835732902e-01 9.204811271735839906e-01 -2.287742755635382153e-01
-2.249054208367186891e-01 9.036864521993813737e-01 3.643739120594301495e-01
-1.441532439223416895e-01 6.459089657048383559e-01 7.496808989756029717e-01
-8.646655228022431805e-02 3.373397384341539351e-01 9.374035610183869549e-01
-4.605342899419886948e-02 4.311121996893325231e-02 9.980082686985755069e-01
-1.998400942861022073e-02 -2.405372811061089466e-01 9.704341583876144872e-01
-1.058851201454166259e-02 -5.305495952825942663e-01 8.475877596797380953e-01
-2.308738578814569786e-01 -7.195221147869015343e-01 6.549696085160535697e-01
-4.126732801585210608e-01 -8.615925565482414061e-01 2.955656108949626937e-01
-6.473423675431868585e-01 -7.468376348354003325e-01 -1.522544133256164556e-01
-8.442389408882305935e-01 -2.861861677001170112e-01 -4.531645265296052605e-01
-8.737934167940806240e-01 3.232582839306601397e-01 -3.633031057362349214e-01
-7.084416567989652025e-01 7.040613484412020506e-01 4.907174893047232950e-02
-4.764246765543479478e-01 7.264283965574439561e-01 4.952992148641472969e-01
-2.884848880885588218e-01 5.323595826490031824e-01 7.958453016173407946e-01
-1.688582402017572981e-01 2.769575060219852114e-01 9.459288739508699972e-01
-1.056393306682859440e-01 2.234943641367661063e-02 9.941533254525595220e-01
-9.031594057654658558e-02 -2.271695440198766569e-01 9.696582022277939750e-01
-1.269933606049989394e-01 -4.799744721805324632e-01 8.680421605067062396e-01
-3.239237338126963461e-01 -5.472633577201115873e-01 7.717358563459882914e-01
-5.385503361488304108e-01 -6.294903080637967996e-01 5.600941773377238198e-01
-7.875484385517808050e-01 -5.314127843103355620e-01 3.120383143237785983e-01
-9.631363198375236800e-01 -2.189932814122437510e-01 1.562381902939545819e-01
-9.619512033938086848e-01 1.767940181217597106e-01 2.083116834115833205e-01
-7.856682812807740390e-01 4.419386786303644565e-01 4.329151835172265761e-01
-5.436749912300766763e-01 4.837779534412861016e-01 6.858399198611371261e-01
-3.393904675529346160e-01 3.681866854749745732e-01 8.655938280585582234e-01
-2.062101883031208227e-01 1.905520855227196830e-01 9.597745886106283653e-01
-1.391709684068613562e-01 -3.392443128037434040e-04 9.902683103411458188e-01
-1.319882841262083606e-01 -1.919485133765395091e-01 9.724890030565532806e-01
-1.891628896388898584e-01 -3.809478516743906584e-01 9.050393005212943320e-01
-3.030639194017538673e-01 -3.744022970331705169e-01 8.763419314018792150e-01
-4.736029860046093720e-01 -4.097354901272679539e-01 7.796262179902483380e-01
-6.579096965550389475e-01 -3.366021117741146429e-01 6.736867592050479470e-01
-7.776517175750021771e-01 -1.502843727312934696e-01 6.104690110604695796e-01
-7.698884142255530971e-01 7.624492227769288921e-02 6.336075610881245490e-01
-6.418800671751747622e-01 2.367626536736707199e-01 7.293376619843785491e-01
-4.635191525525817480e-01 2.777865335578657557e-01 8.414182295332977013e-01
-3.047091340322044539e-01 2.207046049784421038e-01 9.265213548422194245e-01
-1.957749544886848436e-01 1.117420024067012491e-01 9.742617164258264850e-01
-1.400882865048536929e-01 -1.709363598454078856e-02 9.899914543030152725e-01
-1.364706391421812437e-01 -1.498379925033876126e-01 9.792468231526358924e-01
-1.886222619839386383e-01 -2.754072220320838982e-01 9.426412384023789004e-01
-9.375713867956396441e-02 -2.942729912925776681e-01 9.511114580018303899e-01
-1.901023302854970565e-01 -3.402967499364714654e-01 9.209013117606477117e-01
-3.146999113066407117e-01 -3.322008982985004133e-01 8.891605754828529884e-01
-4.208665032613042589e-01 -2.588580597057820731e-01 8.694043313430545039e-01
-4.623025557248795492e-01 -1.457308363257530381e-01 8.746650046240189713e-01
-4.275718612198337043e-01 -4.079717671713499472e-02 9.030602935934396447e-01
-3.419898964807142061e-01 1.984689840701081912e-02 9.394940187828675349e-01
-2.416362307669608911e-01 2.836680491606694693e-02 9.699521928215765199e-01
-1.514258984947803033e-01 -4.468663152255874897e-03 9.884585111751627018e-01
-8.362462110325283304e-02 -6.434760741271604301e-02 9.944175723333121830e-01
-4.577938891990775833e-02 -1.396294247763779639e-01 9.891450203517538897e-01
-4.614818114055756898e-02 -2.204959390121137841e-01 9.742955846439044221e-01
-7.503585438303482166e-03 -1.750964289152447950e-01 9.845226949068774935e-01
-4.585821993780817007e-02 -1.872374409804616335e-01 9.812436824555504922e-01
-1.030665778168320529e-01 -1.691390204214841542e-01 9.801883861320836999e-01
-1.599793106248798003e-01 -1.214955612226638060e-01 9.796149492403611880e-01
-1.951627870067443593e-01 -5.854028151612725162e-02 9.790222275351605496e-01
-1.982791436885254222e-01 -2.554763083157204039e-03 9.801422623087550079e-01
-1.735115226358448226e-01 2.870378290961757978e-02 9.844134519394547311e-01
-1.322350205588118111e-01 2.918341287286494584e-02 9.907886897573486840e-01
-8.549881662180687514e-02 2.867215318127412649e-03 9.963341464752539789e-01
-4.209521917574533117e-02 -4.114922801755529352e-02 9.982658631628212875e-01
-9.771128612273595124e-03 -9.229867650961563752e-02 9.956834232627460590e-01
3.932762352798926594e-03 -1.402467509125946143e-01 9.901087729329086651e-01
1.064275617840851756e-01 -9.964163831804216664e-02 9.893152773540578870e-01
1.224220966076219330e-01 -8.625224544299638085e-02 9.887231060404308991e-01
1.185361757946768735e-01 -4.705984319867710652e-02 9.918339307493806434e-01
9.204357771910021135e-02 8.099680512410181721e-03 9.957220370044691515e-01
4.879119579706143323e-02 6.124466875398838772e-02 9.969295410218970144e-01
3.596125755993074494e-03 9.462214016938838568e-02 9.955067646526362113e-01
-2.756504905829876284e-02 9.986904763408217811e-02 9.946186914568508897e-01
-3.641245484233941038e-02 7.905969325374477552e-02 9.962046466640378517e-01
-2.373127468642895546e-02 3.994732051860937910e-02 9.989199358233483705e-01
4.459875856626948493e-03 -7.644192516710109769e-03 9.999608371472334944e-01
4.048804394803191126e-02 -5.327290081099772534e-02 9.977588467844966669e-01
7.683497549033720120e-02 -8.679857159685246126e-02 9.932584731630084152e-01
2.416226766575490237e-01 -7.558883587109489766e-02 9.674217332769797784e-01
3.176082168132682848e-01 -4.224055314001378542e-02 9.472807167271639628e-01
3.664670526021092667e-01 3.246248522607048104e-02 9.298645527225897212e-01
3.613619168121348646e-01 1.296639429264528354e-01 9.233660308797415617e-01
2.945158253338007182e-01 2.121470138932376737e-01 9.318015202412829323e-01
1.917222817553855541e-01 2.463731070122127387e-01 9.500225570057163615e-01
9.658559453096420000e-02 2.263046591681404651e-01 9.692561189736599303e-01
3.876861026701652890e-02 1.700512106082683050e-01 9.846723214493399157e-01
2.414091032814539781e-02 9.911287010730170099e-02 9.947833208429629481e-01
4.581921399309634574e-02 2.869830731870113422e-02 9.985374338431487473e-01
9.459842614024224772e-02 -3.044607377352454361e-02 9.950498351155048216e-01
1.626231546042747056e-01 -6.855147008083513349e-02 9.843040208880203812e-01
3.884737980367732324e-01 -1.184025730876085564e-01 9.138210650478331143e-01
5.372281472290240112e-01 -7.524992774351808855e-02 8.400734290520485148e-01
6.474312455301204361e-01 5.069615088186704699e-02 7.604358504152566312e-01
6.583591605039981198e-01 2.335412533099889831e-01 7.155569151248543092e-01
5.472523264759265871e-01 3.953577819693098738e-01 7.377039483445247958e-01
3.616248668520253839e-01 4.572566272012301147e-01 8.124923584593913839e-01
1.878887078940183752e-01 4.077312956854577397e-01 8.935619866380914988e-01
8.121759340198568544e-02 2.965926525615534270e-01 9.515442716807295254e-01
4.728873840716785876e-02 1.729037720052639948e-01 9.838028566975168809e-01
7.180300978059328543e-02 6.047439396029948011e-02 9.955838364807135799e-01
1.416937694006658310e-01 -3.164705949930442241e-02 9.894045377590523493e-01
2.496609634696303481e-01 -9.594219586564195490e-02 9.635686267058757304e-01
5.161176390512597356e-01 -2.452152978800065941e-01 8.206656081167539307e-01
7.377405721233967206e-01 -2.172214312723947383e-01 6.391820539087189612e-01
9.042501878840211171e-01 -3.298632372973171745e-02 4.257270254032347601e-01
9.129410802722596197e-01 2.844774657613251545e-01 2.925938403753713946e-01
7.335875000810300195e-01 5.891270955119487507e-01 3.387899718977668839e-01
4.518394764422951071e-01 7.139981833116408882e-01 5.348342563411297990e-01
2.058511146094103295e-01 6.305899969330545085e-01 7.483191661195454092e-01
6.916401864986601589e-02 4.445617007355425754e-01 8.930740354322737051e-01
3.455862368981959393e-02 2.500674144102680296e-01 9.676114870023625469e-01
7.412454443994105635e-02 8.049592503580142722e-02 9.939949486614093610e-01
1.703236066578465158e-01 -6.176602238500569775e-02 9.834504702800249687e-01
3.184892125738968960e-01 -1.762971731058880220e-01 9.313881726912456305e-01
5.606721031873790340e-01 -4.479775335633475186e-01 6.963927929911990500e-01
8.035190373894200988e-01 -4.767369518072526735e-01 3.564814656254374770e-01
9.646326865677352647e-01 -2.564398736094067321e-01 -6.101123853967102550e-02
9.195559416875132008e-01 2.136130858025714341e-01 -3.298277121181324434e-01
6.632227480073137338e-01 7.058347003212046555e-01 -2.488633407076971948e-01
3.326899000247743876e-01 9.338130669031539099e-01 1.315697020682724816e-01
8.664270838931656393e-02 8.332413811411220061e-01 5.460786040826957066e-01
-2.017345746875252172e-02 5.751829442873227505e-01 8.177760159204393586e-01
-1.983897981813695019e-02 3.102919199197778366e-01 9.504342898445127252e-01
4.932174003264765821e-02 8.222080512624725668e-02 9.953929400817977946e-01
1.694571683088972880e-01 -1.170640292708659685e-01 9.785603104355009574e-01
3.395141485806421056e-01 -2.995427029428598398e-01 8.916301430677755491e-01
4.642130613347580925e-01 -6.591970166362217665e-01 5.915788425428403219e-01
6.216776684328648717e-01 -7.745700733544041983e-01 1.164391602326907832e-01
6.642233326417975592e-01 -5.755380886421275211e-01 -4.770359241151431173e-01
5.061529441469825308e-01 -1.742552532853948455e-02 -8.622676778114899410e-01
2.056335437673041944e-01 6.263550832541165958e-01 -7.519269614528559798e-01
-6.115035772781004381e-02 9.746973025511579403e-01 -2.150018654554117781e-01
-1.843628067091118983e-01 9.086655903610170171e-01 3.746160706592771561e-01
-1.796951173876775998e-01 6.275748889451195911e-01 7.575350972413615880e-01
-1.058049345192501323e-01 3.266317812892016725e-01 9.392108364383756625e-01
2.376620033854852810e-03 6.208818732223298636e-02 9.980678377105081100e-01
1.339991677594589703e-01 -1.806231529261766444e-01 9.743815985879603625e-01
2.893891039255845343e-01 -4.249555117792276349e-01 8.577101838837396519e-01
2.535901736724237021e-01 -7.794234813678649898e-01 5.728796213072819832e-01
2.493302362472594458e-01 -9.649158893965399386e-01 8.229070228695990752e-02
1.078186576565831334e-01 -8.392435927108334859e-01 -5.329590314037651044e-01
-1.681336634843357825e-01 -3.165696246370972577e-01 -9.335495401747083699e-01
-4.489339315528860785e-01 3.556537324159651514e-01 -8.197369991156465696e-01
-5.661075070486677463e-01 7.805000876225948181e-01 -2.652204812684812452e-01
-4.994211817500768258e-01 7.929101841331868128e-01 3.491015942634431712e-01
-3.492258057913641411e-01 5.611514861616638816e-01 7.504334388522552191e-01
-1.930105557753267753e-01 2.830417958464859218e-01 9.394861718850431309e-01
-5.218767039971409366e-02 2.371994799562203438e-02 9.983555534605341730e-01
7.272986494852555495e-02 -2.281398261792093318e-01 9.709081246212181160e-01
1.802398695560091246e-01 -4.980888158049923686e-01 8.481869611073556969e-01
3.368878331137472454e-02 -7.578117637398156248e-01 6.516029439899730935e-01
-1.092081645097802839e-01 -9.555974419963636501e-01 2.736916251085146357e-01
-3.837847699886962061e-01 -9.024036237932760995e-01 -1.959003575532796693e-01
-7.061497924532565973e-01 -5.039576065896190782e-01 -4.973722965532643703e-01
-9.130118006881781101e-01 5.559785402205402044e-02 -4.041266267298658232e-01
-8.901723922243467424e-01 4.552186318129246567e-01 1.921221934030194547e-02
-6.881305320218246147e-01 5.365837909172800346e-01 4.884201124276587591e-01
-4.470488397310840578e-01 3.994150728509542336e-01 8.003842417704705170e-01
-2.459303666052942428e-01 1.933542576968336757e-01 9.498064991416481639e-01
-9.600953933611749980e-02 -2.056641885436533493e-02 9.951679208918731145e-01
7.256466048446671632e-03 -2.432645477881424378e-01 9.699328345250605166e-01
5.890628243827086136e-02 -4.913673576243894892e-01 8.689580943579738870e-01
-1.033891807913811939e-01 -6.242027179051043984e-01 7.743911442258067934e-01
-2.925268482109935619e-01 -7.783579351765458343e-01 5.555060466127866858e-01
-5.776379954272137240e-01 -7.620878291202584087e-01 2.925004050347662643e-01
-8.509029381018307081e-01 -5.094406524774502953e-01 1.281967688083079093e-01
-9.736983330529573877e-01 -1.326956328179335898e-01 1.852118388242572633e-01
-8.908908360719800523e-01 1.647617820262575750e-01 4.232813170769288424e-01
-6.730728461345458769e-01 2.700709113292486530e-01 6.885017404845567013e-01
-4.378152490220253434e-01 2.195119980101531421e-01 8.718556591852442139e-01
-2.486245242850385895e-01 9.603947479608052062e-02 9.638268854960193588e-01
-1.164790002276785280e-01 -5.532624249133059197e-02 9.916509715610014597e-01
-4.030916907832213236e-02 -2.260411222469876635e-01 9.732834026847316800e-01
-2.807508493053541276e-02 -4.195170974672683961e-01 9.073131733524288922e-01
-1.362272082552271613e-01 -4.511515737323300024e-01 8.819888917951219653e-01
-2.925085774214665202e-01 -5.452672118415664571e-01 7.855713842965528215e-01
-5.029795806531766056e-01 -5.387304511105615035e-01 6.758557852769829788e-01
-6.854789435947240550e-01 -3.994982118447937824e-01 6.087033732626467852e-01
-7.524985320035417757e-01 -1.840631320347092814e-01 6.323501583443743579e-01
-6.816567425193632568e-01 2.459635745472006120e-03 7.316679817855616941e-01
-5.243588168882920009e-01 9.275933166819642917e-02 8.464298775090761673e-01
-3.530910725096235159e-01 8.905734354488027693e-02 9.313406917314460687e-01
-2.108209117912854813e-01 2.571615929928656313e-02 9.771863805346615584e-01
-1.109230910790256902e-01 -7.047028418641507197e-02 9.913273964297301122e-01
-5.812752966181892328e-02 -1.874005932959609821e-01 9.805621897297994716e-01
-6.133063579864535264e-02 -3.190012941375370281e-01 9.457677978505770744e-01
