-2.311125260435602236e-02 -1.631591223963513304e-02 9.995997504055399441e-01
-4.114137197454036804e-02 4.052782217486020945e-03 9.991451158207116379e-01
-5.497974622201072525e-02 1.413733324924469625e-02 9.983873813875870917e-01
-6.125363864845785600e-02 1.052496280741821617e-02 9.980667397074417524e-01
-5.815978389762350986e-02 -7.202162586176101382e-03 9.982813072431268031e-01
-4.593888101348458930e-02 -3.496969003817618216e-02 9.983319788476435752e-01
-2.744968053969768645e-02 -6.439770498963116874e-02 9.975467160139930289e-01
-7.985286557482632400e-03 -8.600689619932078145e-02 9.962625401994670282e-01
6.659897134445559412e-03 -9.360724437394733755e-02 9.955869271795659836e-01
1.236847314814188900e-02 -8.625703838953172053e-02 9.961961374148335935e-01
7.870541773965388302e-03 -6.724093442207662585e-02 9.977057238034570119e-01
-5.225017170948527238e-03 -4.196910425196681560e-02 9.991052464499676766e-01
-4.553919186589199669e-02 -2.847331099377125099e-02 9.985566847031018822e-01
-6.882442219857626275e-02 -7.398790082623590836e-03 9.976013516502001410e-01
-8.906270059354710888e-02 8.620842341175182812e-04 9.960256483513615366e-01
-1.016911598758841462e-01 -6.981958685211967809e-03 9.947915159750970737e-01
-1.031347827700620917e-01 -3.079563923155650973e-02 9.941905477258069501e-01
-9.159959043206945817e-02 -6.511545489155784461e-02 9.936646781318613231e-01
-6.900590051118668522e-02 -9.925271110004674213e-02 9.926666535317488771e-01
-4.220758687197354725e-02 -1.216641204169614382e-01 9.916735155350382414e-01
-1.989188362143772676e-02 -1.260003790159277270e-01 9.918307403250816723e-01
-8.566317061367694288e-03 -1.128847943867018339e-01 9.935711556845392423e-01
-1.058530728877100056e-02 -8.763431423698185563e-02 9.960964703470315262e-01
-2.435209548747101563e-02 -5.724062716344749391e-02 9.980633677514219038e-01
-5.958412389294923117e-02 -3.267359589227681466e-02 9.976884124371687701e-01
-8.922208427826146260e-02 -8.103370870194163619e-03 9.959787924738139342e-01
-1.160748312982663732e-01 1.555772627134984756e-03 9.932392527033095941e-01
-1.344588539179566444e-01 -7.736684321269562785e-03 9.908889747689976213e-01
-1.391830421437277032e-01 -3.659803166791395640e-02 9.895901499396905221e-01
-1.264101444514174055e-01 -7.920253720991878021e-02 9.888111212356557322e-01
-9.718583881940044689e-02 -1.219578460434778966e-01 9.877657599458572468e-01
-6.111545985332680203e-02 -1.490288768962667876e-01 9.869423967070878323e-01
-3.072936733300434681e-02 -1.525748506902185053e-01 9.878140619166096981e-01
-1.493515893395462764e-02 -1.347101371879735332e-01 9.907724864803536535e-01
-1.654847988123693200e-02 -1.031055328494401152e-01 9.945327530601822952e-01
-3.324278669387777108e-02 -6.652639520154689234e-02 9.972307435465026515e-01
-6.084538850439388108e-02 -2.755024705617650782e-02 9.977669179647714603e-01
-9.628579304831241803e-02 2.926073762694314778e-03 9.953494281655090870e-01
-1.280498417783267895e-01 1.758378563648772125e-02 9.916118436683013515e-01
-1.497469475854298904e-01 1.080876029652819321e-02 9.886652731787837212e-01
-1.553251930299215933e-01 -2.041112329716063614e-02 9.876525049104906140e-01
-1.394822279208077775e-01 -7.178321191032863147e-02 9.876192984050736756e-01
-1.023145045729311614e-01 -1.268087365573622727e-01 9.866363496682454270e-01
-5.723715791157486799e-02 -1.623103283468439462e-01 9.850783040277233393e-01
-2.074193278344449790e-02 -1.677510925355118199e-01 9.856111521170575207e-01
-3.293123703219334123e-03 -1.469487706356553403e-01 9.891386223097976549e-01
-7.171975148822671772e-03 -1.100883710109759051e-01 9.938959268155814764e-01
-2.864700300117386036e-02 -6.751438228278580644e-02 9.973069524494410087e-01
-4.767046661126254914e-02 -1.431465136240545923e-02 9.987605405548670712e-01
-8.634504447466707922e-02 2.310179208432118839e-02 9.959974098847659274e-01
-1.189728250417597805e-01 4.551406251204464376e-02 9.918537881236456633e-01
-1.389402556987087978e-01 4.533027349239672488e-02 9.892627414653041296e-01
-1.406210247745666164e-01 1.588677569701701237e-02 9.899360270993808886e-01
-1.192021028568951008e-01 -4.229964505570293909e-02 9.919685472345546318e-01
-7.472027887181245664e-02 -1.111142314022700861e-01 9.909947060933920193e-01
-2.492073116185547152e-02 -1.569927479821886795e-01 9.872852851325982781e-01
1.188319742670598464e-02 -1.665784511512312105e-01 9.859565960177643085e-01
2.596988127234994490e-02 -1.456339021208870321e-01 9.889976399464874834e-01
1.673435955754416088e-02 -1.063104093001421002e-01 9.941921635602335439e-01
-1.051256730902912565e-02 -5.974785170781068272e-02 9.981581438554149033e-01
-2.289983083615291723e-02 3.372996442542540874e-03 9.997320744292648165e-01
-6.077431001324305748e-02 4.643897367316635050e-02 9.970706619726580344e-01
-8.893038303041586601e-02 7.686181376080349070e-02 9.930677965574385979e-01
-1.007282713470974284e-01 8.538862668834708292e-02 9.912429559818662916e-01
-9.199260770134812248e-02 6.196813011980738251e-02 9.938296186861076409e-01
-6.146025270484497399e-02 2.627205382909248658e-03 9.981060740869760473e-01
-1.281998962587818820e-02 -7.562785931566079478e-02 9.970536970300738489e-01
3.292472905202079719e-02 -1.300403811937645981e-01 9.909618869945427955e-01
6.112628058465782027e-02 -1.456068886601864509e-01 9.874523845718164994e-01
6.602513879563516597e-02 -1.286974941966136932e-01 9.894835198397946563e-01
4.915268268313321282e-02 -9.153399318456399703e-02 9.945881267523221103e-01
1.667592907630790697e-02 -4.486376164987849330e-02 9.988539213919432891e-01
6.008517554046247794e-03 2.041424361783462579e-02 9.997735525479488627e-01
-2.725876747787122148e-02 6.556275249112376857e-02 9.974760573975428590e-01
-4.720860702279932458e-02 1.009335423810705373e-01 9.937724927997139135e-01
-4.740220601552843499e-02 1.164891803869884251e-01 9.920601300917457621e-01
-2.531898706815864653e-02 1.008899740902969994e-01 9.945753676931265996e-01
1.529349031711791859e-02 4.834449775615497907e-02 9.987136319739789991e-01
6.250590932704955249e-02 -2.679390327807574732e-02 9.976848691076362075e-01
9.617764555455476927e-02 -8.462886694759486073e-02 9.917599585457914646e-01
1.100669386984588355e-01 -1.076917426413582651e-01 9.880727491295588916e-01
1.035721187781044744e-01 -9.919111139574968150e-02 9.896635487032455769e-01
7.972704670879272870e-02 -6.903385409313969601e-02 9.944234133467263481e-01
4.453059799115141604e-02 -2.668830743085766344e-02 9.986514707789961864e-01
2.979974415860394896e-02 3.205134990057865313e-02 9.990418841157892027e-01
2.993053203783201111e-03 7.502046914612163497e-02 9.971775021738176203e-01
-8.926470237700873459e-03 1.104500849516548977e-01 9.938415853964294167e-01
-6.763087073193604481e-04 1.284480111641436439e-01 9.917160132994249366e-01
2.814990566997441213e-02 1.186035513506587952e-01 9.925425836797814316e-01
7.041307719195924464e-02 7.642297491815774890e-02 9.945861086226062131e-01
1.113804500195542946e-01 1.400501056170957298e-02 9.936791509499567354e-01
1.350097045081105063e-01 -3.955865809228750751e-02 9.900542875310092139e-01
1.387162399751560582e-01 -6.707598249671674340e-02 9.880580030237375855e-01
1.250968427269557315e-01 -6.715368019483081152e-02 9.898692656992879035e-01
9.836091955777892526e-02 -4.580216812344341248e-02 9.940962181292765099e-01
6.419124342228965663e-02 -1.046917925561404762e-02 9.978826987946296523e-01
4.164772406233957502e-02 3.544642034183918822e-02 9.985033892608601302e-01
2.098595065318177577e-02 7.330463110995247278e-02 9.970887728447479503e-01
1.432028439444343014e-02 1.049908379518628004e-01 9.943700786935155689e-01
2.537017095666358260e-02 1.217246937122186123e-01 9.922396148946550642e-01
5.304945713392166667e-02 1.153132912747720784e-01 9.919115887785460162e-01
8.971694348411296538e-02 8.320188278041605601e-02 9.924859277358178966e-01
1.225126141992701478e-01 3.470533821915199046e-02 9.918599693813284768e-01
1.398445793328482734e-01 -1.062760964101568638e-02 9.901164313072272627e-01
1.397254131743524419e-01 -3.811975580507758615e-02 9.894562613529845896e-01
1.250799341325130876e-01 -4.344715659589491741e-02 9.911949125480781220e-01
1.002074479425587583e-01 -2.923480894827838392e-02 9.945369743365767290e-01
7.029478522146889730e-02 -9.202261598521624397e-04 9.975258374370311598e-01
3.935918072064551604e-02 3.003041388891427785e-02 9.987737627384178918e-01
2.311114346878932746e-02 6.180491619010904797e-02 9.978206388837107532e-01
1.841425823923133892e-02 8.781782325981518644e-02 9.959663372882558985e-01
2.782217003385194232e-02 1.008894488721323590e-01 9.945085449410997480e-01
4.985848091828005979e-02 9.523068142602812702e-02 9.942058384437680862e-01
7.822748392400638573e-02 6.994046222201130703e-02 9.944791563944868074e-01
1.034355738802802543e-01 3.223764424296295811e-02 9.941135832235935554e-01
1.173956046375654871e-01 -4.390597631039951619e-03 9.930755231422649931e-01
1.178439236938087359e-01 -2.831594838067831924e-02 9.926283376550147919e-01
1.064520090457930918e-01 -3.454068618251061873e-02 9.937177218748772800e-01
8.652263230964038487e-02 -2.392721667255036030e-02 9.959625105396944234e-01
6.237435452426436100e-02 -5.997373953993960938e-04 9.980526440086774365e-01
2.479891735378673967e-02 1.728683202135328570e-02 9.995429851371050445e-01
1.055640043216101755e-02 4.353756771864736308e-02 9.989960173129126542e-01
4.984945951359179978e-03 6.339913528605108095e-02 9.979758012891998264e-01
1.022576332349007557e-02 7.130274950652287780e-02 9.974023018207267555e-01
2.534322815867778508e-02 6.362413313178216789e-02 9.976520888915805241e-01
4.604389452609267130e-02 4.102798863038652211e-02 9.980965203454841284e-01
6.588431361696900357e-02 9.951054983384268957e-03 9.977776474365090964e-01
7.899455726507116637e-02 -1.932320528569114043e-02 9.966877513343468387e-01
8.252349391630307840e-02 -3.779107780474211253e-02 9.958723348854395807e-01
7.639077068524206815e-02 -4.130300219574908199e-02 9.962221198928306043e-01
6.236660488382017586e-02 -3.056152076319457525e-02 9.975852845967051463e-01
4.367676917627454775e-02 -9.327409803257644474e-03 9.990021717997759065e-01
2.213013920843660658e-03 4.084309388018236516e-04 9.999974678735674694e-01
-1.265286336297263316e-02 2.265224892736183646e-02 9.996633336615443621e-01
-2.141402843242962845e-02 3.690979877182702651e-02 9.990891382358867423e-01
-2.159677888471870158e-02 3.893889074975129955e-02 9.990081791101641517e-01
-1.296896343896193800e-02 2.695358789510817615e-02 9.995525549398927012e-01
2.231905237539571953e-03 3.303041007221737581e-03 9.999920542280098523e-01
1.974894079840255889e-02 -2.511207249356715160e-02 9.994895512972894469e-01
3.462783979965007586e-02 -4.920461085488205683e-02 9.981882683048362015e-01
4.294413929047499051e-02 -6.183392059393758716e-02 9.971621569055743040e-01
4.270481174218744569e-02 -6.038464305640429963e-02 9.972612465833641249e-01
3.407439982646295884e-02 -4.651855593950513651e-02 9.983360953254848402e-01
1.927847923224598053e-02 -2.449621440520486845e-02 9.995140197707944596e-01
-1.505324411243729420e-02 -2.847511479900221437e-02 9.994811492363754324e-01
-4.592349323563611058e-02 -1.876725153418165939e-02 9.987686534122836024e-01
-6.668380139635615711e-02 -1.764367512985057229e-02 9.976181490726988565e-01
-7.176037405326270158e-02 -2.662433664307092482e-02 9.970664939782190039e-01
-5.868866189468568278e-02 -4.492908916301048550e-02 9.972647682095174826e-01
-2.966473821495807864e-02 -6.791373429590467914e-02 9.972500829785198029e-01
7.444497961099380209e-03 -8.774786373337468970e-02 9.961148989250014907e-01
4.104015018463568615e-02 -9.744613903845480984e-02 9.943942659022725339e-01
6.109372356653517550e-02 -9.459385896535260629e-02 9.936395517423923796e-01
6.281413528745122266e-02 -8.157665194143394471e-02 9.946856962206894748e-01
4.699957461399140168e-02 -6.319101855643609322e-02 9.968941444105061667e-01
1.859365400483053293e-02 -4.425787614425388122e-02 9.988470936183985183e-01
-3.135465102656333908e-02 -5.405625532560039137e-02 9.980454935117810678e-01
-6.938226013529816272e-02 -4.735255667190670092e-02 9.964656729437012528e-01
-9.713294796433193101e-02 -5.347725110516070302e-02 9.938336752364397286e-01
-1.075988887978977376e-01 -7.310724330513149183e-02 9.915028038819583278e-01
-9.611922678024116540e-02 -1.034579062177144737e-01 9.899785633457950373e-01
-6.280182782409302056e-02 -1.361648200175491763e-01 9.886936189798823937e-01
-1.604286046779161007e-02 -1.590195468459175976e-01 9.871450806993610216e-01
2.812586992065856800e-02 -1.635237072565463301e-01 9.861383942461230401e-01
5.543935388830558558e-02 -1.498626519251960165e-01 9.871512870874435963e-01
5.954802025757108264e-02 -1.247276998410894455e-01 9.904024607076199471e-01
4.186405806853808753e-02 -9.635442176012663784e-02 9.944663021185390361e-01
8.703196017006881863e-03 -7.136970276268786439e-02 9.974119609803591135e-01
-4.421711583850865268e-02 -6.652931474334208839e-02 9.968042420388933955e-01
-9.305664776359552637e-02 -6.028569514895971287e-02 9.938340380905789084e-01
-1.309444269479694556e-01 -7.006335468592700400e-02 9.889108571461061592e-01
-1.489378261916970148e-01 -9.690341245478598098e-02 9.840870147420580638e-01
-1.390467904989566017e-01 -1.379397281562146083e-01 9.806317460943820841e-01
-9.754645728620986445e-02 -1.823095669807073826e-01 9.783904693210229153e-01
-3.334509082328169366e-02 -2.117764898589774569e-01 9.767491096801658168e-01
2.810268874462623287e-02 -2.138328622460584916e-01 9.764659471323005047e-01
6.527900406748472772e-02 -1.909726813284134961e-01 9.794223229099093819e-01
7.067642334479720678e-02 -1.548860560744455273e-01 9.854010111710197473e-01
4.797023531323549306e-02 -1.173870072243458768e-01 9.919269867580468025e-01
6.172066471449915055e-03 -8.648135980459618899e-02 9.962343499407256830e-01
-4.970544358747371744e-02 -6.185492170040916837e-02 9.968466971100449214e-01
-1.108043225874095206e-01 -5.261164965536514054e-02 9.924486971206614161e-01
-1.600406373768867019e-01 -6.010575221684826691e-02 9.852787894492052168e-01
-1.866413212126047105e-01 -8.709965735016791943e-02 9.785594856244244077e-01
-1.787899945483198416e-01 -1.338378207120675678e-01 9.747417994507298067e-01
-1.266356073661808468e-01 -1.907296448222627061e-01 9.734400985849057664e-01
-3.740346073116043030e-02 -2.322264482040175548e-01 9.719423120123075188e-01
4.608367302557813544e-02 -2.364048016497581617e-01 9.705612112779913314e-01
9.291546913387860318e-02 -2.078261165922886400e-01 9.737427898874382315e-01
9.678356707583773977e-02 -1.641995666560738532e-01 9.816676848374356057e-01
6.590689893418311129e-02 -1.205418834332796646e-01 9.905180134713704732e-01
1.291460476833615652e-02 -8.522274230438714460e-02 9.962782227760651477e-01
-4.490191474177242237e-02 -4.019539756049533147e-02 9.981824222392605694e-01
-1.160097465017028567e-01 -2.443157804222324814e-02 9.929475498287916313e-01
-1.738435852757352629e-01 -2.219880918554596738e-02 9.845230422540792725e-01
-2.062184662512023259e-01 -3.849184057818670623e-02 9.777485987645025967e-01
-1.983300187506797096e-01 -7.980537802482602638e-02 9.768809064060092195e-01
-1.340205986147464112e-01 -1.450389926824648679e-01 9.803071813205467278e-01
-1.506569926613611325e-02 -2.045183226318878777e-01 9.787467907551068436e-01
8.743295376686292808e-02 -2.173168455992129655e-01 9.721773846445956879e-01
1.370715017003759917e-01 -1.901761115298737648e-01 9.721339671182415154e-01
1.340729392992831837e-01 -1.466104159208012347e-01 9.800662390324171858e-01
9.268925015902870768e-02 -1.030340386711729589e-01 9.903497815317652275e-01
2.851843829321334955e-02 -6.681364403564617194e-02 9.973578272856741256e-01
-3.006942960086647632e-02 -6.987792482782859312e-03 9.995233864996547757e-01
-1.048537624564852139e-01 1.706262334560823199e-02 9.943412670624025562e-01
-1.638849114026193765e-01 3.458810426132843258e-02 9.858729121231196713e-01
-1.934763425470051867e-01 3.950785671470619792e-02 9.803091523251682426e-01
-1.772040706643732699e-01 1.945222645331649500e-02 9.839818739316503748e-01
-9.792336670889996431e-02 -3.858764631872050460e-02 9.944455781006920070e-01
4.434386943649642338e-02 -1.147699392780417160e-01 9.924018753920045288e-01
1.475130537391398933e-01 -1.442227702602632000e-01 9.784884728575361512e-01
1.862527052445942799e-01 -1.321724415170753009e-01 9.735709401438061850e-01
1.713193464865529203e-01 -1.016315197588727598e-01 9.799595479972320611e-01
1.202761091672272936e-01 -6.731972225509944008e-02 9.904553056847508197e-01
4.880113452820789011e-02 -3.530332829471671124e-02 9.981844139637182645e-01
-9.813240586143223351e-03 2.784844312899136670e-02 9.995639872086661271e-01
-8.010267617422936470e-02 5.847597298422319706e-02 9.950699080231790727e-01
-1.316442551194124955e-01 9.015812796501128379e-02 9.871885848488631821e-01
-1.493275149029894278e-01 1.169705382006433342e-01 9.818447873701620088e-01
-1.162928858331911536e-01 1.252049973645495973e-01 9.852916691718962561e-01
-2.166584503696137448e-02 9.483862173155958863e-02 9.952568648278171670e-01
1.130598625499344145e-01 2.460665668089723548e-02 9.932834338330595036e-01
1.951619989872015459e-01 -2.914390305958393379e-02 9.803379147343674882e-01
2.169262795289902679e-01 -4.718081567475036764e-02 9.750471577733990092e-01
1.927354895041563099e-01 -4.125263685970766148e-02 9.803832164198194032e-01
1.381893002654807079e-01 -2.336352680664709192e-02 9.901302252266053205e-01
6.673397571754570434e-02 3.174337823859914916e-04 9.977707530894652788e-01
8.717768514383106293e-03 5.365797983470580595e-02 9.985213176052649686e-01
-5.107210712091147381e-02 8.626909637469384884e-02 9.949619504709197315e-01
-9.081495352199010773e-02 1.239064003632866784e-01 9.881294693337601132e-01
-9.654308716712131644e-02 1.597401931254697760e-01 9.824268435972973723e-01
-5.587060008581682530e-02 1.798962973741105309e-01 9.820976520882040983e-01
3.175179925566140593e-02 1.662775798789495607e-01 9.855676484512145841e-01
1.369955752911271030e-01 1.157465351541484971e-01 9.837860295564451185e-01
2.005947735440427315e-01 6.012030485303368477e-02 9.778278405584106547e-01
2.145168271350498257e-01 2.438336100851078506e-02 9.764158860761172898e-01
1.901445926118171259e-01 1.076745955508387823e-02 9.816970488471524758e-01
1.402425954341480208e-01 1.389117023933666810e-02 9.900197219324907705e-01
7.617933942941432224e-02 2.899757393058962490e-02 9.966723879742169778e-01
1.971039940893384509e-02 6.362621249738879825e-02 9.977791365018499059e-01
-2.788078323922999271e-02 9.387378911613478150e-02 9.951936362552477044e-01
-5.682509954813166203e-02 1.294317501084481792e-01 9.899587517291714711e-01
-5.632686956607017847e-02 1.631700662140684044e-01 9.849887376293158248e-01
-1.958214344265214735e-02 1.833316499763993357e-01 9.828560656449650823e-01
4.863370256469938535e-02 1.771803519843335728e-01 9.829760352345929819e-01
1.244350400648191052e-01 1.426021454337816630e-01 9.819269570195854335e-01
1.734869595330938152e-01 9.639331439998410911e-02 9.801074450339247734e-01
1.860871166901437446e-01 5.856610738085579748e-02 9.807862132331419680e-01
1.677313731577785572e-01 3.746893287126438349e-02 9.851204319920164876e-01
1.275469186047134551e-01 3.302908993092572298e-02 9.912824334026967277e-01
7.495844731204981404e-02 4.254922789810856865e-02 9.962784723067650283e-01
2.112862128415760044e-02 5.621641627530887808e-02 9.981950189736620294e-01
-1.605498190308977252e-02 8.162385646764043490e-02 9.965338848285472118e-01
-3.751781363895885513e-02 1.102919545330376255e-01 9.931908670668730954e-01
-3.557059359863404963e-02 1.359020459819667015e-01 9.900835150475478796e-01
-7.082116512839680723e-03 1.498430343756761707e-01 9.886844333126449946e-01
4.230211908696550338e-02 1.444106104978432614e-01 9.886132238122168348e-01
9.612898441954041695e-02 1.191604569807531294e-01 9.882105058369834438e-01
1.341284217981285609e-01 8.421118371122669755e-02 9.873793814962801285e-01
1.470693223554883911e-01 5.337937192508861173e-02 9.876847964177716266e-01
1.358434144793443932e-01 3.483570197577162686e-02 9.901176902825435944e-01
1.059763294541324202e-01 3.029375581190752939e-02 9.939070912083440845e-01
6.487784315294038706e-02 3.818235687233961784e-02 9.971624607311845301e-01
1.409332650030393694e-02 3.425822395624124328e-02 9.993136405751276152e-01
-1.638432798085938738e-02 5.401314995456914236e-02 9.984057959710775920e-01
-3.403568289467263225e-02 7.367068131374994444e-02 9.967016619855054715e-01
-3.313915838396359892e-02 8.842850401292491613e-02 9.955311124518353427e-01
-1.215747414445393637e-02 9.298816526298529783e-02 9.955929875925417782e-01
2.414169886949017046e-02 8.400253538083155003e-02 9.961730534527086789e-01
6.453383017057524873e-02 6.327313980658842707e-02 9.959075732930628977e-01
9.573724777428810340e-02 3.831227257468932529e-02 9.946690651461909116e-01
1.094825641581852749e-01 1.810568224092348050e-02 9.938238035063872156e-01
1.040071561650651732e-01 7.936359310001065218e-03 9.945448836866600528e-01
8.216720702848992475e-02 8.553983482909846905e-03 9.965818478457574292e-01
4.968454277702150090e-02 1.814823523227797331e-02 9.986000639730631123e-01
1.103291816826997484e-03 3.548504488796622603e-03 9.999930954076998724e-01
-2.718751727481579991e-02 1.784823936175871859e-02 9.994709997074563423e-01
-4.459705460881421141e-02 2.797047614587444553e-02 9.986134162850083262e-01
-4.606195026222729277e-02 3.085698741348521373e-02 9.984618886396344761e-01
-3.015701710577885913e-02 2.441431984605550720e-02 9.992469641213465037e-01
-4.378773060886171080e-04 9.335604570720766604e-03 9.999563264216730918e-01
3.454078678939095232e-02 -9.864102521817654651e-03 9.993546084996169920e-01
6.404023071935360800e-02 -2.646269653317631296e-02 9.975963986210059087e-01
7.980220537999620223e-02 -3.509512875418933225e-02 9.961927222953463890e-01
7.845659509526349551e-02 -3.417996881307796414e-02 9.963314169582382362e-01
6.131651727699142379e-02 -2.540424595165898317e-02 9.977950235377424093e-01
3.319008675091685706e-02 -1.183148514799879820e-02 9.993790242448757910e-01
-2.797443501101685038e-03 -3.603679998980967997e-02 9.993465481785250848e-01
-4.054871416761883507e-02 -4.450927030616158575e-02 9.981857175075911082e-01
-6.293602278430555919e-02 -5.753002811672446037e-02 9.963580445306782218e-01
-6.307438889776814661e-02 -7.338000584515472213e-02 9.953074882705027493e-01
-3.839331365436016857e-02 -8.900676025090198396e-02 9.952907867032232403e-01
6.308033416240494545e-03 -9.914254592268686994e-02 9.950532469684093551e-01
5.757791275574672407e-02 -9.862962326052676643e-02 9.934570858261145831e-01
9.831669645719051664e-02 -8.705134864377531145e-02 9.913404510545541504e-01
1.167064209210458003e-01 -6.901459085221192669e-02 9.907656622861319429e-01
1.098948353292751867e-01 -5.107445630191115304e-02 9.926301048635534086e-01
8.209137038061427305e-02 -3.845845328397783092e-02 9.958825002378773883e-01
4.133789942867583528e-02 -3.354679055756908113e-02 9.985818899389775627e-01
-6.228511338774424255e-03 -7.191482680643165870e-02 9.973913290839778734e-01
-5.158623960866393771e-02 -8.975117867210800904e-02 9.946273602762084609e-01
-7.843097706426743754e-02 -1.185131386210380028e-01 9.898500986568140592e-01
-7.817811919018721745e-02 -1.546028922157650642e-01 9.848787374080052448e-01
-4.601445141047080106e-02 -1.901742666051519648e-01 9.806714121368967918e-01
1.365294871526465462e-02 -2.117642286914893923e-01 9.772254133198181592e-01
8.215919374743066439e-02 -2.072395845046132723e-01 9.748341507647024784e-01
1.335408797183896823e-01 -1.785861182381724976e-01 9.748198971177607364e-01
1.524194072050665538e-01 -1.387592939951730608e-01 9.785265365012958405e-01
1.383235890087602116e-01 -1.018284465497095725e-01 9.851383416541197313e-01
9.967095588327738731e-02 -7.680675216164330188e-02 9.920516233420936247e-01
4.772976100630073326e-02 -6.700951817486902606e-02 9.966100513180916609e-01
-1.410810215067838554e-02 -9.259063682408878726e-02 9.956043066531047314e-01
-7.408887458814543414e-02 -1.195355205172390634e-01 9.900616637345941440e-01
-1.127598227917578216e-01 -1.626827977425998883e-01 9.802140223862182422e-01
-1.182437919044498492e-01 -2.181395160332996741e-01 9.687278034725592679e-01
-7.959109678997654258e-02 -2.749256217994209828e-01 9.581655179508239417e-01
4.207790314431935665e-03 -3.099865709282986770e-01 9.507316237218387256e-01
1.074032038871097772e-01 -2.988164605614663794e-01 9.482474754473347867e-01
1.817813914289248545e-01 -2.482127284557558988e-01 9.514966984507797765e-01
2.041506081235720249e-01 -1.841806947900899716e-01 9.614572277898979502e-01
1.798307523431430799e-01 -1.295699247624514383e-01 9.751269328188784113e-01
1.251015730258805692e-01 -9.539826791344555024e-02 9.875468428918173780e-01
5.605969423191183021e-02 -8.374790952996113980e-02 9.949088392068827780e-01
-2.444396499243614226e-02 -9.151064430486245682e-02 9.955040404510464569e-01
-1.041544198570257679e-01 -1.243921525054562383e-01 9.867514627399154303e-01
-1.620395647260653438e-01 -1.756134262094780352e-01 9.710319788752194148e-01
-1.826397318318304930e-01 -2.434630968429592479e-01 9.525588952038955837e-01
-1.448534749226755847e-01 -3.189161768722089119e-01 9.366482493081359495e-01
-3.084065391689615535e-02 -3.719946131617880569e-01 9.277224055958835924e-01
1.324830712424588386e-01 -3.536393330042245098e-01 9.259521899031820658e-01
2.431848677405458181e-01 -2.774032105013242155e-01 9.294668250699189560e-01
2.686350643510205805e-01 -1.901567677840435844e-01 9.442857649393291419e-01
2.296149999018817500e-01 -1.238078611088548608e-01 9.653748315279799819e-01
1.548786855242311744e-01 -8.720649756980715372e-02 9.840770394394081633e-01
6.553221357359370614e-02 -7.804917936500627151e-02 9.947933728089287664e-01
-3.360160191894318027e-02 -6.671662719993169677e-02 9.972060088084012675e-01
-1.333190206321369364e-01 -9.891384692108411147e-02 9.861247840030016309e-01
-2.141207401822764755e-01 -1.450088907691430840e-01 9.659838146789718749e-01
-2.586749348579637786e-01 -2.061046520930959469e-01 9.437203772632087873e-01
-2.354605222919236851e-01 -2.819959283736506173e-01 9.300734588314466533e-01
-9.550267743061073566e-02 -3.519020865924955555e-01 9.311520606514473997e-01
1.630573625281636074e-01 -3.308792912955059173e-01 9.294789890670884791e-01
3.136582311560395797e-01 -2.346178293571853923e-01 9.200940105096736543e-01
3.334139736636329565e-01 -1.385906024732211639e-01 9.325383461670295748e-01
2.755001710876742171e-01 -7.711107757260925177e-02 9.582032860756884984e-01
1.815719586985203027e-01 -5.012736374431611686e-02 9.820992165857923561e-01
7.439099413277569517e-02 -4.913580531076622293e-02 9.960178977450323545e-01
-3.799790893030665501e-02 -2.355499605263182417e-02 9.990001606996310457e-01
-1.504537137175299411e-01 -4.694560577243361149e-02 9.875017924678537451e-01
-2.486130714597541425e-01 -7.128983859524286315e-02 9.659758276542909083e-01
-3.148000472051267207e-01 -9.548579704355140974e-02 9.443428364966933719e-01
-3.117423196928025830e-01 -1.246360161301384023e-01 9.419567875416575697e-01
-1.634739298750435277e-01 -1.695043093763166364e-01 9.718768251965275162e-01
2.045663734643211329e-01 -1.539584265860259871e-01 9.666692307769145787e-01
3.640016593043540194e-01 -8.030102483902470945e-02 9.279302438402765585e-01
3.668254173033658194e-01 -2.143572195996036947e-02 9.300428071031338062e-01
2.961058492957891475e-01 5.475665300086559120e-03 9.551394364710900087e-01
1.938604431674483264e-01 8.245632876645080447e-03 9.809944638546169715e-01
7.922233574855255811e-02 -3.722825973314700890e-03 9.968500198551799585e-01
-3.619056264758488406e-02 2.485835932415431798e-02 9.990356876242947326e-01
-1.477268149580261980e-01 1.499048608244289878e-02 9.889145936173706630e-01
-2.473294522542412166e-01 2.008861051425245639e-02 9.687231749964545502e-01
-3.155640904896089838e-01 4.800638395081651549e-02 9.476891325183944836e-01
-3.118387962025652160e-01 1.035681523137328558e-01 9.444735057211591789e-01
-1.619052033895730935e-01 1.694654403660675601e-01 9.721461668066988526e-01
1.687869852159680217e-01 1.904190994253244507e-01 9.670840295422842292e-01
3.206960880822544158e-01 1.524728885966114555e-01 9.348294161673510461e-01
3.328457142691246262e-01 1.220414731529423230e-01 9.350505918522930004e-01
2.751577177569862198e-01 9.508463532775811300e-02 9.566854982089821879e-01
1.839842361942244375e-01 6.861686148849875655e-02 9.805312474120954080e-01
7.695738537855355277e-02 4.410742296606210561e-02 9.960582794570621568e-01
-2.971991728751939912e-02 6.267994063653153924e-02 9.975910743176225060e-01
-1.270537816641769402e-01 6.425673092442837908e-02 9.898123100344342618e-01
-2.114736572993804742e-01 8.877537903474584657e-02 9.733436311733160151e-01
-2.620569440349795332e-01 1.418115415005362090e-01 9.545761597590343150e-01
-2.439151890652700716e-01 2.208277677735792643e-01 9.443201139038406300e-01
-1.172320453118595313e-01 2.983520124374868798e-01 9.472289713825660096e-01
9.586534904945097357e-02 3.216856280094382847e-01 9.419809932179031842e-01
2.258650313293791567e-01 2.711445088158568884e-01 9.356632102212587565e-01
2.572829965963301935e-01 2.071005314404771036e-01 9.438828473595070045e-01
2.251609416487297954e-01 1.519284228864339614e-01 9.624034001784671499e-01
1.565922019332789128e-01 1.090865212516650001e-01 9.816206055166600830e-01
6.801903470844344879e-02 7.878883371027063653e-02 9.945681125996217453e-01
-2.171438694583920775e-02 7.928046259817440877e-02 9.966158204894123296e-01
-9.888036290210372448e-02 8.677397626860462732e-02 9.913087061429988189e-01
-1.625536323225111046e-01 1.163450759057925582e-01 9.798163807220318100e-01
-1.949891167707802353e-01 1.686899830471861317e-01 9.661899057434447657e-01
-1.741772105339783050e-01 2.357219450334842314e-01 9.560844439484712520e-01
-8.609841064271174516e-02 2.938638928473290557e-01 9.519616988962263937e-01
4.398726568263694459e-02 3.107023461683930399e-01 9.494889006950970600e-01
1.420941273340508293e-01 2.740602539015463690e-01 9.511573141224418659e-01
1.810327419301975549e-01 2.162208487315054883e-01 9.594142436523694917e-01
1.695809872281721087e-01 1.615006632907848572e-01 9.721933061523058139e-01
1.234187244623986546e-01 1.189290302295976931e-01 9.852023671412761807e-01
5.596475718787412984e-02 9.090411684598993791e-02 9.942858680949644423e-01
-1.423374671109389061e-02 7.221799852515410623e-02 9.972873012044085606e-01
-7.245507216224153502e-02 8.047255329508443134e-02 9.941199277170346127e-01
-1.177266360663367789e-01 1.052190227818464580e-01 9.874560225171336025e-01
-1.370711632450929141e-01 1.445410789197864032e-01 9.799588627648090355e-01
-1.186240633779575837e-01 1.900561506269313472e-01 9.745804180243899939e-01
-5.954319077137455035e-02 2.257963302763401903e-01 9.723531383538054351e-01
2.247179381795638350e-02 2.344319473648663887e-01 9.718727697272224741e-01
9.197455863289048794e-02 2.110514375426225664e-01 9.731382076948312809e-01
1.272042510696865802e-01 1.713579122062185989e-01 9.769624068684299445e-01
1.259191791084101064e-01 1.315314422660960048e-01 9.832821772146483896e-01
9.534218367883187661e-02 9.981320372479572656e-02 9.904277825129417234e-01
4.523448596002353772e-02 7.934493871902174866e-02 9.958203763629257521e-01
-8.031297630913718580e-03 4.537546129606946643e-02 9.989377186644626816e-01
-5.252266836107031406e-02 5.063183480925048663e-02 9.973353431078930686e-01
-8.451204465221215378e-02 6.529633915610463801e-02 9.942806959815335688e-01
-9.483467203225882936e-02 8.737792152073214913e-02 9.916508880706366158e-01
-7.753128589122858239e-02 1.111513570881933061e-01 9.907745836089666414e-01
-3.408319031032145535e-02 1.280350676238106722e-01 9.911838162504570393e-01
2.282775802922322808e-02 1.306150502478332365e-01 9.911703194265211181e-01
7.287913083534558467e-02 1.181021794924217438e-01 9.903234357965406964e-01
1.006891971838466127e-01 9.768152025272180961e-02 9.901111079932330972e-01
1.014948727261989619e-01 7.699061141169362410e-02 9.918524268078954265e-01
7.848274501116385415e-02 6.017288617014234647e-02 9.950978255957746432e-01
3.893476253755530359e-02 4.907990894777353869e-02 9.980356941531891568e-01
-3.803085241961955566e-03 6.239642460740251612e-03 9.999733013458712572e-01
-4.131425393702258669e-02 5.723949323004271644e-03 9.991298057939019817e-01
-6.562398667552173104e-02 7.476494498062335493e-03 9.978164131756738220e-01
-6.964386658233243099e-02 1.102526009471212556e-02 9.975109901586687311e-01
-5.028436013062195786e-02 1.468297430426038046e-02 9.986270041370890471e-01
-1.111125550048885739e-02 1.670386030313683601e-02 9.997987402733155005e-01
3.647951971138892191e-02 1.651368529547893663e-02 9.991979497775069774e-01
7.700818348399306179e-02 1.492282409641967206e-02 9.969187775327705836e-01
9.854856622889474060e-02 1.334618692818258234e-02 9.950427424933467879e-01
9.685040274222969647e-02 1.211519847836357335e-02 9.952252114242747805e-01
7.441316146159208944e-02 1.055023242818509642e-02 9.971716873221708743e-01
3.792958123527336717e-02 8.300091545708765395e-03 9.992459433731368801e-01
1.123992772657659255e-02 -3.860742641952565751e-02 9.991912382772102363e-01
-2.337426233756742522e-02 -6.860729658575277778e-02 9.973698825988988048e-01
-3.879585780810219930e-02 -9.721401145191128912e-02 9.945070725713306414e-01
-2.850300690070558043e-02 -1.186292777977044771e-01 9.925294318290361906e-01
8.470988998973355902e-03 -1.267857161670383759e-01 9.918939583047186037e-01
6.325159046477633884e-02 -1.163956393491346331e-01 9.911868095592042405e-01
1.173101856419922623e-01 -8.792638459278125096e-02 9.891952644635304548e-01
1.520893168683899177e-01 -5.102135737638884005e-02 9.870489657488995539e-01
1.588924506753245092e-01 -1.847364118672273001e-02 9.871230489152204024e-01
1.396750323571669672e-01 2.385988057066696982e-04 9.901973684102748363e-01
1.022626294901408661e-01 1.472104787753543940e-03 9.947563458039585527e-01
5.625168684510343381e-02 -1.317350963387246138e-02 9.983297082482142093e-01
2.518055099951482453e-02 -7.817098865902265270e-02 9.966219124539880125e-01
-1.388436886027369366e-02 -1.255678116455674620e-01 9.919878774359773832e-01
-2.525040992475461807e-02 -1.792045928606183502e-01 9.834877379490922777e-01
-3.761106055711720673e-04 -2.298046557528788392e-01 9.732367023161148101e-01
6.245075086233246170e-02 -2.622643650733526566e-01 9.629731598177606600e-01
1.484710286771517285e-01 -2.578435046689757648e-01 9.547109933082059685e-01
2.244258909183828032e-01 -2.106293046525877788e-01 9.514558925704695858e-01
2.605869340631459252e-01 -1.417760551166455107e-01 9.549837694909593111e-01
2.509350238630143615e-01 -7.889055723393721686e-02 9.647838585808681255e-01
2.073990871650986667e-01 -3.951029139124778017e-02 9.774582116475712956e-01
1.463821237745022708e-01 -2.871604366735355102e-02 9.888112371303763304e-01
8.194217231222820919e-02 -4.368173344503837457e-02 9.956793593120013552e-01
2.602318759109503721e-02 -1.048709902030262875e-01 9.941452957799854495e-01
-2.693478619551857578e-02 -1.745253577400844580e-01 9.842842154572224445e-01
-4.450784035496775648e-02 -2.580031525413877813e-01 9.651183478857386921e-01
-1.229034827723977236e-02 -3.441298037668034659e-01 9.388416402666778238e-01
8.007882440414398895e-02 -4.073468008106510552e-01 9.097559924239959628e-01
2.178368342928845569e-01 -4.058631728605029965e-01 8.875934872118452779e-01
3.408457259900088410e-01 -3.185064623691928332e-01 8.845212402782606231e-01
3.883311960833430998e-01 -1.978035960598287790e-01 9.000403432814969573e-01
3.590386860671737623e-01 -9.821828602593045410e-02 9.281402858389925514e-01
2.839191560829412153e-01 -4.284152019803814937e-02 9.578906602301910933e-01
1.921514321301416583e-01 -3.128456452763708762e-02 9.808665062854798888e-01
1.023594271834837588e-01 -5.492763157740920832e-02 9.932298339034906220e-01
1.251513721802690986e-02 -1.108714437895282900e-01 9.937559530852684286e-01
-6.348486216380616609e-02 -2.028696304495163361e-01 9.771456315807544035e-01
-1.018709445071228625e-01 -3.150187134181602344e-01 9.436024167315458788e-01
-8.026547385755958275e-02 -4.392566183146029424e-01 8.947687282047882551e-01
3.229698332138204731e-02 -5.450205967563417353e-01 8.378003664237221315e-01
2.457174991768894257e-01 -5.549774810331159491e-01 7.947470705478705266e-01
4.636723581682159478e-01 -3.910605038683814261e-01 7.950343556003741652e-01
5.303768117390301740e-01 -1.905984742138860932e-01 8.260585083375586724e-01
4.706607571010331115e-01 -5.483178637019223145e-02 8.806088387749513302e-01
3.561295436907229162e-01 2.105365340446528708e-03 9.344342221619580391e-01
2.305292466555333430e-01 8.628912002468536744e-05 9.730653929673281910e-01
1.131152436370207598e-01 -4.149505362295812655e-02 9.927150155919519658e-01
-1.230336968896630391e-02 -9.174108069551943634e-02 9.957068851861600178e-01
-1.167890005142768473e-01 -1.979337873809402515e-01 9.732330374437050402e-01
-1.923679391364473135e-01 -3.245624400838332257e-01 9.260959985224126445e-01
-2.138767081236305490e-01 -4.713239256373501496e-01 8.556345661811454173e-01
-1.264536132540051983e-01 -6.203377674174456180e-01 7.740739874266251430e-01
1.612552985352135038e-01 -6.753151850057800276e-01 7.196847432000793576e-01
5.831447109891446656e-01 -3.670022397523667324e-01 7.247424384304823608e-01
6.563463975938048645e-01 -6.622435007938615170e-02 7.515475645773891378e-01
5.486177577146374995e-01 7.381526003067225006e-02 8.328084193299093441e-01
3.977904807827605249e-01 9.856926006307760446e-02 9.121660125049818602e-01
2.481157057292670276e-01 6.316243486923320272e-02 9.666690764640534228e-01
1.105484151873683679e-01 -4.010343102898147882e-03 9.938626489851634105e-01
-4.116390616950134362e-02 -5.019703161432049338e-02 9.978906707881267657e-01
-1.703299591664726165e-01 -1.539757678836932431e-01 9.732826762636656026e-01
-2.899690873591738716e-01 -2.655229543814408011e-01 9.194647840307081932e-01
-3.847275796687790184e-01 -3.832777469462509412e-01 8.396921210408336833e-01
-4.053338856361072273e-01 -5.001194916930874479e-01 7.652352155930683963e-01
-1.733719570671803656e-01 -5.823184258976649152e-01 7.942590354303348255e-01
6.293509511213991603e-01 -4.037797621254462371e-02 7.760715169103468147e-01
6.502021097502043157e-01 2.355237788585030911e-01 7.223335559619065149e-01
5.204779336851852456e-01 2.745697609247487181e-01 8.085259222390880351e-01
3.750018368067458141e-01 2.222220941798072058e-01 8.999949795692666621e-01
2.316050058403434919e-01 1.399960120243196326e-01 9.626838722483106459e-01
9.295769157209599065e-02 4.758106726067264786e-02 9.945325080739496615e-01
-6.465485023344068327e-02 1.536022569951966434e-03 9.979065041254669977e-01
-2.025477914436302762e-01 -8.233354776019907728e-02 9.758050927795810514e-01
-3.486410004822567688e-01 -1.505262468822026467e-01 9.250898884877485351e-01
-4.980567129337962196e-01 -1.823023657691097976e-01 8.477649191471683388e-01
-6.243871017202329288e-01 -1.196243269622054295e-01 7.719007498404635292e-01
-5.869523182120769400e-01 1.569934700896130630e-01 7.942543839946546447e-01
6.689660871493739724e-02 6.276400783407671824e-01 7.756241201785897266e-01
3.331077880975900629e-01 5.658155436098408764e-01 7.542492771744622182e-01
3.515054301615083698e-01 4.415857557477997353e-01 8.254973972628083523e-01
2.840832526437185868e-01 3.163221985270412984e-01 9.051171041839708442e-01
1.822939360135490128e-01 2.005298252982865015e-01 9.625781578960472817e-01
6.409462892194602024e-02 9.585014196382857232e-02 9.933300704342059584e-01
-7.567660227778770510e-02 4.578215052388132783e-02 9.960808433862474720e-01
-2.009583341648560617e-01 -1.105661339227221804e-02 9.795373904195726622e-01
-3.368905374279774212e-01 -3.551196178982501950e-02 9.408738844081886432e-01
-4.698314860805252180e-01 -4.384903738451290459e-03 8.827452335224256208e-01
-5.568708192757650943e-01 1.209917150657255358e-01 8.217395545576209326e-01
-4.914833714081635607e-01 3.628391029650826494e-01 7.917018889637403856e-01
-1.763027763817963389e-01 6.098538870330130202e-01 7.726548825386316821e-01
7.611278371293191125e-02 5.910592183650001941e-01 8.030291679268306559e-01
1.768008119523464816e-01 4.707990696661577545e-01 8.643435132483492378e-01
1.774064062049963142e-01 3.400358721130004591e-01 9.235272452471343652e-01
1.217940152748347021e-01 2.233950990634706035e-01 9.670888519457039312e-01
3.370817718013004172e-02 1.250182069222615378e-01 9.915816692179884040e-01
-7.294730555967400554e-02 6.890750584282251401e-02 9.949524844182944250e-01
-1.728066590970821215e-01 3.468464130263334416e-02 9.843448756555639445e-01
-2.780897194154541840e-01 3.515944134503023316e-02 9.599114134334121307e-01
-3.711101655758993756e-01 8.408025289740336805e-02 9.247744352429680958e-01
-4.170689089974042307e-01 1.923771011289323873e-01 8.882818112001081845e-01
-3.659203623722083187e-01 3.453302987845009997e-01 8.642044162944312324e-01
-2.045407601973413536e-01 4.722685950899730423e-01 8.573945716586083288e-01
-3.394554947786732751e-02 4.765813071096349773e-01 8.784747904090937087e-01
6.834483701052626592e-02 4.003889898548648185e-01 9.137929962836458531e-01
9.735927166338811944e-02 3.013750522899630857e-01 9.485221400043233331e-01
7.249471037422691722e-02 2.074940256970051466e-01 9.755463834528060874e-01
1.171014435673291103e-02 1.284204690578079622e-01 9.916506721855863349e-01
-5.873407469674541553e-02 6.677925169527204607e-02 9.960375695788119543e-01
-1.318942500771343451e-01 4.616563937969987708e-02 9.901881844060320681e-01
-2.045434935501387330e-01 5.356742367795078175e-02 9.773906539183009334e-01
-2.615137393691073231e-01 9.486114643050565232e-02 9.605269007264030101e-01
-2.815946674093328106e-01 1.687096985035847763e-01 9.445853486675841459e-01
-2.443370661355213080e-01 2.574605545860036981e-01 9.348868706664713590e-01
-1.520791414952230303e-01 3.236677560512156715e-01 9.338688978731629620e-01
-4.613230352910303866e-02 3.311549543577661514e-01 9.424479862440259259e-01
2.922130002992700745e-02 2.902055074347690833e-01 9.565181018041891692e-01
5.852467300055610999e-02 2.282515433343217381e-01 9.718416000643740338e-01
4.654328189303721941e-02 1.643714021774830003e-01 9.852998351044252034e-01
3.983019916798842541e-03 1.083561196598832044e-01 9.941041629953155656e-01
-3.662426980883046884e-02 4.293577209194160416e-02 9.984063212619281868e-01
-8.869542484644017677e-02 2.695327157303038790e-02 9.956940507820369879e-01
-1.347951166076291896e-01 2.957062820299091038e-02 9.904321554182501375e-01
-1.640096583415852349e-01 5.348052322784549450e-02 9.850079520521412002e-01
-1.653672627616920021e-01 9.537087763495995241e-02 9.816099348039831751e-01
-1.325638832236992470e-01 1.435394759498723471e-01 9.807258718463032210e-01
-7.221143136041330290e-02 1.798502871421770177e-01 9.810399499489127484e-01
-6.375684338269223782e-03 1.897402471368040688e-01 9.818136224689869573e-01
4.089558488302257044e-02 1.746064331572424744e-01 9.837886686871303299e-01
5.806843188237422598e-02 1.443409635042813832e-01 9.878227287693909231e-01
4.591199679961694563e-02 1.079371263372027878e-01 9.930970069977891335e-01
1.138905831822986311e-02 7.204511440013945667e-02 9.973363478995990183e-01
-1.135207801571600991e-02 4.836961712124632565e-03 9.999238641647251180e-01
-5.040460456284918261e-02 -1.448869190507959606e-02 9.986237798319025361e-01
-7.754949071576595909e-02 -2.430123191018582554e-02 9.966922928453517683e-01
-8.515255655043227345e-02 -2.147177493613283000e-02 9.961365393328140971e-01
-6.880090551897014017e-02 -6.190984668465148756e-03 9.976112003724606492e-01
-3.057076797526476694e-02 1.760124973896564499e-02 9.993776183970738414e-01
1.869270196473185944e-02 4.270490221241237533e-02 9.989128461584019236e-01
6.254275044442965392e-02 6.128080572169234547e-02 9.961591575732063886e-01
8.727239072674576603e-02 6.896053446380431828e-02 9.937947345922668596e-01
8.775154533298869242e-02 6.483746162143021186e-02 9.940300648683378926e-01
6.658362377032980839e-02 5.022030745465178719e-02 9.965162024597856716e-01
3.068407682615825402e-02 2.843674913385212805e-02 9.991245361455521889e-01
2.552456580387515994e-02 -3.616327245199744272e-02 9.990198768122977580e-01
4.615550924273597276e-03 -8.498232401174952988e-02 9.963717686161299714e-01
4.334382824760339356e-03 -1.252384590181582769e-01 9.921172014980531584e-01
2.876429919979788322e-02 -1.472648579821886627e-01 9.886787530310524597e-01
7.519507729275866359e-02 -1.427017537317681606e-01 9.869052182620138280e-01
1.299713988251087471e-01 -1.083073334302297880e-01 9.855845762859218873e-01
1.723428213309758372e-01 -5.254931158474664132e-02 9.836343435381142974e-01
1.878881701543886895e-01 5.103782546833527528e-03 9.821771667677079432e-01
1.755770744308489673e-01 4.585584159750369371e-02 9.833971388639554112e-01
1.435747006370011181e-01 5.972492010046564354e-02 9.878356337245306484e-01
1.021942744891479321e-01 4.615199227875275284e-02 9.936932745421558355e-01
6.038678827064677263e-02 1.104220762460598505e-02 9.981139741799057719e-01
5.720210242461238465e-02 -7.104341806126079906e-02 9.958316887046445576e-01
3.902888729581970723e-02 -1.442627046402726876e-01 9.887694463353383645e-01
5.659219311605919595e-02 -2.152964365001470981e-01 9.749075690077408929e-01
1.158542395991134372e-01 -2.685997160571322318e-01 9.562593726081801693e-01
2.108511615766384406e-01 -2.824066030458074472e-01 9.358356149548181513e-01
3.116625199590381534e-01 -2.384766124299963208e-01 9.197800709825929566e-01
3.729943037061809741e-01 -1.465125195108683276e-01 9.161928459824044690e-01
3.720346278589778954e-01 -4.710849478117781763e-02 9.270226671410374264e-01
3.206734283987081047e-01 2.353229802724212186e-02 9.468974512947880839e-01
2.452861818539632810e-01 5.084802500359172917e-02 9.681162984604241295e-01
1.681260115410258271e-01 3.743306717644824533e-02 9.850545211941541535e-01
1.027181046092282835e-01 -6.927339223745436481e-03 9.946863842220661223e-01
6.880100469356500992e-02 -9.956290134350284649e-02 9.926498125871247025e-01
4.407166978036582833e-02 -2.087646615391554605e-01 9.769723660448172975e-01
6.994665075559206024e-02 -3.234199557770418565e-01 9.436667834851586445e-01
1.611819532957884660e-01 -4.216871103485966832e-01 8.923005989562313722e-01
3.189529802167886952e-01 -4.595296110902370446e-01 8.289158780854182229e-01
4.961172495336209631e-01 -3.856536750334274566e-01 7.779067538261876802e-01
5.964717608001648408e-01 -2.128924329836192342e-01 7.738851662529009356e-01
5.758701232299273665e-01 -4.077152148810308380e-02 8.165239030222790628e-01
4.734924104688278401e-01 6.380991308729955236e-02 8.784834843184028408e-01
3.451013603652381967e-01 9.208670399091370418e-02 9.340369853609352679e-01
2.261066819362399227e-01 6.225848425882340303e-02 9.721109244945003169e-01
1.318618094293279586e-01 -6.167025342280995671e-03 9.912489248480566006e-01
5.551055675428592101e-02 -1.144577521755890531e-01 9.918760008467549794e-01
1.275326051737569501e-02 -2.654092659038514990e-01 9.640514902838832612e-01
2.838820573742673742e-02 -4.319324464376917971e-01 9.014590792095508176e-01
1.331217807368310913e-01 -5.916260301579213676e-01 7.951460444050671983e-01
3.578841122516186468e-01 -6.736738874076024786e-01 6.465929597691425501e-01
6.592347800963817006e-01 -5.509929769652982534e-01 5.116798257174344222e-01
8.334122777277709337e-01 -2.136383716348461692e-01 5.096887496284989716e-01
7.747261120439715709e-01 7.054077565095742686e-02 6.283497833912357056e-01
6.029332053255476165e-01 1.939163448583114957e-01 7.738656221286689396e-01
4.186082203096777588e-01 1.932884158082014969e-01 8.873594233474513260e-01
2.613731170002114301e-01 1.234311116710048867e-01 9.573133522422361263e-01
1.400903975357405962e-01 1.643201143404483464e-02 9.900023583398933624e-01
1.872835285918957732e-02 -1.094162196539653353e-01 9.938195709865155214e-01
-5.338519106514218182e-02 -2.951657782291102761e-01 9.539534499844994908e-01
-7.726708444004046217e-02 -5.058291089372922711e-01 8.591662878708831164e-01
-1.079781307674284457e-02 -7.307498351310376394e-01 6.825599502525115936e-01
2.253134539012393855e-01 -8.923383244820761728e-01 3.911088878453429785e-01
6.791180543210459941e-01 -7.326349258911039053e-01 4.521873129288422888e-02
9.974311468996470698e-01 -5.742293578473092047e-02 4.282188272705847454e-02
8.656165143612201129e-01 3.546978278758093350e-01 3.534084053405107118e-01
6.329993399501374629e-01 4.256759374129436280e-01 6.466156755989473925e-01
4.248991119194582278e-01 3.440289876132999192e-01 8.373200107317761987e-01
2.563105450001212371e-01 2.102017015833249070e-01 9.434617899910855421e-01
1.226042932329081403e-01 5.728297705897258257e-02 9.908011141597091731e-01
-3.202490074336099279e-02 -8.258514062825438040e-02 9.960693250370824536e-01
-1.374984267278330230e-01 -2.793933938976326803e-01 9.502807554053412931e-01
-2.275282325569228381e-01 -4.991201440823390678e-01 8.361279717607247308e-01
-2.758627746496895017e-01 -7.438046766960777489e-01 6.088138734355873494e-01
-2.116211321400615630e-01 -9.616352976949139597e-01 1.745681834097053964e-01
1.373358938548634722e-01 -8.212047946947813593e-01 -5.538605758035002324e-01
6.848720494503776068e-01 4.239932916393573947e-01 -5.926043912480261078e-01
6.068542022765659461e-01 7.873901559421426777e-01 1.083730570975901253e-01
4.680287449051481197e-01 6.826888913888061738e-01 5.611461231416341455e-01
3.315214030152941471e-01 4.885382699864779243e-01 8.071083682513605639e-01
2.019110580273935363e-01 2.917006902290075199e-01 9.349559518855402596e-01
8.110522335722407383e-02 1.036424702367642336e-01 9.913022652588905359e-01
-8.046400936804247450e-02 -4.066355426075785040e-02 9.959277175334020349e-01
-2.080187583178104149e-01 -2.158957608506339443e-01 9.540006376489753581e-01
-3.584121380618498498e-01 -3.923978449629725862e-01 8.470918902683125529e-01
-5.371971708393831202e-01 -5.551501370576940042e-01 6.350019881598580884e-01
-7.494494113196183971e-01 -6.141955059344068601e-01 2.471628215623745128e-01
-9.189008472913057224e-01 -2.328013857468774206e-01 -3.184725225850156827e-01
-4.620499541755103134e-01 8.128734280398113299e-01 -3.546077125968347121e-01
3.688636965362348673e-04 9.776118929593863305e-01 2.104158993136097944e-01
1.609996506584364107e-01 7.843276269364538589e-01 5.990903822563495851e-01
1.713574774707522230e-01 5.482390184169427805e-01 8.185783979559418944e-01
1.151669549437320528e-01 3.318108569947301745e-01 9.362895533270859660e-01
2.749348217573303194e-02 1.384798551750176521e-01 9.899835544838749835e-01
-1.107706674116596957e-01 1.698296892746131107e-03 9.938445426870489152e-01
-2.362649073682382694e-01 -1.301541575725660427e-01 9.629323905720615917e-01
-3.992492490222131485e-01 -2.373823253716172699e-01 8.855787196835387398e-01
-6.013913412802717184e-01 -2.892449213885359693e-01 7.447589073546254657e-01
-8.205564978583841373e-01 -2.064058744080330687e-01 5.329949801191653513e-01
-9.399638904499992842e-01 1.336157654356681379e-01 3.140297945691968851e-01
-7.050480926689574046e-01 6.486570439915106956e-01 2.866203522153428773e-01
-3.111754830551936579e-01 8.069557578774596562e-01 5.019882703547635661e-01
-6.500889558542266577e-02 6.940308898063998200e-01 7.170041614169984090e-01
3.022724609268517132e-02 5.058562822696659467e-01 8.620880090118278050e-01
3.248231397007218108e-02 3.190933993947764336e-01 9.471664593627697748e-01
-2.002123805838059573e-02 1.510261638193859113e-01 9.883269944045057764e-01
-1.159645361966494675e-01 2.984433762847554100e-02 9.928048860960646538e-01
-2.195281198305652770e-01 -5.804314819338042553e-02 9.738780198523016018e-01
-3.542319537136132679e-01 -1.105208905328460695e-01 9.286037129605312357e-01
-5.098181239604003823e-01 -1.027957071214537360e-01 8.541185650007051544e-01
-6.512085191979505305e-01 1.279784485581802371e-03 7.588977708991297977e-01
-7.011390710846214791e-01 2.184247295175664738e-01 6.787449009265212885e-01
-5.769888129551342670e-01 4.691158383686555022e-01 6.685912352972560591e-01
-3.434523329214975718e-01 5.743746032894467834e-01 7.430574070062601066e-01
-1.495422753530028237e-01 5.247941330823127082e-01 8.379905881121936240e-01
-4.581206650082744053e-02 4.037865373589930584e-01 9.137054704939244765e-01
-1.904427786280110668e-02 2.682028596476616067e-01 9.631742010443905544e-01
-4.707542754835586374e-02 1.407699731884165806e-01 9.889225039252231841e-01
-9.766295328212480642e-02 3.709002501012214487e-02 9.945281683295852382e-01
-1.727505442685977333e-01 -1.909005985902265806e-02 9.847805943810438167e-01
-2.660303993134208178e-01 -4.286933152600234942e-02 9.630109277965920311e-01
-3.644429599084718641e-01 -2.014445959252231244e-02 9.310078032545430204e-01
-4.413937880059232710e-01 5.943158353547073336e-02 8.953431804555085360e-01
-4.575675708465695157e-01 1.862962159663225370e-01 8.694398415222224230e-01
-3.862267459233104105e-01 3.135720400750996451e-01 8.674684296368526670e-01
-2.556386451500236023e-01 3.747123751001202874e-01 8.912011664336313421e-01
-1.325732139997201908e-01 3.561356822204646000e-01 9.249820099759556991e-01
-5.620805726399923097e-02 2.881150012585875775e-01 9.559447684612201179e-01
-3.106290238471585974e-02 2.013028707534594841e-01 9.790363886607567068e-01
-4.803880470623236171e-02 1.138797617316204963e-01 9.923324408233188398e-01
-6.203228389062932779e-02 2.469048098270554270e-02 9.977686985990890101e-01
-1.118474830169573359e-01 -1.498113281126443180e-02 9.936124527211036561e-01
-1.669275860574278014e-01 -3.062961459221382604e-02 9.854932814194994339e-01
-2.171292213780543767e-01 -1.440884323158226656e-02 9.760365190198599938e-01
-2.478457879560771182e-01 3.509724607023160386e-02 9.681635444028628967e-01
-2.430863036027617052e-01 1.071692273458910577e-01 9.640662869900931131e-01
-1.968860156946438678e-01 1.770162137943098180e-01 9.643138269659917716e-01
-1.252930496845362507e-01 2.167784523168714839e-01 9.681470726660378334e-01
-5.862492657551230529e-02 2.168462991410226026e-01 9.744438416516422174e-01
-1.791030299757339142e-02 1.854493306646251283e-01 9.824905937476476891e-01
-8.162579314686675691e-03 1.354653681775212781e-01 9.907484576437765034e-01
-2.513144547863787465e-02 7.834528909290677801e-02 9.966094651994215070e-01
-1.762917160082079493e-02 -1.958009840619181607e-03 9.998426768777746165e-01
-4.917277306993310393e-02 -3.947156672459527921e-02 9.980100369279516492e-01
-7.350263524031680484e-02 -6.140855479324251048e-02 9.954026079988600451e-01
-8.436414012261166107e-02 -6.104596345183255918e-02 9.945632620440070237e-01
-7.711884966590996926e-02 -3.657751269631461660e-02 9.963507256940969947e-01
-5.139060859565881129e-02 6.705882468323570711e-03 9.986561152311123069e-01
-1.371305517388154288e-02 5.584147322799505597e-02 9.983454722617304267e-01
2.343394703532567305e-02 9.477165117817365481e-02 9.952231831399813711e-01
4.754210780812686415e-02 1.127823916208186977e-01 9.924816774759462890e-01
5.264631973466237652e-02 1.072228172422381165e-01 9.928401847634201749e-01
3.986298340106224358e-02 8.125560805885574667e-02 9.958958121778417327e-01
1.430869663758045640e-02 4.172624425399069914e-02 9.990266171333841427e-01
3.856889309959217471e-02 -2.802839602838444813e-02 9.988627781137754402e-01
3.927610265925145921e-02 -8.762188652734401173e-02 9.953792205793980941e-01
5.857470968830598423e-02 -1.316036489340513538e-01 9.895703527148499434e-01
9.624558134483530980e-02 -1.479694413344259663e-01 9.842976341039993970e-01
1.449217165284548969e-01 -1.282050083193131684e-01 9.811020191194383955e-01
1.879351090044230899e-01 -7.320870171351660793e-02 9.794492742336921021e-01
2.069199836750782451e-01 1.077311709219540801e-03 9.783572761294311304e-01
1.953945734294922632e-01 6.892151680287568472e-02 9.782999464355919272e-01
1.617254541770111465e-01 1.091823337899315710e-01 9.807772914680431553e-01
1.201789789123034330e-01 1.136509721039836024e-01 9.862253644920353501e-01
8.208061384111166314e-02 8.546415552028575890e-02 9.929545059833898568e-01
5.378040969800265692e-02 3.410373407694656384e-02 9.979702414674922473e-01
8.395608121690785464e-02 -5.022473056241163331e-02 9.952029204471972701e-01
9.696158781308553132e-02 -1.376357819481795197e-01 9.857255409170760929e-01
1.488060068927339608e-01 -2.117563658448948227e-01 9.659275406762228844e-01
2.394317328738377049e-01 -2.524205591716416897e-01 9.375266964734694231e-01
3.522336254139817324e-01 -2.360433330756394055e-01 9.056572298824022704e-01
4.459400356426589940e-01 -1.529083216248630639e-01 8.819050571285326212e-01
4.753724095244152847e-01 -2.963039503134020855e-02 8.792855690577441319e-01
4.300679528603220669e-01 8.191824426967489470e-02 8.990722758367728495e-01
3.385075029438940897e-01 1.436299839185365135e-01 9.299371474299786833e-01
2.394008161642616761e-01 1.478366738258651558e-01 9.595996910649857714e-01
1.582488906341081580e-01 1.064222324765302791e-01 9.816473893653467897e-01
1.053970090472645810e-01 3.555302774672346872e-02 9.937944720624887207e-01
1.058087181315408021e-01 -7.540748677946405854e-02 9.915231848550016824e-01
1.246038686637167964e-01 -2.084184795331096018e-01 9.700699012458567916e-01
2.026234735831930478e-01 -3.323155297283049148e-01 9.211460886604592169e-01
3.473500033633495354e-01 -4.141928909267680869e-01 8.413038834269144228e-01
5.394535411634190369e-01 -3.995469231109341490e-01 7.411829282699498034e-01
7.050335328910029009e-01 -2.521731084373309284e-01 6.628245928451106384e-01
7.525462487204626072e-01 -2.458919935392084657e-02 6.580801735441267342e-01
6.645257899356626918e-01 1.663183538135001027e-01 7.285215711941144257e-01
5.031576661550091201e-01 2.518060480722533745e-01 8.266958794766446905e-01
3.405304186969020375e-01 2.380039103757590202e-01 9.096115503818117398e-01
2.151677554242048540e-01 1.613948063822509826e-01 9.631482510488997839e-01
1.369549426819233195e-01 5.142348437551898938e-02 9.892416130196148849e-01
9.639401837299772791e-02 -9.855029791746196255e-02 9.904524380313696197e-01
1.093036740640328797e-01 -2.888030329878135127e-01 9.511285480801888736e-01
1.935275396688374283e-01 -4.790718392369859302e-01 8.561759540186804074e-01
3.726813606788605404e-01 -6.238520401104575841e-01 6.869623246238327763e-01
6.415917023499173588e-01 -6.184102078402351488e-01 4.537938984988371116e-01
8.955666201958122352e-01 -3.623871106093100036e-01 2.581395181975240094e-01
9.668662858428349605e-01 5.034995224137855246e-02 2.502687907226037733e-01
8.285249507969568716e-01 3.568973734380833651e-01 4.314749943390623343e-01
6.006397391551125953e-01 4.491421201258372076e-01 6.614402918454238556e-01
3.892516439477891055e-01 3.845294012739505218e-01 8.370306429515038671e-01
2.345653091356562914e-01 2.467094696142612398e-01 9.402731269970037165e-01
1.388613120685940339e-01 8.092785571869516581e-02 9.869996039408444055e-01
5.497166505693502209e-02 -1.122964719972410069e-01 9.921530216745048092e-01
4.542259025633863662e-02 -3.552587806708418228e-01 9.336637441020676498e-01
9.655422372014371701e-02 -6.106413677639239701e-01 7.859989833690309569e-01
2.453890934614980646e-01 -8.289007272473709609e-01 5.027004845620737239e-01
5.184407297225545053e-01 -8.521548694716841732e-01 7.107241518645462941e-02
8.220823637763751135e-01 -4.621822851584703740e-01 -3.325178528342656592e-01
9.109983498005682634e-01 2.249179149495467156e-01 -3.456789524911724198e-01
7.560642768212046949e-01 6.535428907448378455e-01 3.533410918247775756e-02
5.340464439658423323e-01 7.070897286940091009e-01 4.634851791188813741e-01
3.408346685482724903e-01 5.562396607648538716e-01 7.579110558025962119e-01
1.997124956055419398e-01 3.419226301309095106e-01 9.182613103596286575e-01
1.068837328544619408e-01 1.171800504436910639e-01 9.873422422995340453e-01
-8.625033592457399811e-03 -1.093926636125010232e-01 9.939611933789359588e-01
-5.392175939317984945e-02 -3.771417307491850557e-01 9.245845330695695585e-01
-7.827783019630385475e-02 -6.628718123734893553e-01 7.446298017541868042e-01
-5.443190385380773655e-02 -9.216989633823517991e-01 3.840679480804915502e-01
5.594739308588402710e-02 -9.769374980131156905e-01 -2.060655579732374731e-01
2.356899146603518014e-01 -5.112935074803103275e-01 -8.264558145091009944e-01
3.192075690446468661e-01 4.347268797212792690e-01 -8.420920780487305413e-01
3.030068140235815388e-01 9.197509098430520780e-01 -2.494897482826384794e-01
2.535747444761390912e-01 9.067365722998705913e-01 3.369401095414165104e-01
1.839405641270564773e-01 6.789655362197810629e-01 7.107542961490888045e-01
1.117383788429920088e-01 4.088592843786915676e-01 9.057309867012769411e-01
4.706171572077208487e-02 1.469802993478899478e-01 9.880192237588546478e-01
-7.440830958994024136e-02 -8.839391477728754387e-02 9.933025316057095822e-01
-1.532640800669960168e-01 -3.380516567890863300e-01 9.285640522351642501e-01
-2.612100647842867662e-01 -5.944699228504896071e-01 7.605095744837977456e-01
-3.972754509051499849e-01 -8.125314148017852567e-01 4.265734591700557354e-01
-5.446306559215021714e-01 -8.314352395153505881e-01 -1.099676821733349130e-01
-6.486447592190425215e-01 -3.833973958250624370e-01 -6.574697051668693115e-01
-5.646474445649364293e-01 4.774768924817633375e-01 -6.731931970038411706e-01
-3.102508403018769401e-01 9.388391481614946077e-01 -1.494171006658732981e-01
-1.092626063624917293e-01 9.167343540941939040e-01 3.842652819008509635e-01
-1.625389931966426255e-02 6.850679559004085872e-01 7.282978144655588570e-01
1.783124506847943687e-03 4.153178639374589531e-01 9.096746079568749366e-01
-2.221230628012262412e-02 1.579634099073919939e-01 9.871951046172168232e-01
-1.207133724104341999e-01 -5.713997680078214403e-02 9.910415252513710138e-01
-2.131395346921346745e-01 -2.547235291251481182e-01 9.432324540967073068e-01
-3.621515715953782522e-01 -4.380596493805295477e-01 8.227697021497566432e-01
-5.728457068590220302e-01 -5.614951017444089754e-01 5.971357022069571086e-01
-8.177564583072856053e-01 -5.102109771968188490e-01 2.663815565023168186e-01
-9.874647598682233518e-01 -1.543817830931328572e-01 -3.285746593047354780e-02
-9.141331644412448165e-01 4.026469175076944351e-01 -4.728654660868879950e-02
-6.260250716909595559e-01 7.434716007853801045e-01 2.352500551327106615e-01
-3.403454442307988215e-01 7.516906974697167287e-01 5.649124480207730059e-01
-1.634587128732916395e-01 5.806402641335924875e-01 7.975826808881134600e-01
-8.636177419899267182e-02 3.626159222892534340e-01 9.279285192618750289e-01
-7.780342481198805615e-02 1.475309308042515311e-01 9.859925210383332361e-01
-1.352575148877918076e-01 -2.812382787379322582e-02 9.904112554752637632e-01
-2.181588290869340696e-01 -1.653627157756612509e-01 9.618013815350349160e-01
-3.553795786275401603e-01 -2.748604168832477490e-01 8.933963881308715216e-01
-5.432570135876541029e-01 -3.212423780156412612e-01 7.756772213715492637e-01
-7.450854125096203484e-01 -2.452150679071178896e-01 6.202558331339670383e-01
-8.701896306329409692e-01 -1.077466695736503145e-02 4.925991405706186543e-01
-8.213834211954638143e-01 3.017322373804092739e-01 4.840319538115542275e-01
-6.163005080766851274e-01 5.079065376655006459e-01 6.018343897959664845e-01
-3.833643250397718028e-01 5.304358842488121617e-01 7.560883327944870613e-01
-2.147766641789467801e-01 4.289477757473764141e-01 8.774250909368567219e-01
-1.263517497408375712e-01 2.797699331570618897e-01 9.517163547185186756e-01
-1.037846989971815126e-01 1.226373909325679940e-01 9.870100336872471569e-01
-1.176713159891073640e-01 -1.003726720736688484e-02 9.930018704213692260e-01
-1.784134468940462848e-01 -9.895259719481339089e-02 9.789673260511776443e-01
-2.765772790001521653e-01 -1.588440993007598501e-01 9.477729479459658934e-01
-4.035006205109910038e-01 -1.681340378677780023e-01 8.993987961730455227e-01
-5.297219243005226730e-01 -1.036433004190388807e-01 8.418151514397752555e-01
-6.015474879732166658e-01 3.587610649686880093e-02 7.980310299078434699e-01
-5.720447930511473045e-01 2.026704901086934796e-01 7.947889198914167563e-01
-4.510067163935268519e-01 3.175134686510601711e-01 8.341331662229567456e-01
-3.029567467812263604e-01 3.402539911659194227e-01 8.901934795736237138e-01
-1.848554395402659811e-01 2.885608653558038861e-01 9.394472276064401717e-01
-1.166153161796900095e-01 1.976161685102467702e-01 9.733184052382979345e-01
-9.610962336573378173e-02 9.291266585848131920e-02 9.910248114046643630e-01
-7.519310907981500980e-02 -5.206736435890915379e-03 9.971553972388649267e-01
-1.119236624043528916e-01 -6.510071160889255304e-02 9.915820647541491173e-01
-1.668380953721056437e-01 -1.008322271151676774e-01 9.808149223516522408e-01
-2.326826637749797311e-01 -1.000551472535408104e-01 9.673922397283463148e-01
-2.930354913105828185e-01 -5.558550649717087372e-02 9.544843908099281959e-01
-3.231665923699413301e-01 2.595688080296781192e-02 9.459860431924748125e-01
-3.043589108437977364e-01 1.183160771630958619e-01 9.451809135158824038e-01
-2.426660200569943637e-01 1.859716486072762742e-01 9.521175077814534315e-01
-1.670146129528366774e-01 2.080281800575807249e-01 9.637584735617876763e-01
-1.050169062410185039e-01 1.863005364454500823e-01 9.768641458891320628e-01
-6.903086231938600215e-02 1.339863993406231746e-01 9.885759378212309878e-01
-5.996946184243613642e-02 6.559494000193663577e-02 9.960426534504044360e-01
-1.883784166745093927e-02 -1.209888413220674107e-02 9.997493449480482353e-01
-3.476882085912066933e-02 -6.250467200725824679e-02 9.974388678376753248e-01
-5.060736303302669492e-02 -9.394311890435427803e-02 9.942904933757488184e-01
-6.313969857938783736e-02 -9.709574206814955422e-02 9.932702529198840224e-01
-6.853213390531104343e-02 -6.839943700468421872e-02 9.953013933677639091e-01
-6.349003981787700035e-02 -1.348768704605521514e-02 9.978913253165601072e-01
-4.794975136629139184e-02 5.144979030559315020e-02 9.975238044384727720e-01
-2.698224616268543943e-02 1.052433353207373190e-01 9.940803784214793382e-01
-8.625427480076001269e-03 1.322979140669326981e-01 9.911724693181783730e-01
1.399162071865363505e-03 1.278057368702738283e-01 9.917982334973819425e-01
1.808896322314135609e-03 9.567474371599472838e-02 9.954110062225365319e-01
-5.748668024731018629e-03 4.501139156446665179e-02 9.989699332039019275e-01
4.745403347071937283e-02 -1.316604058073013624e-02 9.987866489309753515e-01
7.334071494995959839e-02 -7.120286072713298553e-02 9.947619273750132329e-01
1.119128953874917037e-01 -1.086142802389598871e-01 9.877643656126493532e-01
1.578186695139276452e-01 -1.137214723397058092e-01 9.808979020681735106e-01
1.997804096650473149e-01 -8.025587573626857818e-02 9.765484024480522995e-01
2.212176298191576573e-01 -1.374586697334989442e-02 9.751275872409396195e-01
2.098222159975852152e-01 6.520772568109428624e-02 9.755627043841713641e-01
1.689753748874700257e-01 1.291346113644195048e-01 9.771241348105934588e-01
1.164849073058514539e-01 1.588057722598945620e-01 9.804141946477814562e-01
7.140446711298067961e-02 1.503680737218175412e-01 9.860480944059006880e-01
4.417017233703959822e-02 1.109371507192677547e-01 9.928453779244932331e-01
3.687167260159424781e-02 5.208215355060296509e-02 9.979618875694187263e-01
9.858400381353746300e-02 -1.645092188124985463e-02 9.949927443762419665e-01
1.466076739141908836e-01 -1.002820051076807745e-01 9.840984246512423095e-01
2.292503154282429512e-01 -1.600180566190218256e-01 9.601242182300749883e-01
3.385039953489253350e-01 -1.752699435520363169e-01 9.244974267244411292e-01
4.487340579266989593e-01 -1.268226308891836629e-01 8.846206902119047033e-01
5.157354419815368685e-01 -1.644520162346899128e-02 8.565900473550486227e-01
5.030317747227391889e-01 1.178254297949289930e-01 8.561986928937620478e-01
4.143347604042221244e-01 2.202805267290723068e-01 8.830646612025269127e-01
2.923342126451530798e-01 2.568067818618318676e-01 9.211899830691214763e-01
1.841096732909952849e-01 2.304598021905254479e-01 9.555061003337351755e-01
1.141906917414177436e-01 1.631997972508946460e-01 9.799624034098917136e-01
8.684218365552609509e-02 7.580726103407267602e-02 9.933336268910273326e-01
1.278929096909888763e-01 -3.301481188673360129e-02 9.912383294883589935e-01
1.967846866901609426e-01 -1.645197078418978442e-01 9.665449047074193833e-01
3.222641416203758657e-01 -2.709635768802218236e-01 9.070416545175646883e-01
4.987232387169617254e-01 -3.152063500060297008e-01 8.074156848114547591e-01
6.868359508260986068e-01 -2.466192349919955895e-01 6.836924232319593342e-01
8.057494343089486311e-01 -5.186819345396082026e-02 5.899809654714607277e-01
7.864872459323702936e-01 1.950932521772445194e-01 5.859833060255602577e-01
6.367951016595949643e-01 3.749020514720241559e-01 6.737510299097244637e-01
4.352794755109221092e-01 4.226845032021834814e-01 7.949022511929665358e-01
2.630837043420178878e-01 3.606654786149437464e-01 8.948225394150235434e-01
1.554680212318654831e-01 2.428521910829220531e-01 9.575241551315821775e-01
1.131103380526680829e-01 1.060927695319033859e-01 9.879020071234955180e-01
1.259974151468543357e-01 -6.141033815936632057e-02 9.901279825070316010e-01
2.061986616126005034e-01 -2.574043251932306431e-01 9.440472050278923000e-01
3.557279620944359122e-01 -4.347401986292163678e-01 8.273201174152111648e-01
5.775111187167037974e-01 -5.340732786764265105e-01 6.174517315243500670e-01
8.264613095199654369e-01 -4.489261786729670800e-01 3.397454782166535736e-01
9.845293342206502540e-01 -1.269362099980078651e-01 1.207857137677623982e-01
9.475875261048681830e-01 2.995466941312894815e-01 1.111290169375675485e-01
7.389434395562244351e-01 5.943753827273784429e-01 3.173019028377584427e-01
4.790863021064972749e-01 6.484808822229281011e-01 5.915647559864176674e-01
2.719435743491310786e-01 5.278886393966384372e-01 8.045994511346713507e-01
1.505652103949117471e-01 3.388182202363465567e-01 9.287261873418906077e-01
1.064915618031238437e-01 1.377326929367698183e-01 9.847280094325979727e-01
8.958755478137214734e-02 -9.436666882814467860e-02 9.914983619969204298e-01
1.605493907204529891e-01 -3.543647897087199850e-01 9.212217371263060617e-01
2.882035737179015067e-01 -6.094631410219468748e-01 7.385752364057747155e-01
4.823826769636305190e-01 -7.822302487588744802e-01 3.942369730149810625e-01
7.083475351406541831e-01 -7.006625312142231721e-01 -8.553237289263622423e-02
8.433505849606165450e-01 -2.426488747103524579e-01 -4.794593981229465229e-01
7.734354595543847521e-01 3.986749549021978978e-01 -4.928040891039947025e-01
5.607171439668875434e-01 8.197290267552813647e-01 -1.167930098785876780e-01
3.360659359075556241e-01 8.714549033256115962e-01 3.572478666029033079e-01
1.743786739858687596e-01 6.851159045112480417e-01 7.072540388323360627e-01
8.846728664430443534e-02 4.240815737794448870e-01 9.012926039719575400e-01
6.477914320885039268e-02 1.615610406025214107e-01 9.847343259806482507e-01
2.625846203243128313e-02 -1.195131330954350840e-01 9.924853168633470668e-01
6.510262358195109678e-02 -4.156443131900088295e-01 9.071942753983494034e-01
1.172984441847643305e-01 -7.191429382749342514e-01 6.848901439801570179e-01
1.863714231900555907e-01 -9.483179000341643849e-01 2.568245570285398460e-01
2.557734440970099721e-01 -8.972397063184642807e-01 -3.599178443760318036e-01
2.616409618660529568e-01 -3.789425771506134688e-01 -8.876635231303613427e-01
1.597455544928459981e-01 4.069501408238750950e-01 -8.993736379854954111e-01
5.912496862987461771e-02 9.171702283000042755e-01 -3.940850294094814243e-01
3.669696035799809367e-03 9.767286584265083560e-01 2.144473388488480903e-01
-1.894744982193095201e-02 7.588958791544936355e-01 6.509362785615332436e-01
-1.916400226413532415e-02 4.611028929966525247e-01 8.871397088888260951e-01
-2.454885189782030769e-03 1.666919030121579715e-01 9.860059751385334970e-01
-4.435796786720443835e-02 -1.263736292255080440e-01 9.909904522865281562e-01
-4.652577115053077583e-02 -4.118376230624541390e-01 9.100687473202607736e-01
-8.863331488512117551e-02 -7.058680119795038843e-01 7.027762696310684287e-01
-1.815876720150314261e-01 -9.343245469299652495e-01 3.066978291026077885e-01
-3.263211235135068389e-01 -9.083415108467105537e-01 -2.615917124482328715e-01
-4.924236930314869753e-01 -4.484612463836427088e-01 -7.459231978114436723e-01
-5.857316184910218437e-01 2.882177754513438050e-01 -7.575282074046889580e-01
-5.155727870964837978e-01 8.036337200402583480e-01 -2.972499709332888651e-01
-3.644042305908163359e-01 8.925132191896807399e-01 2.657625073240740265e-01
-2.277014182485871119e-01 7.037271504084672280e-01 6.729934337759484464e-01
-1.329719813147070551e-01 4.275926795172442230e-01 8.941381060040283213e-01
-7.380932680109539290e-02 1.482586350966773048e-01 9.861904280596398564e-01
-9.878065109332566374e-02 -1.138722912046662289e-01 9.885724476563861884e-01
-1.302862760839281209e-01 -3.480325563815480083e-01 9.283850634099632959e-01
-2.338145761838622549e-01 -5.809380657223700561e-01 7.796420382192794651e-01
-4.238261498256979953e-01 -7.515993351082269625e-01 5.054402379993359062e-01
-6.802958286604505744e-01 -7.219089266888747414e-01 1.266692033372647519e-01
-9.076377148918325366e-01 -3.779102207894750598e-01 -1.826954940024242968e-01
-9.684019628195744689e-01 1.589191783246942935e-01 -1.922038843721409485e-01
-8.196695270416139989e-01 5.642167323171073390e-01 9.900174449346547945e-02
-5.738707511176892595e-01 6.675394818948543474e-01 4.744084749698090353e-01
-3.556365385898740406e-01 5.465119225790764368e-01 7.581868970766626470e-01
-2.081696770665728558e-01 3.381137171819812437e-01 9.177932772707130260e-01
-1.255472283816632673e-01 1.132391984078743169e-01 9.856037628731104672e-01
-1.215790950015732119e-01 -8.958750864188712304e-02 9.885305265665289554e-01
-1.609572570043326101e-01 -2.571427342817109163e-01 9.528747953555221084e-01
-2.724473604913333347e-01 -4.124128418787963435e-01 8.693032173038113264e-01
-4.621904557351334542e-01 -5.115385239373583248e-01 7.243675318202257296e-01
-6.984772470520480558e-01 -4.755471364205100526e-01 5.347751456386783397e-01
-8.869109696965766787e-01 -2.548852587113781820e-01 3.852563260006199863e-01
-9.229932668606526391e-01 7.200602102746241073e-02 3.780192617654352660e-01
-7.892293531263991913e-01 3.327689866195329138e-01 5.161219136094472582e-01
-5.708168810170068941e-01 4.223285421756828861e-01 7.041354207890865302e-01
-3.675345988774468831e-01 3.648804231921989882e-01 8.554417545333592443e-01
-2.241595608410624219e-01 2.334334547153084638e-01 9.461824948196909668e-01
-1.436238918030204037e-01 7.601598569779940973e-02 9.867085423881346573e-01
-1.098884073047223797e-01 -6.255995139600106780e-02 9.919731802933554610e-01
-1.404067179968226109e-01 -1.719884599946964743e-01 9.750414981784076840e-01
-2.239586338129792020e-01 -2.640773260471558359e-01 9.381394865415231266e-01
-3.592812844409654649e-01 -3.118534783566448421e-01 8.795819272173112102e-01
-5.190294284845571315e-01 -2.793015110825481373e-01 8.078360714117500674e-01
-6.410981257038339542e-01 -1.518220589877841420e-01 7.522920015683564054e-01
-6.638585414629383230e-01 2.763670473317118848e-02 7.473473419222302905e-01
-5.788188231818626184e-01 1.775117463086798575e-01 7.959009673651655792e-01
-4.354688845322030044e-01 2.423582980809919074e-01 8.669655736853626449e-01
-2.944158297932037982e-01 2.229605061248322861e-01 9.293050800871285322e-01
-1.888834809263589265e-01 1.493494767557273506e-01 9.705759962135593888e-01
-1.270590943698745867e-01 4.859522207553040180e-02 9.907040380100139432e-01
-7.006973423568459147e-02 -3.874690456875950345e-02 9.967893005698089670e-01
-8.398182790598442138e-02 -1.096087482800571361e-01 9.904206050371033854e-01
-1.276604237623173987e-01 -1.625250580669722056e-01 9.784111721076925727e-01
-1.988129400512264056e-01 -1.822454352004012901e-01 9.629434127801922427e-01
-2.820295228695618439e-01 -1.553695763770797933e-01 9.467415924984118325e-01
-3.465816934456305010e-01 -8.135576439275986338e-02 9.344850824750871032e-01
-3.625926065338322402e-01 1.701820448184670001e-02 9.317923494015127872e-01
-3.246683279266435185e-01 1.022360876348885617e-01 9.402862645101395245e-01
-2.545659412513860964e-01 1.460383104532644305e-01 9.559649540829081582e-01
-1.807606945345063276e-01 1.424418500960340228e-01 9.731576905376605469e-01
-1.213570425531329544e-01 1.010398088875348738e-01 9.874529990043595662e-01
-8.346341616569609434e-02 3.598616096013965149e-02 9.958608609546498736e-01
-1.324121497959153231e-02 -2.144382508277073093e-02 9.996823658501229337e-01
-8.001919886529294118e-03 -7.530121106198699177e-02 9.971287263391472866e-01
-1.084654144339846846e-02 -1.108391094304067848e-01 9.937791728343809972e-01
-2.272871352474415893e-02 -1.178889834772893774e-01 9.927666357992634971e-01
-4.145988294535895430e-02 -9.160507525749421454e-02 9.949319515892598442e-01
-6.091004841120644525e-02 -3.647866895975226259e-02 9.974764522100066921e-01
-7.354587770408879677e-02 3.147196288220883986e-02 9.967951240977692695e-01
-7.529637684909792905e-02 9.005235267243152930e-02 9.930866172753985976e-01
-6.750713448298106822e-02 1.218050418646622196e-01 9.902556834324288682e-01
-5.417586812179008005e-02 1.204142069226194489e-01 9.912443664830816736e-01
-3.892338042103576229e-02 8.934204988157527783e-02 9.952401562334461937e-01
-2.440745062336759086e-02 3.793200376151990849e-02 9.989822017657202791e-01
4.679382852905826506e-02 7.386793930305455939e-03 9.988772561666651173e-01
9.424981345345136152e-02 -3.317893821920124553e-02 9.949955430667397627e-01
1.453454264792033435e-01 -5.201030474410906629e-02 9.880129731952035366e-01
1.904777219704262559e-01 -4.101126249725768613e-02 9.808344986700596735e-01
2.165830966904432053e-01 1.672625739168071219e-03 9.762627538481269962e-01
2.102521230290796128e-01 6.629839820651030335e-02 9.753966204355254410e-01
1.677287305181365817e-01 1.311919334332977416e-01 9.770648645616299977e-01
1.029368915991309003e-01 1.729279922741800424e-01 9.795406606343332045e-01
4.112847435948164404e-02 1.801420260914789184e-01 9.827803920676072558e-01
2.407981580553766095e-03 1.564888966251955227e-01 9.876767825851450189e-01
-6.662607136020301871e-03 1.125700973558634160e-01 9.936214484639049882e-01
1.058867050256946662e-02 5.943090508182451159e-02 9.981762607767128426e-01
9.182640705795971914e-02 2.542394052713054312e-02 9.954504177581587898e-01
1.689603616583941481e-01 -3.144364893330991312e-02 9.851211565741609943e-01
2.689872073921125706e-01 -5.655950005409918907e-02 9.614816197999109804e-01
3.773258687608472828e-01 -3.488185343937428434e-02 9.254233869232589837e-01
4.638174882871338722e-01 4.318628390225511676e-02 8.848775522306537855e-01
4.880294095063620885e-01 1.637569314979355484e-01 8.573278036102774946e-01
4.273637125435854056e-01 2.819209568506176322e-01 8.589999017982525853e-01
3.031760885823800433e-01 3.459598985094646251e-01 8.879166672245706327e-01
1.706628880418842309e-01 3.364132810558894682e-01 9.261210952000065166e-01
7.672508546701474474e-02 2.736369891547787980e-01 9.587679904055924629e-01
3.657060575633068467e-02 1.885241087744276012e-01 9.813874113750629125e-01
4.498911098366654981e-02 1.019107268614653783e-01 9.937757209971959105e-01
1.232261084002387458e-01 2.225555748931972583e-02 9.921290321169932147e-01
2.367666050175632197e-01 -7.256680295894406274e-02 9.688527410586161848e-01
3.937969281185311199e-01 -1.291699047905414954e-01 9.100764336586191217e-01
5.768972742464115733e-01 -1.161059562950937235e-01 8.085226910111211751e-01
7.330086981445694816e-01 2.781067599966552482e-03 6.802135797728688926e-01
7.825604185574763783e-01 2.189234022436651328e-01 5.828136368147339708e-01
6.818396488077355100e-01 4.456736581003666875e-01 5.800600691214853333e-01
4.718658671564637253e-01 5.687569782094960003e-01 6.736899161711547013e-01
2.540172990166991163e-01 5.447950743531601026e-01 7.991705317144546239e-01
1.069080560804673424e-01 4.253391470363518390e-01 8.986975450859422399e-01
4.638294793811043037e-02 2.789817829925050341e-01 9.591755766797249727e-01
5.718660651894056507e-02 1.411433910713016660e-01 9.883360942471424160e-01
1.320998145888295783e-01 -5.111993515534914677e-03 9.912232374737163232e-01
2.786765043022164101e-01 -1.581861140148096423e-01 9.472679448196071883e-01
4.830041991183686156e-01 -2.781825857048076389e-01 8.302538121831547491e-01
7.277753548127133820e-01 -3.090576034368450187e-01 6.122307005411261605e-01
9.340668739578602553e-01 -1.601289687634914749e-01 3.191830013289095325e-01
9.785298657124521515e-01 1.860186711249722513e-01 8.874883605816470677e-02
8.100906488910785130e-01 5.809971225348969925e-01 7.871139806561947005e-02
5.108641226023631354e-01 8.065346329506115630e-01 2.975226614712971340e-01
2.307091719509261063e-01 7.754636979167642830e-01 5.877323635729205797e-01
6.395265999113002031e-02 5.874033312310108501e-01 8.067635240507554650e-01
1.109362707680762623e-02 3.674456598191827572e-01 9.299788269193671741e-01
4.106650899387827292e-02 1.684004507160703212e-01 9.848628483386070442e-01
1.124989444376291170e-01 -5.148937331498642384e-02 9.923169009626157111e-01
2.713422272046781547e-01 -2.698864705205814007e-01 9.238694110996175102e-01
4.785189815988027395e-01 -4.759137238742618958e-01 7.379198545084316718e-01
7.139804003903704732e-01 -5.907778024987354604e-01 3.757839484772481087e-01
8.833407959424319777e-01 -4.512548953877905111e-01 -1.267992808036568220e-01
8.522460342620228335e-01 1.177952431703260805e-02 -5.230085466715514997e-01
6.041346284817110668e-01 5.894806092841949896e-01 -5.362219334820156336e-01
2.787365226004937524e-01 9.474799081794387234e-01 -1.568048933066186201e-01
3.357332697530763382e-02 9.395648336281381408e-01 3.407209343805013835e-01
-7.278864771528850697e-02 7.042233686969202600e-01 7.062373961671443157e-01
-7.116327296017127546e-02 4.251403653513617931e-01 9.023255833292991301e-01
-2.473342433023962943e-03 1.739982478526861942e-01 9.847428559382184199e-01
6.652930977886202524e-02 -1.016722267896132958e-01 9.925908569194067388e-01
2.055640316388079591e-01 -3.653092122291350385e-01 9.079056164364923687e-01
3.521574151554175969e-01 -6.429418672279593183e-01 6.801550634351791746e-01
4.761842142000482503e-01 -8.486370804498682974e-01 2.303555943150153718e-01
4.942795869786444363e-01 -7.703651698980237272e-01 -4.027718894166336105e-01
3.269147105244388229e-01 -2.796886288753684946e-01 -9.027186953423365079e-01
3.041097693247121411e-02 4.025302263536440495e-01 -9.149014096358764059e-01
-2.159089165068585614e-01 8.736818506966790299e-01 -4.359625712558322097e-01
-3.087984828906886192e-01 9.318813213953685004e-01 1.903699025550871782e-01
-2.741285056391172259e-01 7.102577160467457018e-01 6.483729938794187131e-01
-1.793451576348714660e-01 4.210072800820571226e-01 8.891502598272322810e-01
-6.198676106446027873e-02 1.514732636587707015e-01 9.865158345659149619e-01
8.030226492692641577e-03 -1.372280813642398900e-01 9.905069253405448526e-01
1.041363590570422715e-01 -4.030959646871057345e-01 9.092135403607390920e-01
1.563252285559529609e-01 -6.992425646310376219e-01 6.975831554195497386e-01
1.246636968848236354e-01 -9.508241310994285378e-01 2.835355963507525945e-01
-4.319896034590273159e-02 -9.523225156182373308e-01 -3.020193306257462074e-01
-3.351154257593318420e-01 -5.452707055488074106e-01 -7.683602729764523742e-01
-6.176034999543006387e-01 9.937030378850507384e-02 -7.801868106865176289e-01
-7.251393689566197898e-01 6.004544021282203214e-01 -3.370866454696471726e-01
-6.346301476405314945e-01 7.331231605763212089e-01 2.444892781541385396e-01
-4.525326780892889866e-01 5.855949295243396691e-01 6.725271398068101147e-01
-2.711497659290450502e-01 3.467017603034758810e-01 8.979285572021161732e-01
-1.174350091605780161e-01 1.047913539644527992e-01 9.875362225041784958e-01
-4.284217344741743372e-02 -1.475756490407256483e-01 9.881224498939857881e-01
9.297742318256328742e-03 -3.736404377299988866e-01 9.275270213210913273e-01
-1.439127891360414239e-02 -6.289522577666294412e-01 7.773107155709922944e-01
-1.521121295731241718e-01 -8.565639338506301215e-01 4.931126922551029579e-01
-4.222804823816697084e-01 -9.013380246683689867e-01 9.627543552950866557e-02
-7.465308660287923725e-01 -6.277651792563976318e-01 -2.204598507201150359e-01
-9.630260899143654463e-01 -1.418510657298764632e-01 -2.290393531590589893e-01
-9.585267772405361431e-01 2.762467597338443825e-01 7.010096325613311696e-02
-7.678175832481226593e-01 4.410614869098146706e-01 4.646729211175782970e-01
-5.213657509731218775e-01 3.852238894127972268e-01 7.614330625458272106e-01
-3.088104670294051224e-01 2.316043495228954918e-01 9.224941846619715280e-01
-1.501102458700881714e-01 5.032178745077436899e-02 9.873877818732604839e-01
-7.052946983937313785e-02 -1.337120735399383309e-01 9.885072965202741369e-01
-4.705581718762918975e-02 -2.994634720854090215e-01 9.529466821157384082e-01
-1.004471777352449885e-01 -4.823921162670343765e-01 8.701771145281164133e-01
-2.550580966810311878e-01 -6.420401130251359723e-01 7.230005951478208903e-01
-5.049724102104536927e-01 -6.849022350215409061e-01 5.252730655466206766e-01
-7.639448295446388260e-01 -5.299384921614217481e-01 3.681758980945003534e-01
-9.032299668578752661e-01 -2.316141255475876737e-01 3.612900826438091850e-01
-8.606455427652424106e-01 4.960857289244878510e-02 5.067822404286537186e-01
-6.829292857314032128e-01 1.951655124293176502e-01 7.039304038387330653e-01
-4.693262184039549423e-01 2.011690269948791521e-01 8.598045843658534970e-01
-2.862372673960031366e-01 1.243607747314003364e-01 9.500540113393023400e-01
-1.525048685714491536e-01 7.882772145374918396e-03 9.882712820705313872e-01
-6.982951347783272755e-02 -1.031886727219654271e-01 9.922076077461392529e-01
-5.712061074835125124e-02 -2.115419145168385973e-01 9.756983418199940417e-01
-1.026978135991592489e-01 -3.246962876636045880e-01 9.402262918358524901e-01
-2.171004884987599304e-01 -4.167042155294783945e-01 8.827372058849768388e-01
-3.866306843457138487e-01 -4.412664491790244115e-01 8.098151855524451381e-01
-5.516672238978487242e-01 -3.618183428166261706e-01 7.514990092330685600e-01
-6.352443024361746904e-01 -2.026553614496154065e-01 7.452486032849063857e-01
-6.052029848186873950e-01 -3.966398687306352949e-02 7.950824581839808225e-01
-4.917264546075978404e-01 6.290538408471334220e-02 8.684745284072660221e-01
-3.512704455449409124e-01 8.945493943212215471e-02 9.319908196424697699e-01
-2.245196608110891223e-01 5.780403225511085430e-02 9.727536254182302944e-01
-1.283480879757107340e-01 -1.075818447349461728e-02 9.916708273312376809e-01
-4.424521849510283655e-02 -6.444294858145062366e-02 9.969400518679270018e-01
-2.910638762736929286e-02 -1.311278540058357922e-01 9.909380929720695841e-01
-4.933585348211068367e-02 -1.934221542685795325e-01 9.798744020532988985e-01
-1.095211195668867182e-01 -2.365825110588659075e-01 9.654189970318033387e-01
-2.003477499264530171e-01 -2.419292439305394116e-01 9.493845480260297842e-01
-2.912654553075708641e-01 -1.976255416162176481e-01 9.360067199787326375e-01
-3.439783965482267614e-01 -1.153125918621075441e-01 9.318700922693886612e-01
-3.401913016921008226e-01 -2.784122296140477057e-02 9.399440113948339670e-01
-2.906548117195176251e-01 3.327697464871572780e-02 9.562491429447123048e-01
-2.196812033258957741e-01 5.449111870615713088e-02 9.740487086832132491e-01
-1.476064671684295670e-01 3.865262448242207105e-02 9.882905976840565820e-01
-8.641558539235091874e-02 -4.482845008639742626e-03 9.962490906906720234e-01
-2.010978645045735213e-03 -2.510469792799143937e-02 9.996828047470290857e-01
2.493591860298055227e-02 -6.918929988212478566e-02 9.972918533434591559e-01
3.702693338030894205e-02 -1.007663648322127681e-01 9.942208738117414013e-01
2.891504320618114646e-02 -1.113379191836069565e-01 9.933618615732495716e-01
2.741445086415872194e-04 -9.562301869976082280e-02 9.954175822937504359e-01
-4.122392490991096808e-02 -5.509392404897935774e-02 9.976298148852085212e-01
-8.147937235630667296e-02 -1.123082971245006369e-03 9.966743954597203636e-01
-1.072855843344776294e-01 4.832746128361320448e-02 9.930529995322163739e-01
-1.126536861643301218e-01 7.791848223157588071e-02 9.905745086162508484e-01
-9.894883926933117912e-02 8.117091668626584544e-02 9.917763908722074806e-01
-7.142711090608851177e-02 5.998763149878640760e-02 9.956403225536594181e-01
-3.666370843444899386e-02 2.141210301439055996e-02 9.990982405791291043e-01
