1.000000000000000000e+00 0.000000000000000000e+00 0.000000000000000000e+00
1.000000000000000000e+00 -1.205375149765096344e-12 -8.928996283161375788e-12
1.000000000000000000e+00 -8.221570235198290590e-13 -4.575955832116507274e-12
1.000000000000000000e+00 -3.107208301823006987e-12 -5.043135170752138261e-12
1.000000000000000000e+00 6.823186866250314452e-12 -1.871523321349126636e-11
1.000000000000000000e+00 6.052452159341419879e-12 -3.032456894358405850e-11
1.000000000000000000e+00 -1.330520948816151681e-12 -3.195999127361477716e-11
1.000000000000000000e+00 -1.002545106416672255e-11 -2.350258448359057072e-11
1.000000000000000000e+00 -5.055012464572281399e-12 -1.413749179302114382e-11
1.000000000000000000e+00 9.292561312195970017e-12 -1.118705016131033027e-11
1.000000000000000000e+00 4.437542276139462491e-12 -9.838935812852350753e-12
1.000000000000000000e+00 4.818721902263980185e-12 -6.598402997698667971e-12
1.000000000000000000e+00 1.753931786716226297e-11 -8.461206466389634702e-12
1.000000000000000000e+00 2.490118319909542686e-11 -8.201189095385362523e-12
1.000000000000000000e+00 3.759944810486531421e-11 -1.115728496018602881e-12
1.000000000000000000e+00 5.241208773800398906e-11 -5.962860453780198998e-12
1.000000000000000000e+00 4.966459338377954563e-11 -1.777863807075553793e-11
1.000000000000000000e+00 3.144885677734416716e-11 -1.830220468727284763e-11
1.000000000000000000e+00 2.651147267168432593e-11 -1.248213334644052769e-11
1.000000000000000000e+00 3.183479403506532656e-11 -3.982388493844230429e-12
1.000000000000000000e+00 4.210420156516434588e-11 -3.729257939565342990e-12
1.000000000000000000e+00 5.288349566523077574e-11 -1.387396709976024409e-12
1.000000000000000000e+00 6.715983014428539476e-11 5.455869212238264262e-14
1.000000000000000000e+00 8.836469141173012506e-11 4.218535581198106220e-13
1.000000000000000000e+00 8.912364413185111136e-11 -6.774787535030744143e-12
1.000000000000000000e+00 8.645216169338993512e-11 -1.438499352183261002e-11
1.000000000000000000e+00 9.622344547293370053e-11 -1.226817341044841131e-11
1.000000000000000000e+00 1.191959731054258828e-10 -1.386276605949379751e-11
1.000000000000000000e+00 1.516276720758104806e-10 -1.313604395628336258e-11
1.000000000000000000e+00 1.687162561116575667e-10 -1.241774829815925323e-11
1.000000000000000000e+00 1.886423846228158587e-10 -1.697628207680314309e-11
1.000000000000000000e+00 2.279582768090545719e-10 -9.868250748194612590e-12
1.000000000000000000e+00 2.549687861544042827e-10 -6.050338738073576169e-12
1.000000000000000000e+00 2.734453868226067000e-10 -1.864119665230336586e-11
1.000000000000000000e+00 3.029915020143993080e-10 -2.490294236881730866e-11
1.000000000000000000e+00 3.463342462783644383e-10 -2.590871286884719010e-11
1.000000000000000000e+00 3.941467767939483509e-10 -2.414188854063704229e-11
1.000000000000000000e+00 4.425044117642221550e-10 -2.754084234836792676e-11
1.000000000000000000e+00 4.821374402229532191e-10 -3.520918655562759826e-11
1.000000000000000000e+00 5.278738118972914248e-10 -4.489363408041551709e-11
1.000000000000000000e+00 5.862311745321019916e-10 -4.596965653199615655e-11
1.000000000000000000e+00 6.600161012174343539e-10 -4.854485967535992961e-11
1.000000000000000000e+00 7.311448214194006612e-10 -5.440375477292462427e-11
1.000000000000000000e+00 8.132259151784715518e-10 -5.932842136981521348e-11
1.000000000000000000e+00 9.038215267536805506e-10 -5.798655581382576863e-11
1.000000000000000000e+00 1.013510735401317856e-09 -6.080250601050450725e-11
1.000000000000000000e+00 1.135169016814391077e-09 -6.566351521300231891e-11
1.000000000000000000e+00 1.277180295019881596e-09 -7.136481181738464021e-11
1.000000000000000000e+00 1.431297964566782913e-09 -6.902497888409061511e-11
1.000000000000000000e+00 1.595166710087991761e-09 -7.699199694505870873e-11
1.000000000000000000e+00 1.781599097959811599e-09 -9.459249720283487749e-11
1.000000000000000000e+00 1.997925714037435962e-09 -1.113926737740177803e-10
1.000000000000000000e+00 2.226196697532715662e-09 -1.165090482203831585e-10
1.000000000000000000e+00 2.472461505785510505e-09 -1.311191726541123229e-10
1.000000000000000000e+00 2.748395053695461455e-09 -1.516734047347993807e-10
1.000000000000000000e+00 3.069276526686513841e-09 -1.673647606482071226e-10
1.000000000000000000e+00 3.424450284181684309e-09 -1.800165246979467724e-10
1.000000000000000000e+00 3.828130237299325536e-09 -1.830081109564155675e-10
1.000000000000000000e+00 4.262607840572902729e-09 -1.904674102172959074e-10
1.000000000000000000e+00 4.752728864068209780e-09 -2.080656817450714788e-10
1.000000000000000000e+00 5.289582508215135794e-09 -2.266102889481840481e-10
1.000000000000000000e+00 5.883842691877592882e-09 -2.612867960836369251e-10
1.000000000000000000e+00 6.547739548662232058e-09 -2.908000542258089970e-10
1.000000000000000000e+00 7.286137377832286496e-09 -3.210577580618573278e-10
1.000000000000000000e+00 8.110390478730124130e-09 -3.357948834667682930e-10
1.000000000000000000e+00 9.025497130763245075e-09 -3.467004342668639565e-10
1.000000000000000000e+00 1.004046256785638621e-08 -3.563483491638220986e-10
1.000000000000000000e+00 1.117202522168595802e-08 -3.761630254719041658e-10
1.000000000000000000e+00 1.241872921094294927e-08 -4.029216992215615887e-10
1.000000000000000000e+00 1.380336827946165086e-08 -4.445560301143825448e-10
1.000000000000000000e+00 1.534350419394536124e-08 -4.906061298630868759e-10
1.000000000000000000e+00 1.704655932919911218e-08 -5.188297220097934447e-10
1.000000000000000000e+00 1.893791695385906199e-08 -5.612517067432670587e-10
1.000000000000000000e+00 2.104141142111296629e-08 -6.044506258287089414e-10
1.000000000000000000e+00 2.338007917511915529e-08 -6.494224316519429484e-10
1.000000000000000000e+00 2.597102908921106583e-08 -7.124916343274309537e-10
1.000000000000000000e+00 2.884240832934099025e-08 -7.768085856756310249e-10
1.000000000000000000e+00 3.203735452377980127e-08 -8.405180207159677079e-10
1.000000000000000000e+00 3.557774388908121470e-08 -9.037921599214579027e-10
1.000000000000000000e+00 3.948873652191605849e-08 -9.713915865029834729e-10
1.000000000000000000e+00 4.382539733165966919e-08 -1.049773531244306282e-09
1.000000000000000000e+00 4.864186832005067518e-08 -1.123369506234939902e-09
1.000000000000000000e+00 5.398197769088578759e-08 -1.211598535220258367e-09
1.000000000000000000e+00 5.990958166902087419e-08 -1.305945559600763030e-09
1.000000000000000000e+00 6.646473632335137510e-08 -1.398814930667780521e-09
1.000000000000000000e+00 7.371338127661209401e-08 -1.485303926448460088e-09
1.000000000000000000e+00 8.174582917466638412e-08 -1.587806166041709592e-09
1.000000000000000000e+00 9.065398839532641823e-08 -1.712565605127767947e-09
1.000000000000000000e+00 1.005335376040329657e-07 -1.852316925116326535e-09
1.000000000000000000e+00 1.114691367051751324e-07 -1.995638706304989776e-09
1.000000000000000000e+00 1.235723234782327606e-07 -2.135083528504435368e-09
1.000000000000000000e+00 1.369856694947291245e-07 -2.280060109605105586e-09
1.000000000000000000e+00 1.518425097819875510e-07 -2.444153167595467374e-09
1.000000000000000000e+00 1.682945224384159410e-07 -2.621668264967792617e-09
1.000000000000000000e+00 1.865110836073515596e-07 -2.795139315843049944e-09
1.000000000000000000e+00 2.066696710269987597e-07 -2.982785698352260841e-09
1.000000000000000000e+00 2.289803858171675151e-07 -3.187704831026576090e-09
1.000000000000000000e+00 2.536801310386210805e-07 -3.409373969905414677e-09
1.000000000000000000e+00 2.810232893099201214e-07 -3.632448266435484922e-09
1.000000000000090594e+00 3.112956502759760774e-07 -3.866482639579704407e-09
1.000000000000090150e+00 3.448014315744775112e-07 -4.125500900203927059e-09
1.000000000000034861e+00 3.818919283488497711e-07 -4.424854513454823751e-09
1.000000000000090594e+00 4.229083841671746386e-07 -4.718698790007840057e-09
1.000000000000000000e+00 4.683096725767759853e-07 -5.019300879248343064e-09
1.000000000000029088e+00 5.185493206292998090e-07 -5.346788548112292213e-09
1.000000000000090150e+00 5.741343912923668288e-07 -5.703966799866207997e-09
1.000000000000024869e+00 6.356332383281831020e-07 -6.076456729544941099e-09
1.000000000000066613e+00 7.036690179369842280e-07 -6.470697187247988396e-09
1.000000000000012657e+00 7.789397893788595081e-07 -6.890630945915431879e-09
1.000000000000083267e+00 8.621998825977189372e-07 -7.338703456141928714e-09
1.000000000000006661e+00 9.543029004022447765e-07 -7.811126575368182884e-09
1.000000000000088818e+00 1.056185379139663401e-06 -8.312327157739250186e-09
1.000000000000016653e+00 1.168857726187959267e-06 -8.837564971026088025e-09
1.000000000000087486e+00 1.293476289475503806e-06 -9.391770271415994954e-09
1.000000000000014433e+00 1.431320462008428047e-06 -9.973281547143977569e-09
1.000000000000032641e+00 1.583774309243850052e-06 -1.059235440497751827e-08
1.000000000000084821e+00 1.752367293906733935e-06 -1.125557723678907535e-08
1.000000000000041078e+00 1.938807222334194007e-06 -1.195784033636514009e-08
1.000000000000081046e+00 2.144977518544345065e-06 -1.268914464434728191e-08
1.000000000000049738e+00 2.372968188144387556e-06 -1.345726499009713046e-08
1.000000000000077272e+00 2.625071865169870316e-06 -1.428141350797190527e-08
1.000000000000204725e+00 2.903825891373515325e-06 -1.514261800731565416e-08
1.000000000000108802e+00 3.212055599446516490e-06 -1.605832744540084593e-08
1.000000000000302869e+00 3.552856665752618139e-06 -1.703931695106370351e-08
1.000000000000306866e+00 3.929674813058517111e-06 -1.809206369693459398e-08
1.000000000000502709e+00 4.346294195207837759e-06 -1.918903654463339599e-08
1.000000000000608180e+00 4.806896014921414964e-06 -2.033857126376035545e-08
1.000000000000903499e+00 5.316132049916805082e-06 -2.155928041574875594e-08
1.000000000000928146e+00 5.879112427347943814e-06 -2.284824085467997485e-08
1.000000000001198153e+00 6.501490180212146056e-06 -2.419945969887733373e-08
1.000000000001400435e+00 7.189538401268064129e-06 -2.563392980458072827e-08
1.000000000001714406e+00 7.950161279561661156e-06 -2.716058302357842956e-08
1.000000000002191136e+00 8.791002783311778238e-06 -2.878192678784584060e-08
1.000000000002601475e+00 9.720513632915595017e-06 -3.049657567019783773e-08
9.999999999032715969e-01 1.074803374190868059e-05 -3.232093764251039523e-08
9.999999999038405862e-01 1.188386901689959314e-05 -3.425252252333267799e-08
9.999999999047964883e-01 1.313941870386326857e-05 -3.629406238920501572e-08
9.999999999058699629e-01 1.452726237546871268e-05 -3.847441254866624994e-08
9.999999999071392809e-01 1.606133573538861490e-05 -4.078863077410629240e-08
9.999999998087140129e-01 1.775702495666785233e-05 -4.324771955400597315e-08
9.999999998106156029e-01 1.963134528657069325e-05 -4.586631683433163200e-08
9.999999998130137957e-01 2.170308258080518244e-05 -4.864538262718325534e-08
9.999999997158947052e-01 2.399301264028063280e-05 -5.159895753636406645e-08
9.999999996194582907e-01 2.652407556833367018e-05 -5.474567924551668819e-08
9.999999995238718631e-01 2.932163193002741271e-05 -5.809727575654273569e-08
9.999999994291881578e-01 3.241372122450596253e-05 -6.167790386563513774e-08
9.999999993357124861e-01 3.583131368727259858e-05 -6.551241522353966559e-08
9.999999992436420237e-01 3.960865271567660359e-05 -6.959647042376822198e-08
9.999999990533597893e-01 4.378359274433638591e-05 -7.396491574302841561e-08
9.999999988651957494e-01 4.839793850445727190e-05 -7.864492761769384052e-08
9.999999985797199953e-01 5.349789433036293269e-05 -8.366313169875303855e-08
9.999999982974520085e-01 5.913451307479949070e-05 -8.904484784018595823e-08
9.999999978190931005e-01 6.536425943045223838e-05 -9.482589918666083170e-08
9.999999973455244717e-01 7.224950105940791895e-05 -1.010358243176443721e-07
9.999999967779470422e-01 7.985913304719248072e-05 -1.077274336786908183e-07
9.999999961174842467e-01 8.826935002296165591e-05 -1.149258985802430528e-07
9.999999952657677715e-01 9.756434442591972701e-05 -1.226760140663502123e-07
9.999999942248228857e-01 1.078371452582904401e-04 -1.310350359459705013e-07
9.999999928969764973e-01 1.191905725694229745e-04 -1.400540989671546098e-07
9.999999912850691119e-01 1.317382303788210054e-04 -1.498143486610969722e-07
9.999999893927484784e-01 1.456056822046869871e-04 -1.603688790138243546e-07
9.999999870243894140e-01 1.609316845915557070e-04 -1.717990091824943287e-07
9.999999841851278104e-01 1.778696186107320439e-04 -1.842107237241146844e-07
9.999999806815063064e-01 1.965889608449872966e-04 -1.976622797714253765e-07
9.999999764214921871e-01 2.172769948311031548e-04 -2.122653062502075506e-07
9.999999712146310227e-01 2.401406880938549674e-04 -2.281443712504045952e-07
9.999999647727759733e-01 2.654087950259120918e-04 -2.454258666422545601e-07
9.999999570102882096e-01 2.933340905135434044e-04 -2.642331661644732324e-07
9.999999474447508474e-01 3.241959366379098596e-04 -2.847052306093937457e-07
9.999999357976803172e-01 3.583030780689320984e-04 -3.070492226350170239e-07
9.999999215952566356e-01 3.959966889897559490e-04 -3.314480812917438165e-07
9.999999042695547624e-01 4.376538164176059162e-04 -3.580899195591381710e-07
9.999998830597021104e-01 4.836911488863686348e-04 -3.872114725638381524e-07
9.999998571135378933e-01 5.345691851831158416e-04 -4.190611835060550681e-07
9.999998254894331140e-01 5.907968168060653705e-04 -4.539148152803555862e-07
9.999997868586731897e-01 6.529364300171353009e-04 -4.920640525276159310e-07
9.999997396083551982e-01 7.216095556226720126e-04 -5.338669122691861413e-07
9.999996819449539220e-01 7.975030719665349155e-04 -5.796961464175867452e-07
9.999996115982424660e-01 8.813760210978853872e-04 -6.299622167653410160e-07
9.999995256271010380e-01 9.740672563485874413e-04 -6.851395500205371756e-07
9.999994205253249779e-01 1.076503821112192484e-03 -7.457190094683050761e-07
9.999992923295392133e-01 1.189710218975210650e-03 -8.122606578475691685e-07
9.999991356290359734e-01 1.314818643990601880e-03 -8.853859460148993895e-07
9.999989442768384418e-01 1.453080303786643667e-03 -9.657747741117959659e-07
9.999987106044607721e-01 1.605877939055562389e-03 -1.054180916650765694e-06
9.999984251382697531e-01 1.774739642569791651e-03 -1.151459916711318551e-06
9.999980765220649603e-01 1.961354146777756404e-03 -1.258516363933256730e-06
9.999976507415584415e-01 2.167587681175208586e-03 -1.376365001228413082e-06
9.999971307564106127e-01 2.395502691104016771e-03 -1.506150782991119024e-06
9.999964956387195070e-01 2.647378412099485323e-03 -1.649123098416981563e-06
9.999957200199669494e-01 2.925733648038812956e-03 -1.806648414924263782e-06
9.999947727486769855e-01 3.233351974634202097e-03 -1.980245375072384119e-06
9.999936156598455694e-01 3.573309536123813520e-03 -2.171603509958790911e-06
9.999922026616098192e-01 3.949005822129232103e-03 -2.382588335271473210e-06
9.999904768393170773e-01 4.364197639657770543e-03 -2.615239671791010170e-06
9.999883690819691973e-01 4.823036635529587453e-03 -2.871844297565083885e-06
9.999857948412117503e-01 5.330110762687131215e-03 -3.154935314898138311e-06
9.999826509185305579e-01 5.890490131960263859e-03 -3.467255319198129953e-06
9.999788111998227924e-01 6.509777592079339127e-03 -3.811876607968928014e-06
9.999741216399228305e-01 7.194164764829438785e-03 -4.192204744107563571e-06
9.999683943060061475e-01 7.950493730300949372e-03 -4.611965019335963239e-06
9.999613995073366457e-01 8.786325303121908861e-03 -5.075327415250146146e-06
9.999528567056436001e-01 9.710014461270129182e-03 -5.586903839709533119e-06
9.999424233506944981e-01 1.073079351924262868e-02 -6.151747326778388391e-06
9.999296811517451866e-01 1.185886403091760723e-02 -6.775402095486844936e-06
9.999141192159481939e-01 1.310549818664518903e-02 -7.463977979055220491e-06
9.998951136035512111e-01 1.448315069832237928e-02 -8.224259867887970447e-06
9.998719024258401200e-01 1.600558228927706148e-02 -9.063824534844416248e-06
9.998435550638713476e-01 1.768799602206288027e-02 -9.991217895722151023e-06
9.998089354450561128e-01 1.954718756652003633e-02 -1.101595221328408156e-05
9.997666557010774779e-01 2.160171061304552720e-02 -1.214837344295296080e-05
9.997150216724547400e-01 2.387205872928075540e-02 -1.339952327604690481e-05
9.996519643144021749e-01 2.638086517656836050e-02 -1.478111540188522152e-05
9.995749572354062362e-01 2.915312245051200277e-02 -1.630593173516739367e-05
9.994809161584863322e-01 3.221642337317867644e-02 -1.798851538308866171e-05
9.993660751998432179e-01 3.560122574861716849e-02 -1.984599525675072188e-05
9.992258374137094057e-01 3.934114201969007157e-02 -2.189867294436817068e-05
9.990545908421569754e-01 4.347325533806022796e-02 -2.416998452651495180e-05
9.988454862333083772e-01 4.803846282787575112e-02 -2.668566782532461501e-05
9.985901645272220462e-01 5.308184607869549654e-02 -2.947238668014700685e-05
9.982784262977417722e-01 5.865306906925379926e-02 -3.255627635125081385e-05
9.978978289661368795e-01 6.480680273240731204e-02 -3.596217254580074600e-05
9.974331976232541086e-01 7.160317471970355230e-02 -3.971424373914971261e-05
9.968660312009907098e-01 7.910824144341128961e-02 -4.383825499293480361e-05
9.961737816119692335e-01 8.739447659918797573e-02 -4.836537275515267412e-05
9.953289812205041720e-01 9.654126737831755789e-02 -5.333681829558716643e-05
9.942981883408797961e-01 1.066354031580915573e-01 -5.880821361239853187e-05
9.930407148811621898e-01 1.177715347827952425e-01 -6.485273825437353563e-05
9.915070969198479522e-01 1.300525729285921250e-01 -7.156198737668461967e-05
9.896372623791492851e-01 1.435899811469484866e-01 -7.904398311237163029e-05
9.873583467289205329e-01 1.585039035346752778e-01 -8.741851064313146686e-05
9.845821035300710289e-01 1.749230459832523399e-01 -9.681027136005170106e-05
9.812018577190153579e-01 1.929842037539892530e-01 -1.073406525177902335e-04
9.770889549936062624e-01 2.128312943469805874e-01 -1.191192969372361612e-04
9.720886729436134521e-01 2.346137131377049878e-01 -1.322362853466876702e-04
9.660155871425551988e-01 2.584837785727217008e-01 -1.467559482371988714e-04
9.586484300286574056e-01 2.845929746297878316e-01 -1.627125118893310227e-04
9.497245534099464370e-01 3.130866335533056821e-01 -1.801075841412548594e-04
9.389342174779956585e-01 3.440966371916215349e-01 -1.989093068652082546e-04
9.259150847611429258e-01 3.777316611426913551e-01 -2.190524405296984025e-04
9.102475268159770927e-01 4.140644661876949906e-01 -2.404386606796652098e-04
8.914516362543387640e-01 4.531157811100691712e-01 -2.629364824956274545e-04
8.689872044643517368e-01 4.948344737623489031e-01 -2.863801427617116107e-04
8.422583314892841955e-01 5.390740269123078798e-01 -3.105671700627373670e-04
8.106247372815315044e-01 5.855658998060817577e-01 -3.352547133771993258e-04
7.734221234621283525e-01 6.338912282740407633e-01 -3.601551512308082278e-04
7.299939195560508631e-01 6.834535311575493655e-01 -3.849320497987895971e-04
6.797361777787966908e-01 7.334565843431888332e-01 -4.091976114336586196e-04
6.221559853984011124e-01 7.828931873408609965e-01 -4.325136429374728847e-04
5.569413075172432448e-01 8.305517283900515357e-01 -4.543976887289715252e-04
4.840366758535621927e-01 8.750475824107439848e-01 -4.743359985152860708e-04
4.037150487696978818e-01 9.148846471065418262e-01 -4.918041181553031238e-04
3.166325530345718287e-01 9.485481379655622547e-01 -5.062947645719698781e-04
2.238512630927022018e-01 9.746231806700209610e-01 -5.173509460335036763e-04
1.268173256542407257e-01 9.919259502372138604e-01 -5.246006649464364123e-04
2.728841947474158411e-02 9.996274624088086203e-01 -5.277884808443328388e-04
-7.278511062604549331e-02 9.973475072411389641e-01 -5.267987936094430069e-04
-1.714099075906448666e-01 9.851996606693705916e-01 -5.216668243328532279e-04
-2.667063408249196188e-01 9.637777052017243440e-01 -5.125752721950863804e-04
-3.570466762509778569e-01 9.340864098821657358e-01 -4.998372290938220839e-04
-4.411540812888487539e-01 8.974312466603572291e-01 -4.838685042500827523e-04
-5.181519006119210680e-01 8.552884844027984768e-01 -4.651539407983114847e-04
-5.875639023924071891e-01 8.091776463176512113e-01 -4.442128750948808719e-04
-6.492751076579578173e-01 7.605535200079512892e-01 -4.215681040455640884e-04
-7.034674206217543802e-01 7.107273949657684220e-01 -3.977212077708627662e-04
-7.505445625588760272e-01 6.608197336932108978e-01 -3.731355178065106390e-04
-7.910581015301086927e-01 6.117409246127790690e-01 -3.482264312365128444e-04
-8.256423653363583748e-01 5.641937432371608718e-01 -3.233579596594020485e-04
-8.549621139102302481e-01 5.186903646981638749e-01 -2.988435179421500775e-04
-8.796737980894179243e-01 4.755774735675299403e-01 -2.749494214062589274e-04
-9.003992805928924259e-01 4.350644459148727550e-01 -2.518992842256820883e-04
-9.177099068410473626e-01 3.972511473157215867e-01 -2.298781325001464989e-04
-9.321185342640943006e-01 3.621532747719427014e-01 -2.090355137918227470e-04
-9.440772730841618943e-01 3.297242278613092825e-01 -1.894873003369101916e-04
-9.539790471934272986e-01 2.998732202898818366e-01 -1.713163462464821398e-04
-9.621614950160487512e-01 2.724797855636639787e-01 -1.545722965389511466e-04
-9.689121286057714721e-01 2.474050678303026385e-01 -1.392712701099654295e-04
-9.744739929395074274e-01 2.245003816781279693e-01 -1.253962126554932345e-04
-9.790513344778002391e-01 2.036135352156363543e-01 -1.128984282408341806e-04
-9.828149759733604274e-01 1.845933710602807309e-01 -1.017008836734168624e-04
-9.859072321656111582e-01 1.672929200145268636e-01 -9.170356195259693618e-05
-9.884462932511511868e-01 1.515714964194697922e-01 -8.279041281995234731e-05
-9.905300614055851938e-01 1.372960011802495106e-01 -7.483756449297914999e-05
-9.922394627413101409e-01 1.243416423216390648e-01 -6.772176125680272319e-05
-9.936412756606387564e-01 1.125922357243485383e-01 -6.132807901946227172e-05
-9.947905259779797893e-01 1.019402096685936426e-01 -5.555587103584838773e-05
-9.957325026227858977e-01 9.228640603356044747e-02 -5.032211087497677888e-05
-9.965044448680361322e-01 8.353974641359604436e-02 -4.556196674109665970e-05
-9.971369493536559325e-01 7.561681335617663480e-02 -4.122689888667025159e-05
-9.976551386915490927e-01 6.844138281395654999e-02 -3.728077015233336155e-05
-9.980796300662222453e-01 6.194393347338224970e-02 -3.369522618987348721e-05
-9.984273364878670787e-01 5.606115204907245742e-02 -3.044540315453117958e-05
-9.987121275028023604e-01 5.073544731100326777e-02 -2.750679172889521331e-05
-9.989453737310101111e-01 4.591448225089796858e-02 -2.485379729881552851e-05
-9.991363952848322239e-01 4.155073047338180697e-02 -2.245983450643719871e-05
-9.992928298449342828e-01 3.760106032398811277e-02 -2.029846153331547979e-05
-9.994209359883570176e-01 3.402634854313450058e-02 -1.834488871688802388e-05
-9.995258407902887221e-01 3.079112314203255596e-02 -1.657711807987268291e-05
-9.996117446062613432e-01 2.786323463867834693e-02 -1.497636776510157380e-05
-9.996820876810282863e-01 2.521355412885709080e-02 -1.352677944709157729e-05
-9.997396879970382733e-01 2.281569624391460369e-02 -1.221467813490373228e-05
-9.997868534359524162e-01 2.064576551975951316e-02 -1.102776187994198449e-05
-9.998254737830007954e-01 1.868212464824353311e-02 -9.954614379051192252e-06
-9.998570971418180298e-01 1.690518327755663811e-02 -8.984491835178304926e-06
-9.998829908310324921e-01 1.529720599034069088e-02 -8.107404307294980214e-06
-9.999041929647143334e-01 1.384213798151338187e-02 -7.314265709813821229e-06
-9.999215534664451788e-01 1.252544689646461346e-02 -6.596936070156979850e-06
-9.999357683678873343e-01 1.133397931008006849e-02 -5.948212603577807916e-06
-9.999474075955393504e-01 1.025583053897887245e-02 -5.361654812016590659e-06
-9.999569377802607351e-01 9.280226535337426225e-03 -4.831410453078087687e-06
-9.999647410560253968e-01 8.397416780679128542e-03 -4.352122938144615841e-06
-9.999711303748304303e-01 7.598577189005093283e-03 -3.918926196779011568e-06
-9.999763619696112604e-01 6.875722290159413767e-03 -3.527430029033299275e-06
-9.999806455067875577e-01 6.221625658650978968e-03 -3.173632998812131424e-06
-9.999841528275794644e-01 5.629747815746770530e-03 -2.853956594360802578e-06
-9.999870246178147459e-01 5.094171107769152745e-03 -2.565177807832169303e-06
-9.999893760074621829e-01 4.609540551608203203e-03 -2.304324291733672653e-06
-9.999913013145249607e-01 4.171010389028066874e-03 -2.068737931011226409e-06
-9.999928776495299321e-01 3.774195672638018789e-03 -1.856028007867915857e-06
-9.999941684771965766e-01 3.415128465728828680e-03 -1.664000858026295304e-06
-9.999952252526107532e-01 3.090218215877974829e-03 -1.490682518791166975e-06
-9.999960905322695659e-01 2.796215890842603576e-03 -1.334294828203228148e-06
-9.999967990632608883e-01 2.530181469028050609e-03 -1.193222377633819753e-06
-9.999973791583007809e-01 2.289454577152977982e-03 -1.065990621853674752e-06
-9.999978541559600975e-01 2.071627880400231814e-03 -9.512705360141069694e-07
-9.999982430704328351e-01 1.874523003857760150e-03 -8.478807824032961269e-07
-9.999985615321916876e-01 1.696168814454920458e-03 -7.547418701306158697e-07
-9.999988222207524258e-01 1.534781663330064090e-03 -6.708490187719511392e-07
-9.999990356932900726e-01 1.388747565993659130e-03 -5.953282184160403678e-07
-9.999992105054852365e-01 1.256606059271264068e-03 -5.273796788551653087e-07
-9.999993535307136749e-01 1.137035606104573214e-03 -4.662719371097007104e-07
-9.999994707744810363e-01 1.028840375994802400e-03 -4.113476674138499168e-07
-9.999995666871666078e-01 9.309382797359315453e-04 -3.620168041910428372e-07
-9.999996451737360736e-01 8.423501627337335630e-04 -3.177215618390743449e-07
-9.999997095018166027e-01 7.621900123838032306e-04 -2.779857820056557070e-07
-9.999997622089544791e-01 6.896561242675431670e-04 -2.423692387099454899e-07
-9.999998053075905835e-01 6.240230219957321927e-04 -2.104644202938294422e-07
-9.999998405898075093e-01 5.646342320055708439e-04 -1.819301908488733542e-07
-9.999998695311073105e-01 5.108957482188596251e-04 -1.564301174673711076e-07
-9.999998931932184698e-01 4.622700775525120779e-04 -1.336639910822061808e-07
-9.999999125267414746e-01 4.182708405500709442e-04 -1.133570830483264429e-07
-9.999999283730732769e-01 3.784579245414862957e-04 -9.527897461507006367e-08
-9.999999413660787262e-01 3.424330843922637996e-04 -7.919837021705389773e-08
-9.999999520336053660e-01 3.098359723606748922e-04 -6.489873932211654205e-08
-9.999999606983283051e-01 2.803404946705175091e-04 -5.223786981576730242e-08
-9.999999678788656921e-01 2.536515784556780798e-04 -4.105435957042290687e-08
-9.999999736905140768e-01 2.295022419084573491e-04 -3.118537223375307894e-08
-9.999999784457029861e-01 2.076508738084101833e-04 -2.249243833811979094e-08
-9.999999823547064404e-01 1.878788656649004048e-04 -1.486173154436564499e-08
-9.999999855258283610e-01 1.699884075495138437e-04 -8.205801943732012165e-09
-9.999999881660034395e-01 1.538005065592184520e-04 -2.391767581182948385e-09
-9.999999902807541474e-01 1.391531612293310884e-04 2.659688743304573846e-09
-9.999999920747273396e-01 1.258998068593772802e-04 7.014871994348559790e-09
-9.999999935517812633e-01 1.139078182485888725e-04 1.076435025271375422e-08
-9.999999947148006108e-01 1.030572063007962832e-04 1.395877223771401754e-08
-9.999999956663488954e-01 9.323937557612760460e-05 1.665970386343579611e-08
-9.999999964086907500e-01 8.435606778006777607e-05 1.891632031400399900e-08
-9.999999970432880136e-01 7.631836618455535830e-05 2.077202978858369512e-08
-9.999999975716866718e-01 6.904578473487696074e-05 2.229077468923759626e-08
-9.999999980948819367e-01 6.246554376924464433e-05 2.350183400507476064e-08
-9.999999984139562592e-01 5.651178485759672152e-05 2.444343325559367906e-08
-9.999999987295107307e-01 5.112487073569334657e-05 2.514368761443697484e-08
-9.999999989422908575e-01 4.625086846661811827e-05 2.563393178035848506e-08
-9.999999991527400711e-01 4.184097559720874451e-05 2.594086504451441079e-08
-9.999999992612516042e-01 3.785104275990824505e-05 2.608901190241706315e-08
-9.999999993682812116e-01 3.424109461918751861e-05 2.607957562581933735e-08
-9.999999994740415010e-01 3.097495630523247677e-05 2.595179376849364023e-08
-9.999999995786724716e-01 2.801991510089336411e-05 2.572435114913583236e-08
-9.999999996825209569e-01 2.534635746760068706e-05 2.540324119529667091e-08
-9.999999997857028644e-01 2.292749139167170314e-05 2.500423258811940153e-08
-9.999999997882581537e-01 2.073908881103656764e-05 2.453628213748542429e-08
-9.999999997904392979e-01 1.875920794661588414e-05 2.400474237371887332e-08
-9.999999998921604849e-01 1.696800728741534501e-05 2.342948883544474668e-08
-9.999999998935913403e-01 1.534751729173360524e-05 2.281897947823207958e-08
-9.999999998947235458e-01 1.388148806868065653e-05 2.217451858951722326e-08
-9.999999998956239367e-01 1.255519701440117095e-05 2.152093631916645224e-08
-9.999999998964648196e-01 1.135535187889576940e-05 2.084791770232894459e-08
-9.999999999971183051e-01 1.026991416025258548e-05 2.015739957802141219e-08
-9.999999999977005061e-01 9.287999591831317680e-06 1.946624298878950747e-08
-9.999999999979295451e-01 8.399747728976592290e-06 1.877000200297616206e-08
-9.999999999984033883e-01 7.596232960242142504e-06 1.807588280646573822e-08
-9.999999999986742827e-01 6.869376814864139410e-06 1.739186470784410019e-08
-9.999999999990102362e-01 6.211889447401702966e-06 1.672271431724951513e-08
-9.999999999991153743e-01 5.617148139720166260e-06 1.605230194867382752e-08
-9.999999999994452216e-01 5.079172855435080067e-06 1.538564186197243227e-08
-9.999999999994985123e-01 4.592570995637362440e-06 1.473658503401957610e-08
-9.999999999994892974e-01 4.152432099149802770e-06 1.409731764123540097e-08
-9.999999999995391464e-01 3.754330747200429633e-06 1.345290978156005217e-08
-9.999999999996561639e-01 3.394274892717626037e-06 1.283169888619665381e-08
-9.999999999997342126e-01 3.068626486889746153e-06 1.224065637093776180e-08
-9.999999999997792877e-01 2.774115628186380902e-06 1.167801391047139671e-08
-9.999999999997220002e-01 2.507761039154094948e-06 1.112214724065899185e-08
-9.999999999998040456e-01 2.266875800195673655e-06 1.059345228384820290e-08
-9.999999999999055200e-01 2.049040553680901230e-06 1.008348718082778295e-08
-9.999999999999615863e-01 1.852050787994486891e-06 9.580540349057688867e-09
-1.000000000000048184e+00 1.673916467864771609e-06 9.091819008792226635e-09
-9.999999999999751310e-01 1.512831128872433762e-06 8.627718669734344051e-09
-1.000000000000078826e+00 1.367173288982337668e-06 8.188512326186152392e-09
-1.000000000000046407e+00 1.235486622731125841e-06 7.764081665819954577e-09
-1.000000000000005773e+00 1.116429884721679061e-06 7.355774468184797209e-09
-1.000000000000023315e+00 1.008773351680079556e-06 6.959102143437259812e-09
-1.000000000000083711e+00 9.114425365255239122e-07 6.579854432362675431e-09
-1.000000000000033307e+00 8.234563297704384190e-07 6.214863134351182883e-09
-1.000000000000085709e+00 7.439113119888736302e-07 5.868154787834312823e-09
-1.000000000000041300e+00 6.720088917376459949e-07 5.539991865906420327e-09
-1.000000000000089706e+00 6.070141716655433501e-07 5.229189378360290978e-09
-1.000000000000063061e+00 5.482678755601036528e-07 4.925577660711981425e-09
-1.000000000000000000e+00 4.951694832174390588e-07 4.641339864918612603e-09
-1.000000000000031308e+00 4.471781666280115906e-07 4.382839723911152432e-09
-1.000000000000035749e+00 4.038269097350836675e-07 4.136436049615169750e-09
-1.000000000000090150e+00 3.646282686943361147e-07 3.873329332939764759e-09
-1.000000000000090594e+00 3.292090085639697524e-07 3.636275971586868475e-09
-1.000000000000012657e+00 2.972061990779990043e-07 3.426186370316604512e-09
-1.000000000000000000e+00 2.682981941449219378e-07 3.231066340707124365e-09
-1.000000000000000000e+00 2.421849153718320093e-07 3.034240068765416144e-09
-1.000000000000000000e+00 2.185982198157920528e-07 2.846954622967999602e-09
-1.000000000000000000e+00 1.972895271175943449e-07 2.673658674172586164e-09
-1.000000000000000000e+00 1.780326585461874051e-07 2.517877124353413914e-09
-1.000000000000000000e+00 1.606377399247843432e-07 2.357903673635050068e-09
-1.000000000000000000e+00 1.449279315014617957e-07 2.203205742042255508e-09
-1.000000000000000000e+00 1.307412241041351945e-07 2.066419992851654437e-09
-1.000000000000000000e+00 1.179411973963099048e-07 1.939829034912958527e-09
-1.000000000000000000e+00 1.063810352178449885e-07 1.809878100780225885e-09
-1.000000000000000000e+00 9.593339809762306574e-08 1.678092439489280549e-09
-1.000000000000000000e+00 8.650687540317428076e-08 1.554745204467816472e-09
-1.000000000000000000e+00 7.800711100878247166e-08 1.450621757500456524e-09
-1.000000000000000000e+00 7.034193962595968984e-08 1.368339129102141668e-09
-1.000000000000000000e+00 6.341582146732389540e-08 1.284825158806740005e-09
-1.000000000000000000e+00 5.714838468997154529e-08 1.197193004149783157e-09
-1.000000000000000000e+00 5.149681229223303797e-08 1.110025606372320044e-09
-1.000000000000000000e+00 4.639854245879300402e-08 1.038995885206591461e-09
-1.000000000000000000e+00 4.180680100755091938e-08 9.643885641954770367e-10
-1.000000000000000000e+00 3.767095092286937957e-08 8.973009862260338038e-10
-1.000000000000000000e+00 3.392994873846584594e-08 8.365025661267238128e-10
-1.000000000000000000e+00 3.054812355868665257e-08 7.766657682993684039e-10
-1.000000000000000000e+00 2.750675753361524353e-08 7.163480324011044428e-10
-1.000000000000000000e+00 2.476574609088790246e-08 6.519179459905933533e-10
-1.000000000000000000e+00 2.229052665320411690e-08 6.037735021812143261e-10
-1.000000000000000000e+00 2.006162989763210357e-08 5.622319306438770231e-10
-1.000000000000000000e+00 1.805723320322346897e-08 5.178980691001960578e-10
-1.000000000000000000e+00 1.625504806029519105e-08 4.915772136486434846e-10
-1.000000000000000000e+00 1.462582870518966638e-08 4.516567377053845142e-10
-1.000000000000000000e+00 1.315858097824515917e-08 4.078204805111192039e-10
-1.000000000000000000e+00 1.184026087510921481e-08 3.766556024791638108e-10
-1.000000000000000000e+00 1.064386306485731796e-08 3.530769779781383248e-10
-1.000000000000000000e+00 9.568182541590858240e-09 3.414646649063693852e-10
-1.000000000000000000e+00 8.599462471140383080e-09 3.319699752160025363e-10
-1.000000000000000000e+00 7.725873737837398773e-09 3.230394098372976693e-10
-1.000000000000000000e+00 6.942568918728485354e-09 2.981814297960695377e-10
-1.000000000000000000e+00 6.238153624872451157e-09 2.716415492702713269e-10
-1.000000000000000000e+00 5.607659600753523825e-09 2.356047693643061610e-10
-1.000000000000000000e+00 5.041286207085617235e-09 2.130848680097999397e-10
-1.000000000000000000e+00 4.522478504764237953e-09 1.930030010808265831e-10
-1.000000000000000000e+00 4.063396140306308723e-09 1.815388002362130621e-10
-1.000000000000000000e+00 3.637833077001995238e-09 1.793588662200626839e-10
-1.000000000000000000e+00 3.260100539431610564e-09 1.703920765753883871e-10
-1.000000000000000000e+00 2.917415518062644510e-09 1.577185157472408974e-10
-1.000000000000000000e+00 2.620090911861376736e-09 1.382472504160907600e-10
-1.000000000000000000e+00 2.359036646745940871e-09 1.197955179363082045e-10
-1.000000000000000000e+00 2.122105038174453806e-09 1.143367243473167881e-10
-1.000000000000000000e+00 1.895145375086143199e-09 1.013642155733009782e-10
-1.000000000000000000e+00 1.694230640528760532e-09 8.306382132285136941e-11
-1.000000000000000000e+00 1.520579990422290688e-09 6.980646435193423129e-11
-1.000000000000000000e+00 1.360302967741218255e-09 7.015903778138733787e-11
-1.000000000000000000e+00 1.209109075981450303e-09 6.644160862442830760e-11
-1.000000000000000000e+00 1.078514470193759499e-09 6.253823866902882544e-11
-1.000000000000000000e+00 9.616573565210925755e-10 5.836223885953993627e-11
-1.000000000000000000e+00 8.636321266916400838e-10 5.794554299230491002e-11
-1.000000000000000000e+00 7.730807312797493517e-10 5.431178266934247252e-11
-1.000000000000000000e+00 6.978796119908748347e-10 5.118199623745712279e-11
-1.000000000000000000e+00 6.241641838619239406e-10 4.921605631507819768e-11
-1.000000000000000000e+00 5.615027975267867730e-10 4.722591209115906479e-11
-1.000000000000000000e+00 5.082493961071752229e-10 3.612111233244382609e-11
-1.000000000000000000e+00 4.638140479556565885e-10 2.698589442143558137e-11
-1.000000000000000000e+00 4.147633983820911469e-10 2.551915379349288247e-11
-1.000000000000000000e+00 3.706522367037861313e-10 3.193264354431106772e-11
-1.000000000000000000e+00 3.318492697420393333e-10 2.957188965501521354e-11
-1.000000000000000000e+00 2.940609210417873797e-10 1.679259382985728678e-11
-1.000000000000000000e+00 2.627491321759056833e-10 1.859266950469417596e-12
-1.000000000000000000e+00 2.384117778256174403e-10 8.094313802693482880e-12
-1.000000000000000000e+00 2.036603253805637483e-10 2.006610433485955423e-11
-1.000000000000000000e+00 1.806334970316594817e-10 1.691356141588920301e-11
-1.000000000000000000e+00 1.675575785498755487e-10 1.421154668005519200e-11
-1.000000000000000000e+00 1.368797324039691072e-10 1.363594829981900386e-11
-1.000000000000000000e+00 1.103008743263325326e-10 1.270462166521830673e-11
-1.000000000000000000e+00 9.675739585859460498e-11 1.023747549469673339e-11
-1.000000000000000000e+00 8.590145598609427551e-11 -2.182257612826269708e-12
-1.000000000000000000e+00 7.799720920448672474e-11 -2.394114786516702498e-12
-1.000000000000000000e+00 6.420457400892715210e-11 9.820029453865977829e-12
-1.000000000000000000e+00 5.934126567696940715e-11 1.658423400868059874e-11
-1.000000000000000000e+00 6.053864092215823549e-11 1.579396664579175588e-11
-1.000000000000000000e+00 5.476533106937736486e-11 1.614059809879847232e-12
-1.000000000000000000e+00 4.131589362077765296e-11 -2.539730870269439121e-12
-1.000000000000000000e+00 3.187260690001658689e-11 -3.291315023961331873e-12
-1.000000000000000000e+00 3.074908411635376948e-11 -2.699032634776534863e-12
-1.000000000000000000e+00 2.483404285634078439e-11 5.210729060505242054e-12
-1.000000000000000000e+00 2.219824892818645283e-11 1.917607658197000444e-11
-1.000000000000000000e+00 2.711626997947192127e-11 3.165389618178495510e-11
-1.000000000000000000e+00 3.654242973638481319e-11 2.885918965432659095e-11
-1.000000000000000000e+00 3.115300618519275676e-11 1.103484045112504694e-11
-1.000000000000000000e+00 1.667757273506565830e-11 -4.113399232013564933e-13
-1.000000000000000000e+00 1.457690318656414292e-11 4.887297863507427594e-12
-1.000000000000000000e+00 8.871740783035744574e-12 7.773266071538738874e-12
-1.000000000000000000e+00 -2.272859045183149505e-12 7.298676126006584234e-12
-1.000000000000000000e+00 -2.853198269296011512e-12 1.403131168562307275e-11
-1.000000000000000000e+00 -4.952775287273974848e-12 1.122965371738741083e-11
-1.000000000000000000e+00 -1.832324788931911627e-11 1.533981104377477568e-11
-1.000000000000000000e+00 -2.253342971189703610e-11 2.313141253807241881e-11
-1.000000000000000000e+00 -5.827324081227361975e-12 2.137707011898745271e-11
-1.000000000000000000e+00 3.882979051547039728e-12 1.920994812864109303e-11
-1.000000000000000000e+00 1.635782295373097831e-12 4.320350059160668534e-12
-1.000000000000000000e+00 -3.295616120389194929e-12 -3.211664048312840725e-12
-1.000000000000000000e+00 0.000000000000000000e+00 0.000000000000000000e+00
