1.000000000000000000e+00 0.000000000000000000e+00 0.000000000000000000e+00
9.999999999982802645e-01 4.341751270967761673e-13 3.369715676988829597e-12
9.999999999996955768e-01 8.368939072032825547e-13 6.736820498773459830e-12
9.999999999979041210e-01 1.207404109265881159e-12 1.009468897104169589e-11
9.999999999979439780e-01 1.545281896898339417e-12 1.343674698267927131e-11
9.999999999979668486e-01 1.850365089774215068e-12 1.675649296975915279e-11
9.999999999971826981e-01 2.122743986783692467e-12 2.004751811331082876e-11
9.999999999969004794e-01 2.362792240476125921e-12 2.330352996246890453e-11
9.999999999988014032e-01 2.571184572650211486e-12 2.651836240876891651e-11
9.999999999972289944e-01 2.748880412564234666e-12 2.968596710108348192e-11
9.999999999988127275e-01 2.897080039814919099e-12 3.280041337223294142e-11
9.999999999989709343e-01 3.017173657408845754e-12 3.585590467332972342e-11
9.999999999980599963e-01 3.110716126605828262e-12 3.884679001305669893e-11
9.999999999979370946e-01 3.179440260253390160e-12 4.176757271552395004e-11
9.999999999967971176e-01 3.225281927623469215e-12 4.461293966357743036e-11
9.999999999966477926e-01 3.250386407540030566e-12 4.737779957461621656e-11
9.999999999975431875e-01 3.257098576956790565e-12 5.005728994876647401e-11
9.999999999975474063e-01 3.247959328576074090e-12 5.264674921357015438e-11
9.999999999968255393e-01 3.225709321865719368e-12 5.514170452169093887e-11
9.999999999994063637e-01 3.193274264937185308e-12 5.753790691054642293e-11
9.999999999959109376e-01 3.153730377940208183e-12 5.983137026673368556e-11
9.999999999974807929e-01 3.110295883113261115e-12 6.201836020579601539e-11
9.999999999972454257e-01 3.066374739002188970e-12 6.409536003018005990e-11
9.999999999969491071e-01 3.025611353360737531e-12 6.605907998989284940e-11
9.999999999963328223e-01 2.991906955355963546e-12 6.790650786412902032e-11
9.999999999969106934e-01 2.969400117661834329e-12 6.963493849192991011e-11
9.999999999976979526e-01 2.962440824091056662e-12 7.124195429835694611e-11
9.999999999965129005e-01 2.975582824425118102e-12 7.272538822455694780e-11
9.999999999975358600e-01 3.013613361240485082e-12 7.408330562574257110e-11
9.999999999973527842e-01 3.081611785798683810e-12 7.531401053262825032e-11
9.999999999958123498e-01 3.184994808263440703e-12 7.641605835514742912e-11
9.999999999982053245e-01 3.329527522721258408e-12 7.738825956185975597e-11
9.999999999963872233e-01 3.521324645807022326e-12 7.822967664843550744e-11
9.999999999948028240e-01 3.766862997761299166e-12 7.893961764571977158e-11
9.999999999972909448e-01 4.073003916139347863e-12 7.951762092037844127e-11
9.999999999968907094e-01 4.447027701144459883e-12 7.996344144673154650e-11
9.999999999981317167e-01 4.896684785180769769e-12 8.027705358323459831e-11
9.999999999959474639e-01 5.430261801638149773e-12 8.045865365774207688e-11
9.999999999967542630e-01 6.056657781513086142e-12 8.050864181986143326e-11
9.999999999971598275e-01 6.785455890613841542e-12 8.042759878198572245e-11
9.999999999964259700e-01 7.626976296483462724e-12 8.021627641856298420e-11
9.999999999952553509e-01 8.592322672813246485e-12 7.987559019369259945e-11
9.999999999974759080e-01 9.693450896038565175e-12 7.940659607105512465e-11
9.999999999963796737e-01 1.094326985940206644e-11 7.881045991988573954e-11
9.999999999975511811e-01 1.235576074470112328e-11 7.808843862633729703e-11
9.999999999980208054e-01 1.394610361285737614e-11 7.724187159910822583e-11
9.999999999972037923e-01 1.573081362278848151e-11 7.627216930156748841e-11
9.999999999967437159e-01 1.772788050850321401e-11 7.518079868302512106e-11
9.999999999976745269e-01 1.995690345571686724e-11 7.396926455031188061e-11
9.999999999965719644e-01 2.243924683501383832e-11 7.263907939436886374e-11
9.999999999992288391e-01 2.519824058645512085e-11 7.119172782184604431e-11
9.999999999977752241e-01 2.825940231798937719e-11 6.962862482332773785e-11
9.999999999981940002e-01 3.165066864259423108e-11 6.795105342886563320e-11
9.999999999970031750e-01 3.540266750511722403e-11 6.616010720511173516e-11
9.999999999964324093e-01 3.954903347504205085e-11 6.425668628742153900e-11
9.999999999953206320e-01 4.412672167194703365e-11 6.224152799166415170e-11
9.999999999969080289e-01 4.917631164480936436e-11 6.011519404236037106e-11
9.999999999964315212e-01 5.474235628408126099e-11 5.787797757789076152e-11
9.999999999964752639e-01 6.087383569478623515e-11 5.552977812273187220e-11
9.999999999966753261e-01 6.762471162958266770e-11 5.307002401216833569e-11
9.999999999967902342e-01 7.505451269967633912e-11 5.049765657483148332e-11
9.999999999989305222e-01 8.322890981057740781e-11 4.781110937835342804e-11
9.999999999975287546e-01 9.222032385243251562e-11 4.500823813559771341e-11
9.999999999975056619e-01 1.021086196678559276e-10 4.208622627456910389e-11
9.999999999960018648e-01 1.129819035176746111e-10 3.904149675706449860e-11
9.999999999987814192e-01 1.249374201985657858e-10 3.586963613180958063e-11
9.999999999966384667e-01 1.380825318918080758e-10 3.256531192255411518e-11
9.999999999961819430e-01 1.525357860406868248e-10 2.912214186853772418e-11
9.999999999986567412e-01 1.684281272585269429e-10 2.553251782148324152e-11
9.999999999975429654e-01 1.859042796022056522e-10 2.178745363947714635e-11
9.999999999993766098e-01 2.051242579235538038e-10 1.787649474342725982e-11
9.999999999984224841e-01 2.262649707568197917e-10 1.378763795393366228e-11
9.999999999965497599e-01 2.495219446373826437e-10 9.507181277662032219e-12
9.999999999982086551e-01 2.751112544506390609e-10 5.019481712030441023e-12
9.999999999974641396e-01 3.032717294363334689e-10 3.066768330321422527e-13
9.999999999973013809e-01 3.342674414239382734e-10 -4.651565592141686866e-12
9.999999999980693222e-01 3.683904430980119434e-10 -9.878261555453324345e-12
9.999999999963982145e-01 4.059637355058140207e-10 -1.539933710998833680e-11
9.999999999965140107e-01 4.473445044581165004e-10 -2.124392978069688356e-11
9.999999999973379072e-01 4.929277225283937093e-10 -2.744476653068031915e-11
9.999999999989656052e-01 5.431501782295488423e-10 -3.403855757042797699e-11
9.999999999981722398e-01 5.984949333829155964e-10 -4.106638785255488367e-11
9.999999999976485476e-01 6.594962356620019776e-10 -4.857414706392028779e-11
9.999999999984593435e-01 7.267449468876035338e-10 -5.661301859490520380e-11
9.999999999981377119e-01 8.008945344534885422e-10 -6.524003575845990765e-11
9.999999999979058973e-01 8.826676971576361930e-10 -7.451872583120127803e-11
9.999999999976194598e-01 9.728637254289473665e-10 -8.451982234871620778e-11
9.999999999968924858e-01 1.072366653364172354e-09 -9.532199982315611773e-11
9.999999999982435162e-01 1.182154231394941173e-09 -1.070126375613902703e-10
9.999999999953429475e-01 1.303307791978385861e-09 -1.196886697206736412e-10
9.999999999950501817e-01 1.437023140303542399e-09 -1.334575857129827639e-10
9.999999999971651565e-01 1.584622652432109804e-09 -1.484386041241806206e-10
9.999999999967773556e-01 1.747568737365716332e-09 -1.647639460653686182e-10
9.999999999968951503e-01 1.927478697626280789e-09 -1.825801436572172947e-10
9.999999999966788788e-01 2.126141052517152568e-09 -2.020494879138114294e-10
9.999999999974892306e-01 2.345533597573920390e-09 -2.233517207813690955e-10
9.999999999985953458e-01 2.587843467896016873e-09 -2.466858859053328172e-10
9.999999999973820941e-01 2.855489288248693591e-09 -2.722722857002867909e-10
9.999999999975123233e-01 3.151145562299397796e-09 -3.003546764276367507e-10
9.999999999978592680e-01 3.477769661525458994e-09 -3.312027781411658599e-10
9.999999999976614262e-01 3.838631748818601364e-09 -3.651150219264812314e-10
9.999999999985955679e-01 4.237347845608519832e-09 -4.024215196674652156e-10
9.999999999975622833e-01 4.677916329386383258e-09 -4.434873791481365745e-10
9.999999999971209697e-01 5.164758308662870789e-09 -4.887164204260769286e-10
9.999999999956777907e-01 5.702762293276299791e-09 -5.385552405629085476e-10
9.999999999960351715e-01 6.297333539835179981e-09 -5.934976767041193971e-10
9.999999999973498976e-01 6.954448603616248843e-09 -6.540897831131528769e-10
9.999999999973167020e-01 7.680715693086568161e-09 -7.209353241271684816e-10
9.999999999968760545e-01 8.483441362965680392e-09 -7.947017976623184271e-10
9.999999999977063903e-01 9.370704180018320730e-09 -8.761271188188946993e-10
9.999999999972578602e-01 1.035143616999123197e-08 -9.660270857737459485e-10
9.999999999991163735e-01 1.143551295166946725e-08 -1.065303672853819067e-09
9.999999999979324317e-01 1.263385347172901853e-08 -1.174954116242055726e-09
9.999999999989298560e-01 1.395853019795011104e-08 -1.296080823436374480e-09
9.999999999985008658e-01 1.542289077965970166e-08 -1.429902367484747663e-09
9.999999999991441291e-01 1.704169256235494013e-08 -1.577765827180744158e-09
9.999999999983164578e-01 1.883125148448705225e-08 -1.741160465678993187e-09
9.999999999989345190e-01 2.080960674952784392e-08 -1.921732678890081700e-09
9.999999999982732701e-01 2.299670271087269714e-08 -2.121302418193574990e-09
9.999999999971438402e-01 2.541458983300266799e-08 -2.341881485121214717e-09
9.999999999991636690e-01 2.808764699071774288e-08 -2.585693899029523161e-09
9.999999999999070743e-01 3.104282737061958028e-08 -2.855198335035625378e-09
9.999999999990132338e-01 3.430993027101265663e-08 -3.153112834109128958e-09
9.999999999996711519e-01 3.792190154432042364e-08 -3.482442165613509778e-09
1.000000000014193535e+00 4.191516580992395550e-08 -3.846508075696259835e-09
1.000000000021450841e+00 4.632999369773147198e-08 -4.248982667568151499e-09
1.000000000019095614e+00 5.121090777775391859e-08 -4.693925372476297094e-09
1.000000000022418289e+00 5.660713139489846362e-08 -5.185823931892924785e-09
1.000000000022299718e+00 6.257308499789343353e-08 -5.729639683096634476e-09
1.000000000027713165e+00 6.916893489371742058e-08 -6.330857534200553176e-09
1.000000000022535529e+00 7.646119987602216627e-08 -6.995541156313503560e-09
1.000000000025274893e+00 8.452342181587051290e-08 -7.730394002784587988e-09
1.000000000032187364e+00 9.343690698137977892e-08 -8.542826854524137995e-09
1.000000000036255221e+00 1.032915456972227694e-07 -9.441032607448075290e-09
9.999999999711072229e-01 1.141867186854181061e-07 -1.043406893665323300e-08
9.999999999765594172e-01 1.262322991550325075e-07 -1.153194954202006779e-08
9.999999999910358373e-01 1.395497604665070801e-07 -1.274574496515463145e-08
1.000000000034735548e+00 1.542734007464454186e-07 -1.408769417864308526e-08
1.000000000049500626e+00 1.705516968310312904e-07 -1.557132801752067429e-08
1.000000000040548453e+00 1.885488012394746860e-07 -1.721160559677826275e-08
9.999999999665011297e-01 2.084461971378173816e-07 -1.902506514091089977e-08
1.000000000047675641e+00 2.304445281649617890e-07 -2.102999072248470703e-08
9.999999999727191557e-01 2.547656211502726922e-07 -2.324659647987794327e-08
9.999999999386962601e-01 2.816547226745976465e-07 -2.569723042463945629e-08
1.000000000000107470e+00 3.113829715293039574e-07 -2.840659986612458226e-08
9.999999999260574812e-01 3.442501324542779355e-07 -3.140202045470326586e-08
9.999999999676764117e-01 3.805876185693032155e-07 -3.471369143375712822e-08
1.000000000029723113e+00 4.207618322827010499e-07 -3.837500014760725474e-08
1.000000000008558265e+00 4.651778595510508392e-07 -4.242285880439173026e-08
1.000000000099726005e+00 5.142835542319185190e-07 -4.689807659178809704e-08
1.000000000019898527e+00 5.685740529782034600e-07 -5.184577104978448353e-08
1.000000000080970342e+00 6.285967678004537873e-07 -5.731582310707654673e-08
9.999999999497010128e-01 6.949569046081610432e-07 -6.336337997712621775e-08
9.999999999595099442e-01 7.683235659056223770e-07 -7.004941116987988510e-08
9.999999999788515836e-01 8.494364961186656197e-07 -7.744132297661369045e-08
1.000000000000077272e+00 9.391135400402055041e-07 -8.561363796477908489e-08
1.000000000027429836e+00 1.038258888154083364e-06 -9.464874657465807586e-08
1.000000000043952397e+00 1.147872193093550007e-06 -1.046377382314474676e-07
9.999999999924353844e-01 1.269058648845159710e-06 -1.156813195931704971e-07
9.999999999561314246e-01 1.403040133764115994e-06 -1.278908295215314257e-07
9.999999999925693883e-01 1.551167529434954723e-06 -1.413893616446339040e-07
9.999999999713500287e-01 1.714934340378283788e-06 -1.563130055452058026e-07
1.000000000029725555e+00 1.895991752704129041e-06 -1.728122189573820397e-07
1.000000000004541034e+00 2.096165280978887800e-06 -1.910533447305155854e-07
1.000000000040634829e+00 2.317473174867649026e-06 -2.112202880125073089e-07
1.000000000022762237e+00 2.562146766646191719e-06 -2.335163702175157615e-07
9.999999999763365954e-01 2.832652969020071684e-06 -2.581663790109375069e-07
1.000000000045594639e+00 3.131719147350173284e-06 -2.854188346203346140e-07
9.999999999929356509e-01 3.462360616254103479e-06 -3.155484953420320993e-07
9.999999999648567783e-01 3.827911043230078449e-06 -3.488591281033987165e-07
9.999999999981589172e-01 4.232056058511619070e-06 -3.856865711523961133e-07
1.000000000012535084e+00 4.678870415021216631e-06 -4.264021199035583845e-07
1.000000000025487612e+00 5.172859072289646127e-06 -4.714162700588276467e-07
9.999999999737688716e-01 5.719002615805349253e-06 -5.211828560511514159e-07
9.999999999913135040e-01 6.322807474231360755e-06 -5.762036271343758605e-07
9.999999999938387063e-01 6.990361435169005089e-06 -6.370333060917349477e-07
9.999999999365524195e-01 7.728395026005442975e-06 -7.042851818020442791e-07
9.999999999087030300e-01 8.544349373990436404e-06 -7.786372922233344374e-07
9.999999999595095002e-01 9.446451228854234211e-06 -8.608392604445083721e-07
9.999999999753127478e-01 1.044379590669583506e-05 -9.517198524913146259e-07
9.999999998682536084e-01 1.154643899393532046e-05 -1.052195332862670307e-06
9.999999999256952155e-01 1.276549773516735417e-05 -1.163278702253661355e-06
9.999999998739871332e-01 1.411326311015857754e-05 -1.286089909765855412e-06
9.999999998461285289e-01 1.560332376763020151e-05 -1.421867145386145412e-06
9.999999998728823503e-01 1.725070302469791430e-05 -1.571979322193303825e-06
9.999999997852598854e-01 1.907201033461422351e-05 -1.737939877225215937e-06
9.999999997326943779e-01 2.108560875802825192e-05 -1.921422030788346707e-06
9.999999996701395277e-01 2.331180009709877757e-05 -2.124275654281293843e-06
9.999999996182169504e-01 2.577302958979013696e-05 -2.348545920240585911e-06
9.999999995131327868e-01 2.849411220696701356e-05 -2.596493921198239076e-06
9.999999994901007661e-01 3.150248285333507171e-05 -2.870619466056224122e-06
9.999999994225683420e-01 3.482847296313634669e-05 -3.173686280704946973e-06
9.999999992059975806e-01 3.850561631937366082e-05 -3.508749871067100816e-06
9.999999990952549433e-01 4.257098716573859859e-05 -3.879188328565281062e-06
9.999999988879929580e-01 4.706557397145344571e-05 -4.288736383947943016e-06
9.999999986194294532e-01 5.203469271838038226e-05 -4.741523061292870062e-06
9.999999983012616278e-01 5.752844378212256340e-05 -5.242113303181836631e-06
9.999999979754097268e-01 6.360221706378637056e-05 -5.795553991695871987e-06
9.999999975127648044e-01 7.031725043749060807e-05 -6.407424826694682962e-06
9.999999969212175488e-01 7.774124718985774821e-05 -7.083894578356034712e-06
9.999999962774536177e-01 8.594905862546690770e-05 -7.831783275867145450e-06
9.999999954715772521e-01 9.502343872297896793e-05 -8.658630959395353219e-06
9.999999944630590942e-01 1.050558785081909469e-04 -9.572773694224100919e-06
9.999999931949759002e-01 1.161475284906095354e-04 -1.058342760687439523e-05
9.999999916568497182e-01 1.284102185038560394e-04 -1.170078179362557129e-05
9.999999898190620184e-01 1.419675852047140650e-04 -1.293610103606931658e-05
9.999999875478583489e-01 1.569563186068392412e-04 -1.430183935959562612e-05
9.999999848195134655e-01 1.735275402643791400e-04 -1.581176558325558218e-05
9.999999813992027642e-01 1.918483268791765825e-04 -1.748110211604932089e-05
9.999999773467062036e-01 2.121033949096420683e-04 -1.932667841799312996e-05
9.999999722250477729e-01 2.344969627926196361e-04 -2.136710063826508991e-05
9.999999660805585222e-01 2.592548101380970100e-04 -2.362293919422541759e-05
9.999999585938605939e-01 2.866265539270124976e-04 -2.611693611555755649e-05
9.999999493473413770e-01 3.168881652798653478e-04 -2.887423429821658224e-05
9.999999381297016710e-01 3.503447519729908661e-04 -3.192263096117430997e-05
9.999999243267271298e-01 3.873336344382022909e-04 -3.529285783322945225e-05
9.999999075932239911e-01 4.282277469520781436e-04 -3.901889095468424770e-05
9.999998869936543855e-01 4.734393973388456686e-04 -4.313829312747179156e-05
9.999998618720777888e-01 5.234244243182651843e-04 -4.769259257849486937e-05
9.999998311421819386e-01 5.786867930756364352e-04 -5.272770152985687542e-05
9.999997936305908830e-01 6.397836765176576459e-04 -5.829437899647584622e-05
9.999997477791570111e-01 7.073310726426883677e-04 -6.444874240125804019e-05
9.999996916549400705e-01 7.820100151336280498e-04 -7.125283320641388599e-05
9.999996231273714509e-01 8.645734397736784017e-04 -7.877524226135103921e-05
9.999995394043524888e-01 9.558537752840769522e-04 -8.709180111001027557e-05
9.999994369861406884e-01 1.056771335846452614e-03 -9.628634628793802789e-05
9.999993118219360211e-01 1.168343599859817923e-03 -1.064515643063750397e-04
9.999991588471044413e-01 1.291695467625575237e-03 -1.176899257606847904e-04
9.999989718860804455e-01 1.428070602280944118e-03 -1.301147180536024934e-04
9.999987432903673090e-01 1.578843967600218395e-03 -1.438511870739925703e-04
9.999984638715541108e-01 1.745535689729012284e-03 -1.590377993939719994e-04
9.999981224154127490e-01 1.929826381529357090e-03 -1.758276376007326643e-04
9.999977050402001355e-01 2.133574084118853437e-03 -1.943899428296386330e-04
9.999971948625622220e-01 2.358832997114231403e-03 -2.149118201012647600e-04
9.999965712353084957e-01 2.607874184842893638e-03 -2.376001234970378205e-04
9.999958090065653726e-01 2.883208467773322632e-03 -2.626835402088817969e-04
9.999948774224362014e-01 3.187611728607877074e-03 -2.904148943325082929e-04
9.999937385582116089e-01 3.524152886927036602e-03 -3.210736934951844085e-04
9.999923467066086369e-01 3.896224828148501379e-03 -3.549689443062836063e-04
9.999906453351964375e-01 4.307578586422987701e-03 -3.924422638790829804e-04
9.999885657933539340e-01 4.762361138547389385e-03 -4.338713198899355112e-04
9.999860239226754377e-01 5.265157173873721320e-03 -4.796736323573706361e-04
9.999829169934731921e-01 5.821035267606450465e-03 -5.303107760016535430e-04
9.999791193988074589e-01 6.435598912235608940e-03 -5.862930245176909295e-04
9.999744777370104254e-01 7.115042918983418251e-03 -6.481844832855526359e-04
9.999688041019603180e-01 7.866215743222441242e-03 -7.166087608708543661e-04
9.999618692512396434e-01 8.696688363191778029e-03 -7.922552364969630279e-04
9.999533928145374340e-01 9.614830373343692324e-03 -8.758859835789102339e-04
9.999430322191042997e-01 1.062989405249544807e-02 -9.683434183870629321e-04
9.999303685295868327e-01 1.175210721447571098e-02 -1.070558747201993304e-03
9.999148898830289012e-01 1.299277574975300255e-02 -1.183561294474680392e-03
9.998959705621610627e-01 1.436439682605917048e-02 -1.308488799899099010e-03
9.998728459512581379e-01 1.588078382940166788e-02 -1.446598782583894283e-03
9.998445813327572207e-01 1.755720419526895712e-02 -1.599281076695093125e-03
9.998100345761276042e-01 1.941053140727002843e-02 -1.768071654496753851e-03
9.997678094881279343e-01 2.145941249200578396e-02 -1.954667857360892994e-03
9.997162000865934539e-01 2.372445249634550987e-02 -2.160945169565815435e-03
9.996531212640110686e-01 2.622841744242173853e-02 -2.388975670487160797e-03
9.995760252899102971e-01 2.899645741612683764e-02 -2.641048315297736277e-03
9.994817985954080886e-01 3.205635140011001832e-02 -2.919691190135154449e-03
9.993666370322162873e-01 3.543877558344320916e-02 -3.227695898617548471e-03
9.992258925233337141e-01 3.917759672497846124e-02 -3.568144222388543001e-03
9.990538867810007106e-01 4.331019213463382922e-02 -3.944437197054086880e-03
9.988436834643658058e-01 4.787779750843854792e-02 -4.360326714892065990e-03
9.985868109231963441e-01 5.292588353675704849e-02 -4.819949736785600868e-03
9.982729236998807432e-01 5.850456149929690597e-02 -5.327865131462669948e-03
9.978893911134968375e-01 6.466901723423734705e-02 -5.889093084808897510e-03
9.974207960901338987e-01 7.147997139051863458e-02 -6.509156887406204392e-03
9.968483269156265258e-01 7.900416207774310640e-02 -7.194126745050452229e-03
9.961490375985245782e-01 8.731484309834984525e-02 -7.950664990445787533e-03
9.952949529879486779e-01 9.649228748745090900e-02 -8.786071759495925684e-03
9.942519857253045990e-01 1.066242806184651420e-01 -9.708329698444475783e-03
9.929786299176862618e-01 1.178065803287498409e-01 -1.072614564943965947e-02
9.914243893403874575e-01 1.301433119325703380e-01 -1.184898639055075899e-02
9.895278949325723161e-01 1.437472536423711478e-01 -1.308710438409166864e-02
9.872146578586415977e-01 1.587399508513485380e-01 -1.445154793603627662e-02
9.843944077018794703e-01 1.752515768332437440e-01 -1.595414827055893076e-02
9.809579576933604717e-01 1.934204284259127271e-01 -1.760747339019151300e-02
9.767735520672664595e-01 2.133919109185153651e-01 -1.942473547227622360e-02
9.716826604552871727e-01 2.353168217707317378e-01 -2.141963450286653997e-02
9.654952139732492222e-01 2.593486900145470786e-01 -2.360611605710129235e-02
9.579843264290274218e-01 2.856398668358630655e-01 -2.599801556574730943e-02
9.488806208111810747e-01 3.143359955551855989e-01 -2.860855530235670990e-02
9.378663999060505851e-01 3.455684233134120875e-01 -3.144965434727788056e-02
9.245700687935861639e-01 3.794440636660129096e-01 -3.453100697408220676e-02
9.085614522048753861e-01 4.160322013169847066e-01 -3.785888328862951901e-02
8.893489591911194481e-01 4.553477812396865554e-01 -4.143461060644472449e-02
8.663799258063902275e-01 4.973308922706099477e-01 -4.525270932416652209e-02
8.390458931505417883e-01 5.418225063455431867e-01 -4.929868895576348248e-02
8.066949846646871425e-01 5.885371416524557420e-01 -5.354656516839163133e-02
7.686538172485344322e-01 6.370340517231579680e-01 -5.795624347179504504e-02
7.242613153426582517e-01 6.866898260699417778e-01 -6.247103178349239921e-02
6.729161313787508369e-01 7.366768477364243894e-01 -6.701568570665479563e-02
6.141378179538372617e-01 7.859536430849262123e-01 -7.149553466723695960e-02
5.476392280828485948e-01 8.332742881464234586e-01 -7.579733945764920156e-02
4.734038947629560234e-01 8.772239765969519487e-01 -7.979252619262351687e-02
3.917579081535360053e-01 9.162857870071817734e-01 -8.334325378308417298e-02
3.034222476018336168e-01 9.489390341688865860e-01 -8.631134941211800193e-02
2.095303464345204814e-01 9.737825610217527572e-01 -8.856950827628068401e-02
1.115985109560967692e-01 9.896683057978409304e-01 -9.001342553483900055e-02
1.144435817981065071e-02 9.958240647775764565e-01 -9.057294616135953824e-02
-8.894052847671697626e-02 9.919424919602007895e-01 -9.022014795207307369e-02
-1.875461693168307409e-01 9.782179182228218917e-01 -8.897268540466922448e-02
-2.825028167886518005e-01 9.553229802963735251e-01 -8.689166721434656016e-02
-3.722166243762526916e-01 9.243301670310468676e-01 -8.407453112478759094e-02
-4.554626002889037850e-01 8.865947767812235591e-01 -8.064441374311780153e-02
-5.314259459395122009e-01 8.436217957071925344e-01 -7.673805926901119956e-02
-5.996943265630453324e-01 7.969387028752831226e-01 -7.249426550643033040e-02
-6.602121387900394822e-01 7.479905732824744247e-01 -6.804435406814966780e-02
-7.132117525550163428e-01 6.980659395600373740e-01 -6.350543351640096368e-02
-7.591363125206775919e-01 6.482544450920408874e-01 -5.897654969263226021e-02
-7.985655058371342596e-01 5.994320739734286807e-01 -5.453734090550448749e-02
-8.321514949624903013e-01 5.522671183364017411e-01 -5.024857712921339259e-02
-8.605683039449432137e-01 5.072395979981577652e-01 -4.615392173705379353e-02
-8.844750195208375132e-01 4.646677777266518539e-01 -4.228233864467168673e-02
-9.044913680579135251e-01 4.247369632348867996e-01 -3.865070711901870404e-02
-9.211833877503794454e-01 3.875273546195878716e-01 -3.526635155022195961e-02
-9.350567390963371306e-01 3.530390937419304875e-01 -3.212931678339407682e-02
-9.465554092796403252e-01 3.212136549007815201e-01 -2.923431160682785426e-02
-9.560639568884506945e-01 2.919514053146362031e-01 -2.657230451857425096e-02
-9.639118695478702259e-01 2.651255633099404707e-01 -2.413179237652362738e-02
-9.703790052836273050e-01 2.405929874132766433e-01 -2.189978121008778755e-02
-9.757014073906852270e-01 2.182022998904021294e-01 -1.986252488408156089e-02
-9.800770393652444845e-01 1.977998442583386585e-01 -1.800606695855883760e-02
-9.836711679160762278e-01 1.792339283213486012e-01 -1.631662674438348615e-02
-9.866212497148098004e-01 1.623577396700158770e-01 -1.478086469525250086e-02
-9.890412651084481421e-01 1.470312533724560666e-01 -1.338605617839629808e-02
-9.910254944267024024e-01 1.331223881294442413e-01 -1.212019690622610779e-02
-9.926517663729356178e-01 1.205076124578227104e-01 -1.097205834415380596e-02
-9.939842231836397701e-01 1.090721561908363640e-01 -9.931207207453133720e-03
-9.950756566227525468e-01 9.870994564065557753e-02 -8.987999804565749082e-03
-9.959694695218884730e-01 8.932335111905863323e-02 -8.133559290781803425e-03
-9.967013129483616174e-01 8.082281230214598267e-02 -7.359741787478083982e-03
-9.973004499459834360e-01 7.312638978695470970e-02 -6.659095764635151495e-03
-9.977908856828374695e-01 6.615927717301221811e-02 -6.024817810622403423e-03
-9.981923023732320877e-01 5.985329831455791366e-02 -5.450707032624571395e-03
-9.985208313861846374e-01 5.414640678013390995e-02 -4.931119639203811710e-03
-9.987896897368965243e-01 4.898219898205447703e-02 -4.460924749587496900e-03
-9.990097036097250749e-01 4.430944838287648874e-02 -4.035462105377684086e-03
-9.991897387483277271e-01 4.008166531150068879e-02 -3.650502098798665343e-03
-9.993370543666255656e-01 3.625668481631894036e-02 -3.302208339972901013e-03
-9.994575933895809561e-01 3.279628345969746311e-02 -2.987102847030228235e-03
-9.995562204464772948e-01 2.966582498793671197e-02 -2.702033854433763711e-03
-9.996369171829119216e-01 2.683393412391598884e-02 -2.444146172267986673e-03
-9.997029421543630612e-01 2.427219726452437693e-02 -2.210853986787625174e-03
-9.997569623155313501e-01 2.195488863119184758e-02 -1.999815971105737764e-03
-9.998011597910315684e-01 1.985872021939754858e-02 -1.808912556376660648e-03
-9.998373204063114583e-01 1.796261393079493993e-02 -1.636225217145559395e-03
-9.998669053872186741e-01 1.624749416943838468e-02 -1.480017615147723696e-03
-9.998911102942805718e-01 1.469609930528594476e-02 -1.338718456817123001e-03
-9.999109134736271498e-01 1.329281044536800675e-02 -1.210905923077525408e-03
-9.999271152442110733e-01 1.202349603087962682e-02 -1.095293537010273927e-03
-9.999403706156351213e-01 1.087537090067645061e-02 -9.907173460461148398e-04
-9.999512153391448832e-01 9.836868519644796291e-03 -8.961243005561320531e-04
-9.999600877461430892e-01 8.897525205713466973e-03 -8.105617229793828571e-04
-9.999673465642755499e-01 8.047875255767797040e-03 -7.331677676444268207e-04
-9.999732852055057686e-01 7.279355968746043827e-03 -6.631627803220064643e-04
-9.999781438244909060e-01 6.584221656869983230e-03 -5.998414749440843241e-04
-9.999821188205411104e-01 5.955465802316761703e-03 -5.425658509475534763e-04
-9.999853709756713060e-01 5.386750603712626810e-03 -4.907587825985741540e-04
-9.999880315518924201e-01 4.872343212537579016e-03 -4.438982167018979330e-04
-9.999902083022338406e-01 4.407058039075173808e-03 -4.015119223213610075e-04
-9.999919891192439181e-01 3.986204541838248017e-03 -3.631727392540503750e-04
-9.999934460921469093e-01 3.605539994592893774e-03 -3.284942792754475785e-04
-9.999946380206358176e-01 3.261226749742259911e-03 -2.971270364118890777e-04
-9.999956131895210154e-01 2.949793578215168053e-03 -2.687548680736474242e-04
-9.999964110199560663e-01 2.668100693142756372e-03 -2.430918113400770393e-04
-9.999970637653079475e-01 2.413308110759751490e-03 -2.198792028903030283e-04
-9.999975978123082365e-01 2.182847029264126191e-03 -1.988830735422335684e-04
-9.999980347501742362e-01 1.974393938588250158e-03 -1.798917912971606655e-04
-9.999983921388923003e-01 1.785847200666928515e-03 -1.627139292083441249e-04
-9.999986845285513404e-01 1.615305865724054549e-03 -1.471763367414036705e-04
-9.999989238404971559e-01 1.461050509603739177e-03 -1.331223950754626642e-04
-9.999991195463870941e-01 1.321525900333026492e-03 -1.204104388957127631e-04
-9.999992796597609868e-01 1.195325320755310453e-03 -1.089123289217300798e-04
-9.999994106497840374e-01 1.081176386471033009e-03 -9.851216054796617860e-05
-9.999995178185769884e-01 9.779282185421501756e-04 -8.910509580742559995e-05
-9.999996055968829456e-01 8.845398408715174311e-04 -8.059630681973712339e-05
-9.999996773270467543e-01 8.000696849905661540e-04 -7.290002005501752553e-05
-9.999997360120375101e-01 7.236660978821615568e-04 -6.593865191479690308e-05
-9.999997840256676929e-01 6.545587553077529368e-04 -5.964202675311356847e-05
-9.999998233056829333e-01 5.920508954853943850e-04 -5.394666958863495360e-05
-9.999998554422061536e-01 5.355122943030995010e-04 -4.879516633319101835e-05
-9.999998817340675084e-01 4.843729113249281766e-04 -4.413558509796271158e-05
-9.999999032454183201e-01 4.381171425601166724e-04 -3.992095275032511009e-05
-9.999999208386756155e-01 3.962786220454261985e-04 -3.610878144439568361e-05
-9.999999352312718415e-01 3.584355198549045592e-04 -3.266064035644021887e-05
-9.999999470153152492e-01 3.242062891070400716e-04 -2.954176830869135044e-05
-9.999999566520301197e-01 2.932458191032596409e-04 -2.672072337823237727e-05
-9.999999645368372603e-01 2.652419558455304830e-04 -2.416906596274095769e-05
-9.999999709855988961e-01 2.399123548027842692e-04 -2.186107210446513568e-05
-9.999999762567844952e-01 2.170016342341169174e-04 -1.977347418683617804e-05
-9.999999805808944542e-01 1.962788003575742220e-04 -1.788522639003410207e-05
-9.999999841116634647e-01 1.775349183878135767e-04 -1.617729253937705866e-05
-9.999999869969601329e-01 1.605810060035218437e-04 -1.463245421241738947e-05
-9.999999893615550972e-01 1.452461279622491120e-04 -1.323513716744797917e-05
-9.999999913031863974e-01 1.313756726750667800e-04 -1.197125434515316890e-05
-9.999999928888481104e-01 1.188297933611314394e-04 -1.082806386093510184e-05
-9.999999941702026884e-01 1.074819980682936981e-04 -9.794040557509087349e-06
-9.999999952242911716e-01 9.721787434371074229e-05 -8.858759822001119718e-06
-9.999999960969339075e-01 8.793393568211981090e-05 -8.012792495600995450e-06
-9.999999968005418571e-01 7.953657814012215317e-05 -7.247609818983830152e-06
-9.999999973997050207e-01 7.194113659706451874e-05 -6.555497454823561281e-06
-9.999999978765726771e-01 6.507103112159557659e-05 -5.929477718129805683e-06
-9.999999982407835608e-01 5.885699487548030418e-05 -5.363239234172366521e-06
-9.999999985850147599e-01 5.323637574417235173e-05 -4.851073312797447412e-06
-9.999999988578136545e-01 4.815250464312187552e-05 -4.387816396696447769e-06
-9.999999990580621390e-01 4.355412417199996304e-05 -3.968798007415736568e-06
-9.999999992361793266e-01 3.939487181917054236e-05 -3.589793661111698769e-06
-9.999999993793161623e-01 3.563281251376696163e-05 -3.246982279539156995e-06
-9.999999994839299244e-01 3.223001582486315661e-05 -2.936907668653772709e-06
-9.999999995892494553e-01 2.915217353474770318e-05 -2.656443675729344310e-06
-9.999999996614017395e-01 2.636825372799820883e-05 -2.402762672711428275e-06
-9.999999997248752992e-01 2.385018792074907121e-05 -2.173307049779628672e-06
-9.999999997748166836e-01 2.157258806182184952e-05 -1.965763430833787042e-06
-9.999999998204495144e-01 1.951249056288440427e-05 -1.778039351221568659e-06
-9.999999998435200599e-01 1.764912477047458832e-05 -1.608242162206395421e-06
-9.999999998865445328e-01 1.596370355056729492e-05 -1.454659950424156627e-06
-9.999999998991342398e-01 1.443923386759018196e-05 -1.315744278890985972e-06
-9.999999999184429056e-01 1.306034545783501203e-05 -1.190094576269787684e-06
-9.999999999377112703e-01 1.181313585880790074e-05 -1.076444016571780888e-06
-9.999999999497223291e-01 1.068503024037511509e-05 -9.736467475549020226e-07
-9.999999999588472521e-01 9.664654620898796089e-06 -8.806663386645988467e-07
-9.999999999659517913e-01 8.741721190703732427e-06 -7.965653322510703589e-07
-9.999999999729030087e-01 7.906924587169069458e-06 -7.204957920516690180e-07
-9.999999999718501842e-01 7.151848074279737265e-06 -6.516907541174562222e-07
-9.999999999743001133e-01 6.468878682051084958e-06 -5.894564950505817139e-07
-9.999999999799447092e-01 5.851130450253953926e-06 -5.331655382286567190e-07
-9.999999999846440613e-01 5.292375001882750406e-06 -4.822503270820941574e-07
-9.999999999863484756e-01 4.786978745923737235e-06 -4.361975031265195078e-07
-9.999999999892453806e-01 4.329846077689169505e-06 -3.945427308973948144e-07
-9.999999999905360148e-01 3.916368003564960359e-06 -3.568660163470941892e-07
-9.999999999935875739e-01 3.542375671269635263e-06 -3.227874720484331673e-07
-9.999999999924262806e-01 3.204098337465864899e-06 -2.919634875178575458e-07
-9.999999999895555769e-01 2.898125350183578395e-06 -2.640832654628995400e-07
-9.999999999974189535e-01 2.621371761909263143e-06 -2.388656880645520594e-07
-9.999999999900708314e-01 2.371047225623917625e-06 -2.160564823293764781e-07
-9.999999999977086107e-01 2.144627861405580475e-06 -1.954256568731216831e-07
-9.999999999940749618e-01 1.939830809895070617e-06 -1.767651834363480272e-07
-1.000000000001250111e+00 1.754591216252662736e-06 -1.598868991314005240e-07
-9.999999999887646540e-01 1.587041410924669534e-06 -1.446206091582290033e-07
-9.999999999994489963e-01 1.435492079122681733e-06 -1.308123714043347403e-07
-9.999999999941056039e-01 1.298415228648751114e-06 -1.183229446471354105e-07
-9.999999999965120123e-01 1.174428784696546054e-06 -1.070263845203823127e-07
-1.000000000000110578e+00 1.062282655171124216e-06 -9.680877343591689101e-08
-9.999999999916616700e-01 9.608461265698409988e-07 -8.756707197405408613e-08
-9.999999999999906741e-01 8.690964635165300625e-07 -7.920808029591400676e-08
-9.999999999978204102e-01 7.861085973069977039e-07 -7.164749872326138233e-08
-9.999999999934321426e-01 7.110457994376716237e-07 -6.480907763344641256e-08
-1.000000000000113243e+00 6.431512452846971985e-07 -5.862384856486112680e-08
-9.999999999940838435e-01 5.817403834223867761e-07 -5.302942910803199063e-08
-9.999999999921084237e-01 5.261940339357900298e-07 -4.796939404911788299e-08
-9.999999999952664531e-01 4.759521455895511531e-07 -4.339270633885929829e-08
-9.999999999860332833e-01 4.305081491488952802e-07 -3.925320255927675617e-08
-1.000000000000115463e+00 3.894038501440631213e-07 -3.550912753959588834e-08
-1.000000000000633271e+00 3.522248091615190065e-07 -3.212271328371443380e-08
-9.999999999613337076e-01 3.185961632663339049e-07 -2.905979826743463089e-08
-9.999999999677962048e-01 2.881788466152346783e-07 -2.628948311790150682e-08
-1.000000000000856648e+00 2.606661718566277638e-07 -2.378381897610434522e-08
-1.000000000000088818e+00 2.357807379846231372e-07 -2.151752573697971531e-08
-1.000000000000093259e+00 2.132716336439794540e-07 -1.946773732281530888e-08
-9.999999999985851318e-01 1.929119073932766635e-07 -1.761377112798106464e-08
-9.999999999969595432e-01 1.744962794031846215e-07 -1.593691950735356436e-08
-9.999999999958809616e-01 1.578390718351724553e-07 -1.442026126930552280e-08
-9.999999999972627451e-01 1.427723369844618765e-07 -1.304849099297133859e-08
-9.999999999954461982e-01 1.291441639193354056e-07 -1.180776454697583179e-08
-9.999999999980828669e-01 1.168171466611258449e-07 -1.068555956568390020e-08
-9.999999999949643614e-01 1.056669988080805442e-07 -9.670549416314969275e-09
-9.999999999935597073e-01 9.558130065655545079e-08 -8.752489090425093199e-09
-9.999999999967702502e-01 8.645836587991657239e-08 -7.922111809467297808e-09
-9.999999999991114885e-01 7.820621622055566163e-08 -7.171035518151457693e-09
-9.999999999993377520e-01 7.074165400287432821e-08 -6.491678420445593155e-09
-9.999999999982646104e-01 6.398942327623628128e-08 -5.877182641107384674e-09
-9.999999999985567101e-01 5.788145120313288918e-08 -5.321345146043484430e-09
-9.999999999977210452e-01 5.235616189131100973e-08 -4.818555091196332089e-09
-9.999999999978630427e-01 4.735785549006473851e-08 -4.363737076656156586e-09
-9.999999999970549114e-01 4.283614641040470216e-08 -3.952300033611445346e-09
-9.999999999965535347e-01 3.874545533132167208e-08 -3.580091155156077470e-09
-9.999999999986567412e-01 3.504454982445441614e-08 -3.243354071290470937e-09
-9.999999999972060127e-01 3.169612871757488254e-08 -2.938690810259198702e-09
-9.999999999992674748e-01 2.866644592708830383e-08 -2.663027391602185785e-09
-9.999999999962952968e-01 2.592497006180146529e-08 -2.413582826259964739e-09
-9.999999999997266631e-01 2.344407654473741915e-08 -2.187841123735594165e-09
-9.999999999970965447e-01 2.119876920346393725e-08 -1.983525914369841169e-09
-9.999999999978321785e-01 1.916642836495181013e-08 -1.798577424325830444e-09
-9.999999999953598229e-01 1.732658275854817254e-08 -1.631131585834668314e-09
-9.999999999969830800e-01 1.566070300735378292e-08 -1.479501095964582888e-09
-9.999999999953818053e-01 1.415201477969471412e-08 -1.342158277561161191e-09
-9.999999999961416419e-01 1.278532970058437089e-08 -1.217719548894223169e-09
-9.999999999984073851e-01 1.154689220459217703e-08 -1.104931320342915908e-09
-9.999999999982646104e-01 1.042424080470750826e-08 -1.002657222472937869e-09
-9.999999999971487252e-01 9.406082438575991166e-09 -9.098664936017401808e-10
-9.999999999984973131e-01 8.482178605248610018e-09 -8.256232833337225572e-10
-9.999999999977059462e-01 7.643242152716722136e-09 -7.490767972296154561e-10
-9.999999999990492050e-01 6.880843672881285971e-09 -6.794523481112167098e-10
-9.999999999964124253e-01 6.187326488563524200e-09 -6.160432575065215528e-10
-9.999999999980005994e-01 5.555729403050579253e-09 -5.582033548116557826e-10
-9.999999999977696730e-01 4.979716498735064205e-09 -5.053398875522190845e-10
-9.999999999968575137e-01 4.453513267298479971e-09 -4.569069183787689171e-10
-9.999999999964330755e-01 3.971848476312843186e-09 -4.123992072710850326e-10
-9.999999999973709919e-01 3.529901184975302647e-09 -3.713462910453051736e-10
-9.999999999958700814e-01 3.123252204773101198e-09 -3.333066721645525404e-10
-9.999999999981857846e-01 2.747839497020237085e-09 -2.978623339936445219e-10
-9.999999999972142284e-01 2.399917235684178361e-09 -2.646135076027127130e-10
-9.999999999978075316e-01 2.076018161051163861e-09 -2.331733243742715301e-10
-9.999999999978470555e-01 1.772918764659806974e-09 -2.031622590696958778e-10
-9.999999999974293896e-01 1.487606955274218413e-09 -1.742024706391564309e-10
-9.999999999986560750e-01 1.217251914289880395e-09 -1.459119335296100786e-10
-9.999999999975303089e-01 9.591758423614096405e-10 -1.178981496395924760e-10
-9.999999999984895416e-01 7.108272762507429687e-10 -8.975139081493775921e-11
-9.999999999999124034e-01 4.697556491124480220e-10 -6.103743681073181243e-11
-9.999999999990749622e-01 2.335868977907155218e-10 -3.128962509014400349e-11
-1.000000000000000000e+00 0.000000000000000000e+00 0.000000000000000000e+00
