Step    Position
0    256
1    256
2    256
3    257
4    257
5    257
6    257
7    258
8    258
9    258
10    258
11    259
12    259
13    259
14    259
15    260
16    260
17    260
18    260
19    261
20    261
21    261
22    261
23    262
24    262
25    262
26    262
27    263
28    263
29    263
30    263
31    263
32    264
33    264
34    264
35    264
36    265
37    265
38    265
39    265
40    265
41    266
42    266
43    266
44    266
45    266
46    267
47    267
48    267
49    267
50    267
51    268
52    268
53    268
54    268
55    268
56    269
57    269
58    269
59    269
60    269
61    270
62    270
63    270
64    270
65    270
66    271
67    271
68    271
69    271
70    271
71    271
72    272
73    272
74    272
75    272
76    272
77    272
78    273
79    273
80    273
81    273
82    273
83    273
84    274
85    274
86    274
87    274
88    274
89    274
90    275
91    275
92    275
93    275
94    275
95    275
96    276
97    276
98    276
99    276
100    276
101    276
102    276
103    277
104    277
105    277
106    277
107    277
108    277
109    277
110    278
111    278
112    278
113    278
114    278
115    278
116    278
117    279
118    279
119    279
120    279
121    279
122    279
123    279
124    279
125    280
126    280
127    280
128    280
129    280
130    280
131    280
132    280
133    281
134    281
135    281
136    281
137    281
138    281
139    281
140    281
141    281
142    282
143    282
144    282
145    282
146    282
147    282
148    282
149    282
150    282
151    283
152    283
153    283
154    283
155    283
156    283
157    283
158    283
159    283
160    284
161    284
162    284
163    284
164    284
165    284
166    284
167    284
168    284
169    284
170    285
171    285
172    285
173    285
174    285
175    285
176    285
177    285
178    285
179    285
180    285
181    286
182    286
183    286
184    286
185    286
186    286
187    286
188    286
189    286
190    286
191    286
192    287
193    287
194    287
195    287
196    287
197    287
198    287
199    287
200    287
201    287
202    287
203    287
204    288
205    288
206    288
207    288
208    288
209    288
210    288
211    288
212    288
213    288
214    288
215    288
216    288
217    289
218    289
219    289
220    289
221    289
222    289
223    289
224    289
225    289
226    289
227    289
228    289
229    289
230    289
231    289
232    290
233    290
234    290
235    290
236    290
237    290
238    290
239    290
240    290
241    290
242    290
243    290
244    290
245    290
246    290
247    291
248    291
249    291
250    291
251    291
252    291
253    291
254    291
255    291
256    291
257    291
258    291
259    291
260    291
261    291
262    291
263    291
264    291
265    292
266    292
267    292
268    292
269    292
270    292
271    292
272    292
273    292
274    292
275    292
276    292
277    292
278    292
279    292
280    292
281    292
282    292
283    292
284    293
285    293
286    293
287    293
288    293
289    293
290    293
291    293
292    293
293    293
294    293
295    293
296    293
297    293
298    293
299    293
300    293
301    293
302    293
303    293
304    293
305    293
306    294
307    294
308    294
309    294
310    294
311    294
312    294
313    294
314    294
315    294
316    294
317    294
318    294
319    294
320    294
321    294
322    294
323    294
324    294
325    294
326    294
327    294
328    294
329    294
330    294
331    295
332    295
333    295
334    295
335    295
336    295
337    295
338    295
339    295
340    295
341    295
342    295
343    295
344    295
345    295
346    295
347    295
348    295
349    295
350    295
351    295
352    295
353    295
354    295
355    295
356    295
357    295
358    295
359    295
360    295
361    296
362    296
363    296
364    296
365    296
366    296
367    296
368    296
369    296
370    296
371    296
372    296
373    296
374    296
375    296
376    296
377    296
378    296
379    296
380    296
381    296
382    296
383    296
384    296
385    296
386    296
387    296
388    296
389    296
390    296
391    296
392    296
393    296
394    296
395    296
396    296
397    297
398    297
399    297
400    297
401    297
402    297
403    297
404    297
405    297
406    297
407    297
408    297
409    297
410    297
411    297
412    297
413    297
414    297
415    297
416    297
417    297
418    297
419    297
420    297
421    297
422    297
423    297
424    297
425    297
426    297
427    297
428    297
429    297
430    297
431    297
432    297
433    297
434    297
435    297
436    297
437    297
438    297
439    297
440    297
441    297
442    297
443    298
444    298
445    298
446    298
447    298
448    298
449    298
450    298
451    298
452    298
453    298
454    298
455    298
456    298
457    298
458    298
459    298
460    298
461    298
462    298
463    298
464    298
465    298
466    298
467    298
468    298
469    298
470    298
471    298
472    298
473    298
474    298
475    298
476    298
477    298
478    298
479    298
480    298
481    298
482    298
483    298
484    298
485    298
486    298
487    298
488    298
489    298
490    298
491    298
492    298
493    298
494    298
495    298
496    298
497    298
498    298
499    298
500    298
501    298
502    298
503    298
504    298
505    298
506    299
507    299
508    299
509    299
510    299
511    299
512    299
513    299
514    299
515    299
516    299
517    299
518    299
519    299
520    299
521    299
522    299
523    299
524    299
525    299
526    299
527    299
528    299
529    299
530    299
531    299
532    299
533    299
534    299
535    299
536    299
537    299
538    299
539    299
540    299
541    299
542    299
543    299
544    299
545    299
546    299
547    299
548    299
549    299
550    299
551    299
552    299
553    299
554    299
555    299
556    299
557    299
558    299
559    299
560    299
561    299
562    299
563    299
564    299
565    299
566    299
567    299
568    299
569    299
570    299
571    299
572    299
573    299
574    299
575    299
576    299
577    299
578    299
579    299
580    299
581    299
582    299
583    299
584    299
585    299
586    299
587    299
588    299
589    299
590    299
591    299
592    299
593    299
594    299
595    299
596    299
597    299
598    299
599    299
600    299
601    299
602    299
603    299
604    299
605    299
606    299
607    299
608    299
609    299
610    300
611    300
612    300
613    300
614    300
615    300
616    300
617    300
618    300
619    300
620    300
621    300
622    300
623    300
624    300
625    300
626    300
627    300
628    300
629    300
630    300
631    300
632    300
633    300
634    300
635    300
636    300
637    300
638    300
639    300
640    300
641    300
642    300
643    300
644    300
645    300
646    300
647    300
648    300
649    300
650    300
651    300
652    300
653    300
654    300
655    300
656    300
657    300
658    300
659    300
660    300
661    300
662    300
663    300
664    300
665    300
666    300
667    300
668    300
669    300
670    300
671    300
672    300
673    300
674    300
675    300
676    300
677    300
678    300
679    300
680    300
681    300
682    300
683    300
684    300
685    300
686    300
687    300
688    300
689    300
690    300
691    300
692    300
693    300
694    300
695    300
696    300
697    300
698    300
699    300
700    300
701    300
702    300
703    300
704    300
705    300
706    300
707    300
708    300
709    300
710    300
711    300
712    300
713    300
714    300
715    300
716    300
717    300
718    300
719    300
720    300
721    300
722    300
723    300
724    300
725    300
726    300
727    300
728    300
729    300
730    300
731    300
732    300
733    300
734    300
735    300
736    300
737    300
738    300
739    300
740    300
741    300
742    300
743    300
744    300
745    300
746    300
747    300
748    300
749    300
750    300
751    300
752    300
753    300
754    300
755    300
756    300
757    300
758    300
759    300
760    300
761    300
762    300
763    300
764    300
765    300
766    300
767    300
768    300
769    300
770    300
771    300
772    300
773    300
774    300
775    300
776    300
777    300
778    300
779    300
780    300
781    300
782    300
783    300
784    300
785    300
786    300
787    300
788    300
789    300
790    300
791    300
792    300
793    300
794    300
795    300
796    300
797    300
798    300
799    300
800    300
801    300
802    300
803    300
804    300
805    300
806    300
807    300
808    300
809    300
810    300
811    300
812    300
813    300
814    300
815    300
816    300
817    300
818    300
819    300
820    300
821    300
822    300
823    300
824    300
825    300
826    300
827    300
828    300
829    300
830    300
831    300
832    300
833    300
834    300
835    300
836    300
837    300
838    300
839    300
840    300
841    300
842    300
843    300
844    300
845    300
846    300
847    300
848    300
849    300
850    300
851    300
852    300
853    300
854    300
855    300
856    300
857    300
858    300
859    300
860    300
861    300
862    300
863    300
864    300
865    300
866    300
867    300
868    300
869    300
870    300
871    300
872    300
873    300
874    300
875    300
876    300
877    300
878    300
879    300
880    300
881    300
882    300
883    300
884    300
885    300
886    300
887    300
888    300
889    300
890    300
891    300
892    300
893    300
894    300
895    300
896    300
897    300
898    300
899    300
900    300
901    300
902    300
903    300
904    300
905    300
906    300
907    300
908    300
909    300
910    300
911    300
912    300
913    300
914    300
915    300
916    300
917    300
918    300
919    300
920    300
921    300
922    300
923    300
924    300
925    300
926    300
927    300
928    300
929    300
930    300
931    300
932    300
933    300
934    300
935    301
936    301
937    301
938    301
939    301
940    301
941    301
942    301
943    301
944    301
945    301
946    301
947    301
948    301
949    301
950    301
951    301
952    301
953    301
954    301
955    301
956    301
957    301
958    301
959    301
960    301
961    301
962    301
963    301
964    301
965    301
966    301
967    301
968    301
969    301
970    301
971    301
972    301
973    301
974    301
975    301
976    301
977    301
978    301
979    301
980    301
981    301
982    301
983    301
984    301
985    301
986    301
987    301
988    301
989    301
990    301
991    301
992    301
993    301
994    301
995    301
996    301
997    301
998    301
999    301
1000    301
1001    301
1002    301
1003    301
1004    301
1005    301
1006    301
1007    301
1008    301
1009    301
1010    301
1011    301
1012    301
1013    301
1014    301
1015    301
1016    301
1017    301
1018    301
1019    301
1020    301
1021    301
1022    301
1023    301
1024    301
1025    301
1026    301
1027    301
1028    301
1029    301
1030    301
1031    301
1032    301
1033    301
1034    301
1035    301
1036    301
1037    301
1038    301
1039    301
1040    301
1041    301
1042    301
1043    301
1044    301
1045    301
1046    301
1047    301
1048    301
1049    301
1050    301
1051    301
1052    301
1053    301
1054    301
1055    301
1056    301
1057    301
1058    301
1059    301
1060    301
1061    301
1062    301
1063    301
1064    301
1065    301
1066    301
1067    301
1068    301
1069    301
1070    301
1071    301
1072    301
1073    301
1074    301
1075    301
1076    301
1077    301
1078    301
1079    301
1080    301
1081    301
1082    301
1083    301
1084    301
1085    301
1086    301
1087    301
1088    301
1089    301
1090    301
1091    301
1092    301
1093    301
1094    301
1095    301
1096    301
1097    301
1098    301
1099    301
1100    301
1101    301
1102    301
1103    301
1104    301
1105    301
1106    301
1107    301
1108    301
1109    301
1110    301
1111    301
1112    301
1113    301
1114    301
1115    301
1116    301
1117    301
1118    301
1119    301
1120    301
1121    301
1122    301
1123    301