1.000000000000000000e+00 0.000000000000000000e+00 0.000000000000000000e+00
1.000000000000000000e+00 -4.686163087249632524e-12 -7.376359792513624656e-12
1.000000000000000000e+00 5.020079227230263420e-13 -3.623496133924716831e-12
1.000000000000000000e+00 3.703903731267193112e-13 -3.912229020347331222e-12
1.000000000000000000e+00 4.045369767717262810e-12 -2.040075948604242346e-11
1.000000000000000000e+00 -1.662317906710447515e-12 -3.196092891948184359e-11
1.000000000000000000e+00 -7.953009789343278427e-12 -3.021038512527620087e-11
1.000000000000000000e+00 -1.195386241678634764e-11 -1.873275142842463491e-11
1.000000000000000000e+00 -5.393401165460667108e-12 -1.234258712318582426e-11
1.000000000000000000e+00 7.807285558202691513e-12 -1.462262722850509775e-11
1.000000000000000000e+00 3.727907155523085744e-12 -9.832732056726400319e-12
1.000000000000000000e+00 4.038437727171666778e-12 -3.624378312296251225e-12
1.000000000000000000e+00 1.418886244063447126e-11 -7.362834063831688047e-12
1.000000000000000000e+00 2.124532667691097665e-11 -7.929346648789285079e-12
1.000000000000000000e+00 3.670376797484778066e-11 -3.249363395377180123e-12
1.000000000000000000e+00 5.108055321417043987e-11 -1.160385763863968691e-11
1.000000000000000000e+00 4.719712687995088828e-11 -2.205798338897370670e-11
1.000000000000000000e+00 2.969163916947694415e-11 -1.712354101428775837e-11
1.000000000000000000e+00 2.511699823561160715e-11 -1.013681593719932560e-11
1.000000000000000000e+00 2.991879998539525115e-11 -3.154253396815919045e-12
1.000000000000000000e+00 3.776145304975063509e-11 -3.615270715764452748e-12
1.000000000000000000e+00 4.727481812277707855e-11 -9.221925003049715163e-13
1.000000000000000000e+00 6.036162328963253393e-11 -5.517204879506033818e-13
1.000000000000000000e+00 8.298192553970309000e-11 -3.097600558629276956e-12
1.000000000000000000e+00 8.554986011256737888e-11 -7.297681758732453094e-12
1.000000000000000000e+00 8.031595104306122198e-11 -1.116698987922024983e-11
1.000000000000000000e+00 8.719863253108254161e-11 -8.164612576457721809e-12
1.000000000000000000e+00 1.054135272400341925e-10 -1.195298411535318158e-11
1.000000000000000000e+00 1.367480548407416642e-10 -1.583923984847441337e-11
1.000000000000000000e+00 1.555694565637842123e-10 -1.274507248830592490e-11
1.000000000000000000e+00 1.703783057345479721e-10 -1.543260158612876073e-11
1.000000000000000000e+00 2.087536315788239880e-10 -1.317571241426531933e-11
1.000000000000000000e+00 2.406248166785425959e-10 -7.508112664915919036e-12
1.000000000000000000e+00 2.570399698309118692e-10 -1.473856035661208111e-11
1.000000000000000000e+00 2.798776721774225068e-10 -2.070455364471251971e-11
1.000000000000000000e+00 3.190845365109121180e-10 -2.418419230452505022e-11
1.000000000000000000e+00 3.654239788602269681e-10 -2.422236894793029769e-11
1.000000000000000000e+00 4.149625149321184234e-10 -2.694574586713007643e-11
1.000000000000000000e+00 4.542802374358002173e-10 -3.187227031956706486e-11
1.000000000000000000e+00 4.951769258972334966e-10 -4.072323727374068022e-11
1.000000000000000000e+00 5.465874129203268381e-10 -4.376560251064079229e-11
1.000000000000000000e+00 6.163134349894842738e-10 -4.713646718712483783e-11
1.000000000000000000e+00 6.836508684413346382e-10 -5.280607062544222390e-11
1.000000000000000000e+00 7.595845792644308906e-10 -5.885855104875694753e-11
1.000000000000000000e+00 8.427034162056754119e-10 -5.820770821769542283e-11
1.000000000000000000e+00 9.433308985825387176e-10 -6.002926948813151569e-11
1.000000000000000000e+00 1.054543124615718071e-09 -6.395640523105719137e-11
1.000000000000000000e+00 1.185452693574163122e-09 -7.178564582379176174e-11
1.000000000000000000e+00 1.332509742840258908e-09 -6.998210902081917595e-11
1.000000000000000000e+00 1.487574022143586633e-09 -7.242171181503464723e-11
1.000000000000000000e+00 1.657909220670526000e-09 -8.607145975601789155e-11
1.000000000000000000e+00 1.859825401546344010e-09 -1.062807534602643686e-10
1.000000000000000000e+00 2.078584967714213850e-09 -1.135655795001612091e-10
1.000000000000000000e+00 2.311695969890668878e-09 -1.239013086815628446e-10
1.000000000000000000e+00 2.565575610615652158e-09 -1.434574777689712915e-10
1.000000000000000000e+00 2.861811836059232558e-09 -1.613331566168306633e-10
1.000000000000000000e+00 3.190721609722010090e-09 -1.784732955639051027e-10
1.000000000000000000e+00 3.569286487236421900e-09 -1.849170747877919492e-10
1.000000000000000000e+00 3.977259735061699540e-09 -1.891720822423593484e-10
1.000000000000000000e+00 4.435593425538023747e-09 -2.040633138184846022e-10
1.000000000000000000e+00 4.940306836935210899e-09 -2.178941822038954783e-10
1.000000000000000000e+00 5.495956762986479512e-09 -2.488569557631350557e-10
1.000000000000000000e+00 6.115628849971219026e-09 -2.793109653499428399e-10
1.000000000000000000e+00 6.804661677655104667e-09 -3.143070390833522776e-10
1.000000000000000000e+00 7.574246452254865072e-09 -3.365426760394528209e-10
1.000000000000000000e+00 8.430629553969128287e-09 -3.515601456992684514e-10
1.000000000000000000e+00 9.378720905241599865e-09 -3.608604042587654463e-10
1.000000000000000000e+00 1.043813123817740550e-08 -3.773716003168871065e-10
1.000000000000000000e+00 1.160705284793628904e-08 -3.990297892726825883e-10
1.000000000000000000e+00 1.290134469582605478e-08 -4.346312120087289569e-10
1.000000000000000000e+00 1.434290971413512448e-08 -4.853936818894929705e-10
1.000000000000000000e+00 1.593808396617866642e-08 -5.181120687036003586e-10
1.000000000000000000e+00 1.770660320922264717e-08 -5.585465348028854153e-10
1.000000000000000000e+00 1.967204284718418487e-08 -6.037953667264785062e-10
1.000000000000000000e+00 2.185950834043893344e-08 -6.463293926507848029e-10
1.000000000000000000e+00 2.428620516461668999e-08 -7.056405378494313046e-10
1.000000000000000000e+00 2.697199976732746912e-08 -7.722028911978353151e-10
1.000000000000000000e+00 2.995954751789735416e-08 -8.402384775047126304e-10
1.000000000000000000e+00 3.327788463001407801e-08 -9.074060222415114210e-10
1.000000000000000000e+00 3.694425582752898963e-08 -9.751344518256307227e-10
1.000000000000000000e+00 4.100275422987991210e-08 -1.056641414151697929e-09
1.000000000000000000e+00 4.550987440614390870e-08 -1.133807621336448814e-09
1.000000000000000000e+00 5.050655268512827023e-08 -1.222044226854458028e-09
1.000000000000000000e+00 5.605736285681614459e-08 -1.320790902239734635e-09
1.000000000000000000e+00 6.220430578584118309e-08 -1.423966268795071360e-09
1.000000000000000000e+00 6.899885049165893070e-08 -1.518325983354333757e-09
1.000000000000000000e+00 7.652094158741377400e-08 -1.620184601052298334e-09
1.000000000000000000e+00 8.485897065018639734e-08 -1.743469985809712640e-09
1.000000000000000000e+00 9.411106965186011875e-08 -1.887620233473137969e-09
1.000000000000000000e+00 1.043601755048637864e-07 -2.043189971529681454e-09
1.000000000000000000e+00 1.157002026210651126e-07 -2.197853312691635244e-09
1.000000000000000000e+00 1.282641482836483819e-07 -2.353169103104111648e-09
1.000000000000000000e+00 1.421827959924130444e-07 -2.524616736322524020e-09
1.000000000000000000e+00 1.575974559711200855e-07 -2.717972328897483337e-09
1.000000000000000000e+00 1.746694107998589483e-07 -2.911276017948944826e-09
1.000000000000000000e+00 1.935646667579470834e-07 -3.114756487977906104e-09
1.000000000000000000e+00 2.144748206331199929e-07 -3.335561167371210965e-09
1.000000000000000000e+00 2.376222973557670998e-07 -3.580314166166497813e-09
1.000000000000000000e+00 2.632460637627675062e-07 -3.833275651094711999e-09
1.000000000000090594e+00 2.916168279144678783e-07 -4.095433596024025382e-09
1.000000000000090150e+00 3.230169828570185136e-07 -4.375046775624508034e-09
1.000000000000036637e+00 3.577879566303526284e-07 -4.705159866748285963e-09
1.000000000000090594e+00 3.962412627165445357e-07 -5.047621477304893740e-09
1.000000000000000000e+00 4.387970786059358980e-07 -5.395339732770848194e-09
1.000000000000000000e+00 4.858929519057849818e-07 -5.766749579162815833e-09
1.000000000000090150e+00 5.380028560755113566e-07 -6.176104717879895701e-09
1.000000000000027089e+00 5.956592748669214281e-07 -6.611259962072732228e-09
1.000000000000025313e+00 6.594446725977691913e-07 -7.073652449312780235e-09
1.000000000000089706e+00 7.300163932594994091e-07 -7.567947862049061301e-09
1.000000000000089262e+00 8.080819617020987677e-07 -8.100062834247906046e-09
9.999999999999709122e-01 8.944371102434385456e-07 -8.667098746928706508e-09
1.000000000000088818e+00 9.899697449570567974e-07 -9.274692603961245482e-09
1.000000000000085487e+00 1.095625990914173209e-06 -9.919291520691927615e-09
1.000000000000013989e+00 1.212477604948112042e-06 -1.060672430578460314e-08
1.000000000000079936e+00 1.341730091451406725e-06 -1.133552814512436821e-08
1.000000000000085709e+00 1.484691941854295450e-06 -1.211390998524179216e-08
1.000000000000330624e+00 1.642794901438695515e-06 -1.295373318120124595e-08
1.000000000000318412e+00 1.817637373078672753e-06 -1.385831537537368871e-08
1.000000000000348388e+00 2.010983847649303115e-06 -1.481850390717323506e-08
1.000000000000416778e+00 2.224796668101273006e-06 -1.583371489915272368e-08
1.000000000000520473e+00 2.461232011073657574e-06 -1.693227522628416099e-08
1.000000000000819789e+00 2.722663402903623862e-06 -1.810160470736074968e-08
1.000000000000852429e+00 3.011742484833109266e-06 -1.935324597283967049e-08
1.000000000000947908e+00 3.331373675263240365e-06 -2.070172238978989451e-08
1.000000000001235456e+00 3.684789152557921012e-06 -2.216973312631785493e-08
1.000000000001749045e+00 4.075547543520610560e-06 -2.373782133632986662e-08
1.000000000002046585e+00 4.507563372813159630e-06 -2.540492416377779787e-08
1.000000000002499112e+00 4.985198993144580251e-06 -2.719517362649801168e-08
1.000000000003036904e+00 5.513256950616936570e-06 -2.912060480829465575e-08
1.000000000003768319e+00 6.097032459053006828e-06 -3.117685572933080925e-08
1.000000000004504397e+00 6.742410178774815228e-06 -3.338598862354102255e-08
1.000000000005483169e+00 7.455871920278079907e-06 -3.576938861788633385e-08
1.000000000006799450e+00 8.244585401729167992e-06 -3.834348692480566359e-08
1.000000000008243406e+00 9.116476426263519272e-06 -4.111346308389221863e-08
9.999999999101849557e-01 1.008031165436449945e-05 -4.410573340541201352e-08
9.999999999123319050e-01 1.114576162876433311e-05 -4.733594260208356148e-08
9.999999999151522045e-01 1.232352459154345527e-05 -5.081114617201789051e-08
9.999999999185593680e-01 1.362539856833186996e-05 -5.457523219908250638e-08
9.999999999226493186e-01 1.506445243689880802e-05 -5.864685156543217647e-08
9.999999998276889457e-01 1.665512048018009505e-05 -6.304989763531842101e-08
9.999999998337831819e-01 1.841336846661079750e-05 -6.782149334594964054e-08
9.999999998413120483e-01 2.035682166755651038e-05 -7.298660952635744511e-08
9.999999997504936955e-01 2.250497299750165090e-05 -7.857869093179633385e-08
9.999999996617330300e-01 2.487934864973058004e-05 -8.464383959291477646e-08
9.999999995755196602e-01 2.750373560480016383e-05 -9.122345070519803480e-08
9.999999994922912361e-01 3.040444063390107632e-05 -9.836957403637817573e-08
9.999999994128135894e-01 3.361052075596481067e-05 -1.061526180567592559e-07
9.999999993378552166e-01 3.715409387413299197e-05 -1.146093827113604641e-07
9.999999991684497269e-01 4.107067777574086416e-05 -1.238096667731273383e-07
9.999999990058044963e-01 4.539950000504502101e-05 -1.338314894877755986e-07
9.999999987515137967e-01 5.018391316782258495e-05 -1.447580461026937316e-07
9.999999985073313447e-01 5.547180444576295101e-05 -1.566734787674801187e-07
9.999999980754837869e-01 6.131614133894245592e-05 -1.696807237480926667e-07
9.999999976587370387e-01 6.777545467469842512e-05 -1.838781808046488397e-07
9.999999971605786353e-01 7.491437673117434066e-05 -1.994012343430356134e-07
9.999999965849136752e-01 8.280437845258584075e-05 -2.163709681451591484e-07
9.999999958367667974e-01 9.152445361866082230e-05 -2.349238667364040222e-07
9.999999949223437046e-01 1.011618817723439868e-04 -2.552264943824339237e-07
9.999999937490319235e-01 1.118131317261612779e-04 -2.774455805999918112e-07
9.999999923259373924e-01 1.235847882083799545e-04 -3.017964251807083030e-07
9.999999906641932057e-01 1.365946530218654237e-04 -3.284852645531890364e-07
9.999999885774173425e-01 1.509728964108439950e-04 -3.577426183471857223e-07
9.999999860821623399e-01 1.668634140744551216e-04 -3.898631292687721765e-07
9.999999829987330502e-01 1.844252166334038937e-04 -4.251106499648942977e-07
9.999999792518887709e-01 2.038340178657708070e-04 -4.638015100128037324e-07
9.999999746718726268e-01 2.252839855007616489e-04 -5.063008255415229356e-07
9.999999689956245996e-01 2.489897328851451742e-04 -5.530090723520025626e-07
9.999999621682488238e-01 2.751884152881820932e-04 -6.043528794138931700e-07
9.999999537448557296e-01 3.041421185804634038e-04 -6.607824756121804065e-07
9.999999434927800968e-01 3.361405053253903276e-04 -7.228565825682697899e-07
9.999999309941937087e-01 3.715036679808678545e-04 -7.911730855788711345e-07
9.999999157495148561e-01 4.105853462060647793e-04 -8.663594988492964466e-07
9.999998970813575028e-01 4.537764686083420448e-04 -9.491332869101957555e-07
9.999998742395236340e-01 5.015090721348194110e-04 -1.040281998211490723e-06
9.999998464069286275e-01 5.542606000506024094e-04 -1.140680058439238695e-06
9.999998124069340300e-01 6.125586730150305590e-04 -1.251270160637421468e-06
9.999997708124500617e-01 6.769863925196583504e-04 -1.373129281970245378e-06
9.999997200567861677e-01 7.481881883622073419e-04 -1.507438464693843165e-06
9.999996581468058032e-01 8.268761947302073713e-04 -1.655488093845316409e-06
9.999995824798052491e-01 9.138374100140452027e-04 -1.818732859469217636e-06
9.999994899628935618e-01 1.009941572293800551e-03 -1.998751263789949865e-06
9.999993771374590112e-01 1.116149859772252832e-03 -2.197293302654745210e-06
9.999992392092931226e-01 1.233524489523626227e-03 -2.416300944215075735e-06
9.999990707843456894e-01 1.363239333638509212e-03 -2.657916205649008732e-06
9.999988651136769713e-01 1.506591666645832337e-03 -2.924497677248317508e-06
9.999986138467396035e-01 1.665015129792332856e-03 -3.218685663649777577e-06
9.999983069989193396e-01 1.840094083381424179e-03 -3.543364614049325264e-06
9.999979322310920127e-01 2.033579404883232179e-03 -3.901716752639028811e-06
9.999974745488258154e-01 2.247406054485012825e-03 -4.297287015177561333e-06
9.999969155228465301e-01 2.483712400926632504e-03 -4.733990700355385854e-06
9.999962328362028696e-01 2.744861572805025116e-03 -5.216136386634769435e-06
9.999953990644113722e-01 3.033465109734389056e-03 -5.748485056920198064e-06
9.999943805940403330e-01 3.352409041916277945e-03 -6.336308920721960874e-06
9.999931368922581054e-01 3.704882756550281243e-03 -6.985444229412474866e-06
9.999916178335611638e-01 4.094410884198590797e-03 -7.702312016270339355e-06
9.999897625984230931e-01 4.524888512597439669e-03 -8.494028233133681005e-06
9.999874967647918167e-01 5.000620083443604348e-03 -9.368493340962326144e-06
9.999847295011551340e-01 5.526362436090769339e-03 -1.033437696197264652e-05
9.999813497969772813e-01 6.107372238981224367e-03 -1.140126597339277143e-05
9.999772220528116984e-01 6.749458575822194460e-03 -1.257977776344114592e-05
9.999721808628956321e-01 7.459040847417953632e-03 -1.388160589006197674e-05
9.999660240481086371e-01 8.243212812438767065e-03 -1.531974010077586802e-05
9.999585046685144363e-01 9.109813447328848901e-03 -1.690860206241917061e-05
9.999493212043631951e-01 1.006750507594416505e-02 -1.866409539924975496e-05
9.999381054712107586e-01 1.112585962318091842e-02 -2.060366331236387655e-05
9.999244077658995256e-01 1.229545373101533293e-02 -2.274641700864253409e-05
9.999076788736088739e-01 1.358797368855059126e-02 -2.511344119960665604e-05
9.998872481593820138e-01 1.501633133095559534e-02 -2.772823889225596570e-05
9.998622964381411737e-01 1.659479225252223633e-02 -3.061730410303265405e-05
9.998318237025707322e-01 1.833911740898851866e-02 -3.381039704358075571e-05
9.997946082097971532e-01 2.026671904926928558e-02 -3.734032046715755616e-05
9.997491586127901231e-01 2.239683185523008366e-02 -4.124238810085586462e-05
9.996936534631954974e-01 2.475070047182819505e-02 -4.555400276300565601e-05
9.996258686417813788e-01 2.735178526572651370e-02 -5.031516552649085169e-05
9.995430888923203527e-01 3.022598853843781394e-02 -5.557021037667641834e-05
9.994419988035591063e-01 3.340190399120513548e-02 -6.137048943048819302e-05
9.993185512251970826e-01 3.691109147060075979e-02 -6.777702454007099634e-05
9.991678050143507628e-01 4.078837843271324731e-02 -7.486176533146690246e-05
9.989837290855757557e-01 4.507218847100936260e-02 -8.270636958760275428e-05
9.987589618803640601e-01 4.980489586617259379e-02 -9.139849174469294717e-05
9.984845197007361506e-01 5.503320537861024903e-02 -1.010266843863798073e-04
9.981494412298141938e-01 6.080855638845232558e-02 -1.116760773354444645e-04
9.977403558465355315e-01 6.718755099726672619e-02 -1.234274168543661660e-04
9.972409594847179148e-01 7.423240586224341686e-02 -1.363612392913157571e-04
9.966313779038159515e-01 8.201142577258187238e-02 -1.505676962267308054e-04
9.958873951938798097e-01 9.059949499753817970e-02 -1.661608033646577243e-04
9.949795198617860104e-01 1.000785764383549936e-01 -1.832940840749617520e-04
9.938718554762742130e-01 1.105382017241278575e-01 -2.021741500174264116e-04
9.925207396147628369e-01 1.220759262258193922e-01 -2.230685282386102829e-04
9.908731081924425643e-01 1.347977107295127153e-01 -2.463049829868601821e-04
9.888645386699934647e-01 1.488181775445776289e-01 -2.722614272775712762e-04
9.864169205592406842e-01 1.642606708992564168e-01 -3.013472366532601800e-04
9.834357008207166295e-01 1.812570297166813948e-01 -3.339781344228519386e-04
9.798066538086909194e-01 1.999469526140560116e-01 -3.705480883978642275e-04
9.753921321138517841e-01 2.204767999204079454e-01 -4.114015320873287197e-04
9.700267734845858802e-01 2.429976336784915592e-01 -4.568092348068957930e-04
9.635126706746720560e-01 2.676622433807834267e-01 -5.069498292104631255e-04
9.556140655346524460e-01 2.946208443431470037e-01 -5.618977269283005442e-04
9.460517153492014053e-01 3.240150698955862052e-01 -6.216171723015065939e-04
9.344972018008157466e-01 3.559698151331974203e-01 -6.859608612545301486e-04
9.205676416590478084e-01 3.905824466701816045e-01 -7.546708545624539318e-04
9.038214976099445686e-01 4.279088873912442192e-01 -8.273794842142360301e-04
8.837565122528802108e-01 4.679461619708975562e-01 -9.036079573372809114e-04
8.598111679443538602e-01 5.106111921661790065e-01 -9.827610763468604387e-04
8.313714926600547228e-01 5.557160326554132501e-01 -1.064117519367195792e-03
7.977854038703974249e-01 6.029404068717282295e-01 -1.146816402015458404e-03
7.583869818645855299e-01 6.518034007573424438e-01 -1.229842557990186479e-03
7.125328741221285123e-01 7.016375003196885229e-01 -1.312014018319917217e-03
6.596521980530761775e-01 7.515697173405511133e-01 -1.391977096804601849e-03
5.993095402734156529e-01 8.005160331373878391e-01 -1.468214977576832439e-03
5.312777967886930242e-01 8.471962782813594606e-01 -1.539075843396666950e-03
4.556137989519140619e-01 8.901761045669913663e-01 -1.602825069544565632e-03
3.727255996219263623e-01 9.279401270310154715e-01 -1.657723034448589433e-03
2.834172284073609993e-01 9.589951915158974050e-01 -1.702125389707957823e-03
1.888963584714460076e-01 9.819954974312919971e-01 -1.734597027688187295e-03
9.073411213876225734e-02 9.958736085904804636e-01 -1.754026048171578381e-03
-9.225534561427221197e-03 9.999558954975878988e-01 -1.759720895443638716e-03
-1.089982157505801491e-01 9.940404022169686549e-01 -1.751474544622107004e-03
-2.066144280853031701e-01 9.784209148718426841e-01 -1.729584295811625351e-03
-3.002723296241983086e-01 9.538520092871616285e-01 -1.694823461171782219e-03
-3.884635196444550242e-01 9.214626291010699077e-01 -1.648370249619199356e-03
-4.700544734577238315e-01 8.826359716673971567e-01 -1.591706351766719726e-03
-5.443172566728524675e-01 8.388780566329151478e-01 -1.526501811257644598e-03
-6.109138972015808466e-01 7.916957083174926968e-01 -1.454502675386233580e-03
-6.698462516080011531e-01 7.424985534629630068e-01 -1.377434331069460989e-03
-7.213861373006926758e-01 6.925318468797300175e-01 -1.296928260289327778e-03
-7.659994999146741979e-01 6.428400199791260983e-01 -1.214474324796112423e-03
-8.042750078286478033e-01 5.942562003298894613e-01 -1.131396584185626313e-03
-8.368633670941085789e-01 5.474108189422468573e-01 -1.048847421060678181e-03
-8.644299939761468377e-01 5.027522738459218044e-01 -9.678141633962729666e-04
-8.876210353996513147e-01 4.605736716364314254e-01 -8.891321835876469810e-04
-9.070411496147205987e-01 4.210411988463173549e-01 -8.134995189780843284e-04
-9.232407677848151195e-01 3.842212057342148657e-01 -7.414895566134766794e-04
-9.367104603381872785e-01 3.501043554547350056e-01 -6.735598231671098947e-04
-9.478802771970230578e-01 3.186261257529873769e-01 -6.100564994249807428e-04
-9.571223167235933804e-01 2.896835634209400934e-01 -5.512153246758818561e-04
-9.647551977804366130e-01 2.631485533513138186e-01 -4.971606354722959498e-04
-9.710494744532960354e-01 2.388780390878202098e-01 -4.479049646799494202e-04
-9.762333457593868058e-01 2.167216923772297965e-01 -4.033514643398090427e-04
-9.804982424095107785e-01 1.965275162008618681e-01 -3.633012184837219557e-04
-9.840040448643280202e-01 1.781458177703364731e-01 -3.274669189490089544e-04
-9.868838059459570378e-01 1.614319245647280465e-01 -2.954927646144289645e-04
-9.892479293179414768e-01 1.462479509290467716e-01 -2.669796273266036748e-04
-9.911878061961638675e-01 1.324638612684466699e-01 -2.415130171027253265e-04
-9.927789406958174023e-01 1.199580221924820833e-01 -2.186906764616470416e-04
-9.940836097742711264e-01 1.086173905296696218e-01 -1.981463063898094483e-04
-9.951531109569623501e-01 9.833744738909104555e-02 -1.795662144969268476e-04
-9.960296503334958862e-01 8.902195872195026172e-02 -1.626970010659124180e-04
-9.967479217152848125e-01 8.058262079438746617e-02 -1.473441403917685136e-04
-9.973364217421342159e-01 7.293863249312083907e-02 -1.333626682365768735e-04
-9.978185424029564210e-01 6.601622425392253413e-02 -1.206430324057474954e-04
-9.982134764910386426e-01 5.974816643233240437e-02 -1.090958088307882734e-04
-9.985369654205963341e-01 5.407327390373985881e-02 -9.863869220386504121e-05
-9.988019161686633174e-01 4.893592034410101932e-02 -8.918827555427297628e-05
-9.990189095606810676e-01 4.428557242132073052e-02 -8.065735246748673994e-05
-9.991966176413485945e-01 4.007635088691144376e-02 -7.295681991399564968e-05
-9.993421474824918382e-01 3.626662284535311226e-02 -6.600018166293624517e-05
-9.994613219963381923e-01 3.281862603678717405e-02 -5.970817296371056556e-05
-9.995589119895587071e-01 2.969812399080771700e-02 -5.401163468876464730e-05
-9.996388251977498252e-01 2.687408967425103726e-02 -4.885189425754749205e-05
-9.997042625992188514e-01 2.431841462501948409e-02 -4.417906914304828661e-05
-9.997578457868468993e-01 2.200564133541198925e-02 -3.994939834453223890e-05
-9.998017214866445901e-01 1.991271737735580277e-02 -3.612296508939015553e-05
-9.998376482484052641e-01 1.801877036573443919e-02 -3.266240861139308685e-05
-9.998670657614318058e-01 1.630490305056159564e-02 -2.953273273016824541e-05
-9.998911533237681004e-01 1.475400751303339829e-02 -2.670172606718670415e-05
-9.999108764925391801e-01 1.335059696794838741e-02 -2.414031642395152706e-05
-9.999270259982411257e-01 1.208065337369777607e-02 -2.182263283920540833e-05
-9.999402493155942206e-01 1.093148916630106229e-02 -1.972563424085898139e-05
-9.999510765762339437e-01 9.891621654097902325e-03 -1.782856735352379365e-05
-9.999599419114716392e-01 8.950658944728765928e-03 -1.611253665715627566e-05
-9.999672008517677124e-01 8.099196408410095152e-03 -1.456030983873032331e-05
-9.999731444959306659e-01 7.328723032062441772e-03 -1.315626259652844097e-05
-9.999780110602057848e-01 6.631536688973641534e-03 -1.188623177704173520e-05
-9.999819957635163181e-01 6.000667332202903534e-03 -1.073745188055302023e-05
-9.999852584338149164e-01 5.429807626764668847e-03 -9.698430635426761912e-06
-9.999879298748141077e-01 4.913249959237887647e-03 -8.758715138174054426e-06
-9.999901172384542125e-01 4.445829454787266106e-03 -7.908845462701394465e-06
-9.999919081437715906e-01 4.022872381713840477e-03 -7.140287113368875442e-06
-9.999933746600235818e-01 3.640149462690707004e-03 -6.445293356554122155e-06
-9.999945752877903438e-01 3.293833637187028752e-03 -5.816854949608553471e-06
-9.999955583523715275e-01 2.980461856832398223e-03 -5.248640711104130001e-06
-9.999963633244242089e-01 2.696900439433993872e-03 -4.734922620892159976e-06
-9.999970223842380435e-01 2.440313764163331949e-03 -4.270503502623372438e-06
-9.999975620372352214e-01 2.208135925686667035e-03 -3.850674494040342750e-06
-9.999980038905492696e-01 1.998045047792263579e-03 -3.471196285669489631e-06
-9.999983656978242985e-01 1.807940136709731494e-03 -3.128240084203161804e-06
-9.999986618769842739e-01 1.635920044417016632e-03 -2.818303098436214125e-06
-9.999989044085700884e-01 1.480264462922626896e-03 -2.538240869903231491e-06
-9.999991030137370673e-01 1.339416717593316106e-03 -2.285211786722056975e-06
-9.999992655201477287e-01 1.211968209966956048e-03 -2.056635382865087192e-06
-9.999993987146630348e-01 1.096644333532857717e-03 -1.850175464386420055e-06
-9.999995076874376165e-01 9.922917156226925776e-04 -1.663731987204087444e-06
-9.999995968672479307e-01 8.978666967989379789e-04 -1.495375740543003592e-06
-9.999996699506542575e-01 8.124248858275106948e-04 -1.343381789801061327e-06
-9.999997298263825218e-01 7.351117597833220756e-04 -1.206192714914159913e-06
-9.999997787944250316e-01 6.651540631153355981e-04 -1.082380029858812298e-06
-9.999998188823003842e-01 6.018520741808566039e-04 -9.706813648308967896e-07
-9.999998517582840973e-01 5.445726432793732402e-04 -8.699355295191831811e-07
-9.999998786419812546e-01 4.927428667783311910e-04 -7.790905673751176089e-07
-9.999999006131604640e-01 4.458443282597967139e-04 -6.971854514869893380e-07
-9.999999186191000922e-01 4.034079217151335744e-04 -6.233722962710447398e-07
-9.999999333802878088e-01 3.650091598921672838e-04 -5.568735551651153232e-07
-9.999999454954973110e-01 3.302639559042514438e-04 -4.969553677220996638e-07
-9.999999553455014567e-01 2.988247428676932466e-04 -4.430081241040995736e-07
-9.999999634964911177e-01 2.703770020749671817e-04 -3.944717380607672713e-07
-9.999999701026621723e-01 2.446361615922745618e-04 -3.508147711555964037e-07
-9.999999755083639474e-01 2.213446970679669337e-04 -3.115556357460176113e-07
-9.999999799499353914e-01 2.002695912705859487e-04 -2.762628468678958063e-07
-9.999999835571186102e-01 1.811999982034300676e-04 -2.445820153658291235e-07
-9.999999865542771316e-01 1.639451426747082598e-04 -2.161376955847526676e-07
-9.999999889613095938e-01 1.483323578724480814e-04 -1.906082102119036644e-07
-9.999999909945861409e-01 1.342054165448555811e-04 -1.677279244145285479e-07
-9.999999926674554285e-01 1.214229494418041927e-04 -1.472219600029125561e-07
-9.999999939908796875e-01 1.098570602505717593e-04 -1.288661259061457231e-07
-9.999999950737739063e-01 9.939200424983128093e-05 -1.124497906348155626e-07
-9.999999959235554847e-01 8.992304816573546474e-05 -9.778300894335133884e-08
-9.999999966461892154e-01 8.135542857725428878e-05 -8.470546810975558463e-08
-9.999999972466265818e-01 7.360335530552283010e-05 -7.304101460758050157e-08
-9.999999978287629210e-01 6.658923399759660402e-05 -6.265207383541620560e-08
-9.999999981960869810e-01 6.024287821378261707e-05 -5.340931313073382044e-08
-9.999999985512290079e-01 5.450073088601593802e-05 -4.520120053561014021e-08
-9.999999987963459347e-01 4.930529657380671474e-05 -3.792206324875713616e-08
-9.999999990332389954e-01 4.460455203621634226e-05 -3.147759048700296353e-08
-9.999999991634395125e-01 4.035144151531116217e-05 -2.577416469205192352e-08
-9.999999992882723232e-01 3.650336733289519340e-05 -2.075847131786845716e-08
-9.999999994085401189e-01 3.302176749482617769e-05 -1.634950302681109208e-08
-9.999999995250686835e-01 2.987176955437672077e-05 -1.247466303948406131e-08
-9.999999996386506051e-01 2.702181250825220856e-05 -9.084966730833355124e-09
-9.999999997497899251e-01 2.444333312120167050e-05 -6.129148531376619144e-09
-9.999999997588790990e-01 2.211050635221260745e-05 -3.561535117826902504e-09
-9.999999997663954199e-01 1.999994712301656678e-05 -1.349479265315369133e-09
-9.999999998724879990e-01 1.809050706727118540e-05 5.514987561752166943e-10
-9.999999998775127574e-01 1.636303478077457630e-05 2.180733709587104484e-09
-9.999999998815607416e-01 1.480021271851734142e-05 3.557041387626545999e-09
-9.999999998848505545e-01 1.338634686210711325e-05 4.726922839932652076e-09
-9.999999998877037166e-01 1.210726177367225726e-05 5.707298958920534520e-09
-9.999999999898752101e-01 1.095012542412527394e-05 6.509108028290384544e-09
-9.999999999917748017e-01 9.903336181303277997e-06 7.164288845625725741e-09
-9.999999999932002170e-01 8.956388849691963256e-06 7.685544526285446229e-09
-9.999999999944387818e-01 8.099773203055323355e-06 8.088834568769576659e-09
-9.999999999954377605e-01 7.324873008766224605e-06 8.392265939726151644e-09
-9.999999999963652408e-01 6.623917688353748926e-06 8.617947679880866148e-09
-9.999999999970649034e-01 5.989855356765076023e-06 8.761285586241028301e-09
-9.999999999976033616e-01 5.416301856231489959e-06 8.826038476617225143e-09
-9.999999999979936049e-01 4.897509990029171116e-06 8.834322242136625102e-09
-9.999999999982206456e-01 4.428253228075750766e-06 8.795863082341130753e-09
-9.999999999985996757e-01 4.003804515514885142e-06 8.693519079638096093e-09
-9.999999999987392307e-01 3.619910529274213609e-06 8.551352869731684540e-09
-9.999999999990890620e-01 3.272696262168427224e-06 8.387726695452006442e-09
-9.999999999992323918e-01 2.958675547115355790e-06 8.216563832855378989e-09
-9.999999999992559285e-01 2.674676295448111848e-06 8.015741529166238610e-09
-9.999999999995377031e-01 2.417827452224178295e-06 7.802774338916359307e-09
-9.999999999995441424e-01 2.185549365756258443e-06 7.582378219889085794e-09
-9.999999999996920241e-01 1.975496099480845263e-06 7.343588051804734875e-09
-9.999999999996955768e-01 1.785547320939503339e-06 7.088631041141452000e-09
-9.999999999997890576e-01 1.613776759464157523e-06 6.830302127357202254e-09
-9.999999999997746247e-01 1.458447449642033766e-06 6.577837963416524468e-09
-9.999999999998953060e-01 1.318007248845619200e-06 6.324149105207480439e-09
-9.999999999998036015e-01 1.191041193062272740e-06 6.070647331088318861e-09
-9.999999999998628875e-01 1.076235986830351327e-06 5.812917191672814710e-09
-1.000000000000045963e+00 9.724335734619712637e-07 5.557731684677224982e-09
-1.000000000000069944e+00 8.785945618570560032e-07 5.303821117774305558e-09
-9.999999999999977796e-01 7.937570531888992384e-07 5.055218800660109850e-09
-1.000000000000060174e+00 7.170667322356050782e-07 4.814207932549643355e-09
-1.000000000000089706e+00 6.477425858080178243e-07 4.584591390936623198e-09
-1.000000000000081712e+00 5.850812375473568555e-07 4.354475415680068596e-09
-1.000000000000000000e+00 5.284444426623417068e-07 4.130018488726919269e-09
-1.000000000000028644e+00 4.772458255545559228e-07 3.923598001588230782e-09
-1.000000000000035083e+00 4.309990023205656681e-07 3.736687076952162526e-09
-1.000000000000090150e+00 3.891899923703862033e-07 3.527184229020910396e-09
-1.000000000000090150e+00 3.514040773692874153e-07 3.324307619874626113e-09
-1.000000000000042188e+00 3.172588132631101970e-07 3.143574393751240964e-09
-1.000000000000000000e+00 2.864125674698686868e-07 2.982399896799612080e-09
-1.000000000000000000e+00 2.585476613464483682e-07 2.819530896651791628e-09
-1.000000000000000000e+00 2.333787079535928261e-07 2.658780528590120150e-09
-1.000000000000000000e+00 2.106439498516776958e-07 2.504763837622870365e-09
-1.000000000000000000e+00 1.900992191949851720e-07 2.369785728447790768e-09
-1.000000000000000000e+00 1.715375471278156654e-07 2.233791071220069490e-09
-1.000000000000000000e+00 1.547724414191060155e-07 2.094993675356868829e-09
-1.000000000000000000e+00 1.396284799980996341e-07 1.968546637277011291e-09
-1.000000000000000000e+00 1.259627500380046420e-07 1.855989089301209604e-09
-1.000000000000000000e+00 1.136272858548092958e-07 1.743419297817567031e-09
-1.000000000000000000e+00 1.024786328389396426e-07 1.625463374691749211e-09
-1.000000000000000000e+00 9.241228292416455936e-08 1.508418081430489524e-09
-1.000000000000000000e+00 8.333204656177387919e-08 1.403282916983947200e-09
-1.000000000000000000e+00 7.514646849901858874e-08 1.323026655855714434e-09
-1.000000000000000000e+00 6.775909516779796003e-08 1.249223093451423376e-09
-1.000000000000000000e+00 6.107353602044268273e-08 1.172250485356526993e-09
-1.000000000000000000e+00 5.503833980930634308e-08 1.088685029058304585e-09
-1.000000000000000000e+00 4.959175739579823721e-08 1.020295983503531925e-09
-1.000000000000000000e+00 4.468275790042140988e-08 9.509790846160756122e-10
-1.000000000000000000e+00 4.026492592085476322e-08 8.855881743996798502e-10
-1.000000000000000000e+00 3.627543023273349599e-08 8.270500235968997049e-10
-1.000000000000000000e+00 3.266477381977339424e-08 7.710543210621443176e-10
-1.000000000000000000e+00 2.941258502608076992e-08 7.169251665186042334e-10
-1.000000000000000000e+00 2.648446288001965523e-08 6.539701087893167842e-10
-1.000000000000000000e+00 2.384083983525895420e-08 6.017712354672880820e-10
-1.000000000000000000e+00 2.145753109219556785e-08 5.617589653648875380e-10
-1.000000000000000000e+00 1.931227520497683426e-08 5.156428970204807345e-10
-1.000000000000000000e+00 1.738564651311864027e-08 4.888564388330621554e-10
-1.000000000000000000e+00 1.564638773705226790e-08 4.566501796523758952e-10
-1.000000000000000000e+00 1.407686065256300127e-08 4.139703403233661840e-10
-1.000000000000000000e+00 1.266858808925882834e-08 3.789817569001703822e-10
-1.000000000000000000e+00 1.139241133769509610e-08 3.506488622258686467e-10
-1.000000000000000000e+00 1.024200087496366512e-08 3.353526913045518425e-10
-1.000000000000000000e+00 9.206636211665312099e-09 3.249224313163409712e-10
-1.000000000000000000e+00 8.272294591895574696e-09 3.209567163582780184e-10
-1.000000000000000000e+00 7.433522201345054890e-09 3.028526079553785686e-10
-1.000000000000000000e+00 6.678989835328391634e-09 2.818724934674160243e-10
-1.000000000000000000e+00 6.002466624695940829e-09 2.469573678713181733e-10
-1.000000000000000000e+00 5.398754210485704876e-09 2.206196048045989314e-10
-1.000000000000000000e+00 4.844734137500408580e-09 1.979135623696235559e-10
-1.000000000000000000e+00 4.354471996196842307e-09 1.811146476960421732e-10
-1.000000000000000000e+00 3.902266269371849939e-09 1.772900463007588931e-10
-1.000000000000000000e+00 3.498044084964440280e-09 1.713869514487972003e-10
-1.000000000000000000e+00 3.129815604956460540e-09 1.626048091652383907e-10
-1.000000000000000000e+00 2.805790178224122285e-09 1.466993285201044356e-10
-1.000000000000000000e+00 2.523095903407188003e-09 1.250909348998952821e-10
-1.000000000000000000e+00 2.273651523402789481e-09 1.169425228197402335e-10
-1.000000000000000000e+00 2.036049444533703114e-09 1.076768303915470049e-10
-1.000000000000000000e+00 1.818677082622549031e-09 9.125481120220577411e-11
-1.000000000000000000e+00 1.630549534266197549e-09 7.314857997115097280e-11
-1.000000000000000000e+00 1.462283605607312978e-09 6.960805630405203313e-11
-1.000000000000000000e+00 1.302133667521274238e-09 6.670750724635753157e-11
-1.000000000000000000e+00 1.160761265488086173e-09 6.347190702097246386e-11
-1.000000000000000000e+00 1.033168031142817610e-09 5.866914483751344221e-11
-1.000000000000000000e+00 9.264964633483920723e-10 5.797411820425762173e-11
-1.000000000000000000e+00 8.282491856162658907e-10 5.500376082426159222e-11
-1.000000000000000000e+00 7.465535156618580365e-10 5.165094064104181734e-11
-1.000000000000000000e+00 6.687695146361993160e-10 4.971112194288587054e-11
-1.000000000000000000e+00 6.010678366688399320e-10 5.043085197904637900e-11
-1.000000000000000000e+00 5.417884910188484335e-10 4.111917001724762209e-11
-1.000000000000000000e+00 4.932760371399061057e-10 2.963925749383867577e-11
-1.000000000000000000e+00 4.432982957856964852e-10 2.497572098790157144e-11
-1.000000000000000000e+00 3.983200129110513576e-10 3.125580111408676950e-11
-1.000000000000000000e+00 3.590483670079542829e-10 3.210478844015774067e-11
-1.000000000000000000e+00 3.178118055163827362e-10 2.301354995773698114e-11
-1.000000000000000000e+00 2.794902737505889402e-10 5.277106910497949230e-12
-1.000000000000000000e+00 2.551069332176722343e-10 4.385289424126916779e-12
-1.000000000000000000e+00 2.235563699457158197e-10 1.830182596735046864e-11
-1.000000000000000000e+00 1.958549705741155745e-10 1.795047724329607847e-11
-1.000000000000000000e+00 1.811960018326486289e-10 1.244203500550155695e-11
-1.000000000000000000e+00 1.526511422146786603e-10 1.317487084686333805e-11
-1.000000000000000000e+00 1.243994065452464513e-10 1.496100776349485493e-11
-1.000000000000000000e+00 1.079213855932341399e-10 1.367463241050747664e-11
-1.000000000000000000e+00 9.137443048846261277e-11 2.015334268851406867e-13
-1.000000000000000000e+00 8.120077049215873193e-11 -4.076654092340404004e-12
-1.000000000000000000e+00 6.998580236542018210e-11 8.260593320465282735e-12
-1.000000000000000000e+00 6.610327844479607160e-11 1.613167167546684957e-11
-1.000000000000000000e+00 6.664355971404955794e-11 1.544296523240678730e-11
-1.000000000000000000e+00 5.865465303634962807e-11 1.766687792352537684e-12
-1.000000000000000000e+00 4.458326871330423017e-11 -1.449387816361044734e-12
-1.000000000000000000e+00 3.376214417944397226e-11 -1.895684929140412845e-12
-1.000000000000000000e+00 3.014853179577090301e-11 -3.716285849941284856e-12
-1.000000000000000000e+00 2.437172397125292004e-11 3.689432610337619678e-12
-1.000000000000000000e+00 2.468636559014718337e-11 1.847806054381432767e-11
-1.000000000000000000e+00 3.312920267243572613e-11 2.961354767307279381e-11
-1.000000000000000000e+00 4.235873373272146093e-11 2.479644551145982892e-11
-1.000000000000000000e+00 3.280347837492833393e-11 1.011421200349935802e-11
-1.000000000000000000e+00 1.507977784387620478e-11 2.341235331399744085e-12
-1.000000000000000000e+00 1.493906504487819827e-11 4.382728370095441895e-12
-1.000000000000000000e+00 1.086418884676962516e-11 6.630682039964966459e-12
-1.000000000000000000e+00 -5.342782828387110733e-13 8.816791797051014951e-12
-1.000000000000000000e+00 -7.771309076822230022e-13 1.369331942877587364e-11
-1.000000000000000000e+00 -4.962930148829801788e-12 1.046221537927207482e-11
-1.000000000000000000e+00 -1.585731258515850926e-11 2.039613531413866265e-11
-1.000000000000000000e+00 -1.666231709434642122e-11 3.040501852295567561e-11
-1.000000000000000000e+00 -1.625420082644999715e-12 2.121570448367192074e-11
-1.000000000000000000e+00 6.683753340676339199e-12 1.463338713877157984e-11
-1.000000000000000000e+00 2.380744164434939931e-13 3.801696762090939796e-12
-1.000000000000000000e+00 -6.453585125294187292e-12 5.999199738212276344e-14
-1.000000000000000000e+00 0.000000000000000000e+00 0.000000000000000000e+00
