1.292726531775738874e-01 7.322670497920176491e-02 9.889016284840057569e-01
1.688853121473015140e-01 2.094744686771909600e-02 9.854130889178144281e-01
1.924780695583874490e-01 -2.873509943281606777e-02 9.808804650922920976e-01
1.966980470332558018e-01 -5.892794938525772186e-02 9.786916649665092782e-01
1.843294906751601903e-01 -6.513577308185365677e-02 9.807038135606572782e-01
1.596225366370783716e-01 -5.064240560624039961e-02 9.858782848567054780e-01
1.277358318830501549e-01 -2.146150516328424254e-02 9.915759986249449431e-01
9.499403139910474192e-02 1.606506964295686957e-02 9.953482041657853996e-01
6.864444573867277410e-02 5.553137540541304429e-02 9.960944766509690629e-01
5.594199144637837517e-02 8.962969732390883848e-02 9.944028413830088287e-01
6.239751742961323344e-02 1.094302155901002993e-01 9.920340607733115768e-01
8.904142663889297316e-02 1.055664484425038879e-01 9.904177650392503862e-01
1.299284158034484660e-01 7.496044381787174415e-02 9.886857633390419009e-01
1.611867752055314296e-01 3.524760629407508450e-02 9.862942916539366722e-01
1.799179386743570419e-01 -5.526118891077140896e-03 9.836661005408956493e-01
1.827626009079076352e-01 -3.379214217690055394e-02 9.825761664300391995e-01
1.716645452323601051e-01 -4.342140179499570651e-02 9.841980825913555497e-01
1.503718443794473947e-01 -3.490098541872539706e-02 9.880132740174759620e-01
1.234741188970434750e-01 -1.229105857682738848e-02 9.922716723969891017e-01
9.647992848417830114e-02 1.897224753964979818e-02 9.951540972247727712e-01
7.558347641756635316e-02 5.283865083754484687e-02 9.957385274610476289e-01
6.672860612523014157e-02 8.246990153506816856e-02 9.943570829763951346e-01
7.393556378532346873e-02 1.001531564331131358e-01 9.922211838418645291e-01
9.708046209786548586e-02 9.867045396476741004e-02 9.903734272450170906e-01
1.057240308225162462e-01 5.813290587930926984e-02 9.926948144122130779e-01
1.294998551824323996e-01 2.652499683642716224e-02 9.912246022223010211e-01
1.452871052866923640e-01 -6.523125840356663874e-03 9.893680335785559610e-01
1.496490080464804029e-01 -3.038652028090755089e-02 9.882721456036906993e-01
1.429070347113757800e-01 -3.919449344283339187e-02 9.889597419074331874e-01
1.273517023300570761e-01 -3.246214981652032622e-02 9.913262594841623088e-01
1.064891533845320343e-01 -1.331881549160209358e-02 9.942246573916232455e-01
8.489149166149261017e-02 1.334763246384345313e-02 9.963007956192094783e-01
6.777700509630012193e-02 4.187582830726604977e-02 9.968212942066115856e-01
6.001899545024951682e-02 6.610707146736234663e-02 9.960058108702409818e-01
6.468974398699919859e-02 7.972065168115087530e-02 9.947159668559378831e-01
8.149173511737319020e-02 7.755456677687841416e-02 9.936520448726703370e-01
6.634923837541922831e-02 2.749896701663634077e-02 9.974174579283403563e-01
8.504284681495070941e-02 -5.161448684039027799e-04 9.963771614204605109e-01
1.001565105641092912e-01 -2.808613220530284393e-02 9.945752070957457613e-01
1.078960304299015072e-01 -4.664405016685356509e-02 9.930673588440507293e-01
1.067961978146418772e-01 -5.157185370272116681e-02 9.929425542487008149e-01
9.738171177059500028e-02 -4.288016482330266055e-02 9.943229322896909306e-01
8.190418610857150283e-02 -2.383931157885732163e-02 9.963550529410689638e-01
6.407690637769385134e-02 6.708113298042281967e-04 9.979447379895788339e-01
4.844076515788341142e-02 2.519249409624522637e-02 9.985083026755472435e-01
3.931348574944382168e-02 4.417932790584872677e-02 9.982497867888829868e-01
3.955549720102169431e-02 5.255088001188407132e-02 9.978345392153890048e-01
4.949862056296419621e-02 4.693421981336792781e-02 9.976708202473636433e-01
1.984249848232797972e-02 -9.755185435725524656e-03 9.997555259216628354e-01
3.652620318124685794e-02 -3.814020935437365672e-02 9.986046068949235854e-01
5.367391245612000011e-02 -6.288463909485765557e-02 9.965764563182136770e-01
6.646203860636738792e-02 -7.650038023334568282e-02 9.948519936395208152e-01
7.146290886969172695e-02 -7.592232572031555604e-02 9.945495729791710149e-01
6.746892434519111137e-02 -6.257076872520526967e-02 9.957574218396973986e-01
5.566736806415117228e-02 -4.071161567057218073e-02 9.976190197075867072e-01
3.924903093203719467e-02 -1.577203451944577534e-02 9.991049777164137113e-01
2.253939555444896270e-02 6.667616797123898480e-03 9.997237211021026138e-01
9.883612539464493862e-03 2.139601109250882302e-02 9.997222238764259528e-01
4.595448482391868879e-03 2.421578310568790748e-02 9.996961927015625138e-01
8.195209005493912791e-03 1.319578781901301415e-02 9.998793475880806136e-01
-2.692764101906083493e-02 -4.523529906528306332e-02 9.986133735673637934e-01
-9.057699626307142218e-03 -7.757061921478575206e-02 9.969457142253649318e-01
1.305786919366476971e-02 -1.024729165102598177e-01 9.946500859268438965e-01
3.258675132464278895e-02 -1.124703306900856625e-01 9.931206011117761356e-01
4.379695047246980749e-02 -1.059791870574101624e-01 9.934033617014312867e-01
4.393576949002543641e-02 -8.635382564904577063e-02 9.952952652129098965e-01
3.359185426406643277e-02 -5.944831533444529248e-02 9.976660188314272482e-01
1.598147868288520013e-02 -3.167021145353033501e-02 9.993705969486281759e-01
-4.249224499937807528e-03 -9.043836391545044193e-03 9.999500753110162066e-01
-2.222200857847077618e-02 3.184368159774097953e-03 9.997479893123218941e-01
-3.370708534825223035e-02 1.173331360185661358e-03 9.994310660024253723e-01
-3.565244650750954564e-02 -1.613115243118836903e-02 9.992340511507851186e-01
-6.655705832134037325e-02 -7.045106012728107048e-02 9.952923219409085531e-01
-4.455664833875432745e-02 -1.102377780721810335e-01 9.929060063140342507e-01
-1.483280481559105107e-02 -1.387031022112700240e-01 9.902229230524787207e-01
1.268721988537548778e-02 -1.471354773705458308e-01 9.890349770105588689e-01
2.965516453272724548e-02 -1.352698507396772332e-01 9.903649017898575879e-01
3.215942242656845418e-02 -1.087607124648001661e-01 9.935476229015881566e-01
2.086698166347556588e-02 -7.540519358562508545e-02 9.969346146344592041e-01
-3.294760777971902812e-04 -4.279073381162112194e-02 9.990840027472724927e-01
-2.596643936170771674e-02 -1.754953134160611161e-02 9.995087583290419575e-01
-5.030548405133970780e-02 -5.299796108753934525e-03 9.987198157819763278e-01
-6.802757406508024018e-02 -1.020076873156672108e-02 9.976312913516487413e-01
-7.448199229359113438e-02 -3.338089418980950962e-02 9.966635082750752161e-01
-8.947595399708450914e-02 -7.818531607736872724e-02 9.929154596470947114e-01
-6.102910735861580976e-02 -1.288004447215986836e-01 9.897908332039031531e-01
-2.237980905628487310e-02 -1.644042695960226674e-01 9.861391282599343278e-01
1.274982027355078817e-02 -1.736814361105050719e-01 9.847193513044741886e-01
3.363931309039764478e-02 -1.577323512936739669e-01 9.869087607119008121e-01
3.599746536940520714e-02 -1.248219787055825925e-01 9.915259230695558923e-01
2.136315375117949639e-02 -8.473594971614757665e-02 9.961743996347907082e-01
-5.128509702457234587e-03 -4.609174208415747764e-02 9.989240460113401054e-01
-3.687527311326743024e-02 -1.602050066740094703e-02 9.991914520207130224e-01
-6.717732379185469005e-02 -6.917356377151017170e-04 9.977408123706079657e-01
-8.977551668638407423e-02 -5.298526702536033271e-03 9.959479314796696459e-01
-9.879859068115258436e-02 -3.240051819255281712e-02 9.945798333468751640e-01
-8.407655036969406692e-02 -6.446112224923226941e-02 9.943721121372630645e-01
-4.794268728083667108e-02 -1.281514110951326169e-01 9.905951315097701881e-01
-2.020871896350199832e-03 -1.734702614154123856e-01 9.848370344788862640e-01
3.697780225868992077e-02 -1.857128681388486025e-01 9.819080266235333809e-01
5.756347497060728541e-02 -1.677551462600084808e-01 9.841466645031362592e-01
5.632562391025874166e-02 -1.304270459516896907e-01 9.898566612270559562e-01
3.629170145320159691e-02 -8.499542549207880771e-02 9.957201866243050592e-01
4.015033959705156807e-03 -4.055516800966114943e-02 9.991692338388354910e-01
-3.276143560858055248e-02 -4.372197302155497213e-03 9.994536368576394381e-01
-6.645882495543217749e-02 1.687523585680415772e-02 9.976464559152080636e-01
-9.021037246890244166e-02 1.645048690239286210e-02 9.957868598148088557e-01
-9.780207916546040936e-02 -1.102755404752744223e-02 9.951447866328473335e-01
-4.175324315967437333e-02 -3.080335792052227989e-02 9.986530027123353692e-01
1.728240659156918529e-03 -1.059486917182811683e-01 9.943700960443557779e-01
4.880091307474009737e-02 -1.605167406982027090e-01 9.858259718827204754e-01
8.371842620384536970e-02 -1.772407211412209693e-01 9.806003017965271296e-01
9.756144238653406686e-02 -1.606550567864551970e-01 9.821770297091574342e-01
8.904687825419776992e-02 -1.229313873396890022e-01 9.884121243085000064e-01
6.260021487022085496e-02 -7.562144727217418039e-02 9.951696387102593189e-01
2.569882285197758187e-02 -2.756718638074732650e-02 9.992895580055698446e-01
-1.316163604835303251e-02 1.419618690591287202e-02 9.998126022481045316e-01
-4.569781725426740049e-02 4.266511511180778177e-02 9.980437853373059776e-01
-6.464421362233867263e-02 4.956161001928691134e-02 9.966768646142507571e-01
-6.437353662041558899e-02 2.616515918946359445e-02 9.975827946729358686e-01
2.985368958243665716e-02 1.384605485689742281e-02 9.994583753130147352e-01
7.793275954250625248e-02 -6.353445698156677535e-02 9.949320870119934268e-01
1.174498681235612713e-01 -1.230253014378501347e-01 9.854289947448368059e-01
1.398773157999077810e-01 -1.458525657489811722e-01 9.793678397767799915e-01
1.418709217911654497e-01 -1.354870385752835749e-01 9.805691734540434856e-01
1.244700318192151350e-01 -1.028879788888000801e-01 9.868744980893587870e-01
9.264068505893595373e-02 -5.857140921238031955e-02 9.939753988376545113e-01
5.386770180412087800e-02 -1.070693822872268580e-02 9.984906770601023052e-01
1.676313896411994742e-02 3.395193831798247464e-02 9.992828743936693625e-01
-1.001640472625071887e-02 6.820083329129954242e-02 9.976213299516826227e-01
-1.894657121916014722e-02 8.279185251943915747e-02 9.963867404755927248e-01
-5.372864943664608026e-03 6.687883840809005775e-02 9.977466378271160341e-01
9.526837305397399536e-02 5.178442726959109343e-02 9.941037723436071394e-01
1.415324862899852987e-01 -1.521817438952789182e-02 9.898166307416068621e-01
1.720171567055175654e-01 -7.245531768581912890e-02 9.824257349733401812e-01
1.824864201340705705e-01 -1.007509020240312664e-01 9.780326999687052325e-01
1.742917800703939479e-01 -9.943027213203332881e-02 9.796611640682181266e-01
1.506559871351640378e-01 -7.587082371317309393e-02 9.856705289546062732e-01
1.167562453269102435e-01 -3.853043320626997614e-02 9.924129104834714665e-01
7.957797566431365488e-02 5.271389273454750619e-03 9.968147060733834053e-01
4.725397380505053091e-02 4.893296106721604227e-02 9.976836308576545465e-01
2.810037844110099825e-02 8.506647101623147911e-02 9.959789476892771942e-01
2.905499016915351687e-02 1.041480580725660660e-01 9.941373092012496526e-01
5.304404419633058226e-02 9.523633256614598419e-02 9.940404269117419922e-01
8.695922282721127439e-02 1.967227979589818154e-01 9.765952254280104716e-01
1.792563740491093793e-01 1.629082143533499005e-01 9.702206275166038729e-01
2.411588820422057855e-01 1.139199876321172339e-01 9.637762344186641128e-01
2.597568847366377720e-01 7.371836608346155062e-02 9.628561488270552804e-01
2.424528232330456223e-01 5.136064897335014534e-02 9.688027210138118184e-01
2.001484863828343064e-01 4.598576995372458120e-02 9.786857985892509770e-01
1.431026038307711967e-01 5.425601093219815929e-02 9.882195758304320732e-01
8.122666422195645719e-02 7.347920218926681790e-02 9.939834183047071559e-01
2.501894671425537384e-02 1.017926886051302438e-01 9.944909757518325399e-01
-1.368735211406060456e-02 1.366945844505192131e-01 9.905186757319812685e-01
-2.187320031761688308e-02 1.724881436478242769e-01 9.847687055389615640e-01
1.162638892653371919e-02 1.977645296281096976e-01 9.801806047363940122e-01
8.513172779332385531e-02 1.882042384423466830e-01 9.784333158449729506e-01
1.507593097240771396e-01 1.658198569790312327e-01 9.745642131551827125e-01
1.990021156607292285e-01 1.280929065721946314e-01 9.715916659010607193e-01
2.173835235497549312e-01 9.157451765847990366e-02 9.717811026176340627e-01
2.073794318208650733e-01 6.704808640709644663e-02 9.759602068562646116e-01
1.757840015066548522e-01 5.744723823671677582e-02 9.827511381999814999e-01
1.307320529241838836e-01 6.158164450698975362e-02 9.895033256122476306e-01
8.102843065578169135e-02 7.722774168776014303e-02 9.937153864859291641e-01
3.627482038155335070e-02 1.020730369922852876e-01 9.941153014241400632e-01
6.755838508604746981e-03 1.329258640971998084e-01 9.911029579715958659e-01
2.383231070806850812e-03 1.640571785414463857e-01 9.864479521894538028e-01
2.955616426320467616e-02 1.861460376704144604e-01 9.820774337157723854e-01
6.864489008783089541e-02 1.443757479955272705e-01 9.871390593304802952e-01
1.156480213019499409e-01 1.265965047705713276e-01 9.851897584470777902e-01
1.534981273272675861e-01 9.840241149276078569e-02 9.832371485656812293e-01
1.717002481740877717e-01 7.082515770283312473e-02 9.826000314539766745e-01
1.682093056212403681e-01 5.228460277413400636e-02 9.843637284130846155e-01
1.462700618089627091e-01 4.577950502664482335e-02 9.881848541329409930e-01
1.118346102952228055e-01 5.058689215534600825e-02 9.924384042761457136e-01
7.246044422064863710e-02 6.457740804426274905e-02 9.952784747967020618e-01
3.669269347362908579e-02 8.520834968267601561e-02 9.956872919696341251e-01
1.323998358817423879e-02 1.091626038154234618e-01 9.939357266759587528e-01
9.517509646933000611e-03 1.314753915371304205e-01 9.912737454560275330e-01
2.915263464622100051e-02 1.454261083436313162e-01 9.889395183251165067e-01
4.523323862126927414e-02 7.897307127122323023e-02 9.958499927890496206e-01
8.188388106195691740e-02 6.154207708192484250e-02 9.947399674139622006e-01
1.141621495870026731e-01 4.051820590975319103e-02 9.926355215241119412e-01
1.329044798659707316e-01 2.338175748893854891e-02 9.908530126351668965e-01
1.342205042122235070e-01 1.498260643198896964e-02 9.908382197682027437e-01
1.190190199545993893e-01 1.616611443835432732e-02 9.927603586128539437e-01
9.164426334573771982e-02 2.516321836484224778e-02 9.954738276004025943e-01
5.869779526172054507e-02 3.934476164944376853e-02 9.975001546676762754e-01
2.794366424384423647e-02 5.596691220204323691e-02 9.980415103427142665e-01
7.066126335769224755e-03 7.196106376572930508e-02 9.973824116958123209e-01
2.144402396208376117e-03 8.356962049079862120e-02 9.964996337526361714e-01
1.579166730097178103e-02 8.678701052010934225e-02 9.961017207338842550e-01
1.795313222749198023e-02 3.978515374617115283e-03 9.998309139343748431e-01
5.191263762504448598e-02 -1.573773406806413047e-02 9.985276169346761765e-01
8.437077872073391049e-02 -3.143961998063677515e-02 9.959383123434164542e-01
1.057668961844284716e-01 -3.806062993795459454e-02 9.936622927938467686e-01
1.107927023702337116e-01 -3.455290276545959494e-02 9.932427064982876086e-01
9.910671668171082416e-02 -2.326396549685358014e-02 9.948048284051476120e-01
7.441086144880260100e-02 -7.917444722632751425e-03 9.971962383438793820e-01
4.306995756965257410e-02 7.914247177516422690e-03 9.990407116061731374e-01
1.269377098553000661e-02 2.121724776408288535e-02 9.996943015619815798e-01
-9.256823922911269070e-03 2.926985001004965212e-02 9.995286824755150734e-01
-1.686903016523013527e-02 2.958028943473821684e-02 9.994200529797707677e-01
-7.239541239189178391e-03 2.074673991716376870e-02 9.997585517641348618e-01
-1.221996614112407301e-02 -6.928148948735304846e-02 9.975223043328305117e-01
2.634609259114683091e-02 -9.342580471144734666e-02 9.952776006819461507e-01
6.542025817097185669e-02 -1.053716857180550109e-01 9.922786895171612498e-01
9.266378403954944609e-02 -1.018799200257465842e-01 9.904715568973743167e-01
1.010178208195738614e-01 -8.590048013158668727e-02 9.911692627345484174e-01
8.982211142142565441e-02 -6.348468667406560739e-02 9.939324337487502881e-01
6.331485117051269262e-02 -4.067159616507284858e-02 9.971645054285798171e-01
2.857930096022350680e-02 -2.209214186838039801e-02 9.993473674475265023e-01
-6.186031404754722615e-03 -1.104184510516702591e-02 9.999199021281646171e-01
-3.297837727086151000e-02 -1.000076639442224261e-02 9.994060292514306276e-01
-4.505967025270402049e-02 -2.053016744192833268e-02 9.987733167948940061e-01
-3.811910933576316551e-02 -4.191178357930460535e-02 9.983938781367576176e-01
-4.390912635245920043e-02 -1.285812995220357580e-01 9.907264193691366350e-01
6.647884667000244704e-03 -1.597821543857023130e-01 9.871299148386640798e-01
5.928061475190264662e-02 -1.699684328777845699e-01 9.836648517354281696e-01
9.583560518996556143e-02 -1.572734790405224403e-01 9.828939869427830711e-01
1.071442412096428876e-01 -1.291692826888448664e-01 9.858171270500648564e-01
9.343518454116080119e-02 -9.576948345040445232e-02 9.910086136504415721e-01
6.085179731001056497e-02 -6.532321262367660197e-02 9.960069962890512052e-01
1.814418885616618862e-02 -4.321318781901806877e-02 9.989011006147522354e-01
-2.532335600173164780e-02 -3.283005386866966885e-02 9.991400878774172600e-01
-6.052093385532360953e-02 -3.660283573600973950e-02 9.974955884519841609e-01
-7.920164712978698673e-02 -5.591851466276277077e-02 9.952890127042984814e-01
-7.457364047585568478e-02 -8.915267235768294107e-02 9.932223180927882700e-01
-7.239942327904520802e-02 -1.593971624382830299e-01 9.845561782426520692e-01
-2.208920219153316655e-03 -2.014706781889211984e-01 9.794920553539727681e-01
7.034389668046119037e-02 -2.131317243160077701e-01 9.744878676974488840e-01
1.180866395730835322e-01 -1.932827882816721687e-01 9.740109390085688323e-01
1.305976611857131153e-01 -1.549451330378503744e-01 9.792529073945529516e-01
1.109940319016910482e-01 -1.124433144110382338e-01 9.874395302632482663e-01
6.870077743467588316e-02 -7.555161353345554720e-02 9.947724146117383759e-01
1.470436570073618658e-02 -4.962763448277431738e-02 9.986595413477247218e-01
-4.032974386922366650e-02 -3.770076202799361315e-02 9.984749192152898578e-01
-8.629771404600158902e-02 -4.225246088161687535e-02 9.953730125434594456e-01
-1.132240648892626211e-01 -6.552891089907188216e-02 9.914062098688496416e-01
-1.110436551324184146e-01 -1.072732497047368810e-01 9.880089860687149006e-01
-8.597881151815095491e-02 -1.448228920610925563e-01 9.857149557072149015e-01
1.093303248941961126e-02 -2.024019848950440736e-01 9.792414948884229364e-01
1.053610743371575231e-01 -2.203694738804894693e-01 9.697094095635692135e-01
1.608621254739893147e-01 -1.978502347894360303e-01 9.669429461874364806e-01
1.697588751555193232e-01 -1.544320774834822829e-01 9.733101549609416425e-01
1.405699573335190689e-01 -1.077808489269383441e-01 9.841866569405350873e-01
8.650567529236855013e-02 -6.776871552025634515e-02 9.939437455605075744e-01
2.042121900681555594e-02 -3.872075100506745804e-02 9.990413791510045494e-01
-4.616095650041526777e-02 -2.274232411964722048e-02 9.986750987127156476e-01
-1.023463053476126039e-01 -2.218937251678874609e-02 9.945013149961082766e-01
-1.365995020599226895e-01 -4.087253551673077079e-02 9.897828104576531505e-01
-1.355607376424351196e-01 -8.276239663464658725e-02 9.873062706744119010e-01
-6.523965117257095325e-02 -7.038116075911558800e-02 9.953844885897111805e-01
6.103699949396370478e-02 -1.443852451062577757e-01 9.876372743514272301e-01
1.670379900716395249e-01 -1.746531955826929605e-01 9.703579603146219590e-01
2.179629250589388556e-01 -1.592891824406758028e-01 9.628702506865970401e-01
2.158456768380801472e-01 -1.217826943677022128e-01 9.688031890649991817e-01
1.748691985625366319e-01 -8.006779405872774258e-02 9.813306841981040973e-01
1.101807151733013718e-01 -4.267032411931766939e-02 9.929951930616199851e-01
3.496611417033142905e-02 -1.255756931349458379e-02 9.993096008309685363e-01
-3.915115048077875970e-02 9.224243810098061574e-03 9.991907229063738960e-01
-1.006556598000623026e-01 2.087776631032315852e-02 9.947022454102393274e-01
-1.364315086102829977e-01 1.756210342887915346e-02 9.904938243026217837e-01
-1.304011443865234487e-01 -9.992589125633485891e-03 9.914109590404051042e-01
-1.019408263242858577e-03 5.598330960238023790e-02 9.984311843350077709e-01
1.409066634647369032e-01 -1.823649367665423904e-02 9.898549098173808902e-01
2.343473088558984674e-01 -6.879061828638713405e-02 9.697160355835691137e-01
2.673259189299876937e-01 -7.776375514163851033e-02 9.604632483621509120e-01
2.514428722349695278e-01 -6.149579181459672444e-02 9.659165334495081190e-01
2.017239947669033917e-01 -3.521406587133642241e-02 9.788091742011375551e-01
1.319790376428669754e-01 -6.611473249013712951e-03 9.912304585938195300e-01
5.425041800039146628e-02 2.160627705737114962e-02 9.982935745251663162e-01
-2.014561706273441596e-02 4.875640121977388441e-02 9.986075142184456244e-01
-7.896057941456398332e-02 7.368088782688619887e-02 9.941510718534569691e-01
-1.072479161123509050e-01 9.190405285512646960e-02 9.899755196762911602e-01
-8.674009464207364795e-02 9.211181020138434206e-02 9.919634924749283211e-01
6.079160579858999131e-02 1.552801791697482892e-01 9.859981980824095160e-01
1.835181368288131831e-01 1.017832318092961319e-01 9.777327176570727030e-01
2.605713265174973148e-01 4.474629743186041286e-02 9.644171051278453977e-01
2.819387259540770407e-01 1.257381934617437559e-02 9.593500163518877688e-01
2.606995195715155478e-01 4.454893180851749943e-03 9.654097132419180438e-01
2.107639537413071307e-01 1.208768291411051188e-02 9.774622467006190973e-01
1.441125559225955310e-01 2.936324895443458496e-02 9.891255586810450140e-01
7.159818262148230639e-02 5.334198393150028916e-02 9.960061912435809184e-01
4.229471850543192572e-03 8.285599652695044282e-02 9.965525552660350339e-01
-4.540526540475207234e-02 1.163846259058726879e-01 9.921658030421516283e-01
-6.207614636843128419e-02 1.490083736258824010e-01 9.868855337076029022e-01
-2.934519106052798851e-02 1.685624357141635998e-01 9.852540611577116358e-01
-8.605246099850702435e-02 3.428943447610117712e-01 9.354242044586651428e-01
7.719626787611892638e-02 3.827400841609225335e-01 9.206252028933721299e-01
2.027385068922428479e-01 3.490655566283627498e-01 9.149045496656037502e-01
2.526286576961939701e-01 2.849718524340493775e-01 9.246457725155098339e-01
2.417612046450146601e-01 2.224449049727199590e-01 9.444944595816031629e-01
1.913175580629640493e-01 1.721972029292817841e-01 9.663051874435054645e-01
1.171286810633748315e-01 1.364764240625617742e-01 9.836945957702628585e-01
3.070580933636223725e-02 1.164492025794286179e-01 9.927218827503880849e-01
-5.782742999075039803e-02 1.149253743970209546e-01 9.916895414697577404e-01
-1.363031687244319057e-01 1.366918205625750615e-01 9.811915166709095359e-01
-1.861643379070751503e-01 1.865455599147824439e-01 9.646468749587960856e-01
-1.791513759053855737e-01 2.626007504266072434e-01 9.481274336220867349e-01
-6.387100259458133866e-02 3.042497710749115236e-01 9.504486160904781489e-01
3.623934093718766958e-02 3.309122014365536435e-01 9.429654421605131454e-01
1.265332430774198658e-01 3.107281307960350070e-01 9.420389414076452139e-01
1.755097566182725333e-01 2.626162920326898242e-01 9.488039884458050466e-01
1.801071501022455945e-01 2.103570773586586340e-01 9.608908962452907820e-01
1.497685156625280789e-01 1.666206312347869589e-01 9.745804004612704796e-01
9.588828144631962591e-02 1.359779465731722758e-01 9.860605638229225089e-01
2.917577251618199558e-02 1.205020910326439765e-01 9.922842437300667395e-01
-3.979186499945636807e-02 1.226024010308742751e-01 9.916578334996115629e-01
-9.899602491179655683e-02 1.450707112460388470e-01 9.844563351362676240e-01
-1.333504415058283932e-01 1.887576367012369360e-01 9.729276511320091858e-01
-1.254311531393905721e-01 2.478437588266575176e-01 9.606458749364092942e-01
-4.050840710901273956e-02 2.234401916366389462e-01 9.738755309150507466e-01
2.482387051182403243e-02 2.374809959444280638e-01 9.710749466534768226e-01
8.830299326048569875e-02 2.254035167392507144e-01 9.702555519153772678e-01
1.285277895215556077e-01 1.958324350298166205e-01 9.721781033899692392e-01
1.378049986271562277e-01 1.621748258744652449e-01 9.770921697597985123e-01
1.188787753654540758e-01 1.331616502336966379e-01 9.839389268012391776e-01
7.921697890243976914e-02 1.127014440204176099e-01 9.904660795652765470e-01
2.802578880736760272e-02 1.028770631333558866e-01 9.942991828633508389e-01
-2.465170618349809065e-02 1.056635792236330224e-01 9.940963240087700159e-01
-6.800402697798328677e-02 1.225686984540706181e-01 9.901274496114467194e-01
-9.068073028764436772e-02 1.527284122768186592e-01 9.840990992974316676e-01
-8.267308636782542963e-02 1.903858589360020448e-01 9.782220532719074768e-01
-1.735985262301916257e-02 1.219274784096696512e-01 9.923871852888263012e-01
3.177095043084422754e-02 1.264586023860813369e-01 9.914629738882377863e-01
7.964852606025589477e-02 1.206818201590077327e-01 9.894907834738312369e-01
1.111690422517352950e-01 1.084073228654361121e-01 9.878710930045428995e-01
1.189992180297352459e-01 9.478095080609981460e-02 9.883601355136266697e-01
1.036583762009076481e-01 8.287087186781812165e-02 9.911545589055611449e-01
7.069988192393313053e-02 7.400683020578426030e-02 9.947484685983333241e-01
2.832332375019725595e-02 6.933082329072857986e-02 9.971915694958645160e-01
-1.406756096536351461e-02 7.034228187763029438e-02 9.974237149319432616e-01
-4.684051182061983037e-02 7.813616150937650884e-02 9.958417076607372076e-01
-6.125095065828148333e-02 9.203463365651698425e-02 9.938701863176755413e-01
-5.139990266205798214e-02 1.086088293110529929e-01 9.927548399288690373e-01
2.522562013308046400e-03 1.086660822199927469e-02 9.999377748173458036e-01
4.917193436118117572e-02 9.354121227667209701e-03 9.987465250438913866e-01
9.230365685314433077e-02 1.114276933015885887e-02 9.956685561084809288e-01
1.187674431042820555e-01 1.609935550475343272e-02 9.927915718874891216e-01
1.225146799414488508e-01 2.234567043413040327e-02 9.922151098486424736e-01
1.046338659916520586e-01 2.730601987867016869e-02 9.941358736943244345e-01
7.097251550185941504e-02 2.927805759990625978e-02 9.970484929965839349e-01
2.989686143835098772e-02 2.819450158505402634e-02 9.991552670914153333e-01
-9.238494449005310236e-03 2.519911934712974061e-02 9.996397624167873142e-01
-3.725591908243940098e-02 2.157182178173376944e-02 9.990728967389810311e-01
-4.646505209776109063e-02 1.789765992778677775e-02 9.987595670143394333e-01
-3.259465854954038400e-02 1.421821095031588697e-02 9.993675153372910680e-01
1.524713534747532823e-02 -1.018592369233660422e-01 9.946819696350980289e-01
7.201553624028797507e-02 -1.062281250115271608e-01 9.917304815304880394e-01
1.212567069209449094e-01 -9.361765507149462373e-02 9.881966128689476658e-01
1.474859470832184105e-01 -6.955372453796346277e-02 9.866155151911677468e-01
1.458870819885348391e-01 -4.325343131883382236e-02 9.883552498913649176e-01
1.202714725024647685e-01 -2.254385635550575431e-02 9.924850363821711152e-01
7.888787539798948478e-02 -1.157754662563389818e-02 9.968162636761898066e-01
3.155680789213042431e-02 -1.114444328928588905e-02 9.994398277332076086e-01
-1.166434084472537693e-02 -2.013460395906348926e-02 9.997292337808393325e-01
-4.116154361808727763e-02 -3.685917646814279580e-02 9.984723974337497143e-01
-4.866026805364693369e-02 -5.922389706822991234e-02 9.970580265607364989e-01
-2.916500918471940165e-02 -8.329333625633124349e-02 9.960981991624475729e-01
1.552886941662227731e-02 -2.069374068853906401e-01 9.782309358461515059e-01
9.702795034657936413e-02 -2.115586741607248245e-01 9.725371479994813217e-01
1.646597985534032638e-01 -1.835466434415466142e-01 9.691221700186344323e-01
1.954615970435649719e-01 -1.371938531779591519e-01 9.710677683516311109e-01
1.868853884672661281e-01 -9.067381318993879280e-02 9.781881777956251689e-01
1.484001852850279912e-01 -5.630763915326577468e-02 9.873230650503231898e-01
9.275725119349989556e-02 -3.912336615839938359e-02 9.949198231875481246e-01
3.213683042140007273e-02 -3.943635294969953520e-02 9.987051607940896636e-01
-2.237669813583990572e-02 -5.568078020021724472e-02 9.981978431637023030e-01
-6.020729186280539963e-02 -8.593463397855745367e-02 9.944799247292269717e-01
-7.099875017108309150e-02 -1.273045024462884922e-01 9.893193322334516981e-01
-4.606671450294550635e-02 -1.726299473062388457e-01 9.839089180955774561e-01
-3.568733323629223828e-03 -2.878845377042823506e-01 9.576584762291187047e-01
1.228396721446635698e-01 -2.913434329927419020e-01 9.486988030980448849e-01
2.233173246542346779e-01 -2.431235743011932460e-01 9.439387162990706681e-01
2.614327001239736270e-01 -1.721356469766538166e-01 9.497485258455951040e-01
2.422654256273487627e-01 -1.077665478647210628e-01 9.642063237227427308e-01
1.857281151594324387e-01 -6.458422674216750259e-02 9.804763867097814334e-01
1.106718448235600033e-01 -4.559130549280288741e-02 9.928107451207356382e-01
3.146729338322125369e-02 -4.891603164428578315e-02 9.983070826630736638e-01
-4.038178517636976245e-02 -7.199811935672391361e-02 9.965869667194166004e-01
-9.365473520493058923e-02 -1.131025561954477204e-01 9.891595434285216371e-01
-1.151257433927827950e-01 -1.701697654336394305e-01 9.786666000945677402e-01
-8.889600940747663382e-02 -2.356858281281482836e-01 9.677549741183740784e-01
-4.762716727285077473e-02 -3.107589758203445074e-01 9.492947444732708906e-01
1.535182577526728320e-01 -3.139318092412724526e-01 9.369519537751729299e-01
2.986101550299221086e-01 -2.443930905907649720e-01 9.225529754894155055e-01
3.392835274328082629e-01 -1.537962843682204039e-01 9.280266111094777060e-01
3.031226135436596025e-01 -8.225730025753064112e-02 9.493947638957863644e-01
2.252308827518951506e-01 -4.084238694523002061e-02 9.734489965496263553e-01
1.294787864148825018e-01 -2.691437126671998234e-02 9.912168584563246787e-01
3.047088024881544621e-02 -3.526896876480346138e-02 9.989132221064035422e-01
-6.136949637156650234e-02 -6.211513173668025550e-02 9.961804531932391127e-01
-1.353350723385462195e-01 -1.059314884368681292e-01 9.851207732826090524e-01
-1.759941043662954230e-01 -1.666816434841786598e-01 9.701769451772733754e-01
-1.580824358891994019e-01 -2.415846181064559284e-01 9.574167409010713170e-01
-1.072214969335140711e-01 -2.089294705794956797e-01 9.720349926411067099e-01
2.022439532977599597e-01 -2.124088188320797654e-01 9.560229479656944251e-01
3.791024388346104224e-01 -1.401485979981389463e-01 9.146801142196734347e-01
4.054695922492183024e-01 -6.021448556485780451e-02 9.121231416258490654e-01
3.487695326490451997e-01 -8.576367623587086153e-03 9.371692798071832309e-01
2.538104752265293862e-01 1.367698047636458844e-02 9.671572689436052084e-01
1.435828852872391148e-01 1.419931444773044060e-02 9.895364240500577058e-01
3.020903989806263124e-02 -2.743644974904170032e-04 9.995435651498864038e-01
-7.802954066900900931e-02 -2.527381226450427232e-02 9.966306362923555984e-01
-1.718145468412240473e-01 -5.824648953089776870e-02 9.834058714240373478e-01
-2.350629419240375662e-01 -9.856369794380349936e-02 9.669698086194818965e-01
-2.348667215381386175e-01 -1.487022266118664393e-01 9.605858998104361834e-01
-1.403569869256178215e-01 8.840658868061945785e-02 9.861461308036126860e-01
2.286791275596526951e-01 1.144935643261721786e-01 9.667456130473540687e-01
3.956177131975769368e-01 9.968318037866717718e-02 9.129895336497951819e-01
4.110612144619553709e-01 9.914188467179789466e-02 9.062006205407587833e-01
3.515710393378304044e-01 9.557009509244011880e-02 9.312701870150132955e-01
2.569730812264816588e-01 8.372113976545601799e-02 9.627853375916042289e-01
1.466101214856532220e-01 6.607226064990394387e-02 9.869852727627540512e-01
3.078434631351257764e-02 4.640619135964977465e-02 9.984481906565970677e-01
-8.316048620907254274e-02 2.883771323374835840e-02 9.961188281669929312e-01
-1.863420959016679479e-01 1.859564434048637666e-02 9.823089255964989608e-01
-2.620218977985986908e-01 2.290133495251760881e-02 9.647901605693508520e-01
-2.729843988473215077e-01 4.867653157555712484e-02 9.607861953940530775e-01
-1.115122534187699133e-01 2.950361973514140090e-01 9.489566162842156816e-01
1.533122309130990346e-01 3.399335233798343459e-01 9.278688266855937838e-01
3.101344208531600088e-01 2.927167605397392736e-01 9.045073460737310667e-01
3.448841923536354881e-01 2.336769184625402396e-01 9.090929499464813768e-01
3.078221304163105687e-01 1.836547375620954936e-01 9.335504664435396727e-01
2.322534218657524296e-01 1.431294970513221076e-01 9.620666791369502091e-01
1.364468240770496110e-01 1.114634414700806792e-01 9.843567267078515703e-01
3.129866655788137580e-02 8.971541918654649117e-02 9.954755331157101317e-01
-7.464156678091418695e-02 8.125284948378486138e-02 9.938946679398364958e-01
-1.707376969770111885e-01 9.231484124762204257e-02 9.809824712584901407e-01
-2.378021600298897975e-01 1.317547025537931515e-01 9.623361320455503520e-01
-2.380139258951293746e-01 2.054082302626164536e-01 9.492928052082965085e-01
-4.531449279783930084e-01 3.767068147130887557e-01 8.079304734915760955e-01
-2.570543314740569296e-01 5.842698935162854434e-01 7.697738383453429645e-01
-3.103880342219716634e-02 6.157944390097915832e-01 7.872952442170683129e-01
1.035371020053524882e-01 5.295884453961027249e-01 8.419121967350520208e-01
1.435478997632710085e-01 4.106959800886745282e-01 9.004014729067620904e-01
1.186419842951973030e-01 2.969099845907537949e-01 9.475064857893129577e-01
5.287128001521518295e-02 1.994199353103823791e-01 9.784867485819561672e-01
-3.942079263084055651e-02 1.213451578681300908e-01 9.918272802107130914e-01
-1.502126764447995200e-01 6.657216171634326718e-02 9.864098028303690535e-01
-2.728441729700984419e-01 4.445658753783741923e-02 9.610305245416213005e-01
-3.939656052446007251e-01 7.358520388920669619e-02 9.161748302877590344e-01
-4.785784831594599997e-01 1.809365029569234840e-01 8.591999868218539449e-01
-3.318719311911870196e-01 3.289666653777058025e-01 8.841051715479363304e-01
-2.265178088278929358e-01 4.410323293715248671e-01 8.684354706787550393e-01
-8.572420405221675699e-02 4.710691619188341339e-01 8.779209563102479130e-01
2.226620000707119421e-02 4.249611696418011397e-01 9.049376888127812490e-01
7.166965105975325878e-02 3.445569055605509079e-01 9.360256406463866030e-01
6.844026848164828924e-02 2.599997249297464896e-01 9.631801870296753387e-01
2.651552642694039036e-02 1.851410885327909595e-01 9.823541643395217182e-01
-4.181770102517990556e-02 1.265777410694468030e-01 9.910748485086785520e-01
-1.268574369000570190e-01 9.037571301937899482e-02 9.877952324238945536e-01
-2.187974615695277292e-01 8.498127661911936137e-02 9.720626797871483316e-01
-3.026402440760832535e-01 1.210591826324002862e-01 9.453854012867407564e-01
-3.522835794813309884e-01 2.060929919173677127e-01 9.129194697838597383e-01
-2.160376316499344196e-01 2.377361747200457120e-01 9.470001335483283489e-01
-1.513065952971619776e-01 2.985334464751882022e-01 9.423290802874008110e-01
-6.458122074768650467e-02 3.195945360407539404e-01 9.453510450935455056e-01
8.468870618875818518e-03 2.988518204209268947e-01 9.542619491845584223e-01
4.667171082482609451e-02 2.535352536472686991e-01 9.661995790552747598e-01
4.749499956575860271e-02 2.004615652385282609e-01 9.785496338348779188e-01
1.783831827827218885e-02 1.500792428472791928e-01 9.885130324216621078e-01
-3.288754572166436435e-02 1.093610459437629884e-01 9.934578858544155233e-01
-9.509803032287700297e-02 8.488171886926342002e-02 9.918424564569752189e-01
-1.585720161881640500e-01 8.350649919041019942e-02 9.838097276784855127e-01
-2.106393613739934723e-01 1.106831857577627171e-01 9.712776594931565866e-01
-2.351260106195522115e-01 1.661871398482174800e-01 9.576521256067448418e-01
-1.104268358612311013e-01 1.258879760750117871e-01 9.858793695991890926e-01
-6.179680662195036894e-02 1.597262268240072502e-01 9.852251961638368583e-01
-4.866147566174846943e-03 1.776926936891788655e-01 9.840739947876933069e-01
4.028209312472388198e-02 1.762611503941227398e-01 9.835188660292158991e-01
6.090512299770706184e-02 1.596221604207717637e-01 9.852975854508811970e-01
5.485055136946574705e-02 1.337109939431074812e-01 9.895012820170167034e-01
2.697332531913816320e-02 1.039401476010506226e-01 9.942177253689148397e-01
-1.474799160268598294e-02 7.588254754228002108e-02 9.970076909042446811e-01
-6.126234807533052079e-02 5.572656496874525689e-02 9.965648371606705691e-01
-1.031098015702235221e-01 4.939580313038166581e-02 9.934427127183563799e-01
-1.306059492566795932e-01 6.062174762990633209e-02 9.895792488390505737e-01
-1.347857756751286440e-01 8.857861878134364042e-02 9.869076060962770347e-01
-1.463677311177884882e-02 1.336395433701985771e-03 9.998919836261426219e-01
3.429083872877364270e-02 2.425309374886249272e-02 9.991175735732078511e-01
7.823654980651606472e-02 4.886354035412265873e-02 9.957366101025396654e-01
1.036300353238235050e-01 6.782196811323093488e-02 9.923008598304248196e-01
1.051466067596696780e-01 7.611190673500563275e-02 9.915397968515208271e-01
8.504257173717472140e-02 7.190474621473487427e-02 9.937793862141272028e-01
4.991070436684338224e-02 5.662994835142990541e-02 9.971469152233238820e-01
8.188052482872248614e-03 3.449623547476275698e-02 9.993712851261771224e-01
-3.107745637347956308e-02 1.132745299668922768e-02 9.994527905377077470e-01
-5.893059717716784413e-02 -7.013459591069099580e-03 9.982374447498535419e-01
-6.751714829220241409e-02 -1.600385672387551195e-02 9.975897509780426997e-01
-5.215930478804015058e-02 -1.316911867870466761e-02 9.985519421828937814e-01
7.175117549932646943e-02 -1.337566147694928542e-01 9.884133431008047532e-01
1.366106450572552866e-01 -1.080421837534422252e-01 9.847153995885850053e-01
1.806878495750751934e-01 -6.415914575297873568e-02 9.814456200076185910e-01
1.917815236398280332e-01 -1.899173491228049043e-02 9.812538719390349051e-01
1.721610840703696466e-01 1.318515071814485573e-02 9.849805647484624060e-01
1.314487063441726611e-01 2.547768041432028202e-02 9.909955223921804723e-01
8.064436850463226059e-02 1.779232157024107294e-02 9.965841254613959643e-01
3.002690397631019303e-02 -5.727205036539510970e-03 9.995326828872704850e-01
-1.073463483529280005e-02 -3.913114241397047666e-02 9.991764215134557592e-01
-3.227596620805817107e-02 -7.613931046187760732e-02 9.965746672515095606e-01
-2.642413696941114248e-02 -1.101230144065551281e-01 9.935666493413924938e-01
1.052021306345224047e-02 -1.326508146666296739e-01 9.911070005229439817e-01
1.450936946568039398e-01 -2.786266209410571126e-01 9.493761245543296257e-01
2.465408027323022777e-01 -2.341540581201697058e-01 9.404198581772286181e-01
3.034091036175907696e-01 -1.532923680283513890e-01 9.404490234703247742e-01
3.017123345222954556e-01 -7.290895640105103659e-02 9.506071487600100678e-01
2.558961771575639088e-01 -1.765308249645817021e-02 9.665430746710530485e-01
1.872035474293048118e-01 4.693039583084239290e-03 9.823099343941609218e-01
1.127876202380535264e-01 -3.397562196014025562e-03 9.936133097397136238e-01
4.491267936596243099e-02 -3.578138595094938756e-02 9.983499104279841552e-01
-6.277684639636160399e-03 -8.602025504193977490e-02 9.962736102086933165e-01
-3.026451348583276968e-02 -1.479016706691289318e-01 9.885388991013882576e-01
-1.572729480464829521e-02 -2.130089249283498298e-01 9.769236664647525936e-01
4.534366151219551555e-02 -2.652333987752468203e-01 9.631174365231961465e-01
1.904723852071646129e-01 -4.294864824722794405e-01 8.827579690080462615e-01
3.638069535778410968e-01 -3.418973453736207646e-01 8.664587155514469341e-01
4.473953284137917041e-01 -1.976903706530446225e-01 8.722132408215709232e-01
4.277614823689259715e-01 -7.365848351059132992e-02 9.008854211321697392e-01
3.469655794849050290e-01 -1.772625818855621226e-03 9.378761882308052078e-01
2.435499540666045126e-01 1.922878942353793003e-02 9.696977227627908702e-01
1.400527900252250268e-01 5.908459046424768130e-04 9.901438617226882011e-01
4.863835334673673183e-02 -4.762980159652598078e-02 9.976801654755976800e-01
-2.163865274296615862e-02 -1.189280648485684377e-01 9.926670560157371259e-01
-5.947142631394200518e-02 -2.088985579300818296e-01 9.761273185127619101e-01
-4.797947830808230868e-02 -3.101597768631829677e-01 9.494729498397130873e-01
3.367927581508387697e-02 -4.006359796608346402e-01 9.156181071722685472e-01
1.641927179173031659e-01 -5.674683617092953769e-01 8.068583579796732019e-01
4.841430664612848545e-01 -3.922610690260843191e-01 7.821360143375751806e-01
6.025690278538706757e-01 -1.501823217459525295e-01 7.838085460787415082e-01
5.473183772471917896e-01 9.991088216859556753e-03 8.368648469638145793e-01
4.236794413396824943e-01 7.461381106804593211e-02 9.027339088480414997e-01
2.861950986265185959e-01 7.384964673757782316e-02 9.553212000153996630e-01
1.556431971147261561e-01 3.260589544339843882e-02 9.872750633811054888e-01
3.980024988910972616e-02 -3.601855291317463542e-02 9.985582626744013979e-01
-5.582988268269872129e-02 -1.271013219261343252e-01 9.903172613682794667e-01
-1.213906490170493097e-01 -2.399585217766600220e-01 9.631636507667219460e-01
-1.358574242309268654e-01 -3.725623641325137014e-01 9.180087391268946240e-01
-5.859138833275719105e-02 -5.066582719552681358e-01 8.601537331619395488e-01
-3.588660297874900901e-02 -5.968718154013804567e-01 8.015336472700371750e-01
5.932001392268267947e-01 -2.471472784232597586e-01 7.661800164382253087e-01
7.037733016173312039e-01 7.927879160523200464e-02 7.059872613103519434e-01
5.952585958375123942e-01 2.019831566869811357e-01 7.777338931127149024e-01
4.456036098414200564e-01 2.069378299177093150e-01 8.709845908196908182e-01
2.950473927446537470e-01 1.589270871323583412e-01 9.421726046803671206e-01
1.526386461896761249e-01 8.621292100280163184e-02 9.845144874208567876e-01
2.040307319972659364e-02 -1.567885052691579597e-03 9.997906062473568278e-01
-1.002942746968815829e-01 -1.029183841604593003e-01 9.896205660074702815e-01
-2.042934108352751355e-01 -2.196416245185075222e-01 9.539506061993356933e-01
-2.752037270645892320e-01 -3.529415296637306576e-01 8.942567781394441528e-01
-2.654966340362613364e-01 -4.961232252253176545e-01 8.266639478697180854e-01
-5.208413180506302753e-01 -8.480127658394302770e-02 8.494310242161698943e-01
2.762338408713369553e-01 5.210375646931665328e-01 8.075981187050068622e-01
5.042539018147429442e-01 5.149007915287517889e-01 6.932569346119372700e-01
4.762497683416077598e-01 4.412601404070848887e-01 7.605758651459740838e-01
3.786922870555635701e-01 3.455133961140412491e-01 8.586108809177801504e-01
2.577957836789962487e-01 2.440138666526701638e-01 9.348789048848259453e-01
1.285776290603453664e-01 1.440301473388569675e-01 9.811845442946602880e-01
-4.031473739980681592e-03 4.651303772983969576e-02 9.989095477272060819e-01
-1.392180012643579323e-01 -4.933098636611819854e-02 9.890322552413978174e-01
-2.769077505653988469e-01 -1.419644477834331175e-01 9.503516155835765034e-01
-4.139478387114292057e-01 -2.195864659650685058e-01 8.834189101389964272e-01
-5.320760768899325255e-01 -2.393460828635480264e-01 8.121628537550118487e-01
-5.600206150263502547e-01 3.111955309936589864e-01 7.678113389596514793e-01
-1.516234501772841525e-01 6.974888028634020909e-01 7.003711153643473741e-01
1.626841575709980781e-01 6.887158480388562154e-01 7.065439445184945599e-01
2.676978100447551800e-01 5.588884853752961179e-01 7.848449167907820545e-01
2.572922497987302215e-01 4.198116859560365732e-01 8.703785650673353524e-01
1.892182628971765812e-01 2.944595895091410842e-01 9.367443616762265446e-01
9.083713726598527383e-02 1.856894789462934514e-01 9.784007521982074351e-01
-2.592036124320842502e-02 9.238133168161234698e-02 9.953862689577783751e-01
-1.568210505391849641e-01 1.520628366206182996e-02 9.875099630104372528e-01
-3.002882784429750651e-01 -3.866908120101248542e-02 9.530643482938454536e-01
-4.505199379574641450e-01 -4.685771217255120524e-02 8.915358323211819425e-01
-5.772043378004138026e-01 4.357787548789757853e-02 8.154361539644912060e-01
-8.489153820089472280e-01 1.370017989991446361e-01 5.104636924006148435e-01
-7.378669769077145224e-01 5.147751255437621465e-01 4.365305195639916369e-01
-4.373176320858733201e-01 7.194551767917091167e-01 5.395716238410043220e-01
-1.794342227475629881e-01 6.895493662358324061e-01 7.016587712205001326e-01
-4.261567357380338650e-02 5.481796821479074655e-01 8.352741708243340835e-01
-3.956356995009622721e-03 3.826686301470252349e-01 9.238771924562608762e-01
-2.996299829403139409e-02 2.256755898429577412e-01 9.737416222397993204e-01
-1.005043990841104906e-01 8.518064660125819476e-02 9.912835735597337328e-01
-2.082530293066276739e-01 -3.624742784444718452e-02 9.774030897021033226e-01
-3.532835326437558932e-01 -1.304411259641927445e-01 9.263778161310192161e-01
-5.342762918284593709e-01 -1.723444792002513937e-01 8.275543634585599273e-01
-7.285280761877788169e-01 -1.069076475052848224e-01 6.766221967323856612e-01
-6.166439705515002201e-01 1.903660195164358915e-01 7.638789119984183973e-01
-5.548810473056012826e-01 3.869370392780706602e-01 7.364691106731824366e-01
-3.866438099783468529e-01 5.062337673109352787e-01 7.708657062287737061e-01
-2.112782400848137732e-01 5.038256427870770882e-01 8.375686401345143750e-01
-9.514130068274119501e-02 4.213720330588733853e-01 9.018834418372703166e-01
-4.752200526048559054e-02 3.091882338917154027e-01 9.498127684122220638e-01
-5.520579172064822571e-02 1.953244528559788251e-01 9.791836797439702478e-01
-1.048004496586182888e-01 9.258538183102446584e-02 9.901741325760031742e-01
-1.882607999597310233e-01 9.624089129208252338e-03 9.820719159547875998e-01
-3.005279902784045998e-01 -4.189444590360060644e-02 9.528524452725378735e-01
-4.320189547883693248e-01 -4.298476329723151246e-02 9.008395710822653113e-01
-5.558354117542486650e-01 3.100205573280646540e-02 8.307140708933958839e-01
-3.962479730480589768e-01 1.561212888010267419e-01 9.047727267322519529e-01
-3.565691943225515192e-01 2.616158493247224825e-01 8.968921657826199878e-01
-2.621492195825664839e-01 3.294098727525245907e-01 9.070650045091700475e-01
-1.573798987181558307e-01 3.364876721895436185e-01 9.284436514641271065e-01
-8.115408126800031929e-02 2.949321607415745783e-01 9.520656677213577002e-01
-4.692564026470039118e-02 2.277430857228686101e-01 9.725898782072404103e-01
-5.156298061854221182e-02 1.526742529960528338e-01 9.869305099661855873e-01
-8.718967903905402994e-02 8.195497274526306053e-02 9.928148580230249376e-01
-1.463766223875710704e-01 2.619949293359684697e-02 9.888819297512467799e-01
-2.219561779514012956e-01 -3.265294858990156965e-03 9.750511745127371510e-01
-3.032649774388846420e-01 5.415019844094823634e-03 9.528908809612984809e-01
-3.709645179286721328e-01 6.044574125857336139e-02 9.266777426924263095e-01
-1.996353394076544607e-01 8.039606369422688803e-02 9.765665385430866152e-01
-1.666990185452925655e-01 1.414643588881398795e-01 9.758069852078212758e-01
-1.124426799126019560e-01 1.867129653720565885e-01 9.759584582839805345e-01
-5.800388508899178425e-02 2.027368675579501178e-01 9.775138422791509463e-01
-2.174284282375536087e-02 1.896693312161466805e-01 9.816072501676925688e-01
-1.071406293959701987e-02 1.549500435232912532e-01 9.878642077064091476e-01
-2.302719177038790865e-02 1.077737327876005236e-01 9.939087337175978032e-01
-5.287530439899162243e-02 5.791634770543768740e-02 9.969202068636484615e-01
-9.348881157459086599e-02 1.580527678458664917e-02 9.954948695680895243e-01
-1.377420734654900836e-01 -8.259276847928050114e-03 9.904336956825171567e-01
-1.772811576720126070e-01 -6.036427362665925528e-03 9.841417340399531977e-01
-2.016315665115322453e-01 2.554916251252320816e-02 9.791281589663790585e-01
-1.933441257459839191e-02 -1.981018018109571149e-02 9.996167952028146564e-01
1.908605347781246186e-02 2.663122036140743235e-02 9.994631062047850678e-01
5.182794596549365057e-02 7.281801546664794234e-02 9.959976910818867379e-01
6.903215483420942211e-02 1.045282910900207501e-01 9.921231768084705083e-01
6.757762829751563782e-02 1.140028083101221751e-01 9.911794105262455856e-01
5.007350835588379734e-02 1.005305758996523774e-01 9.936731087587616917e-01
2.200898498260497882e-02 6.873531196021544221e-02 9.973921302425157176e-01
-1.015512010529630478e-02 2.680305392519961513e-02 9.995891505193894577e-01
-3.967395724564617976e-02 -1.523061826960739676e-02 9.990965946212428950e-01
-5.980374360589654770e-02 -4.731973629849615948e-02 9.970879373493123365e-01
-6.451287519574570861e-02 -6.116546543898981891e-02 9.960405989574920849e-01
-5.035236755393214525e-02 -5.179972635789754920e-02 9.973873006164193367e-01
1.551490404485141028e-01 -1.414813532637189397e-01 9.777074214337637681e-01
2.125588530370427220e-01 -8.359950091925512361e-02 9.735655383391730311e-01
2.343015215581172039e-01 -1.282799644962349245e-02 9.720793380699822572e-01
2.182790578262149284e-01 4.510689352692701104e-02 9.748433828419027503e-01
1.767877822372542762e-01 7.453441136412299051e-02 9.814227945051826607e-01
1.246297331381416851e-01 7.213889692103747642e-02 9.895773891761724395e-01
7.324319994323916228e-02 4.281485339446587657e-02 9.963946617636022518e-01
3.088676084684873965e-02 -4.635333666973670899e-03 9.995121418403182245e-01
4.746543808442408273e-03 -6.004097657854298026e-02 9.981846279387668330e-01
2.075611586451757591e-03 -1.129074023272556571e-01 9.936033465805421683e-01
2.883476637284094340e-02 -1.521042486695828311e-01 9.879437503140289234e-01
8.460805091346566831e-02 -1.650878614391596555e-01 9.826431069955995357e-01
3.308629930763769544e-01 -2.878470461398213165e-01 8.987067140291856715e-01
4.264749395817805655e-01 -1.851639772375807957e-01 8.853436775862874031e-01
4.416897166646062134e-01 -5.918005975407002184e-02 8.952138932791947612e-01
3.865276723572548256e-01 3.725569481970091024e-02 9.215250250023068190e-01
2.963762248650949060e-01 8.217395159525389681e-02 9.515295975501012471e-01
2.017335757030457033e-01 7.819662819134066967e-02 9.763139104680759184e-01
1.199902419276125259e-01 3.696490303733982602e-02 9.920866584052275838e-01
6.013931554941574081e-02 -2.968042225286748187e-02 9.977486333039734534e-01
2.932804232789421039e-02 -1.116032932683877071e-01 9.933199740591955873e-01
3.668472995912731155e-02 -1.986116929392106323e-01 9.793914569851593921e-01
9.254246259074902503e-02 -2.756724480314242109e-01 9.567865979485234984e-01
1.992149968991571429e-01 -3.163713053917300844e-01 9.274818500302097757e-01
5.011926356071376709e-01 -4.647727090728064336e-01 7.299262092252922773e-01
6.677896345907436970e-01 -2.591528249088577707e-01 6.977799203723075161e-01
6.707822744792768521e-01 -3.249478474967711084e-02 7.409421227118246911e-01
5.584919534358501192e-01 1.086943949790806913e-01 8.223577484572385243e-01
4.083054075410092465e-01 1.526119049451725718e-01 8.999979447985495540e-01
2.666622279236690041e-01 1.264920286391466031e-01 9.554533075402007469e-01
1.517641368403081503e-01 5.645378839245052127e-02 9.868032309153484949e-01
6.947381679659843379e-02 -4.204116690573118237e-02 9.966975113167000355e-01
2.512867303414175954e-02 -1.611363866227982777e-01 9.866121906290379329e-01
3.048536444719044530e-02 -2.942762453306470016e-01 9.552340728786868906e-01
1.061669488176166520e-01 -4.253454827612376254e-01 8.987823981772969928e-01
2.717548662589169828e-01 -5.093027771573959139e-01 8.165537176722419410e-01
6.083830972916639546e-01 -6.807008362127476842e-01 4.080641843008321890e-01
9.102151600483671112e-01 -2.508835451354383128e-01 3.294932612334792732e-01
8.707802771711231626e-01 1.386079872275347291e-01 4.717303623538900981e-01
6.787583201132545430e-01 2.964141404160184901e-01 6.718822815334193344e-01
4.734084030314688052e-01 2.949811557243258164e-01 8.299822899958836375e-01
2.977126995840233548e-01 2.161141910750141726e-01 9.298719293120268903e-01
1.586091652900621651e-01 1.008018211099951100e-01 9.821823280565369352e-01
5.481881522673297952e-02 -3.696846652354796731e-02 9.978117207069910899e-01
-1.190016960188850122e-02 -1.960686081748651555e-01 9.805179686533920247e-01
-2.885692824700838641e-02 -3.785687407028183182e-01 9.251232276051363224e-01
3.641092487180684623e-02 -5.760207157519100507e-01 8.166237686809872942e-01
2.403627125303627599e-01 -7.334573719072871034e-01 6.358191960140602284e-01
4.009689088575144056e-01 -9.075627777801087426e-01 -1.247146283230365221e-01
9.366960937670948395e-01 -1.539665890405860459e-02 -3.498047609968607530e-01
8.371846076451400220e-01 5.380201815566040269e-01 9.826605192045623216e-02
6.253611470804850692e-01 5.926442091135727397e-01 5.076379390137431002e-01
4.346220185831183858e-01 4.794642740256814806e-01 7.623763577760291898e-01
2.717360725391368415e-01 3.238512010093236304e-01 9.062449483918730841e-01
1.340205528834217119e-01 1.586141922012795635e-01 9.782024480838954483e-01
1.842925645288560552e-02 -1.361715426016654566e-02 9.997374333376772837e-01
-7.563177484428991459e-02 -2.011270179653995294e-01 9.766410585667312239e-01
-1.398629432587472354e-01 -4.156612444715240828e-01 8.987013335626796717e-01
-1.447453104326939799e-01 -6.635114938926993666e-01 7.340308526078571649e-01
-1.393043073152168757e-02 -9.096477554607389493e-01 4.151468464107272438e-01
-5.913459741394679892e-01 -6.826742725363179609e-01 -4.292618973143900174e-01
-1.022905052237532003e-01 6.072225723638132733e-01 -7.879196660528657858e-01
2.534903488070187061e-01 9.658009847378683510e-01 -5.450780623966135913e-02
3.235622358366094242e-01 8.317225118585591659e-01 4.511597752548335838e-01
2.781187057566703591e-01 6.155391189419068265e-01 7.374019111450459407e-01
1.879282596247672521e-01 4.040176557729173723e-01 8.952389083691608684e-01
8.210609073545564740e-02 2.086401826362432321e-01 9.745398216869698427e-01
-2.952652057237535946e-02 2.240525263698063888e-02 9.993128585368772354e-01
-1.459797737904416914e-01 -1.669505050691815762e-01 9.750986793658921181e-01
-2.681902688250472622e-01 -3.716963463968842030e-01 8.887720775219446478e-01
-3.942602722825729877e-01 -5.958564495219312862e-01 6.996527204711401327e-01
-5.168637927726718040e-01 -7.972942649574062957e-01 3.117269234226464625e-01
-9.910116916493800776e-01 -1.101616545049278056e-01 7.589622448536890997e-02
-7.642312552109290502e-01 6.364993827658363967e-01 -1.040150195752814477e-01
-2.823959356639077489e-01 9.358053545999647227e-01 2.109997010009548590e-01
-3.641737263465137653e-03 8.379167205693848208e-01 5.457859535933924366e-01
9.022692156064572588e-02 6.319363819560848139e-01 7.697502918388895443e-01
8.198283751005033815e-02 4.226898871251893453e-01 9.025586261711664449e-01
2.042712013756475126e-02 2.325248894535782984e-01 9.723759090739986233e-01
-7.351698417569021982e-02 5.950113427349011663e-02 9.955173871198588209e-01
-1.952886979056208949e-01 -1.029512897463651933e-01 9.753273073229722367e-01
-3.494201798611560883e-01 -2.564829041207123961e-01 9.011781498681357139e-01
-5.450601986287039180e-01 -3.833136918251872083e-01 7.456406597888367571e-01
-7.854714079712445951e-01 -4.063018414897785480e-01 4.668548820153651802e-01
-9.547501465715929614e-01 -1.744732185636566346e-01 2.408552545110103638e-01
-9.538534735777933760e-01 2.552685840807680240e-01 1.581186292779818425e-01
-7.385028434953241350e-01 5.999489623750644540e-01 3.076926919743065980e-01
-4.610263552175955515e-01 6.906082227317890121e-01 5.572387123038130552e-01
-2.538656272388846724e-01 5.873463009087485087e-01 7.684897957130679691e-01
-1.435966593768610300e-01 4.066282755251057757e-01 9.022380201250829179e-01
-1.096183735558294847e-01 2.123961011097127705e-01 9.710158126479568885e-01
-1.328132590618913700e-01 2.406578547251249020e-02 9.908488664709300675e-01
-2.075134733865297287e-01 -1.554144673514150365e-01 9.658076939540208850e-01
-3.388225335580788422e-01 -3.188681864427823642e-01 8.851679899477479241e-01
-5.321628083227053496e-01 -4.333494686570947274e-01 7.273314123922807184e-01
-7.670644848457237597e-01 -4.180509168408944043e-01 4.866677583493717041e-01
-7.704082191993223416e-01 -3.663645018436320622e-02 6.364974047927678402e-01
-7.723901448845669204e-01 2.057968054202908570e-01 6.008836317990984277e-01
-6.348325937265590913e-01 4.037786191904050304e-01 6.587491211585009276e-01
-4.379169327789279031e-01 4.700329227762633511e-01 7.663535812480860576e-01
-2.704044649601558548e-01 4.174365217699660402e-01 8.675414546995624532e-01
-1.677986003187670327e-01 3.026803967068001922e-01 9.382047789158330930e-01
-1.277719458654875129e-01 1.676407509677255436e-01 9.775330728240061440e-01
-1.404069754930559744e-01 3.252495086656282536e-02 9.895595024070574786e-01
-2.011175642113723072e-01 -9.180220163769520214e-02 9.752559054629414970e-01
-3.106581334414331153e-01 -1.919683644204171757e-01 9.309348372408707828e-01
-4.660973420423600855e-01 -2.419362156077074222e-01 8.510112427685827541e-01
-6.416433222973452200e-01 -2.001726495348751522e-01 7.404220129961360808e-01
-5.104381670265083493e-01 9.876064474920938016e-03 8.598577446258597323e-01
-5.100968923089247431e-01 1.428638248093556939e-01 8.481692567039025299e-01
-4.323218871657773521e-01 2.525424309871055484e-01 8.656327780465595811e-01
-3.160392501349720829e-01 2.973737595999154659e-01 9.009373116234569157e-01
-2.097896719102328167e-01 2.758671705549662900e-01 9.380221733891617175e-01
-1.397643276360429065e-01 2.103834635419415955e-01 9.675767313182885854e-01
-1.105269189362299426e-01 1.236357749434414122e-01 9.861531297645879102e-01
-1.185585507033259794e-01 3.222350785244183780e-02 9.924240603678802231e-01
-1.605537293923472719e-01 -5.034804535100549649e-02 9.857421439237826766e-01
-2.343133269895780746e-01 -1.098169766202167774e-01 9.659386608067532798e-01
-3.335632644946867620e-01 -1.289523484366013883e-01 9.338666073975505633e-01
-4.384864363508932938e-01 -9.035499582196677981e-02 8.941843321519982180e-01
-2.531993219584738330e-01 2.068999165487216997e-03 9.674119198160953115e-01
-2.467127278473122687e-01 8.016620256932155408e-02 9.657671613200057292e-01
-2.082018205916718323e-01 1.477290865903800876e-01 9.668650985930365982e-01
-1.545095408891901112e-01 1.830169916081075265e-01 9.708921580469447310e-01
-1.063017178549657965e-01 1.799922662268058637e-01 9.779073212117797009e-01
-7.574489165408486435e-02 1.448955397797709321e-01 9.865434577048697307e-01
-6.567081373207857287e-02 8.890545605377823957e-02 9.938728108303491737e-01
-7.436075229283858889e-02 2.468232346708211164e-02 9.969259056855528378e-01
-9.915093894975290922e-02 -3.445153090364279358e-02 9.944758334538583711e-01
-1.371252980945395217e-01 -7.521251847902608867e-02 9.876941478444981604e-01
-1.832592146797588639e-01 -8.583226965948213827e-02 9.793104113201483996e-01
-2.273509751805951884e-01 -5.912801794724334425e-02 9.720161580849518979e-01
-7.717102666165415355e-03 -3.965186650644837024e-02 9.991837547763705585e-01
9.701403666389531166e-03 2.263768517504831032e-02 9.996966629817847227e-01
2.157556333553310030e-02 8.279682245510826266e-02 9.963328666956804414e-01
2.481031696081739332e-02 1.222824468439518003e-01 9.921851900560332282e-01
1.981180846406098081e-02 1.316714857385770931e-01 9.910954101845269593e-01
8.999089176448697713e-03 1.112136293400279030e-01 9.937557773633947100e-01
-4.745430706877375344e-03 6.784473575923041788e-02 9.976846058335593348e-01
-1.866507681489825918e-02 1.248181913110276049e-02 9.997478777664556837e-01
-3.006125855554469053e-02 -4.200768738568445848e-02 9.986649462830423651e-01
-3.618424214684675538e-02 -8.276581231997195975e-02 9.959119042019541901e-01
-3.459772308164964227e-02 -9.897007405411409331e-02 9.944887741947319171e-01
-2.440575207946457659e-02 -8.415697438034555611e-02 9.961535840061985780e-01
2.387641950314481898e-01 -1.106080932570662340e-01 9.647577462125732639e-01
2.745083554095326117e-01 -2.870946621957565920e-02 9.611560379874451998e-01
2.642593469712213317e-01 5.614824935763500224e-02 9.628158555157781961e-01
2.177372246736485328e-01 1.144013285109021505e-01 9.692795453461292565e-01
1.571495096660609769e-01 1.324888461255709637e-01 9.786474019094046906e-01
1.010207776411971570e-01 1.122930683851893763e-01 9.885267165217138663e-01
5.911513973279230311e-02 6.349443633549382848e-02 9.962298212806564024e-01
3.567166838533333134e-02 -1.679646950736754865e-03 9.993621520054271068e-01
3.358687111957133625e-02 -7.026182419929473399e-02 9.969629873512650953e-01
5.606352553041726861e-02 -1.288279172501469727e-01 9.900809304508366715e-01
1.045320531678103765e-01 -1.632034811404028951e-01 9.810390785305979078e-01
1.723739550060702785e-01 -1.593718037702612222e-01 9.720534181816472552e-01
4.957892049126294554e-01 -2.141115064520789368e-01 8.416349131879289347e-01
5.606980964219465680e-01 -6.810690083661091743e-02 8.252145749604046232e-01
5.250579660038300345e-01 7.984360562606682143e-02 8.473128884754125290e-01
4.183201427774785319e-01 1.710180721414165383e-01 8.920544137817795205e-01
2.928812147678962474e-01 1.901888113195756846e-01 9.370425871243238669e-01
1.859019722679490505e-01 1.524995851233291178e-01 9.706618016818046035e-01
1.123124227930063779e-01 7.870298838201303382e-02 9.905512401213633078e-01
7.567447092100941519e-02 -1.514177646099416734e-02 9.970176031829297569e-01
7.840582710087515284e-02 -1.166314898955018720e-01 9.900755637027962575e-01
1.259353500680367444e-01 -2.122933082359349244e-01 9.690571907174725386e-01
2.233584825807859442e-01 -2.811558489498458546e-01 9.333072253338925428e-01
3.611568245128122245e-01 -2.908576634524250304e-01 8.859839545491644541e-01
7.392816666854564733e-01 -3.530553435266175488e-01 5.734235273424536095e-01
8.459221002776351472e-01 -7.494783325714840516e-02 5.280138469320676542e-01
7.746033006249617436e-01 1.862408444352145198e-01 6.044039001569990743e-01
5.941292285675414675e-01 3.162497608150351969e-01 7.395921501382133334e-01
3.996242438752827808e-01 3.153716624128183321e-01 8.607213127684778531e-01
2.442686170796800893e-01 2.345327751855993959e-01 9.409182855455124894e-01
1.416071152190878091e-01 1.145205808401578429e-01 9.832763911958763980e-01
9.044559057447834616e-02 -2.511657532498833695e-02 9.955846286427514347e-01
9.148086831084750736e-02 -1.760708940621985297e-01 9.801174883640512148e-01
1.542730894954564558e-01 -3.284245263018368832e-01 9.318460947929446681e-01
2.947849973186913997e-01 -4.538654399800421402e-01 8.408971207868248809e-01
5.121679305908819479e-01 -4.874739553716454510e-01 7.071443655355122981e-01
8.494596073664313352e-01 -5.182598352671841102e-01 9.912173627195830505e-02
9.999307988173127271e-01 -1.056103687785634598e-02 -5.182863732135781047e-03
8.887311364845655870e-01 4.146633640542913835e-01 1.954770102952609889e-01
6.542656894381547739e-01 5.623370837670313982e-01 5.056811365321048912e-01
4.249432002423838006e-01 5.013020803570934492e-01 7.537370236346425667e-01
2.506593321573228894e-01 3.482538240003164032e-01 9.032658375427513597e-01
1.358518632562869810e-01 1.657387816672018233e-01 9.767675913448466973e-01
7.379376694712221074e-02 -2.868927877652967945e-02 9.968607752554351498e-01
6.333701753534809464e-02 -2.362753745902249902e-01 9.696197035807622155e-01
1.174947936277676713e-01 -4.563532264868330746e-01 8.820072030008413444e-01
2.661241914380616524e-01 -6.585727876724635221e-01 7.038890523856684567e-01
5.334015830978964257e-01 -7.369603936924374876e-01 4.151772263473034186e-01
5.648825338613256974e-01 -6.650926633894824747e-01 -4.884255030646041940e-01
7.152361271406952881e-01 1.413062746494026800e-01 -6.844485511546006817e-01
6.318958073158665867e-01 7.250209002094454291e-01 -2.739568998143617207e-01
4.733507526949952138e-01 8.401937764836071576e-01 2.646006101301577318e-01
3.156523602898944070e-01 6.899664743183036020e-01 6.513907059209066430e-01
1.864487894177078164e-01 4.580127846353183596e-01 8.691726744641824487e-01
9.127251839638099440e-02 2.168806409358134402e-01 9.719218667017875957e-01
2.764220266425509651e-02 -2.358868494228534562e-02 9.993395231723617433e-01
-4.916101562043362350e-03 -2.756641766654980286e-01 9.612414335893297856e-01
4.308719512587249473e-03 -5.495666622474753016e-01 8.354387581876747682e-01
8.567180358614411018e-02 -8.202276030721796785e-01 5.655855560645985936e-01
2.815615796895082901e-01 -9.552375781496210694e-01 9.079783110508272970e-02
-2.335462622891729678e-01 -6.617435416749117838e-01 -7.124265775660363342e-01
-1.767775037963817131e-01 2.660217289758712855e-01 -9.476192029840063702e-01
-2.939430189626496964e-02 8.966379966208141150e-01 -4.417875937956473043e-01
7.245630409510224468e-02 9.809128497667602975e-01 1.804440776509524114e-01
9.407503178023897406e-02 7.834160234922415977e-01 6.143364082742466259e-01
6.640591345017184122e-02 5.136122538623432154e-01 8.554488338534937952e-01
1.895213848608235524e-02 2.469227560088109730e-01 9.688498175732050965e-01
-3.536347129792832139e-02 -9.955044523908780640e-03 9.993249331354751019e-01
-9.384507526871772864e-02 -2.727693576162953382e-01 9.574915035619534498e-01
-1.548526893711650865e-01 -5.545171098221717276e-01 8.176377067559159606e-01
-2.095116385178368013e-01 -8.318028404729089775e-01 5.140125561761281769e-01
-2.388370197601686618e-01 -9.706271767843742682e-01 -2.897864178674982097e-02
-8.527390726990871084e-01 -4.204857851230333621e-01 -3.098834916572016374e-01
-8.396586052020388324e-01 2.766391095625636565e-01 -4.673801769122807870e-01
-5.777736233212242833e-01 8.032545511342322753e-01 -1.447748813723310490e-01
-2.972223469797532491e-01 9.005048015508007042e-01 3.174113716295845489e-01
-1.272135450788094424e-01 7.347229576944714902e-01 6.663324165798027998e-01
-5.951628348337682783e-02 4.902407361208933612e-01 8.695526623776991260e-01
-5.631348794006498654e-02 2.438137187358949409e-01 9.681857578131938258e-01
-9.491989882596857386e-02 8.171340034982321754e-03 9.954513760142996714e-01
-1.701046709308277338e-01 -2.251676035897554606e-01 9.593560085918274583e-01
-2.875365374362388593e-01 -4.605134624010118194e-01 8.397916947590690073e-01
-4.553612805245446649e-01 -6.672839188372082786e-01 5.893880520170383663e-01
-6.661743732169110865e-01 -7.264390010289034638e-01 1.688137501899492632e-01
-8.938723358262898877e-01 -4.374049806593098277e-01 9.833173515479870508e-02
-9.998557546371005245e-01 -1.047258510362061162e-02 1.337142028410896397e-02
-9.042504093239364105e-01 3.880529737000367740e-01 1.781743158826665230e-01
-6.782314586348547891e-01 5.655143872098759017e-01 4.692500041307541281e-01
-4.458697432496026569e-01 5.205467902021968518e-01 7.281697681616650097e-01
-2.749413665145042374e-01 3.594625459165368686e-01 8.917364650290234840e-01
-1.726406962831315284e-01 1.624435869165912483e-01 9.714974374935084755e-01
-1.300979481393341186e-01 -4.247886392562492258e-02 9.905907681831148670e-01
-1.464885707033828088e-01 -2.525930627979960374e-01 9.564192821558540336e-01
-2.332161919892663526e-01 -4.621451263687085254e-01 8.555887388037223262e-01
-4.053536317225479579e-01 -6.312216177363054737e-01 6.612470813179551765e-01
-6.521515235945036792e-01 -6.594404473966225533e-01 3.739474382996360591e-01
-7.821583896433519367e-01 -2.784085779650165016e-01 5.574198751622607695e-01
-8.553699255444883187e-01 -2.694393703170555252e-02 5.173164551135285283e-01
-7.800223451514142203e-01 2.130785593433152936e-01 5.883559030151305214e-01
-6.050458458176709575e-01 3.370317778073886883e-01 7.213384124021664512e-01
-4.161171230784233011e-01 3.296272093120625746e-01 8.474623547756665598e-01
-2.688362383655359400e-01 2.379738754700690129e-01 9.333249763802817789e-01
-1.775375049468672639e-01 1.082424301038747427e-01 9.781431442598939041e-01
-1.407497472725426635e-01 -3.565375189532792727e-02 9.894030112237690577e-01
-1.596262073527059400e-01 -1.828203345271808833e-01 9.701011283416124398e-01
-2.420398034693961031e-01 -3.205734180503285180e-01 9.157780392518561907e-01
-3.943659645136704528e-01 -4.185319737535012630e-01 8.181115284478194249e-01
-5.976821669531681147e-01 -4.205688276794578018e-01 6.825671311235926852e-01
-5.307905974856996778e-01 -1.620562553374420567e-01 8.318648398187054038e-01
-5.764408062235933938e-01 -2.410874886953335433e-02 8.167831812349077847e-01
-5.339203422007514632e-01 1.100729745331302800e-01 8.383394351108656162e-01
-4.294892638241220029e-01 1.887949913576870142e-01 8.831168798625138594e-01
-3.106390233354020536e-01 1.969915505328124483e-01 9.298912442861091421e-01
-2.121236334831184123e-01 1.500168417376769869e-01 9.656596249781533858e-01
-1.475614087385882511e-01 7.015540233957333338e-02 9.865616301954127643e-01
-1.201056748586089296e-01 -2.496583801712877818e-02 9.924471440831109659e-01
-1.322695724803960027e-01 -1.216038996023968977e-01 9.837262077414010708e-01
-1.883128617021584128e-01 -2.052368515233249646e-01 9.604249584919757332e-01
-2.887827567145958008e-01 -2.555731806984368748e-01 9.226520843373181568e-01
-4.174684962023672563e-01 -2.465066497026908721e-01 8.746167882742431621e-01
-2.563911463685340508e-01 -8.800294790878768203e-02 9.625586014487713671e-01
-2.818075884217827731e-01 -7.857360326033400663e-03 9.594387656316066826e-01
-2.691199629223310352e-01 7.051909793201849297e-02 9.605214741917051935e-01
-2.272923940375136120e-01 1.209614669384374702e-01 9.662848912865360518e-01
-1.750734725411359771e-01 1.317889153803815105e-01 9.756951168244465400e-01
-1.278084133191321470e-01 1.058027124066127506e-01 9.861393388016833628e-01
-9.339303505556552365e-02 5.335923569546621031e-02 9.941984374203032271e-01
-7.541146905095226505e-02 -1.262434026357880414e-02 9.970725832999679517e-01
-7.661103879281190576e-02 -7.850095566563826399e-02 9.939659695856952748e-01
-9.961138294649674041e-02 -1.304939446349667187e-01 9.864324116740283976e-01
-1.443569088639370668e-01 -1.552382676585881971e-01 9.772728191848778501e-01
-2.030140361730764509e-01 -1.418621976662751694e-01 9.688448885088417617e-01
1.474854939822084661e-02 -4.747161197252876275e-02 9.987636989535754184e-01
4.914328964787265629e-03 1.839311413684524207e-02 9.998187549366548410e-01
-9.469051431993487020e-03 8.053048742920027037e-02 9.967071674565467498e-01
-2.320886050214020571e-02 1.197910551036532462e-01 9.925278091375239198e-01
-3.166785956778273708e-02 1.270892105434927033e-01 9.913856359832673437e-01
-3.293167274060775779e-02 1.035988081425648355e-01 9.940738362325531874e-01
-2.764110179963131381e-02 5.712684684705680166e-02 9.979842147351788428e-01
-1.785244958174022137e-02 -8.361406809913034689e-04 9.998402827016220629e-01
-6.085170972420132253e-03 -5.704369774041526814e-02 9.983531375432586064e-01
5.225923731856125555e-03 -9.828315867457250443e-02 9.951447685851997349e-01
1.385081252918804462e-02 -1.133794321730210164e-01 9.934552125547670975e-01
1.758532208696647614e-02 -9.581001262596763879e-02 9.952442905778763338e-01
2.947137363688266398e-01 -3.951695299993218669e-02 9.547681519726756161e-01
2.992284743434041605e-01 5.215213368309912917e-02 9.527552020821067336e-01
2.541777066954219455e-01 1.343343191909286971e-01 9.577828480957938373e-01
1.807809105940570704e-01 1.788372974589248765e-01 9.671274390701275481e-01
1.092072516807852944e-01 1.779952912183930258e-01 9.779526841745601606e-01
5.907335975590561478e-02 1.402383265004711610e-01 9.883539598482309341e-01
3.623384057251394230e-02 7.904634038082911096e-02 9.962122187915611882e-01
3.939889239772157575e-02 7.899758479822884330e-03 9.991923343850904748e-01
6.591189555129324529e-02 -5.992929384929916031e-02 9.960241471789985646e-01
1.134938754683240680e-01 -1.107010066896979006e-01 9.873522306395311476e-01
1.776982269225804989e-01 -1.302390339077737769e-01 9.754286925220683191e-01
2.459516995796296734e-01 -1.067297862640075728e-01 9.633880392646614332e-01
5.920523945694757817e-01 -7.210614699519518611e-02 8.026672197430292366e-01
6.110323002303069684e-01 9.384814360034243741e-02 7.860229347914458042e-01
5.243629836951420042e-01 2.383060122907223466e-01 8.174678622651396775e-01
3.771966214047335342e-01 3.038658743106775195e-01 8.748646976706758727e-01
2.339442345988317906e-01 2.861030373668586035e-01 9.292013490667939690e-01
1.334080275429824491e-01 2.141606695849183895e-01 9.676453409126491989e-01
8.434140101053493044e-02 1.165511642208189730e-01 9.895970665853999204e-01
8.296058742260531416e-02 1.099984057606030394e-02 9.964921196083789123e-01
1.255609713193357457e-01 -9.030945085090079372e-02 9.879669253412532992e-01
2.115984762896751248e-01 -1.732352690861631572e-01 9.618812953667718046e-01
3.376134414705839193e-01 -2.152412110940143397e-01 9.163451234033358483e-01
4.816113583052545888e-01 -1.863080164875871580e-01 8.563526274520503190e-01
8.630316229096715031e-01 -1.580244154219393182e-01 4.797965214426100911e-01
8.913531761489736915e-01 1.468082809360385377e-01 4.288785889004482210e-01
7.505744664682560963e-01 4.054674968490423193e-01 5.217605574254254863e-01
5.223116147111367402e-01 5.037011374601868541e-01 6.880957355333103820e-01
3.110820564883469697e-01 4.513313243568110589e-01 8.363778989100620898e-01
1.699720951062706764e-01 3.207061948545115171e-01 9.318031033791260853e-01
1.034179276040435580e-01 1.653440800366746122e-01 9.807986885427678603e-01
1.012389792437701497e-01 6.572639791608834818e-03 9.948404241324034780e-01
1.580302017711635032e-01 -1.486382370562489286e-01 9.761829387020588555e-01
2.772791603156638529e-01 -2.888173517909710108e-01 9.163518999593025516e-01
4.621135553820346353e-01 -3.790397796656028162e-01 8.017355594979058697e-01
6.858936982010800376e-01 -3.523488536644592828e-01 6.367103894938491715e-01
9.518220300421245117e-01 -3.036207332821981852e-01 -4.300317950598513128e-02
9.669649482446466271e-01 2.045222530862216559e-01 -1.521493899395249816e-01
7.804746363773402695e-01 6.227946373007343661e-01 5.464596710672823404e-02
5.143468841472266240e-01 7.545730406985601268e-01 4.075129556454964996e-01
2.873486832374688160e-01 6.477783789068379816e-01 7.055592860012160905e-01
1.455220057098196018e-01 4.403848508235880255e-01 8.859370908926148536e-01
8.381504807468426188e-02 2.155519518266979240e-01 9.728886851947651238e-01
8.699460176481048357e-02 -5.286267108524977075e-03 9.961947573863305649e-01
1.489082969608364615e-01 -2.255129915934132312e-01 9.627929215147930098e-01
2.767573361800657050e-01 -4.414561801948190811e-01 8.535348955012221905e-01
4.822368890510889683e-01 -6.066619789109997107e-01 6.319879952832261338e-01
7.434590493409064527e-01 -6.010332714256612086e-01 2.933047026431275239e-01
6.404858146045010470e-01 -4.858133482669150793e-01 -5.947800534113599769e-01
6.005339928594470855e-01 2.215437250563392912e-01 -7.682950613588898081e-01
4.362134739942318817e-01 7.948405749173608204e-01 -4.218367759819839358e-01
2.593113480395729531e-01 9.565575717155759827e-01 1.332487777484961944e-01
1.262482237649535655e-01 8.027595308732962121e-01 5.827851418734053546e-01
5.079299661626848067e-02 5.314497432973886992e-01 8.455656342614135124e-01
2.586331685375984485e-02 2.500346966880343524e-01 9.678913881698618660e-01
4.109515921200303928e-02 -2.126422335639115840e-02 9.989289367589847535e-01
9.215874252008661449e-02 -2.960921376936308524e-01 9.507030094479255178e-01
1.843032990230250301e-01 -5.802015529380297743e-01 7.933463631589432463e-01
3.279482682314177611e-01 -8.222377062021530847e-01 4.651613568034519974e-01
5.099439448960433330e-01 -8.583730029002044626e-01 -5.615123289794041184e-02
-4.725101063806864260e-02 -6.201052008197087684e-01 -7.830944271989753735e-01
-1.598185371892145157e-01 1.411630315600850838e-01 -9.770010407832208088e-01
-2.004407219365663961e-01 7.864906079503839464e-01 -5.841712425267943098e-01
-1.705648458817741187e-01 9.846288080321469183e-01 3.759978381040347817e-02
-1.254589738466004023e-01 8.327494768487838650e-01 5.392479528837053060e-01
-8.704147876236360826e-02 5.486829087662309368e-01 8.314871295472258117e-01
-5.417658284460671186e-02 2.517780299727707671e-01 9.662674171751383101e-01
-2.418966953328632874e-02 -3.550214004615465102e-02 9.990768028236041154e-01
2.029278986295394126e-03 -3.291513624229042145e-01 9.442749931253956452e-01
2.161886453126424246e-02 -6.384984492992010763e-01 7.693194102184741645e-01
3.048957395178571519e-02 -9.137262408219236631e-01 4.051848253742316164e-01
1.746580364121601975e-02 -9.841856739721763780e-01 -1.762767847758272277e-01
-6.690706076191748064e-01 -5.888168619683816774e-01 -4.534746134919241944e-01
-7.988919748237188756e-01 4.115980140148302324e-02 -6.000645659515609909e-01
-7.324131850612145556e-01 6.088798249751379288e-01 -3.046904742298457980e-01
-5.397521661560108486e-01 8.204189255252044566e-01 1.886276378742544335e-01
-3.476877332284880606e-01 7.178992511709253455e-01 6.031035610331465513e-01
-2.113024689243501175e-01 4.801762537302878830e-01 8.513413134460227072e-01
-1.284470477031576519e-01 2.175878412222357339e-01 9.675520075370031003e-01
-8.786181853206645465e-02 -4.299762773966379903e-02 9.952042528309600344e-01
-8.820818963658180745e-02 -3.102394047277254319e-01 9.465573553858750433e-01
-1.397455122495732116e-01 -5.881220669014324276e-01 7.966075735453080897e-01
-2.588638087069293214e-01 -8.306739421522995048e-01 4.929202069006793918e-01
-4.496961591400557845e-01 -8.929332056033774112e-01 2.106311434141419636e-02
-7.089830102595450212e-01 -7.022799619947333039e-01 6.438902192136621017e-02
-9.451813114004842253e-01 -3.256628444281327583e-01 -2.400000704615524311e-02
-9.856712429622213056e-01 7.706207526154518206e-02 1.500454509597204944e-01
-8.328248437873541077e-01 3.081253808570347807e-01 4.598494636749860254e-01
-5.952897921954497518e-01 3.297370987773229345e-01 7.327369985184865042e-01
-3.748294928135081361e-01 2.270727719494506636e-01 8.988552762021004838e-01
-2.065717492353364715e-01 7.660299479019780367e-02 9.754281591215234748e-01
-9.166178341872381619e-02 -9.591855171092317223e-02 9.911597998800657505e-01
-3.184439844196271935e-02 -2.931162705428542736e-01 9.555463286679838353e-01
-4.335237105771357069e-02 -5.180039197371402171e-01 8.542789421850717213e-01
-1.581148932837007914e-01 -7.384437365270386522e-01 6.555154677855344891e-01
-3.981720915624510360e-01 -8.460318510337822007e-01 3.545265752201199327e-01
-6.463675065905591932e-01 -5.294252735945154109e-01 5.494705871137919306e-01
-8.026132948616004903e-01 -3.134694168740512210e-01 5.074926832930969356e-01
-8.097668239726626416e-01 -6.596294395271413979e-02 5.830322296565798590e-01
-6.833882455787768651e-01 1.008953189140831402e-01 7.230495421656409905e-01
-4.993824239390003417e-01 1.502261567003026488e-01 8.532580480159781544e-01
-3.258828878054028100e-01 1.115130753090866483e-01 9.388105120153795724e-01
-1.916562832424852092e-01 2.354722724000664694e-02 9.811795947648809246e-01
-1.033551185887930518e-01 -9.324922596324333735e-02 9.902637534105758199e-01
-6.677235990375415819e-02 -2.323721529609955594e-01 9.703322289199736161e-01
-9.600689379280887004e-02 -3.874384014526230380e-01 9.168828504362471765e-01
-2.107600120796794263e-01 -5.328096753976255817e-01 8.195694400786688316e-01
-4.132194483070239510e-01 -6.050279425484298423e-01 6.805812782293992891e-01
-4.349813688446593773e-01 -3.377676992401542067e-01 8.346880795289806088e-01
-5.289334982577300615e-01 -2.255111829542671698e-01 8.181528346117875605e-01
-5.355862767553132286e-01 -8.968026266182978212e-02 8.397051807868577411e-01
-4.640168205336152596e-01 1.413141384587788055e-02 8.857136633272049142e-01
-3.540904139167974085e-01 5.907421049413151548e-02 9.333435682677043710e-01
-2.433501255828936227e-01 4.922864607556200894e-02 9.686884208993372658e-01
-1.521558391152074419e-01 2.905899760614749769e-04 9.883564722207391906e-01
-8.980206733801956998e-02 -7.402216525688597171e-02 9.932050683280644332e-01
-6.409323727823559858e-02 -1.637692667760994591e-01 9.844143864221470697e-01
-8.543522698331755538e-02 -2.585731147125626683e-01 9.622061974119990868e-01
-1.633604408265556529e-01 -3.402601225799720686e-01 9.260326211073295344e-01
-2.926667280110289981e-01 -3.773587645530351864e-01 8.786048879503574049e-01
-1.987704995749689230e-01 -1.723355236907075372e-01 9.647749767552367128e-01
-2.548863067921005587e-01 -1.103098030956849857e-01 9.606584814338994249e-01
-2.735446265581726877e-01 -3.754585579535277967e-02 9.611262383234245865e-01
-2.535381876713805327e-01 2.001495587321238528e-02 9.671182910760577345e-01
-2.081813551542424090e-01 4.661616086718821383e-02 9.769787392324537079e-01
-1.530448248586959437e-01 4.006401332146187350e-02 9.874067836614182081e-01
-9.965777587059899967e-02 6.735829760587986291e-03 9.949989730173776081e-01
-5.640260456808447037e-02 -4.373944840452064636e-02 9.974495510306300439e-01
-3.112460745995465627e-02 -1.010100194052947625e-01 9.943984285941345203e-01
-3.184573634669050912e-02 -1.544146514767966161e-01 9.874927668018163018e-01
-6.430609571742987307e-02 -1.921928392439658240e-01 9.792479964733664666e-01
-1.258576037805926584e-01 -2.013452833582496382e-01 9.714010193735409526e-01
3.731784046290919504e-02 -3.727354473700981996e-02 9.986080620772510574e-01
3.969847013219405911e-04 1.574541179306051392e-02 9.998759545117648084e-01
-3.913097488309322247e-02 6.395990156752126565e-02 9.971849867483427721e-01
-6.812691041149875060e-02 9.250675986750635238e-02 9.933786908609237853e-01
-7.842601003498186896e-02 9.535693284586288510e-02 9.923489387852156840e-01
-6.918166525857365190e-02 7.453500182254552131e-02 9.948157772649942610e-01
-4.471680991721548037e-02 3.669509492138056661e-02 9.983255365458075792e-01
-1.176927250542288833e-02 -9.106060685919823566e-03 9.998892758118256285e-01
2.215793657451305479e-02 -5.264487708572174185e-02 9.983674387536400907e-01
4.966706720002554698e-02 -8.371353307140505517e-02 9.952513385153751724e-01
6.405740374333691867e-02 -9.364042107482767330e-02 9.935432152486696200e-01
6.027313768448747805e-02 -7.751495793018070568e-02 9.951676141085956662e-01
2.922647369413258756e-01 6.837993784692752985e-02 9.538896726774975798e-01
2.610902933419171901e-01 1.504768743619478155e-01 9.535138011611566933e-01
1.858192784980710610e-01 2.080384349625334361e-01 9.603078700691570768e-01
9.789070701307013567e-02 2.217076799423722822e-01 9.701871541795259457e-01
3.038985411448992882e-02 1.951182412484720186e-01 9.803087925235306477e-01
-1.248687567401874027e-03 1.438462211979583127e-01 9.895992650697195137e-01
2.346071708556910981e-03 8.254606253257061599e-02 9.965844888959106695e-01
3.396573042576367385e-02 2.244226932782713430e-02 9.991709932260109950e-01
8.571013190423570904e-02 -2.644425363167229523e-02 9.959691133457945211e-01
1.501489901454576281e-01 -5.368128640610127927e-02 9.872049433871978863e-01
2.177372494460167451e-01 -4.893901343442758067e-02 9.747796998131597057e-01
2.724138272645701409e-01 -6.101653170179308430e-03 9.621608371491584544e-01
5.840772077908124027e-01 1.345199545218655479e-01 8.004737329699465054e-01
5.452363403387731067e-01 2.924652963963428332e-01 7.856089253426242758e-01
4.098319248961799777e-01 3.986261374836772564e-01 8.204480457959888451e-01
2.414062934745237754e-01 4.093365357116120484e-01 8.798673775078393877e-01
1.085533822260826564e-01 3.421043985995762537e-01 9.333706357423094957e-01
3.964511291402575410e-02 2.409163932782395212e-01 9.697358178761602554e-01
3.094057678582174883e-02 1.366040008711772169e-01 9.901424279638625370e-01
7.043997473192592507e-02 4.327860663593151996e-02 9.965767266836205174e-01
1.490371727847067396e-01 -3.106506945720782786e-02 9.883435043485387927e-01
2.606272383270376025e-01 -7.577890883732628369e-02 9.624609080983677067e-01
3.940409846989496589e-01 -7.295290545158429618e-02 9.161929796521218750e-01
5.190805138840339783e-01 -2.443981670418944336e-03 8.547218536223929464e-01
8.748373087784050428e-01 1.286891259811860366e-01 4.670104838475236941e-01
8.057752891626651648e-01 4.227386962641246360e-01 4.147507420796026634e-01
5.837358073607936682e-01 6.286657813356482105e-01 5.138402889833905141e-01
3.216656691808085222e-01 6.493840988787121793e-01 6.890801763173982630e-01
1.291239226417920383e-01 5.261546130912244656e-01 8.405286049412252769e-01
3.800868956458794412e-02 3.544787060793569422e-01 9.342912749533748284e-01
3.133170671672925317e-02 1.898050446816507697e-01 9.813217459975507317e-01
8.833373868586748279e-02 4.678903059562226213e-02 9.949914257045762156e-01
1.990969693823414488e-01 -7.343925663175931984e-02 9.772241668973694617e-01
3.618731688295708793e-01 -1.627875458214982363e-01 9.179041478317992997e-01
5.677069178372204927e-01 -1.901551502687585660e-01 8.009680856726067999e-01
7.700048149753948579e-01 -1.011537251550278516e-01 6.299686569995855967e-01
9.971878422171862599e-01 -2.933082648887217446e-03 -7.488527465724420518e-02
8.600663333330439420e-01 4.744956344435102280e-01 -1.874561152936047304e-01
5.566802636762450129e-01 8.304004840384950903e-01 2.328347358196936057e-02
2.467227085465651115e-01 8.850847630142926192e-01 3.946553779785432203e-01
4.995752516771868879e-02 7.062519376478036959e-01 7.061957563224641188e-01
-2.110802004478287003e-02 4.588712960903038596e-01 8.882519828934416495e-01
-1.729242751009256278e-03 2.292453429040382795e-01 9.733671365298249833e-01
8.105765386455364430e-02 2.970835189262192172e-02 9.962665660242792098e-01
2.187727799752017532e-01 -1.508272002068835882e-01 9.640485601977651919e-01
4.148461730485793475e-01 -3.124822548171325987e-01 8.545510477036940555e-01
6.634834437348144931e-01 -4.103884653204443733e-01 6.255965372519602941e-01
9.023480388494657944e-01 -3.345335717859029279e-01 2.717633274244042330e-01
7.341156493116836046e-01 -2.749595556099624916e-01 -6.208634763090573605e-01
5.032882551591658649e-01 3.550240874179560469e-01 -7.878190335171481040e-01
1.893396832401913199e-01 8.658311969481050641e-01 -4.631272209036877419e-01
-4.733574760141422144e-02 9.933672465053846601e-01 1.047895060078518209e-01
-1.446867137115678270e-01 8.028545644157346617e-01 5.783513666206254733e-01
-1.347302944659657664e-01 5.123928446955189342e-01 8.481163366296223804e-01
-6.298011652200348476e-02 2.390372187718042551e-01 9.689657955596412409e-01
4.775625682164550551e-02 -4.674790167756087515e-03 9.988480796753894664e-01
1.929205134672782318e-01 -2.412144378189512439e-01 9.511031860272370908e-01
3.753646684039896875e-01 -4.820145928097122612e-01 7.916838371675998243e-01
5.836859118121389134e-01 -6.757721140050850783e-01 4.501586456851752183e-01
7.469370337722802677e-01 -6.587429550628142172e-01 -9.023739100094070598e-02
1.375903052398060045e-01 -5.809633807240993653e-01 -8.022159672817256171e-01
-1.605302041944002001e-01 7.755292891122830823e-02 -9.839794696835123533e-01
-3.967646081020915760e-01 6.706068010723784667e-01 -6.267889310709345851e-01
-4.626979182110992350e-01 8.865128897418143028e-01 2.352191419535438945e-03
-3.909024496862423259e-01 7.502754918950294005e-01 5.331809834298395501e-01
-2.659812738510428654e-01 4.805483505016144852e-01 8.356597661670935873e-01
-1.333187679596753994e-01 2.091537956317211233e-01 9.687521849691688169e-01
-3.177129896280013639e-03 -4.553627617638377617e-02 9.989576334347970432e-01
1.240961969513478674e-01 -3.080247090011118960e-01 9.432501855535786461e-01
2.436339269967408294e-01 -5.958735858209481817e-01 7.652301479533124562e-01
3.298156551730656583e-01 -8.613230954336998924e-01 3.864507198534827825e-01
3.175378342759367922e-01 -9.237783172055857861e-01 -2.140171592751119178e-01
-4.441060081080189792e-01 -7.465590210427686113e-01 -4.953983060748106682e-01
-7.416537796754941736e-01 -1.941889680087358350e-01 -6.420594332277822502e-01
-8.669103370301343148e-01 3.524932645137238141e-01 -3.524414363024497843e-01
-7.753588381470623014e-01 6.106221720625855109e-01 1.611186987679205651e-01
-5.676317452966245236e-01 5.619600048194796083e-01 6.016603316780047006e-01
-3.579411620342187184e-01 3.689098273601517652e-01 8.577783302220898243e-01
-1.869397690386790933e-01 1.469245652739841479e-01 9.713221375376726030e-01
-5.521029704503781221e-02 -7.916501953941583458e-02 9.953314637755354966e-01
3.829981851921458735e-02 -3.249864602850764950e-01 9.449428154830157300e-01
8.047069794851757774e-02 -6.042009983761026382e-01 7.927582357395434043e-01
3.590950215370267151e-02 -8.775101840703611877e-01 4.782116524176048822e-01
-1.418689891466937691e-01 -9.897789817187442329e-01 -1.451748140936857077e-02
