-4.115456919973033839e-02 4.311157587470010322e-02 9.982222665617562773e-01
-4.913954502225226229e-02 6.188905142946249383e-02 9.968726350081229537e-01
-4.823622486143135102e-02 6.981258209377567969e-02 9.963932306035312436e-01
-3.846279842564923751e-02 6.365107691344511209e-02 9.972307423788129288e-01
-2.236833512080892844e-02 4.395199823171458409e-02 9.987831994158439253e-01
-4.484729249835416910e-03 1.614107557343929730e-02 9.998596665947621087e-01
1.009381771741898158e-02 -1.094101977990862007e-02 9.998891983264285299e-01
1.753121701722893527e-02 -2.898361323876005521e-02 9.994261386383440637e-01
1.614845366346372851e-02 -3.356762911540654010e-02 9.993059800279759930e-01
6.467358173987938080e-03 -2.475131246229764562e-02 9.996727193484851171e-01
-9.043776510034347987e-03 -5.733371999362381170e-03 9.999426676323810437e-01
-2.646851647684444683e-02 1.868702613735839790e-02 9.994749685157884311e-01
-6.791999485575150874e-02 2.450027645518789224e-02 9.973898990627252381e-01
-8.013396155220350869e-02 3.929809512141895639e-02 9.960091404829485295e-01
-8.500656887313243204e-02 4.171198044786771086e-02 9.955069030075038850e-01
-8.122264175155807786e-02 2.983003015957165494e-02 9.962494927313021442e-01
-6.936627363824257597e-02 5.881866251658658673e-03 9.975739189308631127e-01
-5.219144845076879868e-02 -2.320945877380891850e-02 9.983673540997261009e-01
-3.445180704552262829e-02 -4.809632639869997756e-02 9.982483740923978610e-01
-2.136521253367551151e-02 -6.130295909150548089e-02 9.978905124813577387e-01
-1.666559685753373973e-02 -6.004223923208872049e-02 9.980567054979265773e-01
-2.146681820346361610e-02 -4.601280823331700687e-02 9.987101667624567192e-01
-3.417973941563998835e-02 -2.360263216347842016e-02 9.991369581637330466e-01
-5.120636298423689170e-02 1.748132446072528205e-03 9.986865636538491131e-01
-9.372432892471235788e-02 1.174507172821348186e-02 9.955289063899593893e-01
-1.114873383935736234e-01 2.500537953655856266e-02 9.934512088534911411e-01
-1.223082145516057456e-01 2.353590881830654180e-02 9.922130626280515342e-01
-1.233803707238994157e-01 5.938385089167437340e-03 9.923416849567349152e-01
-1.133798120636726053e-01 -2.432810637670172749e-02 9.932538252915965593e-01
-9.377613416722552220e-02 -5.825230130356093966e-02 9.938876727545276069e-01
-7.011474309128341853e-02 -8.440516236699924235e-02 9.939616146346692549e-01
-5.001332838161837158e-02 -9.487173460213595144e-02 9.942323777458191847e-01
-3.956598790955608708e-02 -8.820302908664418018e-02 9.953164111279688697e-01
-4.119473168492657211e-02 -6.807537046863537666e-02 9.968293424739486097e-01
-5.357817584457681692e-02 -4.050919507188814606e-02 9.977416420033411448e-01
-7.280727256216718013e-02 -1.191774513163237209e-02 9.972748209059202340e-01
-1.126053885058934945e-01 8.604698727497309824e-03 9.936025290020916723e-01
-1.362880035319119498e-01 2.348871734502120875e-02 9.903907613921623110e-01
-1.524083023285603133e-01 2.097300710296763626e-02 9.880950573475272281e-01
-1.568422473553619245e-01 -1.040315863777395520e-03 9.876231200146389222e-01
-1.465121519511278225e-01 -3.893825558991371311e-02 9.884422095308222911e-01
-1.217946732812136973e-01 -8.134258253431143892e-02 9.892165798382407393e-01
-9.005387886466251213e-02 -1.127188738832961834e-01 9.895376467683397737e-01
-6.232492632861084958e-02 -1.231680206002381817e-01 9.904267980317841280e-01
-4.721028258103027175e-02 -1.123090105514834708e-01 9.925511953382758490e-01
-4.786526204169825466e-02 -8.608280658719218159e-02 9.951375116534513232e-01
-6.245095749249031380e-02 -5.237761939268888167e-02 9.966726959715225265e-01
-8.608290228851589454e-02 -1.866240868944865627e-02 9.961131704960233257e-01
-1.191145828147464197e-01 1.654070856080484125e-02 9.927427265516107768e-01
-1.474284323906970839e-01 3.645006140840938158e-02 9.884008550918942371e-01
-1.665244364597458504e-01 3.672136777126919910e-02 9.853533138985556272e-01
-1.716159849116637715e-01 1.307190840590868354e-02 9.850771944033038796e-01
-1.585821869632162429e-01 -3.256465221845836200e-02 9.868086103210904625e-01
-1.269340731281917156e-01 -8.679759177303836282e-02 9.881062286725732502e-01
-8.675386538944460102e-02 -1.272683338325104330e-01 9.880670716320424374e-01
-5.289643493844988636e-02 -1.405142477894909536e-01 9.886646111491556033e-01
-3.584019541725244618e-02 -1.272807240066510803e-01 9.912189958272321633e-01
-3.846576618530948843e-02 -9.601107119411872448e-02 9.946367472800520249e-01
-5.761459877616191549e-02 -5.635811593032807876e-02 9.967468689575448293e-01
-8.696074927309679903e-02 -1.657729819857941753e-02 9.960738031241764823e-01
-1.099594419811033147e-01 3.380717996346013776e-02 9.933609594211504357e-01
-1.395506450595040415e-01 6.129190010291130086e-02 9.883162046862848937e-01
-1.569904228238453436e-01 6.820711388981191836e-02 9.852419990827628871e-01
-1.578229805879836078e-01 4.692997830572873119e-02 9.863516025913839913e-01
-1.386944386925765826e-01 -4.387426910629706016e-03 9.903255036404027267e-01
-9.957985115097134354e-02 -7.181067558127411654e-02 9.924349248779468224e-01
-5.402968387710454373e-02 -1.234461754105050657e-01 9.908793241544168184e-01
-1.923505805513870542e-02 -1.416311822909665230e-01 9.897326006272766374e-01
-5.326160988959773371e-03 -1.285660303332135102e-01 9.916866480161037334e-01
-1.353470315283418664e-02 -9.485609164008518279e-02 9.953989821620605749e-01
-3.897519985617423771e-02 -5.120427464548462509e-02 9.979273801505529340e-01
-7.394687973499208811e-02 -6.053430046412974427e-03 9.972438091871681509e-01
-8.632764082095734093e-02 5.544147663417442473e-02 9.947229670108244104e-01
-1.125917377402758934e-01 9.072389131032854159e-02 9.894909176632736836e-01
-1.225288207252429595e-01 1.063082891731669533e-01 9.867549015560905801e-01
-1.126689882972523038e-01 9.138107802896341947e-02 9.894216480622116672e-01
-8.287660599711435538e-02 3.961395780344025702e-02 9.957721639640108036e-01
-3.738768125452465035e-02 -3.688374055222255754e-02 9.986199231806806020e-01
6.259611921685535180e-03 -9.768791982808283647e-02 9.951974113602258809e-01
3.334105621010181875e-02 -1.221632208205641751e-01 9.919498583343876463e-01
3.780143070265282179e-02 -1.130868500006232680e-01 9.928657594023965194e-01
2.100115545525163205e-02 -8.143190760901196368e-02 9.964576237315488916e-01
-1.095482751679742288e-02 -3.766820561516399241e-02 9.992302527644744137e-01
-4.975338833506293135e-02 1.015533109357766826e-02 9.987099026242345357e-01
-5.510392369074142843e-02 7.476191882873828298e-02 9.956777656887172423e-01
-7.456904123045492161e-02 1.149437726512659713e-01 9.905692238398082772e-01
-7.380864875590008312e-02 1.376251675085745085e-01 9.877305283512927137e-01
-5.040582664765011489e-02 1.306271290178739608e-01 9.901493856002150373e-01
-8.364965878353107509e-03 8.564128653996579132e-02 9.962909200556787637e-01
3.995678272026915306e-02 1.220315093199362058e-02 9.991268881488045706e-01
7.403454381381434357e-02 -5.188141821614722371e-02 9.959052187665085043e-01
8.718909365595509109e-02 -8.366564892939824805e-02 9.926722123322084812e-01
7.939894364541159877e-02 -8.291239812226199046e-02 9.933888171232944098e-01
5.420216702429012101e-02 -5.831227618655778627e-02 9.968258641988528845e-01
1.789235350286645307e-02 -1.901051676333698204e-02 9.996591738881532851e-01
-2.152763167657091928e-02 2.752279029864712970e-02 9.993893420926921456e-01
-2.659706079211153484e-02 8.617706187458076816e-02 9.959247513562149434e-01
-3.899500160863343667e-02 1.264665405711999646e-01 9.912041182146349438e-01
-3.023985031145656754e-02 1.516069017565112309e-01 9.879781874074319292e-01
3.602985570265817596e-04 1.500468385918490577e-01 9.886788236902336324e-01
4.571609889579356101e-02 1.146346359244216212e-01 9.923552481587837315e-01
9.027046008530455190e-02 5.355497551989731736e-02 9.944762986784079217e-01
1.160159301665839304e-01 -5.276821867054521178e-03 9.932333356762641507e-01
1.194314456407106206e-01 -4.075802470213780310e-02 9.920055005969615758e-01
1.039642483588724270e-01 -4.838678136460076995e-02 9.934033191270250640e-01
7.481045853475878915e-02 -3.272781726867558111e-02 9.966605667280206138e-01
3.826766491701404788e-02 -6.574178327870133787e-04 9.992673083933903966e-01
1.706179974051711843e-03 4.115124987265914719e-02 9.991514717918126287e-01
-9.441615169065277827e-03 8.734861531139448410e-02 9.961330610446113010e-01
-1.688082975257878052e-02 1.238343544117410100e-01 9.921593068929052128e-01
-5.349473947184808439e-03 1.474361458140707459e-01 9.890571095926361522e-01
2.439156280570255186e-02 1.485964621474113179e-01 9.885970580075985614e-01
6.464012327403793889e-02 1.222973058592184553e-01 9.903863001084954876e-01
1.015012113886138850e-01 7.498524742496796847e-02 9.920054015756764043e-01
1.214014621845069808e-01 2.549357246104936789e-02 9.922760516825416266e-01
1.213152719445135114e-01 -9.001588126599390297e-03 9.925732094934736072e-01
1.047998556845975010e-01 -2.151812402429089874e-02 9.942605094175329672e-01
7.719460304660770433e-02 -1.302626012573715811e-02 9.969309453555079692e-01
4.444155370657788817e-02 1.188325171128409505e-02 9.989413079019666686e-01
1.314472808264119906e-02 4.745518485907414957e-02 9.987868749405351965e-01
-7.325136052881705412e-03 7.875961472734326063e-02 9.968667240258159978e-01
-1.256200319472036871e-02 1.094066204542472054e-01 9.939176965304574729e-01
-2.519449385426475885e-03 1.289030456396132451e-01 9.916540007480546537e-01
2.149817010044205792e-02 1.300292478190641088e-01 9.912770669161395931e-01
5.297861351132820279e-02 1.097379879220855975e-01 9.925476515096146590e-01
8.149748719892332960e-02 7.311874100562566758e-02 9.939878315622958649e-01
9.752089881038177033e-02 3.313225486057713720e-02 9.946818224854824253e-01
9.799680699661164618e-02 3.052242014117651642e-03 9.951820484900786301e-01
8.498654147459965003e-02 -9.887285469440242752e-03 9.963330413843117794e-01
6.262873039965782818e-02 -4.831070351434123798e-03 9.980252015292738754e-01
3.593068674430584253e-02 1.511808153911823466e-02 9.992399258239873516e-01
1.056512881230089844e-02 4.496839841543205651e-02 9.989325408639548876e-01
-1.920784581310096273e-02 6.276395501457793236e-02 9.978435471605950902e-01
-2.475533136986374227e-02 8.712709893874322209e-02 9.958895732956817293e-01
-1.867417082836625095e-02 1.010757500966859151e-01 9.947034573611529540e-01
-1.934629424481914672e-03 9.955563974576975284e-02 9.950301160285953683e-01
2.087744746518738204e-02 8.132803792840857804e-02 9.964687061989988548e-01
4.267856453304869763e-02 5.113782835873560695e-02 9.977792654893290480e-01
5.680293040133084503e-02 1.888013833035774580e-02 9.982068760905550286e-01
6.002182142188097758e-02 -5.186226360052476059e-03 9.981835923362625262e-01
5.254609940468795565e-02 -1.497358599798186488e-02 9.985062339114596508e-01
3.672643641783490676e-02 -9.513851365943525734e-03 9.992800685994766008e-01
1.628075886925106630e-02 8.509847739477334472e-03 9.998312454519229231e-01
-4.098325005235917487e-03 3.446044382345558876e-02 9.993976593647960760e-01
-6.354995621830888952e-02 2.049740320839403204e-02 9.977681391619707130e-01
-8.276333908011256069e-02 3.553138645935213780e-02 9.959356155296382740e-01
-8.649392598257202303e-02 4.500471146473820211e-02 9.952353373520459456e-01
-7.274711236421545213e-02 4.528142588628655124e-02 9.963219610710616347e-01
-4.434685243568562557e-02 3.495386222442026930e-02 9.984045193182171651e-01
-9.254013584896652114e-03 1.667865987707274622e-02 9.998180762204583738e-01
2.175366648846436754e-02 -3.233297431340082569e-03 9.997581326410819313e-01
3.975112811026501602e-02 -1.803696623264115437e-02 9.990468035396681268e-01
4.064647498396138647e-02 -2.397232114685879031e-02 9.988859754197126906e-01
2.524852294179432202e-02 -2.087623444292072139e-02 9.994632033870294308e-01
-1.954549280711458722e-03 -1.069239453501501409e-02 9.999409244732104796e-01
-3.417276924816115696e-02 3.983194911672451738e-03 9.994080027697325175e-01
-8.030080033620978774e-02 -1.497310516349895267e-02 9.966582100133730693e-01
-1.019712984351220375e-01 -8.098241716098136464e-03 9.947543781137555552e-01
-1.089897546982955129e-01 -1.002904164909878930e-02 9.939922794943655271e-01
-9.863092793635475086e-02 -2.181178203319884823e-02 9.948850115561599372e-01
-7.241112106188017650e-02 -4.107112344911733465e-02 9.965288718171679827e-01
-3.711075269704831175e-02 -6.155916499159901079e-02 9.974132850729089395e-01
-3.532458215675567722e-03 -7.597155222366630545e-02 9.971037283008176155e-01
1.814920269178331436e-02 -7.997292583365166185e-02 9.966317963896977883e-01
2.240584803659167318e-02 -7.372510003589366478e-02 9.970268740603571711e-01
9.233460725589809348e-03 -6.040421573873510502e-02 9.981312909251142118e-01
-1.704670663709238060e-02 -4.396162538726617469e-02 9.988877741199194693e-01
-4.953553996466009829e-02 -2.788324999621140735e-02 9.983830700939103631e-01
-1.008437939499049613e-01 -4.360255952739792995e-02 9.939463496712089841e-01
-1.286845438212615156e-01 -4.300055115838925801e-02 9.907528656439757997e-01
-1.408809926239684152e-01 -5.473763265804294093e-02 9.885121837835199043e-01
-1.329155661684760237e-01 -7.815059322109112194e-02 9.880414652479773130e-01
-1.042814084823272952e-01 -1.075964398970974401e-01 9.887104702422021552e-01
-6.150060263579015807e-02 -1.325944744891278948e-01 9.892605224157120514e-01
-1.864198746423382375e-02 -1.435778705688979806e-01 9.894634259973109636e-01
1.016054226753115332e-02 -1.379428417970937348e-01 9.903880733216060550e-01
1.747699442715537274e-02 -1.198774406594647346e-01 9.926348542573939504e-01
3.502289130548384612e-03 -9.619265608591393013e-02 9.953565727346186387e-01
-2.632937239213294783e-02 -7.295057882266413329e-02 9.969879523840692315e-01
-6.402249126687827030e-02 -5.445843616199182169e-02 9.964614389642055814e-01
-1.212635969954921900e-01 -5.797401186673207391e-02 9.909259074178653481e-01
-1.585092308509586378e-01 -6.022290431355776380e-02 9.855191654813406643e-01
-1.779700277631796335e-01 -7.818612376957755072e-02 9.809248693288374898e-01
-1.723835593622423112e-01 -1.112566219474969975e-01 9.787266587430906162e-01
-1.377669491275745339e-01 -1.520151246642759135e-01 9.787296202738309248e-01
-8.010452102026931198e-02 -1.848678607704565269e-01 9.794933076679082085e-01
-2.087256779093360839e-02 -1.954526872384610148e-01 9.804909907619098197e-01
1.833920996748109045e-02 -1.820916271860376634e-01 9.831105292317946498e-01
2.803564671580974221e-02 -1.535321145429934531e-01 9.877458642368780461e-01
1.013413408971221980e-02 -1.204680497159715813e-01 9.926654765446825124e-01
-2.735864348434966994e-02 -9.074693739404711412e-02 9.954981155081132904e-01
-7.448740766064354535e-02 -6.901821338681023155e-02 9.948306953049481649e-01
-1.363655264513378151e-01 -5.314084304039644324e-02 9.892322750480551097e-01
-1.845071031328474609e-01 -5.292377635800600555e-02 9.814052184441871551e-01
-2.122510778286537669e-01 -7.039690330892678372e-02 9.746762313533317013e-01
-2.091637954746831951e-01 -1.077430589301808517e-01 9.719269210773987533e-01
-1.660364258388704883e-01 -1.594962276495412445e-01 9.731355808211875624e-01
-8.621741001729170406e-02 -2.050276262186430942e-01 9.749513991462369633e-01
-4.827663374917815810e-03 -2.199218146482498359e-01 9.755055556519400817e-01
4.559127827385629078e-02 -2.022661903963874908e-01 9.782687890185737256e-01
5.510791641568489607e-02 -1.664298444624593698e-01 9.845121758620183350e-01
2.978209509055313939e-02 -1.269282980095468583e-01 9.914646912404282419e-01
-1.854642600801497884e-02 -9.248058848007616184e-02 9.955417474101917463e-01
-7.766106693860835852e-02 -6.721489525273184606e-02 9.947114740155935664e-01
-1.405984518436679542e-01 -2.868443597591915917e-02 9.896510892589429620e-01
-1.976128667528846972e-01 -1.951443293957670286e-02 9.800858849105044124e-01
-2.311732416324070172e-01 -2.655184790555234833e-02 9.725502206704009778e-01
-2.281294788997703105e-01 -5.728738395234260483e-02 9.719439780648582161e-01
-1.739834903420819645e-01 -1.146213075690416250e-01 9.780550602800244242e-01
-6.664041413693713722e-02 -1.775690372181763232e-01 9.818494244155188122e-01
3.623805605530024121e-02 -2.028978830952571366e-01 9.785291269699595285e-01
9.197635575876755842e-02 -1.873930447036753766e-01 9.779694252777423324e-01
9.555409458139194068e-02 -1.513991850092864522e-01 9.838433319320391002e-01
5.949772028689769010e-02 -1.117357236486177380e-01 9.919552153909895198e-01
-6.914885727534598710e-04 -7.649417648595459307e-02 9.970697883333700107e-01
-7.133653020985389337e-02 -4.849814848108813248e-02 9.962725676499001315e-01
-1.307387350894301803e-01 9.441288094025336933e-03 9.913719005631428383e-01
-1.903452179524981192e-01 3.239435691051367056e-02 9.811826046373469667e-01
-2.222688172371787563e-01 4.534764867691815082e-02 9.739302663144939753e-01
-2.112278712486644061e-01 3.601811923860457482e-02 9.767729938394575928e-01
-1.410966610360736839e-01 -1.131240903585710618e-02 9.899311903593521755e-01
-8.523487056834134351e-03 -8.834203833484119417e-02 9.960537306949495129e-01
1.004540008476304952e-01 -1.300911107860978355e-01 9.864001706245995038e-01
1.471078544903230423e-01 -1.291858777244408174e-01 9.806478920305158331e-01
1.380621053693946998e-01 -1.060336883537268959e-01 9.847312892332469314e-01
9.075038097448612229e-02 -7.601335056272183477e-02 9.929684480833238513e-01
2.150882546918497437e-02 -4.579781952021341057e-02 9.987191447820562562e-01
-5.626197250393113330e-02 -1.725987876856536693e-02 9.982668415983365628e-01
-1.090567302911413655e-01 4.934786139738010086e-02 9.928098600204381396e-01
-1.632462781614046343e-01 8.515444544474803923e-02 9.829035421074945322e-01
-1.852310201203773710e-01 1.189625058473428865e-01 9.754677808043897835e-01
-1.583471656178304654e-01 1.376419839122046407e-01 9.777427368206385028e-01
-6.996589087165647203e-02 1.196738134750577470e-01 9.903448654296149734e-01
6.507139203582047726e-02 5.453086775462672592e-02 9.963895314586668217e-01
1.562504028195867145e-01 -8.971822235108580998e-03 9.876767274895602577e-01
1.849691709874570489e-01 -3.849199958966707108e-02 9.819902096007833148e-01
1.645909995722590058e-01 -4.129284746532056044e-02 9.854971859970047543e-01
1.116234142638240223e-01 -2.924616565606167132e-02 9.933201272412153227e-01
4.036029993868269633e-02 -8.879529519107334096e-03 9.991457351880497217e-01
-3.707119640874452504e-02 1.744604620823314231e-02 9.991603284100638582e-01
-8.347808010612227381e-02 7.811293915024837553e-02 9.934433949043104395e-01
-1.272949517823614707e-01 1.194629959770766581e-01 9.846443966442965934e-01
-1.381265865318446195e-01 1.622782255273384766e-01 9.770295919841864851e-01
-1.026246969640238760e-01 1.929059010198761470e-01 9.758357878888256343e-01
-1.726404429218325251e-02 1.911402323726960062e-01 9.814109049440291610e-01
9.289999326850557904e-02 1.464996980840142793e-01 9.848387836148355667e-01
1.658202350910686629e-01 8.529955203439117117e-02 9.824599920897294503e-01
1.859045299764797710e-01 3.947758965195110464e-02 9.817744270704568121e-01
1.641295803445192714e-01 1.635845087694171029e-02 9.863031389694995044e-01
1.144986453503245294e-01 1.220328020427067887e-02 9.933484485140123832e-01
4.927885880231707566e-02 2.261411964708023165e-02 9.985290159368037655e-01
-2.049099068742841340e-02 4.498980711714200414e-02 9.987772707446654907e-01
-6.301517107902515624e-02 8.837335616941668914e-02 9.940921678261082084e-01
-9.626790037885174511e-02 1.277045611757241794e-01 9.871291893219457103e-01
-1.003822439430512720e-01 1.684243818876122734e-01 9.805899411512281061e-01
-6.718407727283673414e-02 1.982908138770125284e-01 9.778379481760171021e-01
9.262592031144092127e-04 2.021380580774485292e-01 9.793565987526093863e-01
8.186738234897020239e-02 1.727966296041590355e-01 9.815493143519401498e-01
1.385393587752853373e-01 1.235949758593596765e-01 9.826144350722627596e-01
1.565041598037975323e-01 7.758808686728480009e-02 9.846250741985503874e-01
1.404468680996717178e-01 4.731185954496699292e-02 9.889571604409460592e-01
1.003019848969600447e-01 3.511790461120718743e-02 9.943370880147166524e-01
4.622877585217202712e-02 3.933520862650949357e-02 9.981561208776884575e-01
-1.176300623631009595e-02 5.773931853372455542e-02 9.982623917486597165e-01
-5.280097086957428326e-02 7.929263117738824529e-02 9.954520260243636676e-01
-7.797314605508409713e-02 1.119412921424246810e-01 9.906509655815518567e-01
-7.970212516491793908e-02 1.443018961282745427e-01 9.863186777193723165e-01
-5.364987564927149039e-02 1.667769640793757002e-01 9.845339684821498016e-01
-3.952101630454651557e-03 1.693400183331254805e-01 9.855497648944346878e-01
5.360519770461749656e-02 1.481002100540063926e-01 9.875185115030531424e-01
9.699413606098332419e-02 1.110258743252939273e-01 9.890729966994447064e-01
1.142393002548665881e-01 7.343175377362611000e-02 9.907356659648597352e-01
1.052609015776423546e-01 4.661139465680530503e-02 9.933516600315350775e-01
7.580173945572521443e-02 3.472688436265741752e-02 9.965180077639266276e-01
3.366363860470117375e-02 3.753408384707734163e-02 9.987281672134845634e-01
-1.239835729515079837e-02 5.317187343639898783e-02 9.985084038763952785e-01
-5.354962292538340690e-02 5.454157202428525086e-02 9.970745482690430705e-01
-7.397388853134007070e-02 7.852909772028537905e-02 9.941634898881587246e-01
-7.591305290063743438e-02 9.981926872421222063e-02 9.921054994257271220e-01
-5.694848466310908214e-02 1.118226484780316110e-01 9.920950384826389135e-01
-2.088608098199253721e-02 1.090421411227786297e-01 9.938176810061776223e-01
2.145306415527737862e-02 9.082502717245512225e-02 9.956357669737033733e-01
5.595591281201739431e-02 6.348604734089006996e-02 9.964127947865043522e-01
7.288103632819900590e-02 3.717367198421119012e-02 9.966476170918862065e-01
6.960435517753449375e-02 1.961714803210265479e-02 9.973817730654962466e-01
4.877182473069775065e-02 1.372334066759598598e-02 9.987156647581750812e-01
1.612278348952327772e-02 1.898793271012095413e-02 9.996897089917173851e-01
-2.081694139010408298e-02 3.343413250121073793e-02 9.992241058616878613e-01
-7.187196940648443721e-02 -1.011759129537721964e-02 9.973625491064642690e-01
-1.004945774001666098e-01 -4.651619554239285609e-03 9.949267321510070206e-01
-1.102488613339925733e-01 4.145286311851278938e-03 9.938953693302017278e-01
-9.671811262052004698e-02 1.346518207412135577e-02 9.952207270564458197e-01
-6.152863671302438026e-02 1.980827419318070479e-02 9.979087428907198465e-01
-1.428772850164522490e-02 2.086265840372271765e-02 9.996802540305503859e-01
2.972823392488352021e-02 1.683782247270654286e-02 9.994161895037239063e-01
5.695700009138254805e-02 1.020736134193926323e-02 9.983244512255693426e-01
6.111997503219501054e-02 3.267482169789248572e-03 9.981250784407827981e-01
4.328905530102894472e-02 -3.019524161655396961e-03 9.990580264253361431e-01
9.379116906429596154e-03 -8.134201521425285519e-03 9.999229304959765807e-01
-3.215976992008977298e-02 -1.104077070341741816e-02 9.994217581087483371e-01
-6.952305874975542310e-02 -5.766283897959509352e-02 9.959124164818993208e-01
-9.570628775399593613e-02 -6.524243260627506091e-02 9.932692139959332644e-01
-1.015285524196976041e-01 -7.485903813186407796e-02 9.920121357390974115e-01
-8.331384712045532270e-02 -8.530246155222086235e-02 9.928656973282198317e-01
-4.382853298425889998e-02 -9.350498903184259469e-02 9.946536466139658250e-01
5.785509375744505266e-03 -9.531738778090664832e-02 9.954301198316268806e-01
4.916725751472580258e-02 -8.912583596139456166e-02 9.948060947503846174e-01
7.307298807440293364e-02 -7.732642505499581764e-02 9.943243748406386251e-01
7.252064939678308508e-02 -6.461944889059915986e-02 9.952713611050804099e-01
5.004979422605215778e-02 -5.525416674540183787e-02 9.972171253819109848e-01
1.272535963344855782e-02 -5.130438451140346273e-02 9.986019854537557805e-01
-3.034214109677806775e-02 -5.261615688702697691e-02 9.981537429212653523e-01
-7.724237446079187941e-02 -1.007758951475078019e-01 9.919061621670934858e-01
-1.075769254084614768e-01 -1.221786084210869094e-01 9.866608296491462538e-01
-1.135319873312917865e-01 -1.505719843467043795e-01 9.820583309469759214e-01
-8.961326293005797416e-02 -1.808300575536679888e-01 9.794232759089651630e-01
-3.777694461106721746e-02 -2.026622659648311398e-01 9.785197537147204416e-01
2.727983243612368616e-02 -2.044767212642407128e-01 9.784912269425016795e-01
8.140730895945140488e-02 -1.846210229778900980e-01 9.794324519448205368e-01
1.070312847719241817e-01 -1.524315503218968693e-01 9.825013621091855942e-01
1.005930541354775054e-01 -1.203152507427022455e-01 9.876260820261756335e-01
6.844461065955913248e-02 -9.711462392131030297e-02 9.929169578027496890e-01
2.088750069600555162e-02 -8.646600325316537716e-02 9.960358139123902665e-01
-3.115349743007592848e-02 -8.830349480923527228e-02 9.956063240067304365e-01
-9.506772182253411807e-02 -1.295659539521517578e-01 9.870029340604020707e-01
-1.368094546178044157e-01 -1.635805668720556327e-01 9.769977335024518927e-01
-1.490540610967400204e-01 -2.094609500024434967e-01 9.663896715583837338e-01
-1.212215211563028028e-01 -2.598194251535647092e-01 9.580183761919434104e-01
-4.974948685753990962e-02 -2.967800668764200567e-01 9.536490866467352001e-01
4.706746740008376645e-02 -2.969893206307863132e-01 9.537200831186402050e-01
1.256921399797137351e-01 -2.592016552962141951e-01 9.576095174124905629e-01
1.578102756062392253e-01 -2.039285463981790059e-01 9.661827285131106002e-01
1.434297165874705016e-01 -1.532249060027684462e-01 9.777269785477511466e-01
9.647737111111674702e-02 -1.192718601801742440e-01 9.881631141832971643e-01
3.256267545222722715e-02 -1.051603426069863817e-01 9.939220163122262086e-01
-3.502915771736407613e-02 -1.094881149879670668e-01 9.933706814609088998e-01
-1.200126459040071480e-01 -1.353768575507497962e-01 9.834988923546591488e-01
-1.801675458932891494e-01 -1.766750102562364144e-01 9.676391869688230063e-01
-2.073405719680302406e-01 -2.333600504592657776e-01 9.500278806780129148e-01
-1.827675654556972784e-01 -3.000435638784787473e-01 9.362531050910359864e-01
-8.788019197891910883e-02 -3.548654167090616873e-01 9.307779584207200863e-01
6.364961851413726557e-02 -3.544276102811234619e-01 9.329146773062556575e-01
1.831862746636734596e-01 -2.952755742752748436e-01 9.376860476788474452e-01
2.236713655008077950e-01 -2.165239990665471792e-01 9.503096748340540412e-01
1.970681877240783586e-01 -1.520502921750057357e-01 9.685271488383260241e-01
1.306564774273357432e-01 -1.139247760645306917e-01 9.848604115837791273e-01
4.640960513337079318e-02 -1.012834395093921286e-01 9.937745284683289215e-01
-4.082501555809045501e-02 -1.097541926611820956e-01 9.931200004520517322e-01
-1.452242221887647122e-01 -1.133203635751347388e-01 9.828877964899950248e-01
-2.274057803406901723e-01 -1.508647238115763956e-01 9.620428504890399246e-01
-2.774132823489437460e-01 -2.013233648187330860e-01 9.394204455697563461e-01
-2.681409407003158551e-01 -2.661965705795601989e-01 9.258724651549679052e-01
-1.550401474384027478e-01 -3.335864092777260370e-01 9.298831433181914408e-01
8.231329859142073879e-02 -3.375669003137828361e-01 9.376956375537596200e-01
2.532636060245528342e-01 -2.603440714229448560e-01 9.317073093726808697e-01
2.946373773703573895e-01 -1.693845504380479539e-01 9.404773734275867492e-01
2.498882081338448802e-01 -1.068590054798521649e-01 9.623601386089387644e-01
1.630287693516516978e-01 -7.739215312636951727e-02 9.835812498203635457e-01
5.968553890053816119e-02 -7.327516408363743405e-02 9.955241768911108347e-01
-4.619059453705151586e-02 -8.696289651051077041e-02 9.951401326481807974e-01
-1.614309298477611399e-01 -6.652579726129702331e-02 9.846392096536992211e-01
-2.611273006031212818e-01 -8.623631935449253827e-02 9.614446578477621186e-01
-3.324945530918029246e-01 -1.042923520660511416e-01 9.373209042077504938e-01
-3.432519147483539257e-01 -1.248445755986878070e-01 9.309092087659436299e-01
-2.251727393204330796e-01 -1.609393645456957955e-01 9.609348356712497097e-01
1.152806840832204666e-01 -1.693283842608464818e-01 9.787942900124054768e-01
3.129609241716296286e-01 -1.057070302358099206e-01 9.438651830110293961e-01
3.389390039796838505e-01 -4.703971945251310405e-02 9.396316386623390082e-01
2.783970224158038298e-01 -1.900725273335675258e-02 9.602779921738576752e-01
1.803486679311242791e-01 -1.570866902702752060e-02 9.834772980058064107e-01
6.749548760069098985e-02 -2.705890717489213559e-02 9.973525829394087605e-01
-4.894339918473272766e-02 -4.577601449040824555e-02 9.977520233874062061e-01
-1.615666910380529064e-01 -9.151311980562071291e-03 9.868193643399730819e-01
-2.647067890934530210e-01 -3.695317542858650006e-03 9.643218655802988648e-01
-3.408455829583161290e-01 2.490837773770781388e-02 9.397892643014963410e-01
-3.542294330799197200e-01 8.318127351702087058e-02 9.314517617547221073e-01
-2.337071998042610232e-01 1.597744887211793863e-01 9.590897025375133556e-01
8.848922632992592407e-02 1.983762449196824207e-01 9.761232106015707011e-01
2.779066332982456644e-01 1.547927528742416015e-01 9.480543796780470656e-01
3.101875676356800060e-01 1.155075651267319925e-01 9.436321716022172401e-01
2.605728520250323865e-01 8.222654116233772681e-02 9.619462483506933115e-01
1.720360185142565945e-01 5.101557390909330220e-02 9.837687835830321026e-01
6.540720750084492996e-02 2.316830067520750727e-02 9.975896586527291943e-01
-4.839088098089156659e-02 1.617719941050200106e-03 9.988271650390320167e-01
-1.461301175862186053e-01 3.848646652391137651e-02 9.885164544046310953e-01
-2.364230083211883160e-01 6.184505889244999027e-02 9.696800244549331760e-01
-2.973045550511741464e-01 1.154364996653573644e-01 9.477786746338938695e-01
-2.955538949915423874e-01 1.995601275956024878e-01 9.342503147601400881e-01
-1.868824298154186103e-01 2.913718386119560910e-01 9.381777065621176304e-01
2.831676237996834031e-02 3.336328965017880122e-01 9.422776933261903798e-01
1.832584263193765273e-01 2.862469951996521322e-01 9.404674406496891237e-01
2.318996902598013665e-01 2.137655673886123819e-01 9.489609137663769234e-01
2.078889708128305591e-01 1.485770089146163930e-01 9.668024866725308808e-01
1.422106881253143718e-01 9.725047749552936938e-02 9.850474429234380436e-01
5.379480102615948750e-02 6.061495043195248844e-02 9.967105633866512049e-01
-4.551543735875320656e-02 3.982376202932278592e-02 9.981695311618130617e-01
-1.231950004836680351e-01 6.221074974377453076e-02 9.904306207262612016e-01
-1.935430947277386182e-01 9.122005086328656420e-02 9.768418361248489834e-01
-2.358290817647565596e-01 1.458683059657685521e-01 9.607846176478693767e-01
-2.271995899162122245e-01 2.198981184800242739e-01 9.486965604611764524e-01
-1.485883523726738986e-01 2.908512290605254069e-01 9.451598087589815345e-01
-1.546521679054415829e-02 3.216950607511485649e-01 9.467170194720599952e-01
9.756420033034356176e-02 2.897096837477059483e-01 9.521289439758721107e-01
1.500389697170202985e-01 2.261086812206180297e-01 9.624776214764260152e-01
1.467108287923593601e-01 1.617645916118256866e-01 9.758627719181212079e-01
1.042291579775588145e-01 1.099767752332435483e-01 9.884540411858750986e-01
3.739471627359592515e-02 7.471395507570234573e-02 9.965036177112741589e-01
-4.202548291984797152e-02 5.779520569065146884e-02 9.974435186939332176e-01
-1.006502050588536090e-01 5.858702468865163715e-02 9.931953970693243594e-01
-1.520689831079001797e-01 8.408161572352716717e-02 9.847869344552199200e-01
-1.795563241751196581e-01 1.270796015384765554e-01 9.755051518683569567e-01
-1.696631860218662524e-01 1.797287972338130757e-01 9.689746966528691718e-01
-1.160064812574644472e-01 2.253777195480017592e-01 9.673403640072403276e-01
-3.201602812464707931e-02 2.430936574812098960e-01 9.694743150983666791e-01
4.632434606360464474e-02 2.225904446815907822e-01 9.738108383552427361e-01
9.141471108082768748e-02 1.784959378145967168e-01 9.796849242392030588e-01
9.745059557219917790e-02 1.306755883824855247e-01 9.866241797277370829e-01
7.100286597483249085e-02 9.086800162324562558e-02 9.933285454996078068e-01
2.214729092598214169e-02 6.396239107943313407e-02 9.977065250022181253e-01
-3.865643383129297589e-02 5.237630274756555765e-02 9.978789520949019609e-01
-8.282341071425065870e-02 3.181495754883784804e-02 9.960562690498736549e-01
-1.199744364847451644e-01 4.866399442812172071e-02 9.915835568606037320e-01
-1.368793934475377727e-01 7.526701713826393358e-02 9.877241050924161492e-01
-1.260456642070741373e-01 1.054886209440882988e-01 9.863998384965337873e-01
-8.655504220797291537e-02 1.293458701820176526e-01 9.878146944317073297e-01
-2.884566513193645779e-02 1.368244609782720000e-01 9.901752342293895781e-01
2.658410941952065940e-02 1.246099389075760178e-01 9.918496096949125373e-01
6.154228667956822968e-02 9.985023876280790800e-02 9.930974155486094190e-01
6.868608680783699905e-02 7.257484111193603094e-02 9.949950321064863212e-01
4.997682263910341316e-02 4.937888155947398744e-02 9.975289686294702696e-01
1.230716041799019729e-02 3.350802323631602714e-02 9.993626699959666793e-01
-3.529160492537663368e-02 2.698961265117718819e-02 9.990125441808060947e-01
-6.581367330019811945e-02 -4.012903105637479623e-02 9.970246843851501284e-01
-9.868238271365273317e-02 -4.866765704588960073e-02 9.939281898103282664e-01
-1.142322487907217882e-01 -4.372629842672921818e-02 9.924913118824238989e-01
-1.063542790075936162e-01 -2.582806589748266532e-02 9.939927959239313049e-01
-7.433757456676175213e-02 3.961384292678579483e-04 9.972330560515580977e-01
-2.619700034301793157e-02 2.689242250289791691e-02 9.992950088862465607e-01
2.226674498282025724e-02 4.514057887308524364e-02 9.987324567706482581e-01
5.508535975791450240e-02 5.081155278643020856e-02 9.971879407833101894e-01
6.399576075326289526e-02 4.396936509325210379e-02 9.969810617755221482e-01
4.943514391489383514e-02 2.693708695672692235e-02 9.984140222835556910e-01
1.729316642414896812e-02 3.538885718334531475e-03 9.998441992045067339e-01
-2.412080016715976299e-02 -2.092699238983428481e-02 9.994899939413847134e-01
-3.862301043151288721e-02 -9.011314863268443665e-02 9.951823368151058169e-01
-6.032034163631266876e-02 -1.149340944991969898e-01 9.915400195184240761e-01
-5.870040317346406772e-02 -1.328052083723375021e-01 9.894023647113536768e-01
-3.085268812164463151e-02 -1.392100651436959657e-01 9.897821322888700202e-01
1.773654116117951568e-02 -1.302268398434513752e-01 9.913255697761254037e-01
7.161887717116888208e-02 -1.058271316092139619e-01 9.918020743313610277e-01
1.121290505282550032e-01 -7.349922261942834489e-02 9.909717151876895613e-01
1.276565776553547915e-01 -4.437415940334756004e-02 9.908252783202676772e-01
1.170272893360305294e-01 -2.733928547079165008e-02 9.927523241073646920e-01
8.611231383598177969e-02 -2.617873699370331514e-02 9.959414355951388131e-01
4.363996755545778566e-02 -3.964891657185280055e-02 9.982602449494492047e-01
-1.006874298262074811e-03 -6.306961263544030860e-02 9.980086222905606430e-01
-2.670024097367816249e-02 -1.421975171997299225e-01 9.894781267083082588e-01
-4.534408280712996786e-02 -1.892826414071619723e-01 9.808751173398714274e-01
-3.117090211325378515e-02 -2.345980101467058931e-01 9.715925835948930889e-01
1.953389705993282058e-02 -2.663815717371513792e-01 9.636696970977901566e-01
9.715655700435618658e-02 -2.684947696827753583e-01 9.583690114376390845e-01
1.738543856528885767e-01 -2.321891809727882339e-01 9.570072292456563989e-01
2.189633951800777911e-01 -1.719851650343661997e-01 9.604562116928656579e-01
2.209866017315574027e-01 -1.129134386695093833e-01 9.687184716019751063e-01
1.875880255549011166e-01 -7.331016738634503482e-02 9.795082194786498553e-01
1.334695344919772098e-01 -5.988652279693417596e-02 9.892418752507449176e-01
7.243757201151068692e-02 -7.088079822108622752e-02 9.948510997152125723e-01
1.579519539064719313e-02 -1.005969793340357604e-01 9.948018694953419949e-01
-3.498832847088528819e-02 -1.862496107523167466e-01 9.818792692410476253e-01
-6.061351806993439673e-02 -2.601763154860832206e-01 9.636567263748111456e-01
-4.172267761386915658e-02 -3.383875298267716714e-01 9.400814314890488799e-01
3.299421885684452466e-02 -4.013800047386915648e-01 9.153171435727139871e-01
1.565646173441288813e-01 -4.136333373313618722e-01 8.968806959925440525e-01
2.813454865970206886e-01 -3.478467374497841713e-01 8.943418610448110595e-01
3.447473400160776524e-01 -2.394621882272739422e-01 9.076382164502880823e-01
3.326325631607424116e-01 -1.415846304343303386e-01 9.323676154553397488e-01
2.697412407613888341e-01 -8.222524390080955536e-02 9.594157973985709686e-01
1.849267476361941276e-01 -6.478618560794058290e-02 9.806145257761238465e-01
9.805469326526250473e-02 -8.193815489386334361e-02 9.918021052110411739e-01
2.156354956303998052e-02 -1.248923208323317324e-01 9.919359462826561336e-01
-6.473948777896985918e-02 -2.112440154996451935e-01 9.752870165430387317e-01
-1.104965659006745538e-01 -3.114260554078208121e-01 9.438243061805604572e-01
-1.033926694154123777e-01 -4.241806045401457226e-01 8.996559179170069420e-01
-1.539638584909428301e-02 -5.275161419333380675e-01 8.494054810882243345e-01
1.709474762329776243e-01 -5.596674608412547380e-01 8.108941322054893375e-01
3.904222317464605685e-01 -4.374208226649848874e-01 8.100824062137670367e-01
4.884982992210815667e-01 -2.496011012642101734e-01 8.361032842334705784e-01
4.535295221406034361e-01 -1.074655444661042347e-01 8.847384524816737095e-01
3.516022002833289473e-01 -4.022402289380914292e-02 9.352849409339974995e-01
2.312018913734758818e-01 -3.332223628841862739e-02 9.723349803405914038e-01
1.153204080946760579e-01 -6.716377527632672040e-02 9.910551098538475934e-01
1.426517914120748777e-02 -1.287939913870063680e-01 9.915687633475710472e-01
-1.105939050725357475e-01 -2.066676617862382714e-01 9.721406614952772252e-01
-1.904603404189489646e-01 -3.215984441646100866e-01 9.275232069541677893e-01
-2.229778616610463005e-01 -4.548861925896784952e-01 8.621829417242671267e-01
-1.623879109206063931e-01 -5.952950003011586722e-01 7.869269527746366455e-01
7.472912841802654971e-02 -6.734173094005724280e-01 7.354758220129277158e-01
4.893299197318147775e-01 -4.500218745439371615e-01 7.470184349046571359e-01
6.286611669195153462e-01 -1.450655888424272066e-01 7.640295230822422567e-01
5.492964149098438220e-01 1.956691423861257884e-02 8.353984584820342008e-01
4.058035394426594555e-01 6.073260156462258891e-02 9.119402603696775689e-01
2.569792335287565677e-01 3.421013297726651498e-02 9.658112343188214322e-01
1.188133476071697864e-01 -2.691955531908548152e-02 9.925516238321262508e-01
-4.655195894475105088e-03 -1.087127739983327346e-01 9.940623028366705194e-01
-1.589247811453638470e-01 -1.679504623820364251e-01 9.729005890241647636e-01
-2.786258465528672068e-01 -2.731060154394631123e-01 9.207500974551383610e-01
-3.763290048167480806e-01 -3.838824461806062960e-01 8.432145323985579255e-01
-4.125686748354079336e-01 -4.952442299127097769e-01 7.645392346261404848e-01
-2.448746725167200156e-01 -5.856460758239537823e-01 7.726933859118488845e-01
5.302605950563249460e-01 -1.902151731025058801e-01 8.262214529121177931e-01
6.546428065499768634e-01 1.656939685780511595e-01 7.375556281453833352e-01
5.373373161383077079e-01 2.415193858629280377e-01 8.080451688722333214e-01
3.904930146353026710e-01 2.001672804783761472e-01 8.985812513885731434e-01
2.445823649558273583e-01 1.201353642078522160e-01 9.621574512620747477e-01
1.042614230144298937e-01 2.840870795082936148e-02 9.941441047371318840e-01
-3.015709049370143488e-02 -6.793680785099399932e-02 9.972337439298105677e-01
-1.912903904021605594e-01 -1.044298263996229909e-01 9.759622932767837433e-01
-3.361477464331816822e-01 -1.746686236263040870e-01 9.254704557621138417e-01
-4.857752868865494178e-01 -2.138600390133529316e-01 8.475177015045000095e-01
-6.230169707395174505e-01 -1.728838727766898731e-01 7.628636973302220792e-01
-6.458013894143045386e-01 6.534177501959451129e-02 7.607042906858971776e-01
-6.323457364709250683e-02 5.913702274936375458e-01 8.039170620964268821e-01
3.035555177678244676e-01 5.730260366294184227e-01 7.612458269031444624e-01
3.521377301066241916e-01 4.459671958261016700e-01 8.228683243886910637e-01
2.923072411349348920e-01 3.132930232960882133e-01 9.035507502814148495e-01
1.919152595132466166e-01 1.900250190552182639e-01 9.628390443366225959e-01
7.374524944743424126e-02 7.973651512100106420e-02 9.940843658061165877e-01
-5.449698323029524699e-02 -1.842618042545285384e-02 9.983439060231829032e-01
-1.954019317292632063e-01 -3.967680181987780219e-02 9.799203214923006833e-01
-3.331779850164816037e-01 -7.079675585437913976e-02 9.402022387023268868e-01
-4.729281022517473065e-01 -5.033333047894085477e-02 8.796621885379483086e-01
-5.803191521228326932e-01 6.030768303191581109e-02 8.121531044370681185e-01
-5.587437742507842531e-01 2.979813993751210255e-01 7.739589655547006730e-01
-2.680743957855148407e-01 5.865620960721585897e-01 7.642519386796317038e-01
2.461323609370480101e-02 6.068760187849412402e-01 7.944153110512193194e-01
1.566827767273981931e-01 4.869480141414957441e-01 8.592625553352035706e-01
1.726049242846200427e-01 3.452414352364573391e-01 9.225052257349651841e-01
1.235316315257532216e-01 2.171907843848304154e-01 9.682810021843969439e-01
3.804404043509557187e-02 1.097243419332640940e-01 9.932337186054082112e-01
-7.021009080480900000e-02 2.323344783402037789e-02 9.972616256784199162e-01
-1.749570796402441508e-01 3.361118633462226429e-03 9.845703241339726075e-01
-2.849156431849182436e-01 -2.524668929585155690e-03 9.585492696337081231e-01
-3.879982507708399919e-01 3.972057241963206781e-02 9.208037975191221136e-01
-4.521928580865466896e-01 1.440118692401841927e-01 8.802171326515806360e-01
-4.250979772676499735e-01 3.038908051156914980e-01 8.526089890971110252e-01
-2.742470751211219526e-01 4.555946502308089729e-01 8.468896365339083632e-01
-8.729223870275516772e-02 4.836553099917529353e-01 8.708947158980057113e-01
3.729593102102560231e-02 4.109237873963171861e-01 9.109065015034147894e-01
8.208341018590853411e-02 3.040236600528632427e-01 9.491216612745118075e-01
6.607178507910785314e-02 1.998412748788824522e-01 9.775980687742037434e-01
9.489391428510556697e-03 1.116356834323617708e-01 9.937038923315131278e-01
-7.384805980950367998e-02 4.431457924558169365e-02 9.962844383651731084e-01
-1.407200393896054502e-01 1.519644496857092651e-02 9.899327949787414260e-01
-2.190421879864830057e-01 1.865574036482090317e-02 9.755370229947547545e-01
-2.857391505184617153e-01 5.750591628907313069e-02 9.565804762029578301e-01
-3.192826659063413008e-01 1.325676468413846121e-01 9.383413015863298900e-01
-2.955273167722373695e-01 2.290904504411328535e-01 9.274595250242623212e-01
-2.084014653624393920e-01 3.094695789788571294e-01 9.277916840118607400e-01
-9.438959313070834078e-02 3.291803380110006616e-01 9.395376042370575664e-01
-4.673153324023671812e-03 2.904676429544492122e-01 9.568734033478312195e-01
3.743214228278333999e-02 2.233495446959596620e-01 9.740194123363388190e-01
3.404529985684377758e-02 1.519365547234869662e-01 9.878037258972064416e-01
-3.981158496359682789e-03 8.879153960282837321e-02 9.960422746410165784e-01
-6.551193784769250572e-02 4.095947306259493936e-02 9.970107860830772495e-01
-1.019919456281467712e-01 -1.898952611600160899e-03 9.947834121083405368e-01
-1.537792042778958201e-01 -5.284720344206779961e-04 9.881050941317398584e-01
-1.914932863829512111e-01 2.373024943999372041e-02 9.812070100299816744e-01
-2.028124851566755760e-01 6.838420327043850944e-02 9.768268508839615949e-01
-1.783686685239194714e-01 1.221192764014193965e-01 9.763562364324257503e-01
-1.205498863694941108e-01 1.654325545201925374e-01 9.788257223842227184e-01
-4.953486483067746915e-02 1.801404317436324232e-01 9.823928552353692334e-01
7.543483156287385076e-03 1.649817113473421581e-01 9.862677784368567568e-01
3.462830455678842650e-02 1.310610061708738505e-01 9.907693440881818470e-01
2.991826557273323181e-02 8.984940444545930216e-02 9.955058924516018148e-01
-4.246764658900408721e-04 4.954014194765316709e-02 9.987720430536479732e-01
-4.752724065869617931e-02 1.672109915327935764e-02 9.987299766396352529e-01
-4.873197791583731842e-02 -6.388129440333815967e-02 9.967669610061874463e-01
-7.866675571341476270e-02 -8.733961317252046663e-02 9.930676379364172801e-01
-9.766694775828121955e-02 -8.869746416561725966e-02 9.912587589354024953e-01
-9.951547702739110823e-02 -6.561347225367281100e-02 9.928703551273677652e-01
-8.095807444529470875e-02 -2.268175040699386621e-02 9.964593962529306737e-01
-4.533817293175979035e-02 2.759059482451641995e-02 9.985906113881517498e-01
-3.968848808332840414e-03 6.862647705146890376e-02 9.976345297185114092e-01
2.855672808532401172e-02 8.853433097504145866e-02 9.956636909719345230e-01
4.275978687463949379e-02 8.414793712044328633e-02 9.955353963093093173e-01
3.721249570096132192e-02 5.872909933551926503e-02 9.975801336508188788e-01
1.590858171486715308e-02 1.921851350686102841e-02 9.996887344401318432e-01
-1.492625150468081599e-02 -2.514970964194594358e-02 9.995722580788958256e-01
2.928319122181666234e-03 -1.045665249590878310e-01 9.945135830169296032e-01
-5.116728189404480889e-03 -1.436400023106320367e-01 9.896167787728993304e-01
9.327039462006891588e-03 -1.659630845288744272e-01 9.860878565871181722e-01
4.621165227968252603e-02 -1.640942785852824715e-01 9.853616345936846432e-01
9.605169084131202906e-02 -1.346347935365331538e-01 9.862289516415329027e-01
1.408316383047288622e-01 -8.374969968928444586e-02 9.864848896228660680e-01
1.645794316088690368e-01 -2.840361268933042777e-02 9.859547887593429483e-01
1.623156253058479770e-01 1.303926952141316875e-02 9.866527328458024604e-01
1.389498882028731286e-01 2.953563404784531957e-02 9.898588661470337779e-01
1.032699772610321393e-01 1.924060523670876113e-02 9.944672497909289310e-01
6.383627712848302660e-02 -1.278686168882400657e-02 9.978784624844818651e-01
2.814233293922902696e-02 -5.758017556764557371e-02 9.979441529857109305e-01
3.736304306666616420e-02 -1.565125119224964889e-01 9.869690150276293483e-01
4.422161033670804486e-02 -2.234371362964937546e-01 9.737146888605703321e-01
8.960021965679026978e-02 -2.759647390132206057e-01 9.569823736404725611e-01
1.714894037043520059e-01 -2.957500151879967065e-01 9.397464088431040086e-01
2.676187301657567130e-01 -2.647220614446361142e-01 9.264461373706182057e-01
3.369816797545143183e-01 -1.853972486221207860e-01 9.230770323830798096e-01
3.510800055247900175e-01 -9.108498547430070313e-02 9.319046920915027288e-01
3.138489168757379599e-01 -1.809690571357385966e-02 9.493004579053809788e-01
2.478402607314671158e-01 1.529622694078269611e-02 9.686801487601740535e-01
1.751494807503386486e-01 8.620444673089895996e-03 9.845041123968892860e-01
1.102389542398359429e-01 -2.956578321985685667e-02 9.934652673499839715e-01
6.198848011079439307e-02 -8.827724030029539259e-02 9.941652564732059716e-01
4.508312277688145825e-02 -2.117466325413117911e-01 9.762842186822253687e-01
5.729354569723327933e-02 -3.186505645774432849e-01 9.461391373978208508e-01
1.289667194662245386e-01 -4.143051230979050148e-01 9.009544107472267083e-01
2.658547130365461197e-01 -4.631982088851057111e-01 8.454399392279866587e-01
4.359110219499131023e-01 -4.166285933753284820e-01 7.977482034605488659e-01
5.540354083406286989e-01 -2.686004210780768564e-01 7.879711797403901041e-01
5.604112227338368113e-01 -1.008001477515185346e-01 8.220575354846939575e-01
4.776288317532839667e-01 1.315379068265375498e-02 8.784632473066014136e-01
3.584266347623354942e-01 5.385801035483207128e-02 9.320030376633740010e-01
2.415498034665542471e-01 3.468828224608368899e-02 9.697682277328658618e-01
1.454471732815539597e-01 -2.504612935229883972e-02 9.890489427671469436e-01
7.794071744141099767e-02 -1.106413850190020448e-01 9.907995400108249306e-01
1.983720527473485651e-02 -2.591811242437127571e-01 9.656249945618564645e-01
2.097441521467827488e-02 -4.137786932249870597e-01 9.101358508152589399e-01
1.012534398097874322e-01 -5.667795580018741841e-01 8.176237970838107216e-01
2.927437820244724320e-01 -6.645260191925322912e-01 6.875363611489844207e-01
5.779765331249951954e-01 -5.952464732137225933e-01 5.582336099552465125e-01
7.896006689851681193e-01 -3.044778804553322504e-01 5.327513527449514452e-01
7.774910505927635773e-01 -1.118629620468861684e-02 6.287945077887509004e-01
6.271402734568450876e-01 1.389350016280382627e-01 7.664151242839879474e-01
4.467235981449430016e-01 1.590235672027215108e-01 8.804257674186308780e-01
2.866637837982058956e-01 1.019200007523808349e-01 9.525944512253154972e-01
1.606714075754804016e-01 3.844665235385794771e-03 9.870004647095458328e-01
7.072271573270232092e-02 -1.185865703281602929e-01 9.904218913257172296e-01
-3.705850009905082426e-02 -2.835214953973010932e-01 9.582495652063388603e-01
-7.128848780022935261e-02 -4.796093158373464505e-01 8.745815317448321080e-01
-2.655502909394745134e-02 -6.918566887862988013e-01 7.215463620664868127e-01
1.676066996395079722e-01 -8.668603141504027665e-01 4.695329487765161347e-01
5.816116365693377865e-01 -8.005954833674645554e-01 1.441345767641742659e-01
9.742636563814126571e-01 -2.172902806474723836e-01 5.996050191720949524e-02
9.095072961271348788e-01 2.604944464992862696e-01 3.239430839430231801e-01
6.829563323382374929e-01 3.858080562078799458e-01 6.202602614098936540e-01
4.661213767976835065e-01 3.265294390805003055e-01 8.222587108117540566e-01
2.888945497032734955e-01 2.008084774973590836e-01 9.360640440251779548e-01
1.487346888374551368e-01 5.265476734299456840e-02 9.874742871651033260e-01
4.035424381055136012e-02 -1.079512445333898479e-01 9.933368330079255237e-01
-1.115642790441094268e-01 -2.699880044258285983e-01 9.563785281506060887e-01
-2.027006330610128249e-01 -4.781413645835784765e-01 8.545719916019287599e-01
-2.563052099377830517e-01 -7.105339425166579126e-01 6.553237031347207697e-01
-2.110072727072166698e-01 -9.365905288158045128e-01 2.797751100386692280e-01
8.967571141393892997e-02 -9.192800188942248374e-01 -3.832525455157037020e-01
7.150821547825761959e-01 1.733878798886999695e-01 -6.771958025704849504e-01
6.725775610455351217e-01 7.400234815037409764e-01 2.161296179938440067e-03
5.177244355773858997e-01 6.885922142150542324e-01 5.077422292151321237e-01
3.699284300206202025e-01 4.985695542618440723e-01 7.839523941067297885e-01
2.333654680469619269e-01 2.971519430037559140e-01 9.258732532545371763e-01
1.084496128448248220e-01 1.059967564684261843e-01 9.884348077095892471e-01
-5.987040601308021501e-03 -7.939622953720130993e-02 9.968251572268517213e-01
-1.772155132181750248e-01 -2.165366448790090881e-01 9.600554896979538455e-01
-3.209395675252801894e-01 -3.915636049652106987e-01 8.623663590743790852e-01
-4.889340155553593137e-01 -5.591506553384172351e-01 6.695476630290899678e-01
-6.874201182816331857e-01 -6.550667680816677496e-01 3.135938620840594826e-01
-8.794267473678217817e-01 -4.006850980854294031e-01 -2.570214936267071204e-01
-5.678843925204638543e-01 6.611774667406812300e-01 -4.902567431520892249e-01
-4.072646140359727218e-02 9.948681820617231164e-01 9.262103250587208625e-02
1.614343499638292989e-01 8.242246482029406129e-01 5.427639265337952379e-01
1.873469331697598106e-01 5.765318867582092111e-01 7.953062995997182139e-01
1.363657765025642066e-01 3.462230305270457276e-01 9.281885520363166719e-01
5.086440515363711834e-02 1.433130951380646723e-01 9.883694496746892044e-01
-5.416688059281581091e-02 -4.073219602073820111e-02 9.977007754102329429e-01
-2.084764483496516219e-01 -1.431528051073402696e-01 9.674941058598041099e-01
-3.655626734685856749e-01 -2.580227455456323149e-01 8.943087803144348369e-01
-5.626771168823476721e-01 -3.264832522933052150e-01 7.594755743991807861e-01
-7.877174375104116777e-01 -2.792093853716258178e-01 5.491296365727816875e-01
-9.518477855597983206e-01 1.472920505296231378e-02 3.062169878426991287e-01
-7.968487154357507540e-01 5.607344766027716476e-01 2.249643781966128575e-01
-3.883044117848987176e-01 8.119540306801716900e-01 4.358329219441302027e-01
-9.843384258350799942e-02 7.271764302684158299e-01 6.793564733601741290e-01
2.482974878182252557e-02 5.324503788333370125e-01 8.460969670527929143e-01
4.138910736919401701e-02 3.321832199774077399e-01 9.423063462358806097e-01
-3.545913197454714835e-03 1.527136302182481864e-01 9.882641213993549334e-01
-8.857771620192982087e-02 -4.976089212812103389e-03 9.960568391053610249e-01
-1.997360762395283540e-01 -7.998151346229256942e-02 9.765799800081267357e-01
-3.330707176327513674e-01 -1.423211267322470330e-01 9.320990258236200310e-01
-4.924132669858034550e-01 -1.491439622414332811e-01 8.574877567775776033e-01
-6.493993026067395036e-01 -6.332261960472652940e-02 7.578065660972416184e-01
-7.325078829520460522e-01 1.444144776901877258e-01 6.652643535066785629e-01
-6.441321599785699847e-01 4.181297647224853087e-01 6.405164013000719248e-01
-4.096164882454431111e-01 5.677398575416453541e-01 7.140628730835127946e-01
-1.896823242849395574e-01 5.394368323478604399e-01 8.203831542398682952e-01
-6.156428533537073450e-02 4.173915782345886116e-01 9.066389078293778381e-01
-1.888843393562512560e-02 2.727052441837117813e-01 9.619121981023323054e-01
-3.744738311146957738e-02 1.356798714127148420e-01 9.900447797911388070e-01
-1.001714959134887700e-01 1.611941176603872913e-02 9.948396031374656667e-01
-1.614283384256331721e-01 -4.525330612204259834e-02 9.858463520438035532e-01
-2.567596996063153947e-01 -7.673521965958751689e-02 9.634241862864756367e-01
-3.623482421941677245e-01 -6.278591714702298765e-02 9.299256314280057722e-01
-4.536584084577777731e-01 9.699945004185892700e-03 8.911228644257559450e-01
-4.901114429308967013e-01 1.374592024954456038e-01 8.607530082186151121e-01
-4.354243241329424086e-01 2.789757065989135199e-01 8.559078297812831027e-01
-3.046110340609057276e-01 3.609173737188881015e-01 8.814481081017426778e-01
-1.668371978608200745e-01 3.542528520148843230e-01 9.201468721075360957e-01
-7.332710748225347575e-02 2.868946730585570926e-01 9.551516015161153339e-01
-3.495877679016774764e-02 1.951066602404359640e-01 9.801588009374680999e-01
-4.341420122414209326e-02 1.013072238519405199e-01 9.939074672862253657e-01
-8.807963143309803511e-02 1.784430682055419826e-02 9.959535929151522859e-01
-1.071289841881924720e-01 -4.166958564902156770e-02 9.933715449813667053e-01
-1.662076687726591895e-01 -6.180471657163021798e-02 9.841520146046716100e-01
-2.241063170377089742e-01 -4.991137086569714248e-02 9.732857821431549761e-01
-2.658683811965649180e-01 -2.779048148600955868e-03 9.640053323355117776e-01
-2.730144420327905719e-01 7.125755787903842453e-02 9.593672262938458539e-01
-2.342925896479194914e-01 1.481973346026645433e-01 9.608041072209800859e-01
-1.609251348141128579e-01 1.968434528877254230e-01 9.671379198647398479e-01
-8.462718880864379678e-02 2.023641226828012674e-01 9.756469652313737306e-01
-3.213843471871358215e-02 1.717950027447240624e-01 9.846083475401586904e-01
-1.259470690498195461e-02 1.198583650929817696e-01 9.927111088707171183e-01
-2.316353317875178425e-02 5.966131345451702178e-02 9.979498877236870902e-01
-5.698328286453691743e-02 2.227554246693874609e-03 9.983726476000689409e-01
-2.391659339132734194e-02 -7.854845891872923314e-02 9.966233672566647828e-01
-4.387137422227824907e-02 -1.138601109466450684e-01 9.925276709789659924e-01
-6.278544974199015694e-02 -1.221309735654885903e-01 9.905261291842105686e-01
-7.578938244536058411e-02 -9.854056156386374610e-02 9.922427763583417937e-01
-7.735782472437223445e-02 -4.677501675665026587e-02 9.959055501206877103e-01
-6.458168829123624166e-02 1.864105309495446908e-02 9.977383006966048518e-01
-4.103082171527529937e-02 7.634618008927336608e-02 9.962367853352673830e-01
-1.603973481470732584e-02 1.087317108472996008e-01 9.939417196008751842e-01
1.689231646305005847e-03 1.090740508401855796e-01 9.940321915962521127e-01
8.468895192516487716e-03 8.037565395307216809e-02 9.967286652173578121e-01
4.867215573388195687e-03 3.141256922896019238e-02 9.994946526654902019e-01
-6.732190466441297788e-03 -2.596447536145145979e-02 9.996401970863262321e-01
4.547516295222046867e-02 -9.930474701476264821e-02 9.940173925916403475e-01
5.689293492464048835e-02 -1.450695587932124553e-01 9.877843980683813641e-01
8.535213219862977652e-02 -1.656620350329263691e-01 9.824821136681679556e-01
1.264821466661265881e-01 -1.525468582910235182e-01 9.801692316126829896e-01
1.675356369459411743e-01 -1.048266963832677617e-01 9.802770904589034329e-01
1.916096072512458448e-01 -3.494795277483261214e-02 9.808488155704712108e-01
1.894012514439701866e-01 3.357599917227992864e-02 9.813255414137957988e-01
1.649606670241710593e-01 7.867151662369653575e-02 9.831575513656419796e-01
1.299393272421863754e-01 8.954263271438479832e-02 9.874704492604737815e-01
9.512584636513242431e-02 6.717696463068954793e-02 9.931960172979277246e-01
6.716593076827240272e-02 2.000059734385927976e-02 9.975413344067132204e-01
4.978306318067965419e-02 -3.994580476630099630e-02 9.979609107083488029e-01
9.976456584535796368e-02 -1.407599393103634577e-01 9.850044014556246230e-01
1.390079161292830379e-01 -2.145550565566543277e-01 9.667693245854159789e-01
2.154034633099720653e-01 -2.599366464805464849e-01 9.412939433622974361e-01
3.180557004993532777e-01 -2.556111642076743795e-01 9.129641307915468129e-01
4.135308374996475855e-01 -1.886545497866563836e-01 8.907309960260624271e-01
4.576381283517949039e-01 -7.626363664599654368e-02 8.858618409233974811e-01
4.311168028098496530e-01 3.566547840026746546e-02 9.015909693344633657e-01
3.532639224998204153e-01 1.062164007815436101e-01 9.294744091502840089e-01
2.600952531200029227e-01 1.214072431995590617e-01 9.579200074135160170e-01
1.790908455662226506e-01 8.921644449061878757e-02 9.797790031771981267e-01
1.228707172236772893e-01 2.502845988972405081e-02 9.921070320506698570e-01
9.566205506777132606e-02 -5.618121247310724209e-02 9.938271693735476475e-01
1.261856817458828772e-01 -1.990688818282247974e-01 9.718275330582212268e-01
1.866579083743313827e-01 -3.196761106831739752e-01 9.289596382513097828e-01
3.100748007821906294e-01 -4.072159712513641061e-01 8.590860088940872608e-01
4.863990249945592814e-01 -4.149110697788379043e-01 7.689374439181804188e-01
6.577656011872545783e-01 -3.006873118391988897e-01 6.906023127629213887e-01
7.341297824950894224e-01 -9.315881742310599956e-02 6.725882077394422787e-01
6.779178520049343737e-01 1.034344688910992099e-01 7.278246331214961451e-01
5.344454541997593067e-01 2.088505919802591260e-01 8.189929711023018477e-01
3.750663275415058173e-01 2.140078268422025143e-01 9.019567062752124054e-01
2.452100401648029115e-01 1.502034579489388288e-01 9.577635185276173191e-01
1.595798811620802171e-01 4.857198387021073593e-02 9.859893629807533477e-01
1.195588419810776210e-01 -7.181641401107266565e-02 9.902262801920092006e-01
1.137960795655609952e-01 -2.651266388315079436e-01 9.574749697289504091e-01
1.781625367164839102e-01 -4.479850971571190388e-01 8.761092758531656699e-01
3.300517555733258890e-01 -5.984966754697804703e-01 7.299777860281277952e-01
5.758596670568391085e-01 -6.307723841108926477e-01 5.201075305170138607e-01
8.403982438854734616e-01 -4.373672312410823992e-01 3.200635822939285613e-01
9.606452514267813658e-01 -5.602520116342708106e-02 2.720696192997847929e-01
8.668659419904738428e-01 2.751856745615476885e-01 4.157117789203601532e-01
6.545217262715793405e-01 4.088079056435624525e-01 6.359853820031640126e-01
4.384877839436173708e-01 3.721125316151751572e-01 8.180835697818924501e-01
2.730414693184870512e-01 2.478043072340019581e-01 9.295382624446153486e-01
1.664912950069370456e-01 8.929828046129617558e-02 9.819910721557334465e-01
1.138260933603377489e-01 -8.339297582594625002e-02 9.899945616280253491e-01
5.842978355298183296e-02 -3.203466693165012424e-01 9.454966799793386167e-01
9.421328853368758638e-02 -5.648501212902818924e-01 8.197976559749383663e-01
2.186984581012121620e-01 -7.876425785609617591e-01 5.760122853396362208e-01
4.667080297729337968e-01 -8.643276920881941550e-01 1.874066584596157381e-01
7.833973385828790770e-01 -5.774115618001719463e-01 -2.299662979672011109e-01
9.384767462954928252e-01 6.934951837241859485e-02 -3.383076129264938614e-01
8.236605743578242489e-01 5.665082531010930955e-01 -2.552758149514120986e-02
6.024931252470410170e-01 6.884571490038700059e-01 4.037682355209136764e-01
3.955723694248298727e-01 5.675434829343863896e-01 7.220920270479102010e-01
2.405935324478991333e-01 3.606748619776042886e-01 9.011261821087576118e-01
1.370536632836074353e-01 1.379773291714531391e-01 9.809070037548516252e-01
7.716419901662142922e-02 -8.693301679617498889e-02 9.932211923740068560e-01
-2.873562675457736609e-02 -3.402076957677671043e-01 9.399111593631320760e-01
-5.651762024493388326e-02 -6.162152885806608804e-01 7.855472466511980167e-01
-4.022998730135480400e-02 -8.806700044066260169e-01 4.720189524373908374e-01
5.966958347355984932e-02 -9.961161138977820961e-01 -6.474742034421675230e-02
2.463725941426063437e-01 -6.593332028905573017e-01 -7.103381394950801786e-01
3.713454725763929987e-01 2.473804391943326408e-01 -8.949332144361911157e-01
3.552717030113102803e-01 8.550031007564689034e-01 -3.778249789732096020e-01
2.991157360995898573e-01 9.234545746277301737e-01 2.403360668249011067e-01
2.227150795474136524e-01 7.171432377503660360e-01 6.603813821505097881e-01
1.444346039662768033e-01 4.439248781591579873e-01 8.843468480909293383e-01
7.532494813138870815e-02 1.766981617844959884e-01 9.813785772121332851e-01
1.779799732693480852e-02 -7.956501724594425284e-02 9.966707778005928775e-01
-1.182196566229545831e-01 -3.104671340629054366e-01 9.432042575468867485e-01
-2.174465183615619246e-01 -5.647541573736549747e-01 7.960965728991020729e-01
-3.424958204852753263e-01 -7.967267957649770693e-01 4.979186940256034033e-01
-4.816292483372578426e-01 -8.763536803553595433e-01 -6.123240447445540968e-03
-5.959102412087214917e-01 -5.368329928884509883e-01 -5.972447757568170035e-01
-5.679349303633401957e-01 3.074312893809145741e-01 -7.635024015567337674e-01
-3.348608941285820539e-01 8.952010596252317765e-01 -2.940803366925390239e-01
-1.185987487593026107e-01 9.517169509471615774e-01 2.831416289998815450e-01
-8.752314016857505596e-03 7.349047288596864957e-01 6.781138816591858465e-01
1.889962951558678272e-02 4.560452435111843061e-01 8.897558878001539107e-01
3.285758345104822600e-04 1.885491029518245043e-01 9.820637086330471499e-01
-4.628688378947066334e-02 -6.228774590449635135e-02 9.969843334271852875e-01
-1.760105669628822533e-01 -2.429073148831830953e-01 9.539477536498056631e-01
-3.128530465319093179e-01 -4.329707464720813914e-01 8.453752444771724939e-01
-5.112621058280831798e-01 -5.778092092269041524e-01 6.361977498205801940e-01
-7.560373147698523644e-01 -5.759621121188883697e-01 3.109263965623649262e-01
-9.598911527775108032e-01 -2.790157706904448642e-01 -2.755312188582389327e-02
-9.515504295959653636e-01 2.846045759918433560e-01 -1.164131232310630371e-01
-6.912236763434984610e-01 7.094861979081120706e-01 1.372558349958682145e-01
-3.855687220798739157e-01 7.790237987691110977e-01 4.944276301997682643e-01
-1.801274455383070627e-01 6.216325271426623722e-01 7.623169318348985701e-01
-8.302134353247286880e-02 3.959086135988365007e-01 9.145292921477197190e-01
-6.179563991676934737e-02 1.706337092327757932e-01 9.833948526204775442e-01
-9.429569817285538003e-02 -4.107302277341157160e-02 9.946966010329171270e-01
-1.861273758991839333e-01 -1.680791206236775803e-01 9.680423591719485854e-01
-3.150383309801845777e-01 -2.880256185446705142e-01 9.043185794150134793e-01
-4.989550750471729024e-01 -3.540665653794867196e-01 7.909998105972679827e-01
-7.112257522013634148e-01 -3.077890546808163541e-01 6.319998633103042218e-01
-8.700175460317776110e-01 -9.638435379930107572e-02 4.835075241808526880e-01
-8.651085111631505731e-01 2.286156777752025027e-01 4.464550770104232513e-01
-6.792804914416055162e-01 4.808540450402113420e-01 5.543982335068010636e-01
-4.321787773713025027e-01 5.409264628048343626e-01 7.215400655730299651e-01
-2.384659006932395853e-01 4.509202171554635430e-01 8.601191614928122009e-01
-1.293816169915728842e-01 2.982075618523010174e-01 9.456916237540980985e-01
-9.248864823711394623e-02 1.338618846216672598e-01 9.866746402907886626e-01
-1.128732711213015494e-01 -2.385842018942828380e-02 9.933229084503739648e-01
-1.542454176799792354e-01 -1.110817302618600233e-01 9.817684046284976818e-01
-2.492117636099195621e-01 -1.802654689921562303e-01 9.515239658396877909e-01
-3.781793028494894737e-01 -2.029458750530519495e-01 9.032128136243353644e-01
-5.164199116335215223e-01 -1.533603969884613227e-01 8.424909871944675777e-01
-6.114615659922000290e-01 -2.119557845331096133e-02 7.909902027007164049e-01
-6.066320056855027953e-01 1.552191730710342776e-01 7.796823827618316605e-01
-4.956299484879844175e-01 2.930620100493188662e-01 8.175974635647685895e-01
-3.387150599347759083e-01 3.356985072178985674e-01 8.789645160215470154e-01
-2.034287645327780281e-01 2.921670042312951576e-01 9.344812354452022296e-01
-1.192843909834857691e-01 2.009346978262920302e-01 9.723150113400326200e-01
-8.694098810184704151e-02 9.250437434547253979e-02 9.919093735390968058e-01
-9.974490487452683518e-02 -1.560317079122814504e-02 9.948906950077605060e-01
-9.513389844876653234e-02 -8.140466902523722792e-02 9.921304456707074060e-01
-1.508210239075538084e-01 -1.236122898463495878e-01 9.808022331470862554e-01
-2.213150998173544493e-01 -1.309005115970025834e-01 9.663770913346781954e-01
-2.913199953461193537e-01 -9.381423545360433047e-02 9.520144691851299967e-01
-3.349065627144615642e-01 -1.492212093514470525e-02 9.421331777182166967e-01
-3.278166604734356615e-01 8.243135840217989674e-02 9.411383045377149648e-01
-2.693431194351606495e-01 1.605827986343176528e-01 9.495617140533129108e-01
-1.872741408333597479e-01 1.925253396373698966e-01 9.632561392342769979e-01
-1.142691764154852435e-01 1.764017187626767957e-01 9.776630242261250547e-01
-6.776110853237858611e-02 1.257876912033398242e-01 9.897403138762913555e-01
-5.083014518116963504e-02 5.659512292443688586e-02 9.971024462923057108e-01
-6.084154372006560924e-02 -1.695015514805568724e-02 9.980035064057258820e-01
6.445646947948423071e-03 -8.119228477665065002e-02 9.966776141400519595e-01
1.910391907364549597e-03 -1.219134212768571285e-01 9.925389000515065785e-01
-1.314469345340870537e-02 -1.361852265733862755e-01 9.905961846773491120e-01
-3.633321827255016345e-02 -1.175369553548270413e-01 9.924036282560874112e-01
-6.049714974160733116e-02 -6.771418974040105399e-02 9.958689087328785883e-01
-7.613501774828448920e-02 -1.795027718269381943e-04 9.970975011760022655e-01
-7.757182422978914360e-02 6.307381225000449620e-02 9.949896010983165784e-01
-6.641254861288958811e-02 1.022188660688009287e-01 9.925425314848876912e-01
-4.844397763488703795e-02 1.081320404433458310e-01 9.929555090034389853e-01
-2.901762725865716930e-02 8.258387694971948412e-02 9.961615735292489449e-01
-1.163272446994870896e-02 3.421884977156559871e-02 9.993466615953032761e-01
1.141367624407530357e-03 -2.483918110849102356e-02 9.996908083812658941e-01
8.115991582431510143e-02 -7.444759371722929620e-02 9.939168093220703826e-01
1.132300104185490625e-01 -1.162840111227878004e-01 9.867405907824945421e-01
1.526050125509563204e-01 -1.285913538397211453e-01 9.798856942837776973e-01
1.907527682056033569e-01 -1.041157041888651491e-01 9.761010713871980382e-01
2.139165490264612057e-01 -4.544109158240484253e-02 9.757944544053983593e-01
2.096841582206005750e-01 3.070375181828705058e-02 9.772869759776982024e-01
1.776963289994937245e-01 9.838546983597477869e-02 9.791548978508967105e-01
1.316936361973979897e-01 1.361311409668955474e-01 9.818987211745587862e-01
8.940263307222860723e-02 1.363850857702359753e-01 9.866135401357617463e-01
6.207012647111209702e-02 1.038023921349123108e-01 9.926592380001018068e-01
5.278953448745857951e-02 4.906784182973955577e-02 9.973994244768537021e-01
6.013306948448120942e-02 -1.487822446460287419e-02 9.980794820008285217e-01
1.474948947302620883e-01 -9.564344775156589928e-02 9.844275427529224354e-01
2.179826694308290846e-01 -1.592242112448536417e-01 9.628765270694690237e-01
3.157569925262605492e-01 -1.838532023610363886e-01 9.308574120952309849e-01
4.214190903396443644e-01 -1.507794756918672263e-01 8.942435350660721260e-01
4.967931558056350450e-01 -5.621156663979785112e-02 8.660466616301272236e-01
5.032804793437037905e-01 7.133799261270049041e-02 8.611734145463778578e-01
4.341031449895239036e-01 1.803285105408256594e-01 8.826302101086596075e-01
3.225382482040689003e-01 2.312034409295446735e-01 9.178856395802870161e-01
2.148591741758273943e-01 2.185894464945504767e-01 9.518687877820319887e-01
1.400153657277125319e-01 1.606325632531736547e-01 9.770326898230123902e-01
1.056279261618572191e-01 7.842611802432954138e-02 9.913082695238251141e-01
1.093688097920033075e-01 -1.153406872292680151e-02 9.939343181033579722e-01
1.916548774282892387e-01 -1.465702450728027517e-01 9.704563726500494703e-01
2.991243982595309103e-01 -2.553679643816323952e-01 9.194083951833205148e-01
4.578800935888854839e-01 -3.126636885858625203e-01 8.322182632788225343e-01
6.400390803990008148e-01 -2.722116272256800418e-01 7.185059537436151444e-01
7.761893759671705251e-01 -1.092432957803477489e-01 6.209637307948093765e-01
7.916663285681628803e-01 1.250394676020454010e-01 5.980213673049031842e-01
6.735908458416152156e-01 3.200903782842736689e-01 6.661963090021290057e-01
4.845903728985160863e-01 3.961817311553464394e-01 7.798796101917633283e-01
3.077803272895463516e-01 3.565381652231697229e-01 8.821291327649549707e-01
1.888188449714177930e-01 2.505213519393205135e-01 9.495190866992146983e-01
1.342714568811729237e-01 1.191767783791433388e-01 9.837520375389771088e-01
1.370158827529170120e-01 -1.682586797069758958e-02 9.904259376855001351e-01
1.991188305082270682e-01 -2.223221034262769791e-01 9.544236866639672634e-01
3.279201566306591542e-01 -3.988157661464445392e-01 8.563961440526254298e-01
5.283393788221486531e-01 -5.152412200259236519e-01 6.748214474748216452e-01
7.720521996248653762e-01 -4.778955340110265793e-01 4.189883764815248712e-01
9.589802358120059766e-01 -2.133471302082191878e-01 1.866545187073719581e-01
9.725573853195276230e-01 1.943294752433372963e-01 1.279382167778346513e-01
8.016122566130655658e-01 5.235429705461763783e-01 2.886529889667450166e-01
5.485812631823429042e-01 6.285767484190649679e-01 5.513164871762331609e-01
3.275834302978917756e-01 5.399995327003717094e-01 7.752996845593154163e-01
1.882477263586979088e-01 3.626717709459092442e-01 9.127058562757585092e-01
1.285555575565117403e-01 1.650163911341660516e-01 9.778768119136110881e-01
1.345218393950364522e-01 -3.095006778893482149e-02 9.904271644244067030e-01
1.590637333170105139e-01 -3.037213360263786299e-01 9.393892051677843469e-01
2.712803356911757668e-01 -5.544597576438172748e-01 7.867536823052614370e-01
4.498853159083354147e-01 -7.475656868968472146e-01 4.886192242477843117e-01
6.767584786982830947e-01 -7.349512795195838333e-01 4.294855343840304346e-02
8.488527273762195291e-01 -3.642906633403739658e-01 -3.830683487692899680e-01
8.318425107009176367e-01 2.566381373539597388e-01 -4.921126942545158145e-01
6.424355046046388296e-01 7.420799785881352362e-01 -1.912953940947993703e-01
4.094439404895732215e-01 8.694722407555554033e-01 2.763578878049535170e-01
2.270850276644666987e-01 7.205639613754543094e-01 6.551488134596649138e-01
1.223650392663796910e-01 4.669499431011742141e-01 8.757765398793028178e-01
8.483799949987887168e-02 2.033083248595067838e-01 9.754323343439175176e-01
9.935566341538693003e-02 -5.069161037082042798e-02 9.937599372008947274e-01
7.621819073672836398e-02 -3.586705040320642413e-01 9.303473850869605766e-01
1.263824866915532474e-01 -6.572695632044248670e-01 7.429833028695356223e-01
1.962390689703022717e-01 -9.088737347175740444e-01 3.680200567225308528e-01
2.770302357934055215e-01 -9.369963797053454391e-01 -2.128192493065353130e-01
3.119584681104461410e-01 -5.233787965605917192e-01 -7.929417062338498523e-01
2.328468320132273395e-01 2.448170182919614524e-01 -9.411944434472419019e-01
1.199435724167820932e-01 8.442717639579909727e-01 -5.223205223033429156e-01
4.593932187699233810e-02 9.943004370854693352e-01 9.620924860424902303e-02
9.645545874731906860e-03 8.139483875321630313e-01 5.808571131341269123e-01
7.852640884756255163e-04 5.178537946363966915e-01 8.554687783554056901e-01
1.236231235795908975e-02 2.174037154281944495e-01 9.760034824482706206e-01
3.890939655317897372e-02 -6.927987895599467538e-02 9.968381800633164813e-01
-2.194137561817614823e-02 -3.614896359970702910e-01 9.321179212432270100e-01
-5.225168912971375756e-02 -6.544816419505297134e-01 7.542702044575214648e-01
-1.284339100934044631e-01 -9.073271577024688561e-01 4.003275654183193755e-01
-2.560704576399525645e-01 -9.554766857736565200e-01 -1.466022635127461338e-01
-4.188945716191857516e-01 -5.893029956714851414e-01 -6.908323365046906694e-01
-5.425609443552101840e-01 1.328178644372509376e-01 -8.294498396808391849e-01
-5.121607035513759953e-01 7.374080492273629162e-01 -4.403643748907127842e-01
-3.749240547026866377e-01 9.159135988318232169e-01 1.432977064731191519e-01
-2.339276407268049418e-01 7.622073007388434629e-01 6.035875161104802267e-01
-1.313321885792023969e-01 4.852476094026125231e-01 8.644574100624914381e-01
-6.538999980731373396e-02 1.977810359446892929e-01 9.780627841534198508e-01
-2.859281033961918669e-02 -7.961842875322969193e-02 9.964152532954261288e-01
-9.819914508623010796e-02 -3.134976215272927691e-01 9.444978397016191574e-01
-1.841871706823927923e-01 -5.511605922147515546e-01 8.138163722522142596e-01
-3.544436913446089576e-01 -7.470593284913328302e-01 5.623806801269503053e-01
-6.023866976649883132e-01 -7.758696649614527097e-01 1.875007452488085258e-01
-8.523046651834261800e-01 -4.947045043990664359e-01 -1.698358355408521314e-01
-9.652677410019055992e-01 3.869768955499010982e-02 -2.583808758484711365e-01
-8.602452353848104583e-01 5.098133781466486214e-01 -8.273721076902050206e-03
-6.211445768951113777e-01 6.824806485646015553e-01 3.852266591615216562e-01
-3.860136516403261941e-01 5.908612407849223036e-01 7.084323926003760485e-01
-2.192144659028519016e-01 3.831849535587372735e-01 8.972816220703195844e-01
-1.214314299678850018e-01 1.519607905249512614e-01 9.808987337941192930e-01
-8.114501608192752069e-02 -7.879564182795115168e-02 9.935827762164878285e-01
-1.290456555127799110e-01 -2.398827432791450498e-01 9.621868260738546397e-01
-2.258723789057381637e-01 -4.033818435085564924e-01 8.867157136168883902e-01
-4.032869482308760745e-01 -5.241410169039837363e-01 7.500905490575657808e-01
-6.423028720096979338e-01 -5.258802162502871358e-01 5.575814010209783067e-01
-8.600334657493424739e-01 -3.383260338343386797e-01 3.819396976240517771e-01
-9.409576366712559814e-01 -8.694723581217936315e-03 3.384126590007350277e-01
-8.389516249595149189e-01 2.914715765363921629e-01 4.595698978927069134e-01
-6.222745239498794767e-01 4.238184632737359570e-01 6.581430900885104629e-01
-4.010910719276634118e-01 3.877351440304149799e-01 8.299321719898471450e-01
-2.372446013917032803e-01 2.597963377439324040e-01 9.360666974128046824e-01
-1.400793902997164997e-01 9.965914089286381783e-02 9.851120850186023681e-01
-1.036964503270380589e-01 -6.901743062991930189e-02 9.922114897837323033e-01
-1.133293059971288985e-01 -1.679361563004671265e-01 9.792619240066472441e-01
-1.882874635114966944e-01 -2.682263148831628974e-01 9.447764153960296341e-01
-3.190776974139563071e-01 -3.312313009700734168e-01 8.879612875968794228e-01
-4.856428818698043104e-01 -3.194819876862338703e-01 8.136843680650086563e-01
-6.299855662765729836e-01 -2.073012893359624520e-01 7.484279268725465561e-01
-6.813360454171337732e-01 -2.484335326559429513e-02 7.315490421112450514e-01
-6.145591106824953576e-01 1.452985359748579508e-01 7.753743837145794515e-01
-4.708341506525534070e-01 2.330902220212142106e-01 8.508725821047037341e-01
-3.169470170824517652e-01 2.277058817676836378e-01 9.207033288584105524e-01
-1.961318303103749550e-01 1.590429155571317088e-01 9.675937454067209398e-01
-1.212035389189541762e-01 5.853289114978971197e-02 9.909004000438148552e-01
-9.281304987259283990e-02 -5.451082602916666048e-02 9.941902773709346830e-01
-6.314523594018794928e-02 -1.131635539545802482e-01 9.915677935644411356e-01
-1.037984122186179498e-01 -1.726827832978462540e-01 9.794930045555614306e-01
-1.750989870234350987e-01 -2.022938200578351386e-01 9.635442673326158891e-01
-2.643815315322508019e-01 -1.865733737311577323e-01 9.461991238630830248e-01
-3.415756038949669948e-01 -1.198649224256501250e-01 9.321794393762632414e-01
-3.717580895325913737e-01 -2.007826857801523271e-02 9.281124856384659338e-01
-3.417846976190366814e-01 7.464931460092313897e-02 9.368087853469813098e-01
-2.701536704268058808e-01 1.303154962463926592e-01 9.539574758828874845e-01
-1.885630351665619209e-01 1.358732603508860659e-01 9.726162855362526782e-01
-1.199866621989382209e-01 9.966437896528783369e-02 9.877601998764052871e-01
-7.415130477108267115e-02 3.656417098763121293e-02 9.965764623955448709e-01
-5.423360761316240591e-02 -3.888183587625848592e-02 9.977709750459957672e-01
3.776403333428805104e-02 -6.674643959721662800e-02 9.970550589547865217e-01
5.086272900885674408e-02 -1.033176307809650502e-01 9.933470944073182762e-01
4.343716581697438378e-02 -1.212218793609340511e-01 9.916745779690372409e-01
1.448799716878792186e-02 -1.137223967251138890e-01 9.934069228775174176e-01
-2.878314455411367170e-02 -7.948649892578307785e-02 9.964203064360754869e-01
-7.164013638703876918e-02 -2.692555695467004073e-02 9.970670515271825574e-01
-9.943652244509296190e-02 2.666640185061299947e-02 9.946865239945910098e-01
-1.053360254126765316e-01 6.376407363672700890e-02 9.923902784003748589e-01
-9.097921630117485059e-02 7.487892734408695128e-02 9.930336995495394614e-01
-6.233651037433991793e-02 5.989229409489084388e-02 9.962565295056278192e-01
-2.641633583756090864e-02 2.496699257603646888e-02 9.993391949096568361e-01
9.550052581164390764e-03 -2.063274575942722691e-02 9.997415097405145668e-01
9.993720213232303029e-02 -3.092715994091952553e-02 9.945129795069328482e-01
1.472617887512471802e-01 -5.584945264091158157e-02 9.875195209277994879e-01
1.898495000482581796e-01 -5.327510893198251357e-02 9.803667324525601190e-01
2.166094446204308577e-01 -1.963838735444296477e-02 9.760607984358918854e-01
2.154135863022499653e-01 3.873080466189669779e-02 9.757545345048392882e-01
1.808355043685324903e-01 1.035863723365910427e-01 9.780431400638407435e-01
1.225859437223508625e-01 1.518050581202335936e-01 9.807792364904687199e-01
6.292082897705700284e-02 1.685562932236320532e-01 9.836817296745873351e-01
2.249498332588927355e-02 1.535120496572344728e-01 9.878906955401488554e-01
9.980631452564774075e-03 1.153848144855485341e-01 9.932707242146463500e-01
2.345485675213854898e-02 6.493179485302517928e-02 9.976140194043028320e-01
5.612624923806262822e-02 1.273459946276651357e-02 9.983424633475660448e-01
1.651666905229458304e-01 -2.442987217153084339e-02 9.859630549301606761e-01
2.559598563456546017e-01 -5.698074847772436474e-02 9.650066042479933381e-01
3.577901237329802475e-01 -4.727509071208384900e-02 9.326045749176546940e-01
4.461526255407454178e-01 1.562495018555108868e-02 8.948204823620773407e-01
4.842271869845218846e-01 1.244886259003050583e-01 8.660407689054477887e-01
4.445221327757297725e-01 2.427367176368425694e-01 8.622522597149577805e-01
3.367058138646816801e-01 3.198811229170470671e-01 8.856101072769489990e-01
2.080491733649296737e-01 3.278075117626872426e-01 9.215518307149711541e-01
1.081918122741855615e-01 2.777891476047957275e-01 9.545301049363631440e-01
5.888753413746973531e-02 1.988561691708829182e-01 9.782578812899243026e-01
5.828538820681339327e-02 1.138351612663360407e-01 9.917884701795851576e-01
9.677949319057763122e-02 3.621583645213594105e-02 9.946467427623683077e-01
2.222412447617699571e-01 -5.499188208743528705e-02 9.734396345081249846e-01
3.640093675345063562e-01 -1.192488940533157210e-01 9.237298748087774403e-01
5.358599938711666733e-01 -1.234044457489986979e-01 8.352397318959970951e-01
6.965490737832852330e-01 -3.236014194129308713e-02 7.167790517484299295e-01
7.732673818413509093e-01 1.589014882840367460e-01 6.138467831645406658e-01
7.106349841061053718e-01 3.839928356177220725e-01 5.895315271966922177e-01
5.269711731929872522e-01 5.328992111950132671e-01 6.620572583478919748e-01
3.106398024718002859e-01 5.419008762900158205e-01 7.809265992373293219e-01
1.491795843149278655e-01 4.421975064598637206e-01 8.844245682389091368e-01
7.204113867063761945e-02 3.019356946294333710e-01 9.506023935630038002e-01
6.864418067510882904e-02 1.638142792641164025e-01 9.841000245750952669e-01
1.222130681334571145e-01 4.303953192652704846e-02 9.915702520089378913e-01
2.559289182003151031e-01 -1.244643424194040587e-01 9.586495795100166140e-01
4.414880285354974010e-01 -2.492688826872604402e-01 8.619474141639380527e-01
6.733951350670869251e-01 -3.023300905419625817e-01 6.746373162084694508e-01
8.924696900745302530e-01 -2.006797388265375848e-01 4.040117507236899996e-01
9.826982861483569698e-01 9.868515849162369513e-02 1.567332699030464793e-01
8.674615813758734806e-01 4.888547975874751317e-01 9.236553314174517082e-02
5.952537627601680592e-01 7.598295311014621189e-01 2.614039815799901190e-01
3.049571540206542086e-01 7.841305864182087637e-01 5.405000995884137183e-01
1.114855904138948167e-01 6.234700780348907401e-01 7.738578841914676154e-01
3.516433569972576140e-02 4.073573993946448812e-01 9.125915946650609012e-01
4.802536625569170381e-02 2.048100933666582579e-01 9.776228259667704146e-01
1.250493099470641467e-01 2.907085163362333260e-02 9.917245361827362604e-01
2.484743704789294794e-01 -2.186170613277191033e-01 9.436456261286055858e-01
4.415892750777242748e-01 -4.237381220033905604e-01 7.908507546290585166e-01
6.728840497967880641e-01 -5.633372984556682672e-01 4.794560915221888764e-01
8.704266740208310704e-01 -4.922103564111228180e-01 9.293556621161842141e-03
8.987018271152185100e-01 -1.005341641963964083e-01 -4.268816086095454931e-01
6.998241298962812884e-01 4.696378756227493900e-01 -5.382252808960271695e-01
3.808418857825248693e-01 8.931271347147007322e-01 -2.393394645058747883e-01
1.059703811457617939e-01 9.626571364506212314e-01 2.491214883560261273e-01
-3.530317658054334812e-02 7.608370030584536980e-01 6.479820526066283337e-01
-5.707015282050723060e-02 4.817753433523965234e-01 8.744343978794557604e-01
-2.667790020081274496e-03 2.234217378259664433e-01 9.747182208019653515e-01
1.017077306331191644e-01 -4.105258643156830395e-03 9.948058526068411789e-01
1.927690548545472338e-01 -3.033054860230476879e-01 9.331912310126734278e-01
3.389770440769391269e-01 -5.753071769696794791e-01 7.443898277892874171e-01
4.766085813881885680e-01 -8.052173345848333552e-01 3.528020751513231690e-01
5.351457490146257490e-01 -8.068374590094011811e-01 -2.502645441344361621e-01
4.189438891225673589e-01 -4.033954707200598788e-01 -8.134851639516152977e-01
1.414906986596212446e-01 2.675416126185783949e-01 -9.531011844029732005e-01
-1.331004370019295002e-01 8.130563147868251628e-01 -5.667660034397999924e-01
-2.705745798747974940e-01 9.607987125749413160e-01 6.045850345497361805e-02
-2.655356633567102498e-01 7.771482020476733199e-01 5.705536640313801922e-01
-1.830681877780055700e-01 4.861386699829035596e-01 8.544912124598745828e-01
-7.031050882892853071e-02 2.076186436202843988e-01 9.756797277639895904e-01
5.611278546280222546e-02 -4.690572373862463701e-02 9.973220184014499612e-01
1.064706092825485895e-01 -3.428899083656727909e-01 9.333223023692981402e-01
1.727639846435298498e-01 -6.328919132752790500e-01 7.547187765788565539e-01
1.694794643527098021e-01 -9.060340001003318600e-01 3.877874441301170094e-01
4.171127353243071767e-02 -9.828284170300940481e-01 -1.797455766858102599e-01
-2.265823983724699342e-01 -6.621117682482954292e-01 -7.143307518894110864e-01
-5.303864129711690634e-01 -3.365886616896941741e-02 -8.470875596205618141e-01
-6.933242114164371861e-01 5.352666243173572758e-01 -4.824843818775565452e-01
-6.480112132507344080e-01 7.534785756838964232e-01 1.111373181546149724e-01
-4.788655977228643557e-01 6.446710602999801143e-01 5.958917379267169023e-01
-2.928071400544520753e-01 4.063745107780099008e-01 8.655193445112668860e-01
-1.314005455551628399e-01 1.574952378675835152e-01 9.787385486823499958e-01
1.821201926565106264e-03 -8.471493612796870964e-02 9.964035642350426158e-01
2.405092330446519100e-02 -3.259759687317099752e-01 9.450720718006930809e-01
2.119688002547326020e-02 -5.786037880011212220e-01 8.153332746722418145e-01
-8.600433865405009148e-02 -8.254080890853940922e-01 5.579468972985970332e-01
-3.288722315261698448e-01 -9.296760190448632999e-01 1.659685360056808723e-01
-6.585928367401852057e-01 -7.244507835124831541e-01 -2.035351017951436414e-01
-9.213471334597157503e-01 -2.530273171075279603e-01 -2.951213927571018636e-01
-9.757531019492354796e-01 2.146607832701211693e-01 -4.273911747173014808e-02
-8.169305921662114445e-01 4.444161929728979721e-01 3.675848949649298536e-01
-5.674033185159641501e-01 4.222717560895259958e-01 7.069229364972631213e-01
-3.384943307700521431e-01 2.741995447157988819e-01 9.001312113876768217e-01
-1.642419184581420943e-01 9.095143119270482357e-02 9.822181170112876947e-01
-4.304259001385339622e-02 -1.055755312604748086e-01 9.934793116336245733e-01
-2.647524807563443258e-02 -2.682794163119560094e-01 9.629772666178590956e-01
-6.127113407896560282e-02 -4.526937510462068492e-01 8.895584387169440665e-01
-1.941273182995006952e-01 -6.287875360498830224e-01 7.529547255965642893e-01
-4.327575912547652059e-01 -7.112859490442824395e-01 5.538891278077022751e-01
-7.105358540573695203e-01 -5.993271350434431488e-01 3.687082658408216695e-01
-8.943389153831639016e-01 -3.109833261373982638e-01 3.216322050041758307e-01
-8.944294128488249340e-01 -1.230517847391399654e-03 4.472074588561598119e-01
-7.334151905847573483e-01 1.840813123443524879e-01 6.543823260641076223e-01
-5.113566047773364653e-01 2.152295400071488063e-01 8.319799684240294368e-01
-3.111769341951495793e-01 1.475235104912524797e-01 9.388321093130436168e-01
-1.615164164577735928e-01 3.371564643551715201e-02 9.862939229256419971e-01
-6.507915070128558743e-02 -1.053895632067246291e-01 9.922992210574130834e-01
-3.630642747651526697e-02 -1.946789680224856878e-01 9.801948493710802568e-01
-6.961263287238030062e-02 -3.115620513734033703e-01 9.476725011778086571e-01
-1.725165801032364776e-01 -4.159392498496631285e-01 8.928788103790924469e-01
-3.399926576382966692e-01 -4.632791104806506244e-01 8.183993270672792475e-01
-5.213776630138813317e-01 -4.066642993230558112e-01 7.501929619548042272e-01
-6.339495739723757239e-01 -2.538099402842808883e-01 7.305398359247039508e-01
-6.283360927334284973e-01 -7.753202061254045596e-02 7.740688214547090107e-01
-5.229076406614723282e-01 4.606515235904252992e-02 8.511437017778047398e-01
-3.761728799032742487e-01 8.917615396171972575e-02 9.222481108626765511e-01
-2.376995154386288833e-01 6.676681265409127597e-02 9.690413474604436805e-01
-1.299011138077449390e-01 2.868547754258390058e-03 9.915228046118075289e-01
-6.031729193240786824e-02 -8.695736132392237194e-02 9.943843530574715261e-01
-1.126401045231266614e-02 -1.238956752462478383e-01 9.922313156333903983e-01
-2.540263535692407690e-02 -1.906265928592389691e-01 9.813338923179107942e-01
-8.088168795480135675e-02 -2.425830392764937726e-01 9.667531337467057950e-01
-1.722531789827213000e-01 -2.603883971182689439e-01 9.500140656729507693e-01
-2.720791659115694427e-01 -2.273805246976839112e-01 9.350246116895325477e-01
-3.388650759066682006e-01 -1.486110633564034222e-01 9.290237952704772928e-01
-3.464216974860683251e-01 -5.526835941733055507e-02 9.364493664679103269e-01
-3.004937160209710245e-01 1.674749519405039841e-02 9.536367484722338972e-01
-2.264794316006005226e-01 4.848582433554498444e-02 9.728084045178450046e-01
-1.485020696572266485e-01 4.026587566823956049e-02 9.880919970144687037e-01
-8.107276954731816587e-02 1.678974317333994330e-03 9.967067708625380051e-01
-3.265680721519841068e-02 -5.634885231534135508e-02 9.978769161501724883e-01
