4.726043377230586262e-02 8.750290592350586094e-03 9.988442740559012600e-01
3.085157638679526110e-02 2.653006990522717087e-02 9.991718248756080722e-01
1.961639311985298451e-02 3.301699710544495764e-02 9.992622653853873160e-01
1.648777808236021741e-02 2.553878565321549693e-02 9.995378550118062533e-01
2.253983937846815513e-02 4.847979293015711177e-03 9.997341910415735722e-01
3.651521545941867342e-02 -2.373039288288912585e-02 9.990513037344399550e-01
5.470949340862955868e-02 -5.132591306676267257e-02 9.971822912480078349e-01
7.192788538512237539e-02 -6.925067116389659050e-02 9.950028763010908550e-01
8.330806092333870039e-02 -7.276477680931005276e-02 9.938637000318053527e-01
8.582449152506774204e-02 -6.212223577763235222e-02 9.943716530937500853e-01
7.899378101658489915e-02 -4.122360377556671257e-02 9.960223878268483766e-01
6.482046189183536533e-02 -1.566474334000224344e-02 9.977739841949296862e-01
2.347575233315964127e-02 -5.727513813428958787e-03 9.997079996868400986e-01
1.830025469485363878e-03 1.128859589602305633e-02 9.999346071666054270e-01
-1.567254217972182534e-02 1.422824060234359651e-02 9.997759391938697560e-01
-2.475683686122374938e-02 8.856123160786366025e-04 9.996931102689392556e-01
-2.244195587052727481e-02 -2.682260424393044518e-02 9.993882661500577136e-01
-8.186112006580321954e-03 -6.151897547633999180e-02 9.980723436838746521e-01
1.456246760269297967e-02 -9.197295031896890460e-02 9.956550160305238650e-01
3.879138685139205123e-02 -1.083659038168219985e-01 9.933539445717531891e-01
5.705755446964212024e-02 -1.067947259169501339e-01 9.926425952951628551e-01
6.440076684328620293e-02 -8.947953994331074579e-02 9.939043984013126165e-01
5.951415546588770950e-02 -6.228329829345048696e-02 9.962825181910208716e-01
4.441271443771817318e-02 -3.218403577604878052e-02 9.984947163792764480e-01
7.142491892961976875e-03 -1.321990565205865067e-02 9.998871030793429204e-01
-2.080746473933104204e-02 5.569614208250375786e-03 9.997679874895749608e-01
-4.471954109248405668e-02 7.391661395721238655e-03 9.989722348426943732e-01
-5.899085634543951157e-02 -1.040905925689724655e-02 9.982042528226447997e-01
-5.878339841839973906e-02 -4.575412421972711863e-02 9.972216765529656746e-01
-4.181652906240930501e-02 -8.937236554108755893e-02 9.951200722399033971e-01
-1.189668938524732385e-02 -1.262661053811040268e-01 9.919250674388663258e-01
2.096145639000483035e-02 -1.437956927150935149e-01 9.893853728971295780e-01
4.610497541418046019e-02 -1.383468119128905272e-01 9.893101085481551538e-01
5.683551849437859516e-02 -1.143575040553799771e-01 9.918125251799227993e-01
5.166787625950221285e-02 -8.000841827145752094e-02 9.954542096793426165e-01
3.331887599445686882e-02 -4.384292425716189434e-02 9.984826741085207624e-01
3.050757606521671723e-03 -1.131483199934486296e-02 9.999313313697557604e-01
-3.067423300608479106e-02 1.187251961283381993e-02 9.994589209706158384e-01
-5.940173428690522645e-02 1.592723406673893227e-02 9.981070870296612219e-01
-7.663808316981667035e-02 -3.371918036272226766e-03 9.970532755960774818e-01
-7.629038800396979736e-02 -4.543871567874899903e-02 9.960497476610371548e-01
-5.465204724313780377e-02 -1.000328652569731774e-01 9.934820479508134072e-01
-1.633365598905835159e-02 -1.468189966443577132e-01 9.890285101584960215e-01
2.478212415480292308e-02 -1.682684742634522057e-01 9.854296356875742458e-01
5.491228587743159778e-02 -1.607384309114066878e-01 9.854683138932756048e-01
6.641140684419855056e-02 -1.311901024020598050e-01 9.891302654720294241e-01
5.847676693405111370e-02 -9.017461437259563506e-02 9.942077281191558091e-01
3.513337926237897896e-02 -4.757787342131204050e-02 9.982494636223975260e-01
1.369399600417314788e-02 -2.410856093071311575e-04 9.999062037766827116e-01
-2.313373208675939194e-02 2.921099061668696803e-02 9.993055330914172307e-01
-5.260470695178375705e-02 3.895165022116237052e-02 9.978554573441782427e-01
-6.803623099452157930e-02 2.229988139138896694e-02 9.974336000767419774e-01
-6.356507913636641471e-02 -2.351338818540256101e-02 9.977006571564297488e-01
-3.562984726161273763e-02 -8.911202071936782931e-02 9.953841277353412398e-01
9.589176572543224239e-03 -1.476534100350856971e-01 9.889926785359364203e-01
5.471553626901482642e-02 -1.749816035767181865e-01 9.830501759830390096e-01
8.477015030561560471e-02 -1.676773102744229249e-01 9.821905829503189134e-01
9.285444834511098755e-02 -1.352180607629472897e-01 9.864553347546931583e-01
7.964722199588603058e-02 -8.990941884636309556e-02 9.927601001405093051e-01
5.062948465953908544e-02 -4.226452561220295917e-02 9.978228125062841292e-01
3.727766249322703868e-02 1.686609016342808728e-02 9.991626048254726999e-01
1.696255015087718429e-03 5.255551457526165537e-02 9.986165633549372034e-01
-2.269462460375228086e-02 6.995001602221087578e-02 9.972923088406709935e-01
-2.946924942812734552e-02 5.993417147847380361e-02 9.977672365974186164e-01
-1.484951762077367683e-02 1.566204709858311922e-02 9.997670689249968934e-01
2.090294061989018265e-02 -5.641397169867599232e-02 9.981886248954908725e-01
6.774025706884433118e-02 -1.243614650453934711e-01 9.899219583300835623e-01
1.080684573376847202e-01 -1.580119360945700657e-01 9.815056986998239585e-01
1.302503540571385288e-01 -1.542275216373864832e-01 9.794124344920270842e-01
1.301819308845383882e-01 -1.235291379164723952e-01 9.837648179095869194e-01
1.100972971505047027e-01 -7.842303781020271147e-02 9.908220891263415098e-01
7.629385147313214044e-02 -2.910126144189588079e-02 9.966606066309324774e-01
6.691247071372521948e-02 3.484256851276518185e-02 9.971502979402476763e-01
3.662004801059536019e-02 7.424705962960177763e-02 9.965672813312762557e-01
2.158934715037201871e-02 9.817933497292807843e-02 9.949345296420071261e-01
2.785736668982478556e-02 9.634817288879972408e-02 9.949577863919517595e-01
5.640496987875281976e-02 5.977067249042371244e-02 9.966172515480358207e-01
9.987330109708984771e-02 -8.063845306077574784e-03 9.949674859646883140e-01
1.409349721350962037e-01 -7.764402690884461555e-02 9.869694720276219746e-01
1.680306463366927350e-01 -1.171340718757248461e-01 9.787978908321430804e-01
1.768306624448655051e-01 -1.210331561954991197e-01 9.767711563721235279e-01
1.666318642061778710e-01 -9.771999993524721484e-02 9.811649318253636842e-01
1.404593513905087188e-01 -5.814856169446444567e-02 9.883774154540790891e-01
1.044467270407910958e-01 -1.158210366357459616e-02 9.944630390744858550e-01
9.294260419538390161e-02 4.851626750862291643e-02 9.944887350354625344e-01
6.949924625560086056e-02 8.757867994597612338e-02 9.937302599744101128e-01
6.312938625829968287e-02 1.140105185640056806e-01 9.914717758198338116e-01
7.846381890532712344e-02 1.177000020105053862e-01 9.899445129144872624e-01
1.136019553447513708e-01 9.025062574053700770e-02 9.894187284942035365e-01
1.572090844737684123e-01 3.449684120140121546e-02 9.869626496001986382e-01
1.915024988928837324e-01 -2.687325177235360546e-02 9.811241619984021334e-01
2.079094261421338963e-01 -6.767982404290748266e-02 9.758038286144448126e-01
2.065100436036116649e-01 -7.939058374245645811e-02 9.752183022810043678e-01
1.895687526640290055e-01 -6.586714825638623205e-02 9.796556572561229137e-01
1.608701939746866316e-01 -3.501535325870486909e-02 9.863542496116541880e-01
1.261217410422980911e-01 5.351500153915625391e-03 9.920003366342355910e-01
1.075816135521935890e-01 5.466020294855140210e-02 9.926925297588874431e-01
9.012435279896981177e-02 9.009662792671974119e-02 9.918468625089964519e-01
8.868205050001834455e-02 1.152968781284686439e-01 9.893645050297766863e-01
1.061680715412935266e-01 1.214957717691021316e-01 9.868977241980954052e-01
1.392327335371960073e-01 1.022316509638399595e-01 9.849684946499119853e-01
1.768711407181942363e-01 5.995987626165308337e-02 9.824059307739211322e-01
2.046946037178197786e-01 1.026377676197196172e-02 9.787720746401369354e-01
2.156600138291530355e-01 -2.759966544867784727e-02 9.760783866587834368e-01
2.105301528419276647e-01 -4.389742808658195911e-02 9.766012853523952097e-01
1.925107045730577726e-01 -3.847961802429149952e-02 9.805401305513009591e-01
1.656363327139549202e-01 -1.610422831904526758e-02 9.860554036744220152e-01
1.351001026234157909e-01 1.701392061382586696e-02 9.906858678594920864e-01
1.077608407214995512e-01 5.220326161459262759e-02 9.928053286942699618e-01
9.419931539926953978e-02 8.246488561554636554e-02 9.921320635977252111e-01
9.382217257883777861e-02 1.040526735155570814e-01 9.901365769764611802e-01
1.083887048079079790e-01 1.099928587601414764e-01 9.880047872818148447e-01
1.346411712400267524e-01 9.584066994026571584e-02 9.862486101346381595e-01
1.640180514181974747e-01 6.378143482830984923e-02 9.843932178658397758e-01
1.861939265457583925e-01 2.450366504628937944e-02 9.822074078914283524e-01
1.954047075359989782e-01 -8.071134631618322522e-03 9.806894804465841053e-01
1.914838724414087701e-01 -2.480561860321605847e-02 9.811822500844195050e-01
1.768182737533045557e-01 -2.348759864096839137e-02 9.839632263336043350e-01
1.548157899619295175e-01 -6.777661926662034361e-03 9.879201053107434793e-01
1.299091590840848187e-01 2.034947032537546066e-02 9.913170579806439564e-01
9.484952920493422424e-02 4.188813145021309109e-02 9.946099493034881167e-01
8.273892061108185925e-02 6.689333591359854225e-02 9.943236659289121926e-01
8.055471182309235922e-02 8.359292722263976516e-02 9.932387230275595558e-01
8.975102609141380472e-02 8.674948265065424158e-02 9.921790567107424685e-01
1.081214023771732008e-01 7.376044053176690485e-02 9.913975790572646662e-01
1.299154140274148550e-01 4.713924785535849454e-02 9.904038956454537246e-01
1.481214378414702215e-01 1.516187649843148653e-02 9.888529502169881580e-01
1.579359163132835475e-01 -1.157869971877521775e-02 9.873814764572650393e-01
1.578947118514058279e-01 -2.541487555904827292e-02 9.871288386373907597e-01
1.487518050246857126e-01 -2.393554933733328324e-02 9.885848420745680931e-01
1.326711352106778041e-01 -9.115392583409348548e-03 9.911181965335912336e-01
1.131243460571615539e-01 1.460920897685373185e-02 9.934734286039044182e-01
7.292824270071017467e-02 2.612858115622192570e-02 9.969948689252478014e-01
5.982163906226004024e-02 4.675494135836001652e-02 9.971135075598871467e-01
5.384246616104128996e-02 5.814473367879544052e-02 9.968551443329529693e-01
5.690223099259433814e-02 5.654080065006585054e-02 9.967774445531765171e-01
6.831475661043710790e-02 4.108838693733424946e-02 9.968173546281994257e-01
8.478997869956006461e-02 1.539163507051449949e-02 9.962799591893448659e-01
1.015044269232548285e-01 -1.272331949961514816e-02 9.947537225141780404e-01
1.139391078837446863e-01 -3.431152716742397191e-02 9.928950593079155507e-01
1.191442328988347732e-01 -4.330802271996590097e-02 9.919319870511492665e-01
1.160133131852187638e-01 -3.831704586902054399e-02 9.925082947560605051e-01
1.052993523567828243e-01 -2.184529761356736322e-02 9.942005981517638702e-01
8.956794633372701375e-02 1.427215976422676127e-03 9.959796915822444197e-01
3.405522495261936039e-02 3.496581432682704244e-02 9.988081064359370931e-01
6.578588974707103888e-03 4.367891860908882512e-02 9.990239607917891229e-01
-9.218013069202205326e-03 4.390155523517943331e-02 9.989933341534844580e-01
-8.623852174759026254e-03 3.436380761075999435e-02 9.993721818723121375e-01
9.343597451574016388e-03 1.626490418025657719e-02 9.998240595619466431e-01
4.054088056236315046e-02 -5.497775308263109367e-03 9.991627552455289996e-01
7.582506711266596977e-02 -2.351055319096510138e-02 9.968439261419276276e-01
1.044074299217901541e-01 -3.163727388499643772e-02 9.940312728873568204e-01
1.183856921948592267e-01 -2.807202963759126632e-02 9.925707979965735506e-01
1.148863059951357318e-01 -1.524136370680222695e-02 9.932617165315036356e-01
9.577948151937405730e-02 2.364148021194254195e-03 9.953997698031189501e-01
6.638080982823997556e-02 2.024644057281969889e-02 9.975889282317430551e-01
1.756881645517158197e-02 5.952881493470008056e-03 9.998279351419390171e-01
-1.584728820124719703e-02 9.936026446923592464e-03 9.998250541144602099e-01
-3.715832873907062850e-02 9.945780762776418402e-04 9.993088958974333247e-01
-4.022432643326120244e-02 -2.076173024592293734e-02 9.989749516981032418e-01
-2.214232246120855299e-02 -5.122018740045663349e-02 9.984418911276611297e-01
1.407524989977839563e-02 -8.108897529128343551e-02 9.966074781109048875e-01
5.765127820524280911e-02 -9.926653114394932975e-02 9.933893928947069574e-01
9.413670288471567837e-02 -9.966945174045295508e-02 9.905575609522045966e-01
1.129070889856797766e-01 -8.399736195351907575e-02 9.900487020554047390e-01
1.103766064392296548e-01 -5.889121450662374718e-02 9.921435529220029581e-01
8.907549715906569465e-02 -3.185699402010942760e-02 9.955152875460849815e-01
5.537988910451732694e-02 -8.926013122902899666e-03 9.984254574942483806e-01
3.733214440774170525e-03 -1.156515487589855791e-02 9.999261524246676469e-01
-3.920187825852043673e-02 -1.006415693526105729e-02 9.991806270571493842e-01
-6.863964261683583312e-02 -2.552473616732258213e-02 9.973149388759297018e-01
-7.620902244374097578e-02 -5.771163161773266992e-02 9.954202893623763648e-01
-5.581594542662450531e-02 -1.009756911386282818e-01 9.933219468205123359e-01
-8.561014297019576072e-03 -1.415129986290815101e-01 9.898993788527380433e-01
5.079558830922129009e-02 -1.624270513279388317e-01 9.854122290723575928e-01
1.000545902881038868e-01 -1.564552199851551029e-01 9.826041131105035520e-01
1.244707065476061691e-01 -1.292759995156672892e-01 9.837656017368135997e-01
1.206876429216121732e-01 -9.234191025899859961e-02 9.883862931342802804e-01
9.339653290940203023e-02 -5.615088127986109928e-02 9.940443481917710100e-01
5.113976157112591625e-02 -2.786771480891277533e-02 9.983026170744198069e-01
-3.706575955791672951e-03 -1.214540131738602383e-02 9.999193720103830563e-01
-5.799105872824272812e-02 -9.460546296337723690e-03 9.982722750689314584e-01
-9.691811673329915611e-02 -2.604922511799494939e-02 9.949514141502848741e-01
-1.095615387160913945e-01 -6.347213584584543433e-02 9.919513885293426148e-01
-8.538850350776773512e-02 -1.176996596357358232e-01 9.893713122939975513e-01
-2.161211130349163095e-02 -1.718277433668277121e-01 9.848899142820061181e-01
6.045596395292022335e-02 -1.994798360307223073e-01 9.780352097137992029e-01
1.253677496073964670e-01 -1.898028777359916652e-01 9.737852920235389176e-01
1.541625431074671315e-01 -1.534702946734896878e-01 9.760536762675489086e-01
1.459571845387445388e-01 -1.072947089079557825e-01 9.834553094684548302e-01
1.093128721870185449e-01 -6.410147421878928387e-02 9.919383534157294458e-01
5.561098349019474169e-02 -3.122117982762119895e-02 9.979642560961068387e-01
-1.355337738962465082e-03 5.715574082335334906e-03 9.999827474875159217e-01
-6.544766471725681212e-02 1.427783136825483933e-02 9.977538507639973631e-01
-1.118537852887310918e-01 4.898304003058152715e-03 9.937126029866542032e-01
-1.273190291013328868e-01 -2.745958915099016781e-02 9.914816366390062363e-01
-9.686324776687069149e-02 -8.532872498207239031e-02 9.916332587831279133e-01
-1.224502284321926475e-02 -1.542484326921196025e-01 9.879562138210502553e-01
9.529289583928714225e-02 -1.938241147649236995e-01 9.763971919960828805e-01
1.720537357577505699e-01 -1.856001873990643647e-01 9.674451314928560475e-01
1.993430038048223107e-01 -1.463206306621535335e-01 9.689440850104420466e-01
1.823875150249898158e-01 -9.738932774617325983e-02 9.783915950191859334e-01
1.343911810741631740e-01 -5.223039869025799392e-02 9.895509061701627251e-01
6.901269713468874412e-02 -1.711072591194786122e-02 9.974690324482313741e-01
1.170085459336019790e-02 3.786479685395081896e-02 9.992143649691159757e-01
-5.650011742836615058e-02 5.612985912278782574e-02 9.968235428827880718e-01
-1.036505714139389078e-01 6.260448112794805842e-02 9.926415455683721412e-01
-1.142586043301947601e-01 4.933036122253013633e-02 9.922255221460418717e-01
-7.083277384112406094e-02 4.107741458227713409e-03 9.974797464660648538e-01
3.617738070768795888e-02 -7.179201824803652099e-02 9.967633135509770259e-01
1.595347505323378434e-01 -1.268367668253835567e-01 9.790102644782816554e-01
2.327619102359950176e-01 -1.304121757494870470e-01 9.637502568402358527e-01
2.486068358910236975e-01 -1.013796318167756033e-01 9.632843876036041308e-01
2.197756546527602217e-01 -6.122800660999055955e-02 9.736271323400279565e-01
1.617453393800715733e-01 -2.196665334823007243e-02 9.865880149937844568e-01
8.831024443447664518e-02 1.145771391912688703e-02 9.960271188676576015e-01
3.190551632205598787e-02 7.455965193690551607e-02 9.967060230234440210e-01
-3.252814678055025027e-02 1.024620784342818169e-01 9.942049296548168824e-01
-7.205186431330536101e-02 1.271956625227021742e-01 9.892571921823091197e-01
-6.917312762861220488e-02 1.408944505664625202e-01 9.876050993253554511e-01
-6.513942259856264107e-03 1.273975123156224631e-01 9.918303496122634622e-01
1.145652091474400752e-01 7.212362276966394203e-02 9.907941238681773344e-01
2.264734299990578681e-01 2.943029748721012490e-03 9.740128972865051971e-01
2.799846488347871309e-01 -2.904069773840839419e-02 9.595651276968413246e-01
2.809830699127388587e-01 -2.710554015796244262e-02 9.593298724188124016e-01
2.436350974070963238e-01 -7.568184042249905333e-03 9.698374409670981189e-01
1.816742947144223408e-01 1.859469649880612571e-02 9.831829371496545455e-01
1.072642721350382938e-01 4.637160897885253541e-02 9.931485537440862821e-01
5.202319466162034362e-02 1.041504177460340352e-01 9.932000189793973588e-01
-2.812087133368707144e-03 1.367211559278142252e-01 9.906055812924700055e-01
-3.136290655004135564e-02 1.711985099897503082e-01 9.847372432632662820e-01
-1.795622760442722871e-02 1.989844770568965637e-01 9.798381252944539099e-01
4.810738691552487317e-02 2.036206922687037180e-01 9.778672164482182794e-01
1.541371247455516069e-01 1.698541943772818030e-01 9.733402793615817394e-01
2.453319687696335349e-01 1.113303587303298842e-01 9.630253248615154860e-01
2.861126156698745593e-01 6.579480857794296755e-02 9.559344194654334492e-01
2.817228630646809728e-01 4.508744956238674995e-02 9.584358874325540345e-01
2.448350931821575427e-01 4.429464939709235743e-02 9.685524049741542907e-01
1.871447816717508317e-01 5.642586118847551374e-02 9.807104327385368636e-01
1.192756718758083700e-01 7.695662536439699941e-02 9.898742303500436268e-01
6.517179433075137585e-02 1.187309274986937113e-01 9.907853471256717892e-01
2.146568657376262193e-02 1.503481207936643027e-01 9.884000540640558441e-01
1.685712274250553925e-03 1.850571167470580203e-01 9.827263209639419683e-01
1.716826212115207459e-02 2.144051006347612587e-01 9.765939297361234672e-01
7.206733052190106292e-02 2.250523098915922227e-01 9.716778054910359952e-01
1.522209884621778531e-01 2.059686494386428202e-01 9.666466190495537347e-01
2.219924282090903200e-01 1.630490492650027712e-01 9.613190778048295027e-01
2.562213062732364710e-01 1.190345993763191890e-01 9.592608646050890808e-01
2.544990107851027861e-01 8.935916575641598969e-02 9.629357159255275134e-01
2.251524912241897602e-01 7.718150466448954472e-02 9.712617417736605363e-01
1.775020376492401908e-01 7.999865258828896264e-02 9.808635186479598422e-01
1.208409320571583040e-01 9.454955029586850634e-02 9.881588190560736118e-01
6.835361814435055028e-02 1.158161542810773464e-01 9.909159405792592468e-01
3.410543679851243959e-02 1.428862344607371437e-01 9.891513247134440245e-01
1.947431699953076217e-02 1.718246212197049871e-01 9.849350488841184248e-01
3.191353475458102995e-02 1.954505913773382231e-01 9.801941606793235229e-01
7.218360515504687602e-02 2.043259486857992302e-01 9.762378981786573595e-01
1.291476554694934720e-01 1.916361036608839885e-01 9.729319024785071379e-01
1.810467444796461933e-01 1.605785112338260212e-01 9.702765678110739644e-01
2.105379179713687543e-01 1.248537098316148675e-01 9.695799792888036839e-01
2.135043877830199166e-01 9.736633254701179685e-02 9.720780183111692452e-01
1.936292458604028655e-01 8.367877840441866055e-02 9.774996558527916379e-01
1.574262618723729912e-01 8.370033951058229726e-02 9.839772483338558029e-01
1.126794354759933087e-01 9.516618623995347359e-02 9.890635681378190380e-01
6.239291731650349615e-02 9.727416367887768700e-02 9.932999853765797083e-01
3.436607983862983995e-02 1.182570696370516539e-01 9.923881488799108919e-01
2.182701487419526007e-02 1.384666456589722372e-01 9.901265421458240734e-01
2.991001396248935476e-02 1.525987543714047989e-01 9.878355183070548495e-01
5.835634519335405890e-02 1.549474710511704323e-01 9.861976567556818285e-01
9.932707151120695466e-02 1.425664561062167379e-01 9.847887786009653643e-01
1.390797344786932066e-01 1.188008970563518146e-01 9.831292765022608959e-01
1.652268871970753727e-01 9.281893495672870198e-02 9.818781599875650024e-01
1.721569666639302942e-01 7.360479561101883339e-02 9.823157908189357190e-01
1.602387315375251586e-01 6.542954559437703932e-02 9.849073679683990612e-01
1.334981289783045699e-01 6.816438783148222325e-02 9.887021117560699235e-01
9.824472003878695348e-02 7.960081555345917270e-02 9.919736312764508845e-01
4.996703760353444351e-02 6.801909043553498735e-02 9.964319838752410119e-01
2.428570696089224837e-02 8.263717326731641333e-02 9.962837457430145927e-01
1.133867270032268455e-02 9.292740204861855979e-02 9.956083228107149852e-01
1.543785016396290004e-02 9.566464404848304404e-02 9.952939006451076986e-01
3.655223676282830930e-02 8.867974064754211017e-02 9.953892894672692337e-01
6.914255335969302085e-02 7.284332196536691395e-02 9.949437962818671322e-01
1.032629730995915651e-01 5.306457624280928181e-02 9.932375894692208051e-01
1.286920899220390380e-01 3.638769761170311534e-02 9.910167917114346414e-01
1.389664424170915513e-01 2.807085096371694094e-02 9.898991641617018722e-01
1.324466367668779287e-01 2.940048558591636454e-02 9.907540057231695174e-01
1.115477559045489619e-01 3.851761913996130243e-02 9.930123318309823643e-01
8.163012133489203070e-02 5.234843650690387123e-02 9.952869759451730136e-01
3.625317235117330849e-03 4.472449888836288467e-02 9.989927808919681906e-01
-3.009431363865873801e-02 3.829755473245436553e-02 9.988131104406567928e-01
-4.728849602036700600e-02 2.927964109644391050e-02 9.984520523097266675e-01
-4.200746694310042439e-02 1.886634762834427798e-02 9.989391541270407071e-01
-1.337204486332601097e-02 9.080735843629145210e-03 9.998693557924183128e-01
3.174534881075497667e-02 3.323645357464820402e-03 9.994904632914390907e-01
7.913541335131439591e-02 4.598815127593637933e-03 9.968532676644552559e-01
1.135815239009409922e-01 1.299125734328835345e-02 9.934437400582331046e-01
1.259744671131640126e-01 2.541680246273231303e-02 9.917078298512029821e-01
1.151048193404679704e-01 3.739024411227417216e-02 9.926494095146211061e-01
8.560373279236334343e-02 4.526661106354246816e-02 9.953004244221776986e-01
4.534870859462866027e-02 4.749521735193912297e-02 9.978415199607901798e-01
1.652815151666744455e-03 4.441200455836381844e-03 9.999887719072501069e-01
-3.659591827406390857e-02 -1.271119616181887874e-02 9.992493003539966168e-01
-5.484647869576499135e-02 -3.882602876738788789e-02 9.977396470347246193e-01
-4.581646093923846808e-02 -6.997437560126676392e-02 9.964960806075060518e-01
-7.569018994522187099e-03 -9.818916910912080243e-02 9.951389837711774877e-01
5.130179558284369418e-02 -1.119406747365990912e-01 9.923897475839097426e-01
1.105689256739649934e-01 -1.038960795238740020e-01 9.884230457323179841e-01
1.494702078302854731e-01 -7.774992626415853925e-02 9.857046240822501249e-01
1.584454333701780793e-01 -4.436469875579578115e-02 9.863705278182147707e-01
1.392456466749239230e-01 -1.462821856783467697e-02 9.901498195240538980e-01
9.987651854648396665e-02 4.580572401160827416e-03 9.949892961231876498e-01
5.052516381364052095e-02 1.072979050756631657e-02 9.986651487946091033e-01
-5.524106468564530040e-03 -2.331266435835759737e-02 9.997129607684618335e-01
-5.525477054594035708e-02 -5.143615618355348862e-02 9.971465449817477067e-01
-8.075714565775701792e-02 -9.440778602985372414e-02 9.922527164800180044e-01
-7.100913564770161557e-02 -1.467573535179054478e-01 9.866204852135459502e-01
-1.904008417225700259e-02 -1.948004956074526062e-01 9.806580658445064325e-01
6.667640156540055596e-02 -2.160579761788788689e-01 9.741012310863231827e-01
1.527115061941191898e-01 -1.969280523210014400e-01 9.684516188663842007e-01
2.038128304317646800e-01 -1.485068192829402667e-01 9.676807607768219688e-01
2.094264469226623793e-01 -9.272177680569276825e-02 9.734183249945824734e-01
1.775696319814203672e-01 -4.689731910520739122e-02 9.829901664100069159e-01
1.223179380487635221e-01 -1.937950774943198243e-02 9.923017468043558997e-01
5.732677042307055687e-02 -1.201471165807192244e-02 9.982831702961243447e-01
-1.687885647071576262e-02 -3.042582336849689734e-02 9.993945034252343929e-01
-8.423967534232293386e-02 -6.666101920566652739e-02 9.942132495680490178e-01
-1.245264408782980059e-01 -1.216650574402273338e-01 9.847287846509954479e-01
-1.209721352053218374e-01 -1.913479597509488983e-01 9.740388600066132163e-01
-5.496663600604648897e-02 -2.598461437083446901e-01 9.640843586149540068e-01
7.356107734229105910e-02 -2.904809462982652635e-01 9.540490489161858045e-01
2.059356819706935349e-01 -2.563413847615741425e-01 9.443937681654596128e-01
2.753694268265193257e-01 -1.820019758603719784e-01 9.439528375677435079e-01
2.747566630661850140e-01 -1.055463961352123420e-01 9.557032669001201963e-01
2.252766421986719114e-01 -4.914275608415184099e-02 9.730546870572145401e-01
1.496246132096674397e-01 -1.898232578184913186e-02 9.885606437794622892e-01
6.476599009452836675e-02 -1.384718114595847108e-02 9.978044007226616330e-01
-2.896238944875129465e-02 -1.245231511238027722e-02 9.995029363866925198e-01
-1.166985610607344792e-01 -4.930723533043306073e-02 9.919426608379463550e-01
-1.780551877110962966e-01 -1.030070587746386851e-01 9.786142733333551558e-01
-1.904941924043322410e-01 -1.736986313974515916e-01 9.661991244619015928e-01
-1.169520655313488200e-01 -2.532108811843259422e-01 9.603158147286130486e-01
7.219239602566168701e-02 -2.963902626015698094e-01 9.523345369097475643e-01
2.724938830400814860e-01 -2.471603838850328361e-01 9.298703287791093564e-01
3.569739243987764543e-01 -1.518778361142444078e-01 9.216847292846587214e-01
3.423177073532087111e-01 -6.756703529557958610e-02 9.371516862141845428e-01
2.718113369301302096e-01 -1.428045488708756632e-02 9.622445976593242412e-01
1.757713975769248371e-01 8.934381984404621974e-03 9.843904675546176763e-01
7.181434134973090078e-02 7.785978196903254808e-03 9.973876272141704025e-01
-3.696717524285658002e-02 2.797975329556122090e-02 9.989247025477463460e-01
-1.408537719020230561e-01 1.342157293597027838e-03 9.900295013558003676e-01
-2.221807948961555257e-01 -2.960957062402047243e-02 9.745557796795408789e-01
-2.545951699774771648e-01 -6.526652282011780049e-02 9.648427749758968774e-01
-1.827986210489961627e-01 -1.126771427772038647e-01 9.766721689687067887e-01
7.578221886674592345e-02 -1.552204576046447848e-01 9.849688649112208205e-01
3.420546783826157178e-01 -1.067052872772369099e-01 9.336019380141810098e-01
4.188217030265158902e-01 -2.851802163608568863e-02 9.076205724397333752e-01
3.845922518377377641e-01 2.754755425506235506e-02 9.226754207633168781e-01
2.990051490993913541e-01 5.450034323223242050e-02 9.526938823146062774e-01
1.914531797848385009e-01 5.916174489910345363e-02 9.797170856378619730e-01
7.654319658887254185e-02 4.845056627305637659e-02 9.958883881659298387e-01
-3.739258298032967220e-02 7.893429031753416980e-02 9.961782835167353189e-01
-1.452322510150882984e-01 7.005418700210595817e-02 9.869143854198463295e-01
-2.335463979449074190e-01 7.679823812602988575e-02 9.693080576513185553e-01
-2.736993246723527506e-01 1.098196320797016901e-01 9.555251582683640388e-01
-2.039472070178936225e-01 1.722298424896748503e-01 9.637128296882032652e-01
6.191977404435557858e-02 2.279588308419325526e-01 9.716999089345097484e-01
3.240270104154656106e-01 1.971127329127597416e-01 9.252853976179556961e-01
3.980349038101856363e-01 1.688132706019926932e-01 9.017041061333076479e-01
3.689932439958287236e-01 1.522452849816181286e-01 9.168780502805214949e-01
2.905723757951182984e-01 1.354772143701056253e-01 9.472136078051778263e-01
1.887021126960295447e-01 1.161632313753755835e-01 9.751397932298598858e-01
7.662066911549988979e-02 9.601230668600652107e-02 9.924267781700931712e-01
-3.062662608865674915e-02 1.229866718378936075e-01 9.919356271074191156e-01
-1.275796311690326479e-01 1.291117034102274019e-01 9.833888375172532559e-01
-2.040880200942015443e-01 1.609931079574137558e-01 9.656237876338297221e-01
-2.312353094319452296e-01 2.260915694127228759e-01 9.462625607686055984e-01
-1.619749300861528518e-01 3.163530318489616300e-01 9.347111218251672460e-01
3.251675581323074105e-02 3.833802733352560943e-01 9.230179990708324844e-01
2.283472094339043246e-01 3.624044420943803302e-01 9.036152789180852407e-01
3.101969532291281029e-01 3.004357656309517566e-01 9.019513295832698452e-01
3.056022551195732295e-01 2.423700821487294044e-01 9.207953111006953462e-01
2.508519029146456525e-01 1.959077420663443703e-01 9.479944511454434508e-01
1.682924089456036831e-01 1.602578180723880641e-01 9.726227926787149869e-01
7.129084278273828401e-02 1.350777426708748841e-01 9.882669776786886517e-01
-2.084577009433886269e-02 1.470651991096830757e-01 9.889071144854699735e-01
-9.904273096462981596e-02 1.603630636249069874e-01 9.820764864652640203e-01
-1.571664097514205993e-01 1.985090392519372471e-01 9.674155678822832227e-01
-1.727548000774509485e-01 2.621013951618331728e-01 9.494517563859825593e-01
-1.200795236584064341e-01 3.377827002472699180e-01 9.335329428635825710e-01
3.505241620307219304e-03 3.904056847112266082e-01 9.206362553290177164e-01
1.362751486571832926e-01 3.826904043993569760e-01 9.137708346402981796e-01
2.131490119934767169e-01 3.304671052112374552e-01 9.194340602019275277e-01
2.284068774956245496e-01 2.695931142183985996e-01 9.354944420351524181e-01
1.982276322358612619e-01 2.174571323644576559e-01 9.557291464646249235e-01
1.386464668314426052e-01 1.787260980374013042e-01 9.740811768612358534e-01
6.212065033313867585e-02 1.544750942444297892e-01 9.860418196305226202e-01
-1.159395972995427675e-02 1.468618896803878249e-01 9.890890584053682044e-01
-7.091925894944146880e-02 1.604987328289239346e-01 9.844849493366463200e-01
-1.124554015951729907e-01 1.928502284181144999e-01 9.747628286158891431e-01
-1.211598935512998992e-01 2.409917097970562805e-01 9.629347205307707824e-01
-8.486288059212974966e-02 2.928463916400974587e-01 9.523860994371927680e-01
-7.322689226712997615e-03 3.267321841460776310e-01 9.450885979978783658e-01
8.056015627459202355e-02 3.234969144854425438e-01 9.427936187412842006e-01
1.425590253871105162e-01 2.885209757943167364e-01 9.468012308860271897e-01
1.648609928384907608e-01 2.426366109102034707e-01 9.560064477221558166e-01
1.509085259770622522e-01 2.008609592915513720e-01 9.679263876039339021e-01
1.100275297785669598e-01 1.694595521890992773e-01 9.793760273064863187e-01
5.242838690394717449e-02 1.506920730133864683e-01 9.871895275870995468e-01
-4.118608862601999543e-03 1.250004695899325224e-01 9.921481339312508974e-01
-4.880729344034018952e-02 1.345703436290418553e-01 9.897013037894303311e-01
-7.791859327460026741e-02 1.554392140749508988e-01 9.847676596791620218e-01
-8.172738800161444273e-02 1.844464171713378620e-01 9.794386929475599191e-01
-5.490029064054469110e-02 2.134131168541285595e-01 9.754182690734424233e-01
-2.277016553646739761e-03 2.307537800590758470e-01 9.730095108394097858e-01
5.840082277838305053e-02 2.281020561168509153e-01 9.718841473622766847e-01
1.055225285083907644e-01 2.082559083550410139e-01 9.723654007688447010e-01
1.264705542169090591e-01 1.816404665985955624e-01 9.751984104836821654e-01
1.196060781312559551e-01 1.568323340360428531e-01 9.803560603550687258e-01
8.994148740830082422e-02 1.379141486341616540e-01 9.863519739166219935e-01
4.554417509265923369e-02 1.266726047887803963e-01 9.908984707381516266e-01
1.237826222809513058e-03 8.807942006359660569e-02 9.961126861692353174e-01
-3.473321051605674642e-02 9.073913741532585453e-02 9.952688144558052841e-01
-5.573656374961924453e-02 9.751067929575291116e-02 9.936725330231854780e-01
-5.499161831557966562e-02 1.069402598339834476e-01 9.927435231426441353e-01
-3.042750876733743906e-02 1.156633603871559529e-01 9.928223173227466170e-01
1.244416024431134818e-02 1.199326156275014321e-01 9.927040397744828493e-01
6.032449165301003585e-02 1.180555578992739801e-01 9.911729621796413481e-01
9.771369656253776903e-02 1.118479044598636729e-01 9.889095407427525020e-01
1.143751863263646334e-01 1.046310685621965747e-01 9.879122715323908066e-01
1.078612360598970032e-01 9.829156400121999426e-02 9.892950632657029342e-01
8.176265319040680601e-02 9.312254613780766854e-02 9.922918219678203977e-01
4.323835243913145415e-02 8.931413987300471091e-02 9.950645352423047596e-01
-2.579879733526905736e-02 3.038481435151530949e-02 9.992052767639453270e-01
-5.743618141777871028e-02 5.802095114394473230e-03 9.983323197995777054e-01
-7.050084127966164960e-02 -1.365306502785578607e-02 9.974182799579236480e-01
-5.920955548699435855e-02 -2.347476396597375156e-02 9.979695205744650854e-01
-2.368886654119074786e-02 -2.030327178627972656e-02 9.995131888858768132e-01
2.665484933376371240e-02 -3.193677895618123302e-03 9.996395947682948924e-01
7.489448942152558686e-02 2.365511649505216626e-02 9.969108540476632196e-01
1.053473654008827698e-01 5.160467365368080761e-02 9.930956098282295308e-01
1.108964165910950733e-01 7.205273806101251954e-02 9.912166199803119637e-01
9.310259198272573256e-02 7.958281391637142543e-02 9.924708978581207042e-01
5.857469548461630843e-02 7.297036171259532744e-02 9.956125407810415551e-01
1.592259954137395170e-02 5.478360489481288315e-02 9.983712873769453600e-01
-8.083002632309970598e-03 -1.437120070492301643e-02 9.998640575892214777e-01
-3.883710705665856938e-02 -5.632982500538508824e-02 9.976565691310611550e-01
-4.226953001376351077e-02 -1.005266582654187335e-01 9.940360545826902872e-01
-1.181043818951339926e-02 -1.378120244446241760e-01 9.903879843112678438e-01
5.028017278979693416e-02 -1.549359013539093055e-01 9.866441966057725166e-01
1.256637338076733446e-01 -1.396009203863245174e-01 9.822017150426605170e-01
1.848314913193380427e-01 -9.452395936215603200e-02 9.782139545739426678e-01
2.076639876464354828e-01 -3.859361420478608223e-02 9.774385920237099734e-01
1.932015512860494333e-01 8.306351974803307531e-03 9.811239295306086738e-01
1.520435136249432551e-01 3.447805470455825999e-02 9.877722580172031419e-01
9.725743346746100471e-02 3.703716885486577071e-02 9.945698767600940071e-01
4.052589681852999254e-02 1.883005430815291176e-02 9.990010414118071225e-01
-3.774356828823325922e-03 -5.074828227105338679e-02 9.987043436758644699e-01
-4.282496890433466763e-02 -1.159475433555139795e-01 9.923316931491787951e-01
-4.460673286190298265e-02 -1.910385509881435406e-01 9.805684634025221280e-01
3.161722993121422829e-03 -2.621663756978859783e-01 9.650175101837368263e-01
1.026551573314277294e-01 -3.016350365917217502e-01 9.478809120208439021e-01
2.253184722864597922e-01 -2.767745190376587616e-01 9.341453054305891568e-01
3.133600919071792834e-01 -1.926582278381879509e-01 9.298861543469641999e-01
3.326942593440199158e-01 -9.439700544506485214e-02 9.382983188530205076e-01
2.934655686420774012e-01 -1.856631709313424222e-02 9.557893344723821238e-01
2.214811292077798199e-01 2.065652297352113184e-02 9.749458536059033564e-01
1.387881237483853947e-01 2.405801288275292646e-02 9.900298322386180683e-01
6.021056896942350578e-02 -2.104451981923159340e-03 9.981834794597259641e-01
-1.599400675494129509e-02 -6.949810320939141250e-02 9.974538612878983690e-01
-7.392887278917578686e-02 -1.598642105528717550e-01 9.843667791796192335e-01
-8.779569020757072018e-02 -2.683415842858499212e-01 9.593147090105097474e-01
-3.384135652196595262e-02 -3.803220355431716215e-01 9.242347709695327707e-01
1.101728382838245562e-01 -4.515325520800100856e-01 8.854266204020817543e-01
3.162307859889746386e-01 -4.048770333499435159e-01 8.579467803183303820e-01
4.606314042527741570e-01 -2.476269081128762428e-01 8.523494728070528659e-01
4.740399660352750399e-01 -9.049579677639701947e-02 8.758405227934340509e-01
3.998109689024901270e-01 9.699126750117375087e-03 9.165462978407412642e-01
2.899403889001135326e-01 4.903017409751361105e-02 9.557879539482100339e-01
1.750660691784542145e-01 4.116744736155226320e-02 9.836956402770169472e-01
7.022824546842923454e-02 -1.121813804348527604e-03 9.975303178713216257e-01
-4.311545886830991242e-02 -6.293844644507819164e-02 9.970856578877740350e-01
-1.300352748572700390e-01 -1.717068168665307482e-01 9.765283387256521452e-01
-1.770318107732281876e-01 -3.034324662438164788e-01 9.362630380419836307e-01
-1.489636682709608029e-01 -4.508874200901530349e-01 8.800627022773834796e-01
2.032249659049740337e-02 -5.676309836150955634e-01 8.230322366546344304e-01
3.706387577561376379e-01 -4.901563329402428559e-01 7.889066361284139406e-01
6.156008522083635803e-01 -2.019967963262032096e-01 7.617301917571859260e-01
6.024079314589823042e-01 1.507041037127928446e-02 7.980460931842936478e-01
4.819400851945436215e-01 1.107794255272276512e-01 8.691729823012098732e-01
3.367452656292406199e-01 1.237542827892442604e-01 9.334278245089518977e-01
1.955713343057653986e-01 8.890778532258686306e-02 9.766510425463045264e-01
6.763279638771668711e-02 2.420436600467811700e-02 9.974166398847613690e-01
-7.744364643541190585e-02 -2.886440765826957591e-02 9.965788115333188424e-01
-1.967527897295554551e-01 -1.378876367717984663e-01 9.707086789347376676e-01
-2.964707085807842257e-01 -2.602984026605481560e-01 9.188851182416331032e-01
-3.463603095523699604e-01 -3.919300358440522269e-01 8.523059209990032636e-01
-2.430217565074696551e-01 -5.117652735285266319e-01 8.240368503132938782e-01
3.263038963528892000e-01 -3.887686700234044834e-01 8.616174838252476098e-01
7.006054385048032795e-01 7.914928285226688343e-02 7.091455496310805628e-01
6.275604270934800333e-01 2.578372064941848452e-01 7.346345249805795730e-01
4.842397134564516703e-01 2.756147091285995332e-01 8.303905298254283807e-01
3.344026122906321730e-01 2.285747932984835695e-01 9.142912319176930147e-01
1.894118221292021842e-01 1.553618859502280403e-01 9.695286721039706457e-01
5.200561230889674119e-02 6.848887201892085719e-02 9.962954836282924553e-01
-1.067455267599030783e-01 2.432906072614001922e-02 9.939886766563355014e-01
-2.469216693908649618e-01 -6.278342057262727149e-02 9.669994474076341051e-01
-3.931108792608912772e-01 -1.340009108616493361e-01 9.096744431361509786e-01
-5.377810830748883664e-01 -1.517693460882136025e-01 8.293115049695171104e-01
-6.220590438009483414e-01 -6.979370801510451257e-03 7.829392277876211503e-01
-2.648915552506951321e-01 4.937276750113915869e-01 8.282906777724760028e-01
3.152916658856387833e-01 6.386733998939909673e-01 7.019169848996813510e-01
4.182204376852679539e-01 5.407163580405394132e-01 7.298749794654806333e-01
3.709126094013744379e-01 4.304942401855123002e-01 8.228599791910634620e-01
2.727630537729943128e-01 3.209861693456111942e-01 9.069554540247007912e-01
1.544626617631868482e-01 2.166967439299921083e-01 9.639418070045612241e-01
2.702414444480771838e-02 1.179076636323692084e-01 9.926567777807278059e-01
-1.205007591851590953e-01 7.797255638854189153e-02 9.896463244443199914e-01
-2.557067633233486847e-01 2.238221475807258137e-02 9.664952600263587712e-01
-4.001552986341666007e-01 5.304598755041237644e-03 9.164319932254313406e-01
-5.332367716129370327e-01 6.516320606473348376e-02 8.434526080196980136e-01
-5.792005397060319138e-01 2.612967098630578078e-01 7.721727554239301572e-01
-3.681686471603541344e-01 5.822141158472913247e-01 7.248990071425601700e-01
-1.279704467298867741e-02 7.089925976197698487e-01 7.050998029840207515e-01
1.745385017539786143e-01 6.214167484317554280e-01 7.637915528296076451e-01
2.184312566682815315e-01 4.890163075497714340e-01 8.444825854099605733e-01
1.826423192503065507e-01 3.622593819973976559e-01 9.140076166934965052e-01
1.039729746412957762e-01 2.511410947314379749e-01 9.623501291532454704e-01
4.425833005445091212e-04 1.560235072185569838e-01 9.877532431306867977e-01
-1.174956222417300744e-01 1.137349911270617714e-01 9.865389655493272958e-01
-2.287948514434726133e-01 8.385324039244486383e-02 9.698564584662454635e-01
-3.426748240510464338e-01 9.591732350993928402e-02 9.345447191077915772e-01
-4.343177775006466512e-01 1.703189458549343172e-01 8.845108958230966101e-01
-4.525505129600576604e-01 3.191589125583229047e-01 8.326677739376580067e-01
-3.384786687430184626e-01 5.018750151083647415e-01 7.959608407552990483e-01
-1.367634594299556305e-01 5.915290493526118576e-01 7.945999873751329323e-01
2.403792150802201016e-02 5.513676922133498026e-01 8.339159707748146078e-01
9.849816421766822983e-02 4.533160432752089686e-01 8.858908942725007840e-01
1.015583151159810543e-01 3.469733087527891446e-01 9.323601405273210796e-01
5.649964821756114919e-02 2.512658215215323732e-01 9.662677044620525679e-01
-1.988229986321804824e-02 1.720295086232939419e-01 9.848911322145433855e-01
-1.019322045131773602e-01 1.233113038455759536e-01 9.871191154196854445e-01
-1.844774895520170932e-01 1.080278677344120170e-01 9.768817920512925523e-01
-2.636798076259767587e-01 1.267998170888120502e-01 9.562399099790594992e-01
-3.198123103237971443e-01 1.868524645228772652e-01 9.288736419271563793e-01
-3.251112049206533738e-01 2.835662851323030864e-01 9.021601112725730065e-01
-2.591385653083604357e-01 3.862437135392254861e-01 8.852474217535259982e-01
-1.421195652758223127e-01 4.408142425032469114e-01 8.862758220622023453e-01
-3.095051770871736635e-02 4.252549066643694919e-01 9.045442663636527048e-01
3.530488626343083330e-02 3.657537288145699117e-01 9.300418135032542111e-01
5.098266031406261528e-02 2.925218871676730781e-01 9.548987977136647043e-01
2.571169553524544488e-02 2.225358397484935302e-01 9.745854035126855219e-01
-2.864106557774479325e-02 1.639648826644373725e-01 9.860503063309513649e-01
-7.839001240431926754e-02 1.079840596715399559e-01 9.910572379091036055e-01
-1.363218677369391896e-01 9.731817965649422475e-02 9.858729737065206056e-01
-1.866103648127160342e-01 1.099339524405249097e-01 9.762638464294354224e-01
-2.160513247710851570e-01 1.477163710771451366e-01 9.651433565955297444e-01
-2.111414151994058519e-01 2.039496261230530350e-01 9.559413438029891186e-01
-1.660537778494334260e-01 2.602999228080296601e-01 9.511414684725713053e-01
-9.342986864076098519e-02 2.926952384159503540e-01 9.516303678710217318e-01
-2.197589468792699591e-02 2.901789835955708718e-01 9.567200309035283068e-01
2.389073668400973349e-02 2.612551441052247125e-01 9.649740837862536003e-01
3.581157119959847701e-02 2.197656610169568814e-01 9.748951664696805519e-01
1.714363222353898833e-02 1.758501589729882797e-01 9.842676553983608079e-01
-2.398171743233503891e-02 1.363873774913683667e-01 9.903652661973100235e-01
-5.126708877774170670e-02 7.419523581342309104e-02 9.959250737835754208e-01
-9.203147242896231317e-02 6.012331264622109567e-02 9.939393318302340852e-01
-1.205945262350899827e-01 5.944921254840913188e-02 9.909201538820719968e-01
-1.286716321890031822e-01 7.384808867506051366e-02 9.889338050997306118e-01
-1.111922286308002772e-01 1.001419931048222467e-01 9.887405471149992575e-01
-7.033025261630275471e-02 1.301270477947722992e-01 9.889998013139406075e-01
-1.817534088689650232e-02 1.534167549447997825e-01 9.879944110600721308e-01
2.736867718604496166e-02 1.633759818037337774e-01 9.861841836486762158e-01
5.232322966985249180e-02 1.596138421639053118e-01 9.857919156832687380e-01
5.208039044917379956e-02 1.448394638649291299e-01 9.880835807956953598e-01
2.972389474742677742e-02 1.225255951466412557e-01 9.920201452666825848e-01
-7.603911298987380517e-03 9.702725662618701119e-02 9.952526774667215248e-01
-3.813220946005881073e-02 8.702079366997257171e-04 9.992723239135640201e-01
-5.838683544301739858e-02 -3.974430105834264593e-02 9.975025654004805453e-01
-6.131825378068011395e-02 -6.713446846944996771e-02 9.958579391141259007e-01
-4.325488982869110655e-02 -7.368224325890114501e-02 9.963432849847307926e-01
-6.716690542928656880e-03 -5.520744509883505208e-02 9.984523143715609006e-01
3.704822312172348364e-02 -1.439567973415009985e-02 9.992097845640910414e-01
7.234512896836806095e-02 3.653591816232127504e-02 9.967102432495085207e-01
8.822623055234840583e-02 8.079148261128731023e-02 9.928186483844784194e-01
8.269853082698275237e-02 1.055878740527278759e-01 9.909652636960006866e-01
6.030104978257480597e-02 1.058949047031399748e-01 9.925472545692181070e-01
2.799934074275473028e-02 8.360871497118041451e-02 9.961052252141110452e-01
-7.049415685713029608e-03 4.540212205388131222e-02 9.989439188720894425e-01
3.846159028463994652e-04 -3.926304223136985183e-02 9.992288354453188193e-01
-9.701749868179799716e-03 -1.017575867761600222e-01 9.947619160296702345e-01
1.274496254267748312e-02 -1.568520581271868886e-01 9.875398714943419698e-01
7.073592824980134974e-02 -1.900427397889096204e-01 9.792242774299038111e-01
1.536242315407738701e-01 -1.844486686761465377e-01 9.707617030492794452e-01
2.310057117122217285e-01 -1.326392388258633981e-01 9.638688673673413421e-01
2.693469897867003526e-01 -5.239363537343588034e-02 9.616169227219001359e-01
2.586994100714026246e-01 2.385167129905674949e-02 9.656633538687648954e-01
2.122935169545457634e-01 7.214322931721044163e-02 9.745392845456317676e-01
1.500303947137236471e-01 8.444521596427960464e-02 9.850684677537921985e-01
8.763258876959156840e-02 6.407869129867020674e-02 9.940897598843355665e-01
3.532341616998373179e-02 1.945512777821426648e-02 9.991865462831691636e-01
1.997265529751604193e-02 -7.950776233262175918e-02 9.966341398774738458e-01
1.168645480007775295e-02 -1.769603686842909918e-01 9.841485938055380966e-01
5.407078500303469371e-02 -2.736647270217530403e-01 9.603041015184361484e-01
1.569793790891372554e-01 -3.446032889877232441e-01 9.255301441658605466e-01
3.073924042896244990e-01 -3.479531181997034261e-01 8.856853489360948517e-01
4.443648069741039652e-01 -2.549629451682516312e-01 8.587978894442481748e-01
4.951059267798335606e-01 -1.068268523489667027e-01 8.622401897875970889e-01
4.512774095912895356e-01 2.210351396611862085e-02 8.921099339559054320e-01
3.530709097233355465e-01 9.324094418041062315e-02 9.309388052045283191e-01
2.419631469668598323e-01 1.052016831340877451e-01 9.645654158093407426e-01
1.425972693918924616e-01 7.158576817882902898e-02 9.871886833611308587e-01
6.644537128090970135e-02 6.366155037387462995e-03 9.977697553570993305e-01
1.307430216802823661e-02 -1.116735392544158517e-01 9.936589370871239391e-01
-5.659913710607701945e-03 -2.537396498667567335e-01 9.672559927249102518e-01
4.230564018099865209e-02 -4.061091297453962579e-01 9.128447883108917749e-01
1.862142556390863624e-01 -5.346012044639619765e-01 8.243335509261331406e-01
4.322523382583168816e-01 -5.534041103763656100e-01 7.119703692490386704e-01
6.762343223540507875e-01 -3.700199163628013488e-01 6.370183692525530628e-01
7.444452776158315688e-01 -8.760688808266925420e-02 6.619110678904406297e-01
6.454466999439750774e-01 1.125350177039443206e-01 7.554696733302561640e-01
4.805599131721579043e-01 1.898211755102195419e-01 8.561717649981456235e-01
3.166796092058682399e-01 1.770882881781780660e-01 9.318550119537878373e-01
1.801195817392827192e-01 1.105377864530126958e-01 9.774141057095390162e-01
7.796941358384262832e-02 1.114534150997788416e-02 9.968934506294397924e-01
-2.204308793063661925e-02 -1.259307580448477681e-01 9.917941048688724281e-01
-6.809110458775276264e-02 -3.110885673733626566e-01 9.479385553533786757e-01
-4.702552178573061320e-02 -5.224368346896178794e-01 8.513802640772016872e-01
9.691741191805862410e-02 -7.312972239932041818e-01 6.751380491772116521e-01
4.381407145336841946e-01 -8.019630982050403034e-01 4.060639153944582969e-01
8.722431498648810511e-01 -4.475718884421287513e-01 1.971580386138090113e-01
9.491605315835952572e-01 9.172656810344240186e-02 3.011320673522822622e-01
7.624111463759644103e-01 3.452533464636350913e-01 5.472927650147654255e-01
5.382631041441882092e-01 3.721611597539672966e-01 7.561540199508232085e-01
3.431272499637297857e-01 2.954588595634950465e-01 8.916096414002711024e-01
1.862022702974931998e-01 1.761761932311606826e-01 9.665871215129061556e-01
6.514098728798169147e-02 3.485825400552239328e-02 9.972670424228223807e-01
-7.750229554608463467e-02 -1.134408986113488171e-01 9.905173177221312519e-01
-1.658945763572953480e-01 -3.203905937791940994e-01 9.326461584937661975e-01
-2.183670562680697369e-01 -5.619231673282016892e-01 7.978459643042333793e-01
-1.841569395941692333e-01 -8.313377935003732899e-01 5.243698071944611350e-01
6.995313192458231522e-02 -9.975427872873390278e-01 -3.866117581628795985e-03
7.002807034139468811e-01 -3.908657741053151446e-01 -5.973532313957402584e-01
8.118952485179750100e-01 5.463852717723542973e-01 -2.056434784382150938e-01
6.282864871134863360e-01 7.025531738641005441e-01 3.341782877508715499e-01
4.502179522108850085e-01 5.913372221637822612e-01 6.690471472104820849e-01
2.917722406118382072e-01 4.234060474579114386e-01 8.576690962045645517e-01
1.517780037393640646e-01 2.483267640540352261e-01 9.567116889822129266e-01
2.936799736836757241e-02 7.181865377147303442e-02 9.969852565113832554e-01
-1.349879770243249677e-01 -7.348046994107482188e-02 9.881188524646765670e-01
-2.637881143951175122e-01 -2.639582763320277303e-01 9.277617469261626448e-01
-4.093304719570481920e-01 -4.669054791825608675e-01 7.838672325314873790e-01
-5.781918049713491436e-01 -6.540493696677701640e-01 4.877639374749284662e-01
-7.651116610476547120e-01 -6.388628050690313698e-01 -8.036455952896272292e-02
-6.808963770976496077e-01 2.070926191025560525e-01 -7.024904061753948215e-01
-6.892383241167754360e-02 9.667872899419321930e-01 -2.461134724723486322e-01
1.860324280047290224e-01 9.293328846685269262e-01 3.189550520122841903e-01
2.247498656370686965e-01 7.193828207874721770e-01 6.572487010653577100e-01
1.731444044839273999e-01 4.998785314404900482e-01 8.486120839351268819e-01
8.478449407872905297e-02 2.977666614943617618e-01 9.508662392084059611e-01
-1.940372019986856891e-02 1.099854441919786985e-01 9.937437787017913138e-01
-1.734681606498304496e-01 -1.953044839201010727e-02 9.846458037417850084e-01
-3.149108745445748925e-01 -1.627199174094999534e-01 9.350686443100324485e-01
-4.960508817498187617e-01 -2.807694657860709819e-01 8.216459272688594329e-01
-7.196234041414416582e-01 -3.212449554440004462e-01 6.155841411323527135e-01
-9.381156062607577395e-01 -1.473226631861819791e-01 3.134248589400375207e-01
-9.215560356146030863e-01 3.809791486783115078e-01 7.476203244059846653e-02
-5.158246841568493446e-01 8.331147642256484520e-01 1.996113344565251246e-01
-1.592252644074613754e-01 8.569505642197954298e-01 4.901867456976209958e-01
7.513417495020153873e-03 6.933139666284418023e-01 7.205964836408605967e-01
4.501544918352348712e-02 4.949447801523537138e-01 8.677576124324714035e-01
1.075937133659175295e-02 3.072438849333241628e-01 9.515699822395827789e-01
-6.531793444405922799e-02 1.367014475221931813e-01 9.884565148176097660e-01
-1.832821484702257808e-01 2.705959537856697864e-02 9.826878610983722506e-01
-3.073577447056657364e-01 -6.558522391232748938e-02 9.493312357516408007e-01
-4.645369503752890261e-01 -1.153585843485900320e-01 8.780078694141243423e-01
-6.391866010064839454e-01 -8.389348787228392834e-02 7.644621454240716485e-01
-7.741160731112272098e-01 8.052591608878706397e-02 6.279011723104882536e-01
-7.570121961523937903e-01 3.731709333205935342e-01 5.363543505940205902e-01
-5.413336743571268705e-01 6.187649938100796554e-01 5.692870413438739785e-01
-2.852225493055162153e-01 6.647740381726451320e-01 6.904517184707809063e-01
-1.158808415057489133e-01 5.706323447259595838e-01 8.129885348051505423e-01
-4.456415874971291630e-02 4.271463349781620122e-01 9.030836308280024705e-01
-4.500239176686095244e-02 2.800371979640292053e-01 9.589337581354603346e-01
-9.480681365137769157e-02 1.447115630450492019e-01 9.849214342303196368e-01
-1.668978529621683582e-01 5.220021272943300983e-02 9.845914099094654759e-01
-2.598397262914126649e-01 -3.890096773085223014e-03 9.656439218407616432e-01
-3.717527566357777813e-01 -1.938579908366035512e-02 9.281293437487960762e-01
-4.837479638596989817e-01 2.479340495862544791e-02 8.748560993283410747e-01
-5.568334994425840900e-01 1.398218717978951808e-01 8.187712122843453511e-01
-5.412492351902725707e-01 3.011534794251422564e-01 7.850833377649585332e-01
-4.243259336368943035e-01 4.324514979519361035e-01 7.955709924088648632e-01
-2.680864239130554827e-01 4.692516943419444142e-01 8.413872572548909412e-01
-1.443467243652633292e-01 4.219210715882742435e-01 8.950679485462673668e-01
-7.955004485263625358e-02 3.321909929911996961e-01 9.398515492030883323e-01
-6.914737848802830766e-02 2.308633044460650097e-01 9.705260298974909272e-01
-1.012479831152298948e-01 1.340539605337880691e-01 9.857882032060570898e-01
-1.315439603223756970e-01 5.313443207128683982e-02 9.898853057961825019e-01
-1.936464041400362823e-01 1.660254193123792549e-02 9.809308975483038706e-01
-2.620378916559887861e-01 1.074781083343887174e-02 9.649977346598642702e-01
-3.226686272792403387e-01 4.386538569602725646e-02 9.454949946495551094e-01
-3.545534018943088395e-01 1.147256196442526938e-01 9.279708602118811323e-01
-3.373856012589161457e-01 2.042642239065045606e-01 9.189380190714397934e-01
-2.700192733192581240e-01 2.771112642896460532e-01 9.221165540429121510e-01
-1.809122786118384507e-01 3.048945585974263128e-01 9.350454831638902453e-01
-1.063667848114377285e-01 2.866213113198435858e-01 9.521209644714168085e-01
-6.561456858522617119e-02 2.379221611917930745e-01 9.690654124480722054e-01
-6.041905493691399065e-02 1.748021704764912143e-01 9.827480546900617675e-01
-8.475688390258183380e-02 1.095386052182190373e-01 9.903623400543335453e-01
-8.552726608943984898e-02 3.390433466766974713e-02 9.957587975238280098e-01
-1.230633420400208816e-01 1.991359666445991980e-03 9.923968199931393341e-01
-1.555595000893192081e-01 -9.153265009898454291e-03 9.877841159238881508e-01
-1.749809338398016778e-01 5.705651074641127432e-03 9.845552896299959444e-01
-1.736259418292339651e-01 4.492846983676967998e-02 9.837862902694585188e-01
-1.481063320043738973e-01 9.778837844080451314e-02 9.841249653688146637e-01
-1.045387028102303939e-01 1.466428064735187664e-01 9.836501140773054042e-01
-5.853480325230458331e-02 1.758314907059298215e-01 9.826784640381822644e-01
-2.610849338767096128e-02 1.793840656349599827e-01 9.834326126223944531e-01
-1.508212381830262988e-02 1.596612087125923729e-01 9.870566488168922570e-01
-2.490381530557544965e-02 1.229860250671098026e-01 9.920958812642806102e-01
-5.050141261176630675e-02 7.770661873830356225e-02 9.956963838080747919e-01
-2.967613801014482022e-02 -2.789368222746274259e-02 9.991702904532586693e-01
-3.145300866148342811e-02 -7.757263945098827329e-02 9.964904384160260253e-01
-2.079066094560145031e-02 -1.072126808571554901e-01 9.940187068062745768e-01
2.262709240238125301e-03 -1.075056343110061263e-01 9.942019003896286344e-01
3.235191875081964985e-02 -7.493432063645023844e-02 9.966635344708295596e-01
5.849115136688513156e-02 -1.636729700572580118e-02 9.981537440697531016e-01
7.018556312263982133e-02 4.986107568793604616e-02 9.962870368826248768e-01
6.461225752862043148e-02 1.020941924744686036e-01 9.926741822168690943e-01
4.655689371247104247e-02 1.259285446132456798e-01 9.909462433953774019e-01
2.321841954901316882e-02 1.178121393529882044e-01 9.927644256392420541e-01
3.728535300474039474e-04 8.253534198587803017e-02 9.965880685134971273e-01
-1.813019237780662263e-02 2.982921795232959528e-02 9.993905712386619289e-01
2.565836013855972084e-02 -5.396167713884265915e-02 9.982132968234924686e-01
4.467393051743264593e-02 -1.256470517027716560e-01 9.910686446107542791e-01
9.625421291113027411e-02 -1.787561961122594301e-01 9.791738093149391364e-01
1.768684394518233727e-01 -1.956937574744388730e-01 9.645835932729625029e-01
2.662826995982771061e-01 -1.610340601716657716e-01 9.503481232471379103e-01
3.275320208544453826e-01 -7.753222844457849372e-02 9.416536140574430780e-01
3.317496412138086770e-01 2.413628368488776252e-02 9.430586489526638916e-01
2.821235526478657052e-01 1.045827197600272818e-01 9.536607131307964780e-01
2.057956876802343182e-01 1.409957604644223317e-01 9.683843918937600215e-01
1.303067342246856108e-01 1.320420361189154068e-01 9.826418756156328760e-01
7.149337004438784116e-02 8.792299574523582129e-02 9.935583751641988703e-01
3.573068165880025765e-02 2.159481077103773267e-02 9.991281111729087838e-01
6.084157391698410272e-02 -9.058368692510838927e-02 9.940286205871414760e-01
9.578252761690377037e-02 -2.036128619085262881e-01 9.743549198668340905e-01
1.872867008236151209e-01 -2.995347442016879635e-01 9.355226500254768540e-01
3.350821252027729180e-01 -3.439503109242669221e-01 8.771648379777196025e-01
5.044737873384151916e-01 -2.931161972601813437e-01 8.121509051845461347e-01
6.178764449933965563e-01 -1.409775386593444813e-01 7.735334720074495962e-01
6.145100392011906276e-01 4.382194018975849037e-02 7.876909605162307759e-01
5.086545473369041837e-01 1.761176427524333010e-01 8.427651674013444394e-01
3.619307379582863415e-01 2.215116737092269195e-01 9.055046765928738139e-01
2.275198991445989416e-01 1.939443792307533609e-01 9.542642575607888089e-01
1.295679545420488354e-01 1.204301615163571593e-01 9.842300144543637552e-01
7.372046186264322176e-02 2.125071803796160438e-02 9.970525063834191348e-01
6.465642685587053018e-02 -1.325590460851928110e-01 9.890640251102611469e-01
1.042610405508542365e-01 -3.038141337923470076e-01 9.470092964334014818e-01
2.228410406207831096e-01 -4.644988516782574961e-01 8.570779937698369544e-01
4.355769420136478276e-01 -5.559473960512845148e-01 7.079514251768346256e-01
7.030337049355159795e-01 -4.764441209170363067e-01 5.279626969474614517e-01
8.872208557909214699e-01 -1.903969628865192498e-01 4.202239278923258770e-01
8.707333675716553145e-01 1.450604019991963145e-01 4.698732620285616113e-01
6.953117664179838675e-01 3.472310660573842411e-01 6.292631677172326743e-01
4.756910607501770860e-01 3.810400828437594534e-01 7.927966132551806933e-01
2.889356472647396368e-01 3.058205490228796952e-01 9.071879538082739947e-01
1.588968257096487480e-01 1.794692847687159309e-01 9.708463187363642888e-01
8.512340247073563182e-02 3.026379534514645961e-02 9.959106933070935863e-01
3.140715974076519618e-02 -1.694065822447076430e-01 9.850456843260136930e-01
5.395369624806254510e-02 -4.030219349862347866e-01 9.135985543887480409e-01
1.592300582300169576e-01 -6.402021933066581738e-01 7.515230803117484149e-01
3.855378362701502026e-01 -8.007305946554302833e-01 4.584660201007579872e-01
7.170013537066470821e-01 -6.937018349285263286e-01 6.846037539713314968e-02
9.646693481388922686e-01 -1.958298810740224383e-01 -1.762489898979319181e-01
9.299660419125793664e-01 3.651053084074885047e-01 -4.314249253559694630e-02
7.134215530769529856e-01 6.258326926264229373e-01 3.152191752498172961e-01
4.727399185789554759e-01 6.043655198668332895e-01 6.412950083838264703e-01
2.792037268658646432e-01 4.492574470667086151e-01 8.486536544193172826e-01
1.450821429391276618e-01 2.536765703309136755e-01 9.563468876225293958e-01
6.428303575291205441e-02 4.747843782565672188e-02 9.968016298421255028e-01
-3.336057813541977446e-02 -1.859536147134909223e-01 9.819920188074625633e-01
-5.383458957470857453e-02 -4.602689051850062940e-01 8.861457960658019051e-01
-2.574148066045558667e-02 -7.501364115817694689e-01 6.607819157579150060e-01
9.082617522931625553e-02 -9.693189674458712046e-01 2.284104753352972916e-01
3.180981426708324733e-01 -8.586348806906896058e-01 -4.019449132539206770e-01
5.293307177391325391e-01 -1.451048221603858379e-01 -8.359148173369712609e-01
5.189653672537981599e-01 6.421084756810578886e-01 -5.642443203521653183e-01
4.166656554963236725e-01 9.085114883054052903e-01 3.156908530658147916e-02
2.939378935151171768e-01 8.056523898539373896e-01 5.143196880135941784e-01
1.787644743994705188e-01 5.712400427975481421e-01 8.010793195418305368e-01
8.459516896534041708e-02 3.171249423117080690e-01 9.446033179867393548e-01
1.442093008671549090e-02 6.790292389538196693e-02 9.975877052680521828e-01
-1.095250070607504539e-01 -1.710768698483635941e-01 9.791511514731419119e-01
-1.833342483224745800e-01 -4.397426557281604032e-01 8.792126876502323052e-01
-2.700299393613854182e-01 -7.152774873283349599e-01 6.445633777758379424e-01
-3.615639562737877899e-01 -9.111643725006788319e-01 1.976132379398125027e-01
-4.382501676758300269e-01 -7.800750425253512033e-01 -4.465643498545109891e-01
-4.516093707462023321e-01 -6.396370012019295115e-02 -8.899200083834358788e-01
-2.869901955951831840e-01 7.396379693553231105e-01 -6.087465005404314455e-01
-9.589914725965058284e-02 9.953841152843226903e-01 3.717068008599832673e-03
3.145100075676297759e-03 8.674073004336220194e-01 4.975888699517381775e-01
2.089215182305423010e-02 6.107518985685713719e-01 7.915463576993303496e-01
-4.535824656632606727e-03 3.415915772863529765e-01 9.398375501232282270e-01
-5.004150733465897311e-02 8.428081954645104401e-02 9.951847019524363569e-01
-1.698360530530703683e-01 -1.293240610344889019e-01 9.769498463692370960e-01
-2.771230050907680376e-01 -3.475865095572368002e-01 8.957602683883888472e-01
-4.387714369438079354e-01 -5.468273827975704826e-01 7.130634190203820610e-01
-6.552230292898533204e-01 -6.473799967427957824e-01 3.893352304960910337e-01
-8.762598200629794221e-01 -4.808469210991849763e-01 -3.090252760695085671e-02
-9.552978281442064956e-01 4.877326469493113714e-02 -2.915942869706794616e-01
-7.674884065660755317e-01 6.243063546524290075e-01 -1.456129160730325056e-01
-4.653088724883050475e-01 8.509322921381442528e-01 2.437250241158983310e-01
-2.376611692161596512e-01 7.659654226022499790e-01 5.973392168813760339e-01
-1.226178785378063685e-01 5.533914041410955553e-01 8.238463507752351589e-01
-8.904332752112380234e-02 3.184714201758496177e-01 9.437410875633480689e-01
-1.081556016694335265e-01 9.118630907587528533e-02 9.899431412281783915e-01
-1.963244947849070443e-01 -7.965825927644842874e-02 9.772979353689658089e-01
-3.034937838445130875e-01 -2.316438608570194901e-01 9.242470691837750829e-01
-4.686329676737040484e-01 -3.463828513994621772e-01 8.126512547616506765e-01
-6.810443173472072731e-01 -3.678341148444790321e-01 6.331482462786115484e-01
-8.794169859725161631e-01 -2.165162685958822164e-01 4.239651757120037612e-01
-9.467057972932839682e-01 1.141867271957342084e-01 3.011802196422935229e-01
-8.129223546273928180e-01 4.576603189806316418e-01 3.601448011256966342e-01
-5.642039091271843221e-01 6.180802077792661997e-01 5.474036953447521947e-01
-3.402008463826526330e-01 5.800872073654640415e-01 7.401095972702448345e-01
-2.011032056234073884e-01 4.371180313106919346e-01 8.766329490675441871e-01
-1.414674606524700395e-01 2.627390998132878019e-01 9.544396906068224329e-01
-1.427838423901848230e-01 8.744704907052774923e-02 9.858832527035177318e-01
-1.867516608207068773e-01 -4.001678227077370975e-02 9.815918063621986711e-01
-2.708714740841677848e-01 -1.363732188897161246e-01 9.529066007206756783e-01
-3.966906480109070876e-01 -1.937984438904309381e-01 8.972617750279126003e-01
-5.482874184261171679e-01 -1.816256201721415109e-01 8.163290028491874128e-01
-6.792884485875975153e-01 -7.237702972723170092e-02 7.302936184736491532e-01
-7.220222610522702977e-01 1.178203978114678863e-01 6.817640415895727113e-01
-6.419419178823145833e-01 3.071319343189793383e-01 7.025528798512181705e-01
-4.815486146124152156e-01 4.061190186901159072e-01 7.766455268801314427e-01
-3.204089627099850901e-01 3.954015072274543185e-01 8.608110969878929319e-01
-2.074893805674044023e-01 3.124053616537623701e-01 9.270118914887558459e-01
-1.518036563733145550e-01 1.977631255219048090e-01 9.684241819035873666e-01
-1.466493794038690179e-01 7.563997328939042752e-02 9.862923268286745149e-01
-1.484427287105494486e-01 -1.840876028686907334e-02 9.887496517509928307e-01
-2.025924246812574325e-01 -7.955087261572101054e-02 9.760266226531484346e-01
-2.791945801752014344e-01 -1.087935302120942443e-01 9.540515469222228262e-01
-3.656321310208986985e-01 -9.146661660714516806e-02 9.262542862580884773e-01
-4.354089757526600768e-01 -2.138365387910258833e-02 8.999787570720519936e-01
-4.555625181815772251e-01 8.571886379158234759e-02 8.860671918192054575e-01
-4.110646935442833771e-01 1.899794077694613725e-01 8.915905127045433698e-01
-3.222882126107589063e-01 2.507217537636794447e-01 9.128356424909196409e-01
-2.288431995645144879e-01 2.539923995099990228e-01 9.397439284210835631e-01
-1.596434814953191506e-01 2.112033514596949879e-01 9.643169101225329554e-01
-1.242424746435038529e-01 1.410180865026567087e-01 9.821800785872134565e-01
-1.214696742256365092e-01 5.975391232033443883e-02 9.907949274224521208e-01
-9.206104146943457078e-02 -1.517997739898637941e-02 9.956376514223103102e-01
-1.180955012036757901e-01 -6.133388501205788018e-02 9.911062542153032950e-01
-1.490561670629723667e-01 -8.306015094315619129e-02 9.853340907457824871e-01
-1.788031347668805060e-01 -7.211763105192586787e-02 9.812382413506787193e-01
-1.978568619638022275e-01 -2.792723586864118146e-02 9.798330121355086630e-01
-1.966835101051125079e-01 3.846369648302083027e-02 9.797122745508565211e-01
-1.730964946160938600e-01 1.055791563228466318e-01 9.792296182724012921e-01
-1.363666708577450648e-01 1.514603798119994738e-01 9.790116875840614297e-01
-1.011084911047764046e-01 1.645668965886657176e-01 9.811701226463113157e-01
-7.768716523905655480e-02 1.453093277176098208e-01 9.863315383963042748e-01
-6.934117162089654951e-02 1.012723050718760121e-01 9.924392788194513759e-01
-7.488367088647612801e-02 4.346525683192298956e-02 9.962445519464638855e-01
-7.332030060355405367e-03 -4.342941744420807798e-02 9.990295926725073494e-01
1.243314408115522504e-02 -9.167741271666450531e-02 9.957111372912711422e-01
3.643773433579376719e-02 -1.164834025593251138e-01 9.925240090016568262e-01
6.035217459400206430e-02 -1.090011249923261566e-01 9.922078258974711407e-01
7.685280131238347856e-02 -6.762731333641665288e-02 9.947462960078148342e-01
7.771645428277410006e-02 -2.410538331391089313e-03 9.969725884089750689e-01
6.025612765834751500e-02 6.570094526717931704e-02 9.960183657294906512e-01
3.124022281854015037e-02 1.145010287202919141e-01 9.929318017368284899e-01
2.390336345322981431e-03 1.312654624270696846e-01 9.913443723882198189e-01
-1.735051052388065368e-02 1.151424881330336270e-01 9.931974462367083589e-01
-2.474449410165087057e-02 7.307637044468152931e-02 9.970193348647665710e-01
-2.053386822499615391e-02 1.595012588647239798e-02 9.996619197208608254e-01
5.560282624326399331e-02 -4.749824711551973305e-02 9.973225367124601837e-01
1.050799546630290376e-01 -1.124160217127230937e-01 9.880894904766009956e-01
1.802710984545599360e-01 -1.493624391953055630e-01 9.722104673472947711e-01
2.702573238268246025e-01 -1.419376025844403533e-01 9.522681848568579355e-01
3.485106757271831390e-01 -8.088017980972966869e-02 9.338087092215806573e-01
3.793135946790346935e-01 2.069355375320068927e-02 9.250367418242591011e-01
3.438337649200342572e-01 1.247436527317404842e-01 9.307079902977927199e-01
2.586333978755785412e-01 1.912734026388221154e-01 9.468491173076946099e-01
1.622784113414142970e-01 2.037028415144770122e-01 9.654899634752029947e-01
8.636082194149843905e-02 1.700365249246803545e-01 9.816462645093172457e-01
4.357074570291111226e-02 1.070291776122169330e-01 9.933007325369717089e-01
3.439798478947599103e-02 3.009968663187013310e-02 9.989548475817430218e-01
1.024494669987181666e-01 -7.192626349806589825e-02 9.921344260385375202e-01
1.824316827293279708e-01 -1.766426781293334858e-01 9.672207842058663241e-01
3.128302036853100598e-01 -2.480350572438492496e-01 9.168510642631385599e-01
4.794580260234201363e-01 -2.505086274032966021e-01 8.410501940301893242e-01
6.324898327960546407e-01 -1.508225213067186377e-01 7.597428370682158816e-01
6.975786804319779044e-01 3.501239769249363254e-02 7.156522316142778228e-01
6.348859276533397322e-01 2.260905611642142488e-01 7.387847568948948673e-01
4.776254479790104646e-01 3.363847114184416731e-01 8.116152150907089968e-01
3.023498858091748787e-01 3.404814195589955239e-01 8.903128379879954313e-01
1.675070502699937125e-01 2.696106519736949370e-01 9.482887136585073096e-01
9.163111842393799333e-02 1.632261319922774512e-01 9.823242682389483615e-01
7.192159057127077426e-02 4.523248107165524917e-02 9.963841164260244243e-01
1.200289875781375554e-01 -1.161800431507441778e-01 9.859489031965027461e-01
2.226801664279074722e-01 -2.832605121903752909e-01 9.328327962251842242e-01
3.978561057501304177e-01 -4.167632940409666809e-01 8.173242170995368427e-01
6.349872445385158493e-01 -4.483079307492439103e-01 6.291352783786937630e-01
8.614888799611125636e-01 -2.925660367129395145e-01 4.150205101742764913e-01
9.547273122602666362e-01 3.808523423351208720e-02 2.950343609779854104e-01
8.536759463825178695e-01 3.791240831289954816e-01 3.570746534821204188e-01
6.208799393162920399e-01 5.571247434644337471e-01 5.514708706489180878e-01
3.764383750346316226e-01 5.395818294777289248e-01 7.530906977905106325e-01
1.990307257218011938e-01 4.065244727073819009e-01 8.916976075489924103e-01
1.041364377942116254e-01 2.349719562955968066e-01 9.664076686772143931e-01
8.106919755259370253e-02 5.829732537409554327e-02 9.950021140993861035e-01
9.865008899777913398e-02 -1.711865738329488573e-01 9.802873644396745689e-01
1.997122069190468419e-01 -4.110022287059846291e-01 8.894898551451587698e-01
3.743444667190643504e-01 -6.264135890246338434e-01 6.837194130065719078e-01
6.206271810519329302e-01 -7.110990142348857512e-01 3.303938469365580444e-01
8.613669273021837824e-01 -4.999059780057412139e-01 -9.022765487390226047e-02
9.438682749053539656e-01 2.006069902604533384e-02 -3.297123715938237165e-01
8.060196903634323506e-01 5.578111432796881708e-01 -1.979368262336770601e-01
5.520056221745438529e-01 8.120824782866675751e-01 1.892401689587832891e-01
3.118667030075791269e-01 7.588987896426250268e-01 5.716745460786465394e-01
1.499212631551727348e-01 5.498425737098818766e-01 8.217035712410061254e-01
6.989065661958500375e-02 3.053565626322305437e-01 9.496697666950124628e-01
5.645248068207741471e-02 6.566205167706365420e-02 9.962437514958129015e-01
3.908880785429237614e-02 -2.173242188616166803e-01 9.753164865810536321e-01
1.034665663968582644e-01 -5.115929032958613787e-01 8.529755980891204903e-01
2.042534905438719572e-01 -7.942644247200238983e-01 5.722102194341487369e-01
3.405874196537374554e-01 -9.370126153588633766e-01 7.750850425497922414e-02
4.612839249836777067e-01 -7.098358849781316593e-01 -5.323064502228463946e-01
4.590849743774162994e-01 -4.617959187484290545e-02 -8.871913162307610845e-01
3.286978218013793529e-01 6.573478171098876555e-01 -6.781235796548361616e-01
1.857153290848969074e-01 9.762029052373604188e-01 -1.119718908882802871e-01
7.831423124274378145e-02 9.017812345407764107e-01 4.250382173580364298e-01
1.513224905605947516e-02 6.415568662956465662e-01 7.669262039775185391e-01
-7.699005293082828057e-03 3.472614774188767517e-01 9.377367389722571778e-01
2.402337304414417334e-03 6.393971475920129377e-02 9.979508713619696936e-01
-4.110567636045545092e-02 -2.339423297712906746e-01 9.713811351431798080e-01
-3.541199573736341505e-02 -5.356747457600063989e-01 8.436815497052113644e-01
-5.466171117321936418e-02 -8.300400545492220283e-01 5.550185629106691998e-01
-1.092587838327942068e-01 -9.927176979268220736e-01 5.073549426518991767e-02
-2.092871353523403644e-01 -7.956912664325460627e-01 -5.683962557046001729e-01
-3.369128816136147675e-01 -1.520507001844177419e-01 -9.291772138705649553e-01
-3.878941758458613887e-01 5.774665349370466938e-01 -7.183804767480314046e-01
-3.271118849442136156e-01 9.341209449141592014e-01 -1.428841313822206138e-01
-2.335339201311954771e-01 8.832054562698488098e-01 4.067063193059243242e-01
-1.574793253877573573e-01 6.319117013636825764e-01 7.588727586065111552e-01
-1.036365931271073099e-01 3.385496001125932186e-01 9.352238367517130557e-01
-6.514203393922980700e-02 5.238222626438610724e-02 9.965001845388639090e-01
-1.133991223797573972e-01 -2.151933480166959844e-01 9.699651859798841258e-01
-1.572472853586819597e-01 -4.741991744946500997e-01 8.662611812586198390e-01
-2.716636819410025439e-01 -7.181752525572586698e-01 6.406427635809479604e-01
-4.669161184810550203e-01 -8.448150635033978562e-01 2.612983864863167582e-01
-7.072037928161013509e-01 -6.822750175654727078e-01 -1.853742048736826964e-01
-8.816457388334634215e-01 -1.814726038268123232e-01 -4.356242477835862714e-01
-8.689610826350381290e-01 3.975665898557861344e-01 -2.946989031137209336e-01
-6.864511830031774231e-01 7.181463168023409782e-01 1.142394022086026251e-01
-4.644069123455973336e-01 7.126350530233265257e-01 5.258112788520040715e-01
-2.915944105513755824e-01 5.235600180344508470e-01 8.005358250890087790e-01
-1.820589733657857479e-01 2.813388715911471771e-01 9.421799029638178169e-01
-1.241551136637809166e-01 3.460558295814665508e-02 9.916591961854801518e-01
-1.547824646583647878e-01 -1.733140927344748172e-01 9.726276851364420439e-01
-2.181338238416462572e-01 -3.637304306118565589e-01 9.056035604741152767e-01
-3.605349619554683027e-01 -5.292607926831616183e-01 7.680478855749172107e-01
-5.812053647430807102e-01 -5.994550644029561504e-01 5.503216784350059010e-01
-8.240075792878318595e-01 -4.761880119115876053e-01 3.070121928978588599e-01
-9.734337129563636060e-01 -1.489437525386116401e-01 1.739038960453411220e-01
-9.425257920668359546e-01 2.274513871581067825e-01 2.447672318114603174e-01
-7.578139386423154988e-01 4.587433398125366213e-01 4.639747650219603892e-01
-5.282031814708939566e-01 4.835652944156773603e-01 6.979727825071374570e-01
-3.402356083413621279e-01 3.706161422396164751e-01 8.642241641657447682e-01
-2.182334679214299744e-01 2.017661502424572539e-01 9.548112766904772730e-01
-1.572833649909354536e-01 1.695433233419405342e-02 9.874079672112353601e-01
-1.576861991623428605e-01 -1.260434868983867918e-01 9.794121206132184732e-01
-2.131460248120360945e-01 -2.509929861930426109e-01 9.442305295788656627e-01
-3.302664857792877440e-01 -3.480712803915878006e-01 8.773656205582806011e-01
-5.003879713220441561e-01 -3.769677301294797611e-01 7.794274877094928833e-01
-6.761833698812479421e-01 -2.940026226571875734e-01 6.755283178126159083e-01
-7.786338622654692676e-01 -1.044942279127605012e-01 6.187166272749252682e-01
-7.553312688979351153e-01 1.115588258876896582e-01 6.457780598561821961e-01
-6.248981992509342609e-01 2.564022396165100970e-01 7.374009303578101804e-01
-4.560080062985751859e-01 2.893133704027845976e-01 8.416379696151484735e-01
-3.091561964347073754e-01 2.336167294774619263e-01 9.218707446894177648e-01
-2.088691476788996082e-01 1.297377581875884256e-01 9.692996405901986856e-01
-1.580329506821098184e-01 4.970883663614095692e-03 9.874213268987206416e-01
-1.268517009777018478e-01 -8.545409756688995828e-02 9.882339010416898439e-01
-1.605874917095206633e-01 -1.634806279511845928e-01 9.733887927190955081e-01
-2.320011661295123262e-01 -2.162435431463017033e-01 9.483744982664319423e-01
-3.328436444966266783e-01 -2.237182294894748125e-01 9.160596389495853087e-01
-4.346982854264792029e-01 -1.706929399374555734e-01 8.842518424649655762e-01
-4.948856830459824607e-01 -6.551909991896429086e-02 8.664845112649279812e-01
-4.853841712269570952e-01 5.314945928081464543e-02 8.726839870769992347e-01
-4.149110807177092131e-01 1.390592307986988629e-01 8.991725782225921115e-01
-3.184651854404543792e-01 1.679938865211475230e-01 9.329297828635424450e-01
-2.292936637465975147e-01 1.436015038780535102e-01 9.627060942206958627e-01
-1.644299355539542706e-01 8.240627527326689628e-02 9.829404875622504978e-01
-1.292889800961670443e-01 1.221440567439724834e-03 9.916062059651614691e-01
-7.260486112594498331e-02 -5.700689896754423946e-02 9.957302584589987626e-01
-8.038037781968969397e-02 -1.097369877155514456e-01 9.907051975176536240e-01
-1.039478968471293091e-01 -1.398327646036900129e-01 9.847038299327426358e-01
-1.405194455413875665e-01 -1.371767772682268571e-01 9.805288456762335514e-01
-1.801009623994649367e-01 -9.827804201038985166e-02 9.787262486525591942e-01
-2.074348043500848782e-01 -3.176131056028545091e-02 9.777331032013503176e-01
-2.112060328131769305e-01 4.115219076583192387e-02 9.765748864775591898e-01
-1.920660045386813897e-01 9.625413208331190518e-02 9.766502915359729364e-01
-1.602122899575746384e-01 1.184348374367207302e-01 9.799516372902560279e-01
-1.267200973058816571e-01 1.054449579778996698e-01 9.863180915788918313e-01
-9.860485865243230619e-02 6.404786243314680716e-02 9.930634185025531968e-01
-7.955425105435959265e-02 5.493289366521153863e-03 9.968154016221423275e-01
1.705753886038914244e-02 -4.044774879158679476e-02 9.990360453885839265e-01
5.519449874871263512e-02 -7.422446274316574222e-02 9.957129588582712687e-01
8.779898228442999109e-02 -8.660957776845232270e-02 9.923659202877950225e-01
1.070628099598657512e-01 -7.164116534875029918e-02 9.916678366019694435e-01
1.052730638233659310e-01 -3.037385157140461492e-02 9.939793816644473257e-01
7.880645563798678588e-02 2.597347857033329224e-02 9.965515144541031711e-01
3.381708795213168167e-02 7.842052503112570405e-02 9.963466393862343562e-01
-1.381473319641005580e-02 1.097869112071433451e-01 9.938591385474863094e-01
-4.737701352657730514e-02 1.131895338231908299e-01 9.924432215608411934e-01
-5.834217215460631156e-02 9.157451770430262428e-02 9.940876715137223485e-01
-4.720796305426885192e-02 5.252635756411244694e-02 9.975030776822194634e-01
-1.954910928359343547e-02 5.235487413130289133e-03 9.997951900254127278e-01
7.308242131543420117e-02 -1.886852810184490303e-02 9.971474005090170678e-01
1.448317744655659711e-01 -5.773429768755313635e-02 9.877704733264782710e-01
2.293754955373636661e-01 -6.421679225262975910e-02 9.712173215299189089e-01
3.105589618695123177e-01 -2.779255516450464952e-02 9.501477280296676264e-01
3.607025094181528502e-01 5.156419919645730682e-02 9.312544405589245899e-01
3.513124377311809821e-01 1.518635535579054008e-01 9.238598552790079355e-01
2.774230356415505749e-01 2.331510604016071575e-01 9.320284557506616219e-01
1.694264987131074984e-01 2.631090357668222635e-01 9.497727606283856705e-01
7.235969291023995609e-02 2.393075560969540327e-01 9.682437546592159716e-01
1.425267050641092041e-02 1.815744229630920081e-01 9.832739141810930006e-01
-2.059944081968820642e-04 1.106933221631721392e-01 9.938545899651386462e-01
2.232086855219723304e-02 4.060833064336595577e-02 9.989257941956370956e-01
1.230401336330369105e-01 -2.308249893366612696e-02 9.921332187556450855e-01
2.374467834444029257e-01 -8.930305158887701100e-02 9.672869222772788600e-01
3.859728882047208098e-01 -1.113606937147175596e-01 9.157640118864410761e-01
5.434756638767939130e-01 -6.181220358047423424e-02 8.371460172885926143e-01
6.534984538229827722e-01 7.558001346242003426e-02 7.531450274786424259e-01
6.523624211428462605e-01 2.667140135246072741e-01 7.094271678406079973e-01
5.253290576982694304e-01 4.254900764118700884e-01 7.368769069613645417e-01
3.309428082452497977e-01 4.763400868189080484e-01 8.146023443129456476e-01
1.573309952036966164e-01 4.181235305282096637e-01 8.946617635547242653e-01
5.373551100919869011e-02 3.044297303286709333e-01 9.510178937057626181e-01
2.239326826150078026e-02 1.814247108706411871e-01 9.831498440330167510e-01
4.943619412341603708e-02 6.980446568146167485e-02 9.963349834676644701e-01
1.548995636758844496e-01 -5.832393292684755898e-02 9.862070999647735148e-01
3.122746615991592867e-01 -1.774176820953548561e-01 9.332778266963989156e-01
5.243801544846738993e-01 -2.476940337815602966e-01 8.146613524720371924e-01
7.582083010556435188e-01 -2.085301299136985143e-01 6.177664260289109643e-01
9.194024033679627506e-01 2.470571286860438797e-04 3.933181404970240713e-01
9.024929498200668920e-01 3.364163214271270741e-01 2.689433661620911353e-01
6.964627858123737525e-01 6.335341243026012537e-01 3.370075686426489692e-01
4.059676572211332601e-01 7.335330592238895608e-01 5.450867016502862761e-01
1.668794377054135802e-01 6.331772904762554832e-01 7.558027335862336216e-01
3.896580777539249835e-02 4.444615561544334459e-01 8.949500494023820973e-01
9.804110169647335671e-03 2.529522594068415731e-01 9.674290846800194243e-01
5.343221026660601586e-02 8.548275912045609493e-02 9.949058733363923546e-01
1.560652588134270047e-01 -1.201000292370541928e-01 9.804180832525714040e-01
3.356317208177284628e-01 -3.113182375580175187e-01 8.890625978775893445e-01
5.717795976340790398e-01 -4.653747370045799303e-01 6.756437270391651984e-01
8.238460958909553655e-01 -4.785278020618362604e-01 3.037906399794934598e-01
9.675896305876419135e-01 -2.156871181552921235e-01 -1.313368715975162804e-01
8.825302566461760145e-01 2.874087853574346929e-01 -3.722049653127227353e-01
5.990728526878669191e-01 7.641065522638594842e-01 -2.392757696879282414e-01
2.718327902214152658e-01 9.481585581743051661e-01 1.646277094576041322e-01
4.392694248616155206e-02 8.216664195695487782e-01 5.682734541359396596e-01
-4.932674648495385950e-02 5.632163792745451536e-01 8.248358516688156783e-01
-4.260563221750487267e-02 3.057071024030537654e-01 9.511718707172531762e-01
3.062381669990699509e-02 8.184765461811643883e-02 9.961742534737964005e-01
1.198116754383371091e-01 -1.887158528750008391e-01 9.746955880183258980e-01
2.803428451915668251e-01 -4.451370269079550357e-01 8.504474801099884962e-01
4.619939815798249083e-01 -6.891080972057724852e-01 5.582934634664046269e-01
6.156754490819874581e-01 -7.869320842846354580e-01 4.100775683930826809e-02
6.284412796108348465e-01 -5.319825452456178327e-01 -5.674998939516689989e-01
4.314304704597515250e-01 7.070216489189330711e-02 -8.993714210706483803e-01
1.258821976883841565e-01 6.922676995310078629e-01 -7.105766000165764096e-01
-1.163963560662924085e-01 9.820798843696839642e-01 -1.482261414564982893e-01
-2.155943046561347165e-01 8.836591601103391813e-01 4.155304857081305037e-01
-2.004083285011852844e-01 6.050383651901453108e-01 7.705615345418611595e-01
-1.240880128777529789e-01 3.158058494242693137e-01 9.406746677409317803e-01
-1.457402536021546770e-02 5.747350329038366373e-02 9.982406494450145606e-01
5.516134967925204885e-02 -2.367239437804631308e-01 9.700097937354227318e-01
1.609782853212114173e-01 -5.183703469263277741e-01 8.398679509795480280e-01
2.293742359138881415e-01 -8.093259023332161073e-01 5.407208556282050438e-01
2.081214792076088449e-01 -9.779884246755736754e-01 1.496967244474842022e-02
3.672982221672173309e-02 -7.968730841978179935e-01 -6.030291931913395187e-01
-2.549008594059787303e-01 -2.289490755209000472e-01 -9.394721244892905165e-01
-5.098549468824616904e-01 4.221567614204360108e-01 -7.495542688334957404e-01
-5.897729222617329459e-01 7.871666211123534707e-01 -1.803790752098729522e-01
-5.059504613026760689e-01 7.655969015667212219e-01 3.973355194529107348e-01
-3.568465005387119748e-01 5.365259943026872147e-01 7.647224545485930003e-01
-2.060547134702995775e-01 2.710048333068736381e-01 9.402647687652057051e-01
-6.842819581046327704e-02 1.838636706305174159e-02 9.974866031804361377e-01
-1.414470864933889752e-02 -2.475407957478072962e-01 9.687742160367958100e-01
3.137138169975874080e-02 -5.035039294765546458e-01 8.634232041193993235e-01
-4.736069880306596584e-03 -7.751855483781835421e-01 6.317158658983432762e-01
-1.661424234821347601e-01 -9.576279376286092049e-01 2.352560906595161927e-01
-4.562022913265342261e-01 -8.604770201879776703e-01 -2.268452492707133117e-01
-7.670275518734460674e-01 -4.283457606054608680e-01 -4.776909503418225733e-01
-9.349246574751166605e-01 1.136577387971806630e-01 -3.361514588047731511e-01
-8.802215171910536817e-01 4.663208780277585119e-01 8.806202012866276574e-02
-6.746846488719495660e-01 5.195110380660757921e-01 5.243175620786738600e-01
-4.458429149319740326e-01 3.827498951603000577e-01 8.091517861067648587e-01
-2.563296795112562365e-01 1.859455321616461931e-01 9.485353733365655682e-01
-1.130297138747526076e-01 -2.269802601678509377e-02 9.933323126709964201e-01
-6.421625579524439797e-02 -2.239922926872099096e-01 9.724729946422021598e-01
-5.824867459822905685e-02 -4.209819180086267210e-01 9.051968386031665759e-01
-1.425154471624238417e-01 -6.262572276635504087e-01 7.664797662817592894e-01
-3.419339123537370462e-01 -7.681042383157983267e-01 5.413844093282330627e-01
-6.272496760704048269e-01 -7.244460392826506112e-01 2.858947009606748191e-01
-8.790091584848456208e-01 -4.534447127510490283e-01 1.474136756812493843e-01
-9.704086500421381656e-01 -8.869644089222834815e-02 2.245884976937774502e-01
-8.704584773904715522e-01 1.802993783633067837e-01 4.580329391002121997e-01
-6.579198609965691835e-01 2.671867681070518308e-01 7.040970724655616353e-01
-4.374414682847782565e-01 2.147566380227292904e-01 8.732265160025920459e-01
-2.604531138884323971e-01 9.588980252765887113e-02 9.607129234256607253e-01
-1.354262467147602511e-01 -5.235269727005754242e-02 9.894033185659917295e-01
-8.301797616972250715e-02 -1.798721397545280931e-01 9.801806103840726703e-01
-9.019258645881193803e-02 -3.123476670198679916e-01 9.456766002473075972e-01
-1.693071286090366279e-01 -4.431820215202242896e-01 8.802981267749362404e-01
-3.280176687602076036e-01 -5.296737658098255030e-01 7.822084829468496370e-01
-5.329348873300340239e-01 -5.097581260745198684e-01 6.753717929905981299e-01
-6.989519658870763097e-01 -3.626990717884389648e-01 6.163728844672705653e-01
-7.483473303900232132e-01 -1.535298813643993232e-01 6.452943891173258395e-01
-6.709663230545466206e-01 1.907340250574750956e-02 7.412424695357975324e-01
-5.198682349906550426e-01 9.944737748877040262e-02 8.484381163987781971e-01
-3.596174487299471090e-01 9.349599602025071565e-02 9.284038934090841355e-01
-2.264359348227417412e-01 3.179592097655972033e-02 9.735069526357552627e-01
-1.320611238294440160e-01 -6.281814337935698322e-02 9.892490790671862877e-01
-7.073467736833931319e-02 -1.286079047813646903e-01 9.891696579684541302e-01
-7.265310891627259349e-02 -2.094535428256202592e-01 9.751157568015235144e-01
-1.209531295735593315e-01 -2.820267462789000090e-01 9.517516770827261219e-01
-2.161416175603581846e-01 -3.243431678202970403e-01 9.209149312757589634e-01
-3.357166052010117085e-01 -3.108063349455732483e-01 8.892096395958676291e-01
-4.329768830706526850e-01 -2.346063171342055442e-01 8.703395283950415839e-01
-4.665807178807060973e-01 -1.241786926061122787e-01 8.757180402416320231e-01
-4.301416655475379658e-01 -2.515043984317410358e-02 9.024109944674479911e-01
-3.489745737434169492e-01 3.086217341459738389e-02 9.366238696150356313e-01
-2.553269442881545559e-01 3.788601918920189021e-02 9.661122093577588776e-01
-1.707877354805416026e-01 5.564325397666262940e-03 9.852921331728313747e-01
-1.064854513548050413e-01 -5.350267482312645595e-02 9.928737646028311659e-01
-3.425954013139471954e-02 -7.963920292990286920e-02 9.962348524652905324e-01
-2.030347814871078307e-02 -1.275521722142552994e-01 9.916240276125317665e-01
-3.040304230381924919e-02 -1.617211553227838050e-01 9.863680463903007345e-01
-6.640421629202510057e-02 -1.721157789095574819e-01 9.828360182192601435e-01
-1.203013380100902557e-01 -1.517585453902097203e-01 9.810692799053548629e-01
-1.735379210172828257e-01 -1.029972607771023480e-01 9.794264414652756878e-01
-2.064424465806719011e-01 -4.115303988280076541e-02 9.775929334636981327e-01
-2.101095668440345898e-01 1.230937552794312238e-02 9.776003524932201927e-01
-1.883620853393545569e-01 4.140169449628329501e-02 9.812265918224992722e-01
-1.509629630299287595e-01 4.103573401735724491e-02 9.876873251828224287e-01
-1.074690221725335404e-01 1.491713222619218092e-02 9.940965186738421888e-01
-6.591748868332621136e-02 -2.863041728857722290e-02 9.974142488913805282e-01
