3.296443284510448823e-02 -1.508583355329827513e-01 9.880056218299232418e-01
6.668302457105881875e-02 -1.708207447577436144e-01 9.830430547002373398e-01
7.801160139992965870e-02 -1.568307592408374473e-01 9.845396401379485907e-01
6.664303412924492409e-02 -1.209300481929612980e-01 9.904214403204653072e-01
3.760686764178059610e-02 -7.431684316645471855e-02 9.965253284929136424e-01
-1.270243468919022428e-03 -2.550431176032168235e-02 9.996739051126615205e-01
-4.119026932227162069e-02 1.862099501811432731e-02 9.989777876697368830e-01
-7.355418693177258327e-02 5.087661193762279405e-02 9.959926465303868826e-01
-9.093825717131105713e-02 6.224884418196818120e-02 9.939091079070010437e-01
-8.804454848814316503e-02 4.247602450285866554e-02 9.952105027701326767e-01
-6.225008577432576684e-02 -1.385477667502208604e-02 9.979644141873457164e-01
-1.546452288632531834e-02 -9.249258801304563460e-02 9.955932752356927429e-01
9.678060250261030784e-02 -1.037945928347517172e-01 9.898788802057725267e-01
1.159134999023176682e-01 -1.303924396341041569e-01 9.846633293803892517e-01
1.153050927686057325e-01 -1.249249540706573319e-01 9.854432969137002507e-01
9.657107934188602361e-02 -9.677266592881038354e-02 9.906104571240937906e-01
6.467487178994590913e-02 -5.555687710782523242e-02 9.963586675314893837e-01
2.687095506602509010e-02 -9.084393866128080350e-03 9.995976318309097719e-01
-8.432167573448471828e-03 3.591336437409772125e-02 9.993193327506539880e-01
-3.274571979643235708e-02 7.204121910008901009e-02 9.968639729601183053e-01
-3.887660821843692827e-02 8.972536977898393218e-02 9.952074996458902811e-01
-2.294205142619913651e-02 7.775887017581144256e-02 9.967081921933419464e-01
1.324715436543574820e-02 2.931875415490185419e-02 9.994823277858790878e-01
5.984064573892104028e-02 -4.391019680950106197e-02 9.972416917345280352e-01
1.346982504290890892e-01 -5.874418622631671222e-02 9.891438226649382770e-01
1.433047112443838478e-01 -8.858596210826866213e-02 9.857059840808289897e-01
1.350200020582259797e-01 -9.138378575426847616e-02 9.866197863137615709e-01
1.129412421985201559e-01 -7.239108986660960920e-02 9.909610516658944324e-01
8.183751536913839997e-02 -3.890884106070496146e-02 9.958858986678034153e-01
4.812789566382401352e-02 2.120285279187029363e-03 9.988389309839662555e-01
1.934653410896544287e-02 4.406836473963116063e-02 9.988411739847693482e-01
3.122932528006426046e-03 7.946430008933395850e-02 9.968328206394906355e-01
5.495304449920926371e-03 9.898792445497051062e-02 9.950734608264337755e-01
2.836974789599312763e-02 9.248304804041258820e-02 9.953100236758429809e-01
6.673022183953816744e-02 5.459736183720842462e-02 9.962761693292760956e-01
1.076914876074779176e-01 -4.883625162103357592e-03 9.941723661931403111e-01
1.381357362026150726e-01 -3.151787196519022227e-02 9.899116840055137700e-01
1.423597940603429368e-01 -6.025952880400868572e-02 9.879789867318005125e-01
1.324848148269582582e-01 -6.767401086882750272e-02 9.888720858095988442e-01
1.118111126496334762e-01 -5.565365660094578892e-02 9.921698169139213652e-01
8.468158130053719812e-02 -2.932925222242632399e-02 9.959763173652452783e-01
5.664585141377279781e-02 5.271433243044828035e-03 9.983804182319941933e-01
3.414818310499323495e-02 4.178575370228106156e-02 9.985428645671804437e-01
2.351693260681743738e-02 7.306499121913299921e-02 9.970498788620620889e-01
2.924087067178122307e-02 9.085485217076530451e-02 9.954347629650481810e-01
5.167104855475809777e-02 8.716358844051273758e-02 9.948530603016357832e-01
8.503254118199220224e-02 5.872646923154485610e-02 9.946460017271604448e-01
1.178789841730609189e-01 1.314594441329910122e-02 9.929409495211369840e-01
1.145964155784575528e-01 -2.783841555861344894e-02 9.930219958065871211e-01
1.187451395403033572e-01 -5.239537954646671103e-02 9.915413839260341922e-01
1.115662396800595202e-01 -6.004837751281494329e-02 9.919411104102296983e-01
9.540022051980666384e-02 -5.110492676220479424e-02 9.941262919697273492e-01
7.374364667326940848e-02 -2.939157238001991954e-02 9.968440249348816673e-01
5.124771879717249234e-02 -2.457362732626270784e-04 9.986859420918031693e-01
3.332496817775478654e-02 3.036940708628327670e-02 9.989830557167646008e-01
2.511430242736387153e-02 5.596826561144554318e-02 9.981166390045994596e-01
2.993243993588203672e-02 6.975820152648407046e-02 9.971147588714477372e-01
4.756040571789235671e-02 6.605543284336140575e-02 9.966818387026471493e-01
7.317616674490914908e-02 4.342991445213943702e-02 9.963729678946788848e-01
9.831940902180505426e-02 7.976395633944827895e-03 9.951229426167557124e-01
7.557293620638548537e-02 -4.524600437802061420e-02 9.961132116386185453e-01
8.231829869876140793e-02 -6.424828710126723186e-02 9.945329835174483435e-01
7.998680009043497574e-02 -6.872539349518662355e-02 9.944239197145223752e-01
6.939964701644270317e-02 -5.901839893618419236e-02 9.958416126980731420e-01
5.296104359392434652e-02 -3.871141677532745351e-02 9.978459570857933780e-01
3.449916645107406477e-02 -1.291114214690519506e-02 9.993213246613178447e-01
1.868492635326237522e-02 1.274013160390853085e-02 9.997442485825529523e-01
9.957736255410670062e-03 3.248044167711595931e-02 9.994227655987353298e-01
1.120450796790988489e-02 4.095212214556769037e-02 9.990982848013277851e-01
2.257031483279540660e-02 3.453497301864543595e-02 9.991485958188858207e-01
4.091900724440446918e-02 1.351881699069893729e-02 9.990710067023368390e-01
6.059619751635286766e-02 -1.631438407037055088e-02 9.980290284951752744e-01
3.088341257666251186e-02 -7.686674709129759364e-02 9.965629523613686036e-01
4.225893118193047027e-02 -9.037710362400437625e-02 9.950106340516516878e-01
4.570896972951341702e-02 -8.971090414595639384e-02 9.949184106064919986e-01
4.041073652325619103e-02 -7.630699701035356664e-02 9.962651326734031088e-01
2.774730076292767841e-02 -5.441508683265100510e-02 9.981327995939779374e-01
1.100389339435411777e-02 -2.945174007191563373e-02 9.995056324688460503e-01
-5.435542678482940641e-03 -7.011972894508318975e-03 9.999606427813719778e-01
-1.721210881469188020e-02 7.659353866363808640e-03 9.998225230552816312e-01
-2.111738281740543205e-02 1.034022263859681219e-02 9.997235297514311947e-01
-1.594911490201458143e-02 -8.755778295826807580e-04 9.998724214105032537e-01
-2.950180373393724090e-03 -2.393584400746987667e-02 9.997091436049544422e-01
1.432796297044055221e-02 -5.224966644712029928e-02 9.985312623215379935e-01
-1.192005043117988841e-02 -1.143633669285209348e-01 9.933674711316260453e-01
6.000469936330858796e-03 -1.235313934410784131e-01 9.923225227691843120e-01
1.566993294355687252e-02 -1.170630355411577256e-01 9.930008554434975876e-01
1.469694976972847102e-02 -9.809512535378919762e-02 9.950685132438508163e-01
3.790544395850262149e-03 -7.219989069087615063e-02 9.973829793800971233e-01
-1.382863835641425475e-02 -4.557915815813622790e-02 9.988650104507316163e-01
-3.353302802880760158e-02 -2.411858094512303249e-02 9.991465508545909202e-01
-5.048001406721715906e-02 -1.290810964424880802e-02 9.986416518877159199e-01
-6.056402249215307732e-02 -1.553109969497917103e-02 9.980434780719048549e-01
-6.105583938561660873e-02 -3.269368476576884480e-02 9.975987707757676404e-01
-5.121315988906922217e-02 -6.065376292933814806e-02 9.968441870708348862e-01
-3.309745688175437517e-02 -9.112451743403120197e-02 9.952893452008163555e-01
-4.620386565737793355e-02 -1.496430299377139450e-01 9.876599447124790876e-01
-2.007946031337607892e-02 -1.564732128832059810e-01 9.874780751610291452e-01
-4.159203714897314295e-03 -1.445795263978405798e-01 9.894844423087016949e-01
-2.167193039980937382e-03 -1.191662247181795864e-01 9.928719525501064069e-01
-1.350423410151065963e-02 -8.755786995164188680e-02 9.960678968177260062e-01
-3.441457343837914934e-02 -5.703762662677348133e-02 9.977787060685933129e-01
-5.952541384406460911e-02 -3.402814611064955419e-02 9.976466360285241031e-01
-8.312610481037299714e-02 -2.385345772143388637e-02 9.962535135465546698e-01
-9.992471755230090957e-02 -3.013156643017394359e-02 9.945386566277172324e-01
-1.054389522345174218e-01 -5.322280371758455336e-02 9.930004836434334070e-01
-9.680703534805763788e-02 -8.818330571047794386e-02 9.913889763868013461e-01
-7.487874831177596113e-02 -1.243809063451718211e-01 9.894051562367888186e-01
-6.487425392486065312e-02 -1.757478736706860056e-01 9.822952794744902461e-01
-2.997019045454973885e-02 -1.828103929336788169e-01 9.826912780316565676e-01
-8.728339774811268853e-03 -1.666676467354362146e-01 9.859744984614349228e-01
-5.662705864071234350e-03 -1.349095931260472780e-01 9.908417307748925706e-01
-1.955868665895999989e-02 -9.680017882885863512e-02 9.951116435630493751e-01
-4.554265290021974194e-02 -6.070823103603342069e-02 9.971160300844627011e-01
-7.714349330041693487e-02 -3.361090020634213693e-02 9.964533048912860291e-01
-1.076525413548704568e-01 -2.134947498276181313e-02 9.939593202227952062e-01
-1.306687916877780076e-01 -2.835351720879962512e-02 9.910205572746875191e-01
-1.401323817091586765e-01 -5.592832807919130567e-02 9.885519398163075122e-01
-1.310552495338787593e-01 -9.912085611086146608e-02 9.864074094680215232e-01
-1.029990993201379823e-01 -1.446480595662368585e-01 9.841077808872497057e-01
-6.021638370000786250e-02 -1.872177528762443977e-01 9.804710603287867254e-01
-1.853240432301346205e-02 -1.970391445318827317e-01 9.802204474055905559e-01
5.161669628672387392e-03 -1.784819108678640520e-01 9.839296543247213478e-01
6.588883305337890628e-03 -1.417027020165772255e-01 9.898873324060676326e-01
-1.171202552262623139e-02 -9.767284990625152430e-02 9.951496585184624877e-01
-4.342486149788442329e-02 -5.546421505602153190e-02 9.975159157888470185e-01
-8.090438931963754576e-02 -2.234670714598433958e-02 9.964713264657864000e-01
-1.165569297905562629e-01 -4.751809035815277894e-03 9.931726448249030836e-01
-1.432757632083720145e-01 -8.593151292587813614e-03 9.896454988670494446e-01
-1.541863426722071273e-01 -3.763640414583770827e-02 9.873247048545259474e-01
-1.428476092940868802e-01 -8.889385703819126239e-02 9.857446133253643383e-01
-1.074777867935854253e-01 -1.468326559827617117e-01 9.833049865035886627e-01
-2.648455062140851399e-02 -1.798681165319017117e-01 9.833341391579853985e-01
1.589111023619249954e-02 -1.941934307495629952e-01 9.808345345005951010e-01
3.661523490622113630e-02 -1.759007238667430473e-01 9.837267201392284610e-01
3.300350828804055059e-02 -1.371319278353898830e-01 9.900028296974309194e-01
9.169996914543319250e-03 -8.966036622599703187e-02 9.959301832380769159e-01
-2.737337124589574178e-02 -4.256897752451518913e-02 9.987184691890793609e-01
-6.810137662829840455e-02 -3.029447637697444545e-03 9.976738068869980269e-01
-1.047768248366044014e-01 2.206566680851876697e-02 9.942509357930604530e-01
-1.300370767038252218e-01 2.506620169389630129e-02 9.911922337343956890e-01
-1.373761792832638440e-01 -1.274868241919156330e-03 9.905181270811688199e-01
-1.208824488989648227e-01 -5.801692051294249364e-02 9.909699644702911758e-01
-7.861638575724812228e-02 -1.290033029894441796e-01 9.885229444521950182e-01
1.594214778819778855e-01 -1.636648919835932692e-01 9.735494828319072314e-01
2.085523763210401782e-01 -1.529583946676658923e-01 9.659760016849752162e-01
2.024360395169256255e-01 -1.211513814282227791e-01 9.717726033815213826e-01
1.574606226777268136e-01 -8.468051714743164704e-02 9.838878809710532858e-01
8.917153585214404599e-02 -5.069911932496803247e-02 9.947251059935221518e-01
1.060021614988449802e-02 -2.135409753427947727e-02 9.997157785770806049e-01
-6.664793745423659710e-02 2.773096471818450263e-03 9.977727007535205361e-01
-1.306899408164587384e-01 2.005693360600313557e-02 9.912203886035989564e-01
-1.676706837198546629e-01 2.511784868793289979e-02 9.855230263662787538e-01
-1.606347924667664295e-01 6.292916411175767007e-03 9.869938513750141640e-01
-9.067764537832952165e-02 -5.030662869242218116e-02 9.946088717372331134e-01
4.818779723680773758e-02 -1.298501760434186136e-01 9.903619883552001735e-01
2.063003559538592047e-01 -4.384081358866346451e-02 9.775060849923858930e-01
2.372322093091835116e-01 -6.279378313191497085e-02 9.694213839534190358e-01
2.212902169741788050e-01 -5.684413150833712847e-02 9.735498880820382395e-01
1.730307761120894183e-01 -3.848752484392127526e-02 9.841641432960062108e-01
1.055200021303150659e-01 -1.457908974527275144e-02 9.943103033221851739e-01
3.027544355994240405e-02 1.223898965795340923e-02 9.994666600990408378e-01
-4.151227551496016605e-02 4.110997536783288914e-02 9.982918916361853690e-01
-9.743421148746031490e-02 7.055885782072833512e-02 9.927376400714102989e-01
-1.225105496210586176e-01 9.549939611919486260e-02 9.878618479182823542e-01
-9.944886093782574765e-02 1.036604423826839733e-01 9.896284336775293955e-01
-1.488156735304203143e-02 7.628272278648959293e-02 9.969751677737729301e-01
1.168689985480785842e-01 1.009308270289703199e-02 9.930960511753307296e-01
2.094930667449835526e-01 4.530407131759071199e-02 9.767600504259604799e-01
2.312395177062414597e-01 1.017216727405717905e-02 9.728436731891443312e-01
2.145267078556166440e-01 -3.574686385979452923e-03 9.767115813964954985e-01
1.709581247696219941e-01 -8.741242742616778163e-04 9.852779077407990416e-01
1.112912689541456085e-01 1.332466444879041451e-02 9.936984989281413272e-01
4.576217430918455564e-02 3.606871043170092883e-02 9.983009924517365352e-01
-1.492634910245590855e-02 6.568555879288430488e-02 9.977287263924022875e-01
-5.865680465698878271e-02 9.987376558228616696e-02 9.932696563450523763e-01
-7.163171996261961938e-02 1.328768027425841769e-01 9.885406678472692388e-01
-4.071677141859732924e-02 1.526156756797491520e-01 9.874465049115948023e-01
3.776223172288815239e-02 1.425161964292316341e-01 9.890718617020717307e-01
1.404205765970391317e-01 9.781714703161425994e-02 9.852481247962817656e-01
1.812329060789377444e-01 7.821150750128399998e-02 9.803252490110798689e-01
1.999761766984973210e-01 4.216825559729560358e-02 9.788929292690282669e-01
1.883337679100909601e-01 2.151426412323612786e-02 9.818694049128924295e-01
1.540800442140310422e-01 1.669821537913872625e-02 9.879172584675803837e-01
1.058077320273786842e-01 2.506956508857316815e-02 9.940705411335236663e-01
5.259093052422176423e-02 4.390071475091936182e-02 9.976507010326730596e-01
4.315261532623290881e-03 7.085152831758648184e-02 9.974775383200918943e-01
-2.822974888183438225e-02 1.027629414653169343e-01 9.943052142774901903e-01
-3.417391134257818236e-02 1.336319466389307709e-01 9.904416422086460559e-01
-5.666356037274828186e-03 1.532660616514608387e-01 9.881687137097910911e-01
5.529800021699948775e-02 1.499611262232871112e-01 9.871442608827637466e-01
1.287548807203479639e-01 1.204415102760847261e-01 9.843353205555678276e-01
1.422198823000774826e-01 6.187686864544041793e-02 9.878991639865608576e-01
1.598214518047475496e-01 3.313744665438581039e-02 9.865895869976715193e-01
1.541869386465660463e-01 1.563139243253075863e-02 9.879180368438807980e-01
1.294851564495290430e-01 1.127008407664768612e-02 9.915173117319755480e-01
9.217149169321146862e-02 1.846584586121175972e-02 9.955719103388047664e-01
5.010800391322558361e-02 3.468130831246644952e-02 9.981414703326313420e-01
1.214014321858802349e-02 5.724654633434932832e-02 9.982862564691008522e-01
-1.258680501848181976e-02 8.272694569923856600e-02 9.964927620382996176e-01
-1.602951806173402716e-02 1.057884671509810443e-01 9.942594504296067282e-01
6.057662701829762825e-03 1.189844510630836960e-01 9.928776385476032473e-01
5.011701485000887718e-02 1.152576383221592671e-01 9.920705426686016182e-01
1.020778779270253844e-01 9.349143801990439373e-02 9.903733931477548547e-01
1.048658944496527884e-01 1.240658974656377520e-02 9.944089806068573401e-01
1.224577099641499522e-01 -6.040546515714817141e-03 9.924553496597330327e-01
1.217108139252700977e-01 -1.481524842787761143e-02 9.924550298062568832e-01
1.042361717660568315e-01 -1.330548682739157197e-02 9.944635662082053074e-01
7.480398465334953118e-02 -3.559111000728986968e-03 9.971919056072586773e-01
4.027886249777581223e-02 1.163240363334740700e-02 9.991207636825730765e-01
8.646557652060814225e-03 2.944232576366994161e-02 9.995290823654379153e-01
-1.217196298479468128e-02 4.667753509520514849e-02 9.988358478922439998e-01
-1.588259789877903214e-02 5.928737531358575091e-02 9.981145977352824383e-01
1.358451335185630927e-04 6.278373350926959306e-02 9.980271461000957967e-01
3.264960447012674877e-02 5.426883872243153800e-02 9.979924330732925508e-01
7.188997132879366980e-02 3.529216992877012155e-02 9.967879888744149985e-01
7.408624990211948314e-02 -5.489130455312460355e-02 9.957400123826161131e-01
9.369373378717424372e-02 -6.239793763309061519e-02 9.936437901119903326e-01
9.678012305620031785e-02 -5.990677420253670560e-02 9.935012763886135190e-01
8.347522463929901715e-02 -4.950447622978283724e-02 9.952794550800707629e-01
5.770630448224089298e-02 -3.476062263776744793e-02 9.977282603679084039e-01
2.595237467619325791e-02 -1.917155922692275957e-02 9.994793272326725209e-01
-4.094583220098461755e-03 -5.720938626549819904e-03 9.999752523185743147e-01
-2.493978308666077934e-02 2.857825927693619008e-03 9.996848703720015994e-01
-3.077894389527721306e-02 3.994592768063864180e-03 9.995182338712985670e-01
-1.909553140523917794e-02 -3.891518589033961424e-03 9.998100903487843194e-01
7.828822286563194219e-03 -1.975000794627306336e-02 9.997742978931917213e-01
4.245033736338792163e-02 -3.892461431019600404e-02 9.983400439020806427e-01
5.145791236433977511e-02 -1.272831136344274305e-01 9.905307124157273213e-01
7.614127394089308110e-02 -1.240369305291040003e-01 9.893519830007881932e-01
8.267794596791648576e-02 -1.093151090821573718e-01 9.905627512563730530e-01
7.060310946454997905e-02 -8.856258363654245791e-02 9.935652317354762841e-01
4.406474351260594724e-02 -6.739112599083245392e-02 9.967530960658040895e-01
1.003520121656750579e-02 -5.021778953892571534e-02 9.986878733370034844e-01
-2.334755395152299934e-02 -4.021824818833140414e-02 9.989181068722152723e-01
-4.817575943520852749e-02 -3.971806253781791363e-02 9.980488824256181779e-01
-5.800906808720145136e-02 -5.002093472088249559e-02 9.970621114601041501e-01
-4.920637226581591611e-02 -7.013625502170882375e-02 9.963230593838153792e-01
-2.263659415799385358e-02 -9.515540445343241560e-02 9.952050208918419294e-01
1.482278801606537813e-02 -1.167084360729305215e-01 9.930556006109529932e-01
3.833993594314944603e-02 -1.936908228333969195e-01 9.803131716251995975e-01
7.175380088893831831e-02 -1.803901658407715825e-01 9.809744034000361657e-01
8.170200513311549895e-02 -1.534039394009787394e-01 9.847801854898958762e-01
6.811221333616744589e-02 -1.219409953006890396e-01 9.901975156802836908e-01
3.660444877185779766e-02 -9.372282708346039992e-02 9.949251961899131524e-01
-4.415728852083295256e-03 -7.394541498302939497e-02 9.972525141314934061e-01
-4.572411628844955112e-02 -6.589453340735577924e-02 9.967784185347016157e-01
-7.839506233368505328e-02 -7.171036217960727321e-02 9.943399007169378967e-01
-9.450758210978531249e-02 -9.210056198280071327e-02 9.912546612280717095e-01
-8.812214700985247784e-02 -1.244371437782273576e-01 9.883065741229786205e-01
-5.769325207281440770e-02 -1.603411031791864283e-01 9.853741519324350495e-01
-1.015203569680944544e-02 -1.867192334222691485e-01 9.823608624336315209e-01
3.784810664851905038e-02 -2.432705422689275254e-01 9.692197707884793179e-01
8.307017999147120468e-02 -2.214885384895543263e-01 9.716183265633464572e-01
9.574568700766021567e-02 -1.833709466160310109e-01 9.783700012555953673e-01
7.780158775496351375e-02 -1.421768230882109740e-01 9.867789336622089236e-01
3.771823415658648315e-02 -1.073065494223085781e-01 9.935102612771170572e-01
-1.395156502100455137e-02 -8.414829866486990551e-02 9.963555678899327361e-01
-6.663126667231769606e-02 -7.578243133733307546e-02 9.948956213604457366e-01
-1.102216073498133719e-01 -8.440694079552983620e-02 9.903164472121467332e-01
-1.349527840499440412e-01 -1.112300050436854509e-01 9.845890676089935623e-01
-1.315826454051362004e-01 -1.539477463393233991e-01 9.792783561507863999e-01
-9.429924029094970128e-02 -2.022796189281759471e-01 9.747772099545976010e-01
-2.941037208311931064e-02 -2.370753715039759790e-01 9.710459815273242423e-01
5.569773663296528898e-02 -2.639911340053768263e-01 9.629155951070450525e-01
1.125141076209236340e-01 -2.370024136278313931e-01 9.649717257623573463e-01
1.250233959417069718e-01 -1.911811769616725276e-01 9.735599149733085156e-01
9.960730001171080872e-02 -1.435650635821813792e-01 9.846153859771733519e-01
4.862416370165742463e-02 -1.041039136755013972e-01 9.933771015387770076e-01
-1.520148125878253466e-02 -7.741488921999516160e-02 9.968830673127251352e-01
-8.023735035016359152e-02 -6.585599469524859584e-02 9.945978863698533567e-01
-1.355211350548065907e-01 -7.173272130676930369e-02 9.881742956822580082e-01
-1.696635962840698508e-01 -9.787284276041276210e-02 9.806299866647556485e-01
-1.698684372909438078e-01 -1.452859103236768534e-01 9.746982703758062527e-01
-1.240377273014723752e-01 -2.059028296334361741e-01 9.706794872432173982e-01
-3.501791228669317441e-02 -2.541664932679838507e-01 9.665263263455825538e-01
9.790354223118383215e-02 -2.416819400487422442e-01 9.654039238956645397e-01
1.585714952427660918e-01 -2.161788863248798043e-01 9.633907670325851935e-01
1.648102173264659742e-01 -1.705118451441423599e-01 9.714748081810931080e-01
1.293182311048243216e-01 -1.234136982069092559e-01 9.838932128024593382e-01
6.764746579710917418e-02 -8.372029094156052675e-02 9.941904914329972032e-01
-6.424472976917501403e-03 -5.453490047586197903e-02 9.984911971454289992e-01
-8.095903650945909802e-02 -3.714110740078482853e-02 9.960251867038026896e-01
-1.445347193945211439e-01 -3.367066513731582084e-02 9.889266915189770524e-01
-1.845822033535879925e-01 -4.881314664010764220e-02 9.816041396204754355e-01
-1.856738470964298948e-01 -8.941064925765787597e-02 9.785351083654439952e-01
-1.297890924517425826e-01 -1.564398938021748509e-01 9.791227456799036499e-01
-1.274754215248866639e-02 -2.227100097733010764e-01 9.748013909078765415e-01
3.876328302828958017e-01 -8.967377055919420470e-02 9.174417713188560697e-01
4.048784014452282420e-01 -2.370399640884045256e-02 9.140632366512659868e-01
3.418261326606439332e-01 9.636640632540846227e-03 9.397138022757817177e-01
2.435185391755566864e-01 1.676408013134956729e-02 9.697513530256400838e-01
1.304245994870501246e-01 7.503365635030141007e-03 9.914298378366547260e-01
1.284574424227079292e-02 -1.121762315312364866e-02 9.998545653172223879e-01
-1.018626727130053228e-01 -3.481280210350235632e-02 9.941891493662590173e-01
-2.045872322332276394e-01 -6.007940484579966239e-02 9.770028298425285085e-01
-2.785907214956752642e-01 -8.561251880041639839e-02 9.565864866917350717e-01
-2.884688398270915388e-01 -1.158100986477970801e-01 9.504597569071162599e-01
-1.597989754638871884e-01 -1.628322866422735327e-01 9.736272047696327148e-01
2.053685052362471675e-01 -1.640821747841332834e-01 9.648320148996646362e-01
3.346076351525800185e-01 1.550341894114599106e-01 9.295171491753496662e-01
3.606222226794270069e-01 1.284249884561478872e-01 9.238282496492271623e-01
3.124407508626992347e-01 1.040933237720375187e-01 9.442167956282894181e-01
2.278254222435641407e-01 7.921474429496415393e-02 9.704744207168605197e-01
1.251949699983779252e-01 5.530326962305559535e-02 9.905896061719686729e-01
1.463853105496374860e-02 3.520915746904821481e-02 9.992727498731109881e-01
-9.611195577630711473e-02 2.283763443487851069e-02 9.951085038376675795e-01
-1.972098879988572195e-01 2.377016499112022743e-02 9.800730785670622724e-01
-2.704923955253247803e-01 4.536737506109059931e-02 9.616525699247333581e-01
-2.782742205110412814e-01 9.286506155678596330e-02 9.560018506994486520e-01
-1.498950838739308289e-01 1.539321278914996538e-01 9.766454647584751347e-01
1.658216891360179412e-01 1.847948257718130538e-01 9.686867604027755707e-01
2.334768321144062853e-01 2.699406848614738785e-01 9.341416356862239923e-01
2.761113768762489817e-01 2.119967757926907170e-01 9.374539319950754290e-01
2.540754857111338083e-01 1.594824734063119975e-01 9.539449608005335923e-01
1.936404954768453923e-01 1.175668672484048161e-01 9.740027670581904440e-01
1.112946129137553364e-01 8.690639157846832830e-02 9.899801958823304382e-01
1.797226668103728275e-02 6.865837564672987170e-02 9.974783331401365638e-01
-7.692996252260564383e-02 6.594294134076937597e-02 9.948534109876117082e-01
-1.616799342053637789e-01 8.394812472076079723e-02 9.832661446582403597e-01
-2.171175944533201840e-01 1.282753004375530581e-01 9.676804211496891073e-01
-2.110709723017476780e-01 1.984394958233036688e-01 9.571158817765971216e-01
-1.037713714927398084e-01 2.735748871914289726e-01 9.562365207189945648e-01
9.637824484345575149e-02 3.078366974384093568e-01 9.465451925982769632e-01
1.505622969075807172e-01 2.650799302374626798e-01 9.523988793226957350e-01
1.966773826304442085e-01 2.143426281638677877e-01 9.567524470381180146e-01
1.937342979845521618e-01 1.634486397301183613e-01 9.673425266961088731e-01
1.553897092359107501e-01 1.224644489944047843e-01 9.802328789609738857e-01
9.433241670759995312e-02 9.421068991808236037e-02 9.910730250910828598e-01
2.132051110309303096e-02 8.017037849954293527e-02 9.965531326615497676e-01
-5.328767962850967932e-02 8.283607020422142919e-02 9.951374822972165468e-01
-1.173221657406089968e-01 1.054669718613094054e-01 9.874777097597658981e-01
-1.543947364616638229e-01 1.495888529505114417e-01 9.766193938407549124e-01
-1.436964911761869079e-01 2.096684359441445822e-01 9.671558640633720616e-01
-6.946568967856317500e-02 2.666804154863331444e-01 9.612783540439687746e-01
5.108501423001451935e-02 2.911198948285619870e-01 9.553216883104066470e-01
1.046564356886329206e-01 1.958256169702961846e-01 9.750381316682766863e-01
1.441586710701292240e-01 1.623837056361683018e-01 9.761402612837217774e-01
1.491470591557922110e-01 1.269316142251586399e-01 9.806342437704996806e-01
1.248977896768842244e-01 9.767465722796889183e-02 9.873500916439518216e-01
8.010436330808511085e-02 7.770540177571523544e-02 9.937530686816126169e-01
2.436449354127787417e-02 6.870795926438094670e-02 9.973392541097674258e-01
-3.214635159631023392e-02 7.265725548539235523e-02 9.968387709678339093e-01
-7.826472938434367310e-02 9.126596587224786172e-02 9.927462695008063553e-01
-1.016382668523499733e-01 1.237948213186952917e-01 9.870889042665496049e-01
-9.051459937374253806e-02 1.640522115307947726e-01 9.822901705667757000e-01
-4.031431344984076626e-02 1.988007153961699192e-01 9.792104123675363647e-01
3.548153586847727775e-02 2.119644084708161014e-01 9.766330683291374326e-01
8.998177093190048992e-02 9.864142117477456284e-02 9.910464928188940092e-01
1.209412226564440113e-01 8.309055679696671082e-02 9.891760106440423694e-01
1.263685384772107179e-01 6.680394917579671188e-02 9.897313902558350085e-01
1.079973282315441346e-01 5.321148163431601436e-02 9.927261028688583178e-01
7.213083954482371607e-02 4.359127177196744918e-02 9.964421423302062264e-01
2.732364415563738602e-02 3.902504187853963330e-02 9.988645877075720270e-01
-1.682872691952891700e-02 4.103995196799210127e-02 9.990157737957813255e-01
-5.045211468679968586e-02 5.076284245150370494e-02 9.974355708264511788e-01
-6.436793922384001498e-02 6.735241642840224252e-02 9.956507522225100937e-01
-5.215398403453087861e-02 8.676181217206413443e-02 9.948629804641401231e-01
-1.393940565716327018e-02 1.021210544027335992e-01 9.946743101224928552e-01
3.973633650305663512e-02 1.067663401888561958e-01 9.934897946955343340e-01
9.746316712428798601e-02 -7.502039292951783768e-03 9.952108572864052372e-01
1.225254392327308900e-01 -5.288041897463752021e-03 9.924512851287893289e-01
1.247776815980449622e-01 -2.034971146662374521e-03 9.921826389669406998e-01
1.056566383957359412e-01 4.367393347457026271e-04 9.944025764356113628e-01
7.117543437009461738e-02 7.763460766680762085e-04 9.974635105250830858e-01
2.979965675299142344e-02 -9.364601426634159816e-04 9.995554529388499532e-01
-9.039473506950331666e-03 -3.474496661480506315e-03 9.999531067963977060e-01
-3.613849222288015306e-02 -5.526489498730132593e-03 9.993315102076554268e-01
-4.390249589409767061e-02 -6.639051361362678476e-03 9.990137605915276886e-01
-2.838225959114408156e-02 -7.266360093812419992e-03 9.995707315400074178e-01
8.040157860351516625e-03 -7.877940938867898299e-03 9.999366449470747931e-01
5.506346548337151536e-02 -8.155176077484041844e-03 9.984495519915432826e-01
1.207993863840518128e-01 -1.117617856318992298e-01 9.863654553570967431e-01
1.442947169751370995e-01 -9.040586652281788760e-02 9.853962725480116536e-01
1.417210171973862232e-01 -6.746118652572442864e-02 9.876052559586334656e-01
1.164351215224716934e-01 -4.975486511355699248e-02 9.919512668844003844e-01
7.619911636546339295e-02 -4.101184641033581157e-02 9.962488259059987250e-01
3.061736113285379660e-02 -4.189105452772197424e-02 9.986529511035444617e-01
-1.029203771185720206e-02 -5.118758031613149934e-02 9.986360225734953744e-01
-3.703944834256856639e-02 -6.703994444909981698e-02 9.970625482459473110e-01
-4.186808576986451869e-02 -8.715274302441251841e-02 9.953147556311937594e-01
-2.091105737126089381e-02 -1.076813989311718456e-01 9.939655144942542986e-01
2.250220436227532914e-02 -1.221929313371982878e-01 9.922512475830869150e-01
7.568184867975036312e-02 -1.239684984716466626e-01 9.893958101624408252e-01
1.568903438876221301e-01 -2.050857251207886811e-01 9.660876074903821387e-01
1.835524912489147620e-01 -1.617183998808472967e-01 9.696162344434510194e-01
1.747737626656099552e-01 -1.186791602471530399e-01 9.774299917675399740e-01
1.383127246599588078e-01 -8.725603604128304158e-02 9.865373659277135721e-01
8.569750749153204339e-02 -7.236966939480689309e-02 9.936893720682848929e-01
2.868259628099491601e-02 -7.448643749043090678e-02 9.968094498451497421e-01
-2.162853092536157207e-02 -9.202911163763570490e-02 9.955213956823352195e-01
-5.471000359860957174e-02 -1.226949057114579689e-01 9.909353034474890354e-01
-6.094019833803614866e-02 -1.627662752294193882e-01 9.847809055187064509e-01
-3.372486830132058466e-02 -2.042454553663558547e-01 9.783386056066677439e-01
2.493427263936723662e-02 -2.326538390215195928e-01 9.722399257571866515e-01
9.772037860049605229e-02 -2.330591061250513463e-01 9.675402734037928942e-01
2.052248849252231722e-01 -2.757232949290513435e-01 9.390736985141203697e-01
2.389707195164839926e-01 -2.071661692283476575e-01 9.486702132675239874e-01
2.214754915567567484e-01 -1.448458811619333930e-01 9.643486285312868889e-01
1.689092839259879741e-01 -1.029772290728713652e-01 9.802373917047623175e-01
9.839888630254578494e-02 -8.528073173436527543e-02 9.914861854657563978e-01
2.405979545241117637e-02 -9.048835075022979013e-02 9.956068423938166934e-01
-4.222428889219986825e-02 -1.161950984682142141e-01 9.923284781358493456e-01
-8.887991279195203709e-02 -1.601959895759539065e-01 9.830755851031576231e-01
-1.032038738236339820e-01 -2.189401406819336537e-01 9.702650025770936937e-01
-7.225539495168377402e-02 -2.823164801962752546e-01 9.565963427225131488e-01
8.967928877383070721e-03 -3.271604948226694010e-01 9.449262335647846678e-01
1.185385953721538044e-01 -3.244909233067894694e-01 9.384317993859411233e-01
2.666448304802033209e-01 -3.041726278993515664e-01 9.145378870309087693e-01
3.071632649188377751e-01 -2.105863339423340030e-01 9.280647200712978107e-01
2.761447628348535077e-01 -1.349234700945176890e-01 9.515985115460716681e-01
2.036424300761878747e-01 -9.001258547675101973e-02 9.748987101889746709e-01
1.126704664347881885e-01 -7.468912893854721957e-02 9.908213259774840687e-01
1.837793566602063250e-02 -8.437656436528308268e-02 9.962644462523525535e-01
-6.789399495322481770e-02 -1.155173628628098081e-01 9.909824137321526782e-01
-1.345242673600221539e-01 -1.665200391919748057e-01 9.768184570526058375e-01
-1.658910413087916202e-01 -2.361637690136464407e-01 9.574480855997463680e-01
-1.396199288635556757e-01 -3.173416999360512136e-01 9.379768232455762966e-01
-3.268977020416707902e-02 -3.825540451687338139e-01 9.233546347146450728e-01
1.380329210858228517e-01 -3.776892357921128318e-01 9.155860166381751819e-01
3.379079502114636924e-01 -2.565356987916323495e-01 9.055427391510191271e-01
3.743059397571645852e-01 -1.521870258818555921e-01 9.147317489929120971e-01
3.243682520737624086e-01 -8.119456459146758009e-02 9.424397485927089591e-01
2.329802870599337605e-01 -4.693700152906336853e-02 9.713480857699779980e-01
1.250851831292248972e-01 -4.097410225938922373e-02 9.912995611345645219e-01
1.407139078017956638e-02 -5.566520521692439050e-02 9.983503297389130227e-01
-9.079708085712501209e-02 -8.650492586870836553e-02 9.921052302595502193e-01
-1.791842591719084443e-01 -1.320225021500153750e-01 9.749169504071178993e-01
-2.343489196541621022e-01 -1.933734014238787657e-01 9.527262521200625667e-01
-2.252617628615877776e-01 -2.719244282624602160e-01 9.355823018349027631e-01
-9.973368320084570471e-02 -3.523570998935254273e-01 9.305362252970672543e-01
1.641638527109434142e-01 -3.504261795746265729e-01 9.220909511169284034e-01
6.794283031707186726e-01 2.515394169377187517e-01 6.892786828107216879e-01
5.587111889727539582e-01 3.078362956011658769e-01 7.701159798545056390e-01
4.180240744168933209e-01 2.614819599450017296e-01 8.699902630668979731e-01
2.773221058393031124e-01 1.812051137121514222e-01 9.435343959694192373e-01
1.394273547073282549e-01 8.981086243385162649e-02 9.861511150672149784e-01
4.477673263969297532e-03 -7.217625551436789542e-03 9.999639275111603665e-01
-1.274234869229990408e-01 -1.101649515130428969e-01 9.857113869885038016e-01
-2.530647028026031808e-01 -2.204027067416897689e-01 9.420089718554993663e-01
-3.594453598722863186e-01 -3.368254465215069215e-01 8.702572331455121768e-01
-4.031166090331591012e-01 -4.527951121740541596e-01 7.952820794617259104e-01
-2.230923825077370803e-01 -5.447141753736439718e-01 8.084035230094288593e-01
6.155922438613820047e-01 -6.129269354876659692e-02 7.856776661044844179e-01
3.201066651259625306e-01 5.954516840730618155e-01 7.368643123917404392e-01
3.621779222706713597e-01 4.796167761773488802e-01 7.992464580021763076e-01
3.096575220253980909e-01 3.565755771515355388e-01 8.814567923795991744e-01
2.177071076164853736e-01 2.411847383086312968e-01 9.457449641949847718e-01
1.061012858549836985e-01 1.365789125322285635e-01 9.849308187844241225e-01
-1.792051077347113844e-02 4.201187810456358945e-02 9.989563841287698587e-01
-1.523694447063508872e-01 -4.258543002571541641e-02 9.874057086473662093e-01
-2.964693939019978908e-01 -1.124459833706434736e-01 9.483995989576514685e-01
-4.456478180543343437e-01 -1.496532270422078481e-01 8.826108621013333266e-01
-5.757642252667213301e-01 -1.035138835616358222e-01 8.110366408572710073e-01
-5.663190388244119244e-01 1.357412771290320008e-01 8.129311483443530939e-01
1.661914040740258836e-02 6.184168123541029516e-01 7.856745193590015663e-01
5.807429196351966694e-02 5.996073747346858385e-01 7.981844227850437568e-01
1.754252581751621631e-01 4.956434009910203331e-01 8.506254157080217482e-01
1.919339752016262224e-01 3.713073443033432786e-01 9.084559456735422645e-01
1.488467985257738158e-01 2.569995644476166241e-01 9.548800209672468897e-01
7.045057016285517781e-02 1.592065492636874635e-01 9.847283848022084785e-01
-3.089828746219065725e-02 7.899001635414931721e-02 9.963964437653790585e-01
-1.491368523575387905e-01 1.921495988857088028e-02 9.886298521617976620e-01
-2.793526656170360334e-01 -1.114408650637324465e-02 9.601238969781132893e-01
-4.097932762384389749e-01 8.191181479024502859e-03 9.121416421235101213e-01
-5.039584671743111421e-01 1.124958137364557437e-01 8.563705712218941946e-01
-4.686655476184891644e-01 3.303097886692212826e-01 8.192972891354397547e-01
-1.960872019431220137e-01 5.853175513629038651e-01 7.867357709552939005e-01
-3.917462831427337422e-02 4.716299335300251361e-01 8.809259641393049067e-01
6.966960380874497039e-02 4.109013022566907480e-01 9.090138976435161444e-01
1.097267871635161235e-01 3.208374420694254936e-01 9.407568059520904358e-01
9.570326842489157437e-02 2.314350926243539386e-01 9.681315418448234178e-01
4.437946370792704431e-02 1.539407768034890545e-01 9.870829248032896297e-01
-3.196162082616182259e-02 9.323844012327657527e-02 9.951306688458683158e-01
-1.245151009981360080e-01 5.474132681833446257e-02 9.907065038453242156e-01
-2.243243324877979561e-01 4.733041580557795919e-02 9.733644875346368908e-01
-3.161052243014838559e-01 8.382808680179452965e-02 9.450134068003896992e-01
-3.697722408557366780e-01 1.760876617182407233e-01 9.122837416523285059e-01
-3.391826623582687716e-01 3.165571481004693655e-01 8.858592966955157744e-01
-2.021390447686397529e-01 4.480672002789578001e-01 8.708476276677148409e-01
-3.800566071088971182e-02 3.207086977669506567e-01 9.464150785623987039e-01
3.896353346354434338e-02 2.911192914483581307e-01 9.558929862733380745e-01
7.448278162185834050e-02 2.378316185086298828e-01 9.684464035141162608e-01
6.998601854953143131e-02 1.794185394421554669e-01 9.812802580874837588e-01
3.459915374301029273e-02 1.258342934677492420e-01 9.914477440328938185e-01
-2.165991613812016589e-02 8.337386429888467287e-02 9.962829150319947313e-01
-8.934896977831792431e-02 5.837917378756098813e-02 9.942880033811015705e-01
-1.583515114633685383e-01 5.808332336311158861e-02 9.856729307252480865e-01
-2.151776127745810285e-01 8.893056756409767338e-02 9.725173258678133648e-01
-2.409351753166848464e-01 1.517662296395053123e-01 9.586017175219304631e-01
-2.157800652154691079e-01 2.336622823876290944e-01 9.480722025483899751e-01
-1.371370653381357441e-01 3.025009065339907544e-01 9.432320111491715453e-01
1.169146405038158643e-02 1.769689168677799074e-01 9.841469972167981028e-01
5.957529754420647777e-02 1.698468947601536050e-01 9.836680417005432275e-01
8.005199969735513066e-02 1.471919755035480393e-01 9.858631749344309858e-01
7.218481285527253433e-02 1.165693129157649305e-01 9.905558783225102415e-01
4.182984263761267696e-02 8.379357342891215199e-02 9.956047917305975714e-01
-2.586593800367075445e-03 5.443095290460962105e-02 9.985141866286082468e-01
-5.191826415557814628e-02 3.468665010345079597e-02 9.980487614098326743e-01
-9.661321724056960714e-02 3.062895015116974887e-02 9.948506187699138748e-01
-1.264725195375977773e-01 4.612316182889789062e-02 9.908972478238281534e-01
-1.312993696118019138e-01 8.000016920753728888e-02 9.881095326258729772e-01
-1.045868484834382439e-01 1.235148785965827084e-01 9.868159230016644301e-01
-5.067649730548139109e-02 1.609504731445517423e-01 9.856606098528820636e-01
8.756386632234811063e-02 4.666505539060565588e-02 9.950652953048342297e-01
1.139875371747752775e-01 6.074626898944360254e-02 9.916232813790003542e-01
1.165139139489565212e-01 6.384799767606501308e-02 9.911346735177414269e-01
9.712422043957062712e-02 5.545550951555416191e-02 9.937261052565755648e-01
6.237151277035001690e-02 3.753269170523832604e-02 9.973470265901502874e-01
2.076280439237222775e-02 1.446823164817857832e-02 9.996797368291963082e-01
-1.860196386494265483e-02 -7.805460329892584780e-03 9.997965001584595557e-01
-4.679726600598661107e-02 -2.335882342174520204e-02 9.986312538984299936e-01
-5.604327859340346024e-02 -2.784891140222665179e-02 9.980398734812010453e-01
-4.165171901360074924e-02 -1.963481150911187273e-02 9.989392416358964244e-01
-5.184127555393869095e-03 -4.465759199156317874e-04 9.999864626040956272e-01
4.318995632707024052e-02 2.429970936741844556e-02 9.987713210727496849e-01
1.821171617226222395e-01 -6.802212694976675356e-02 9.809211638309524028e-01
1.929592895005742270e-01 -2.882196629114001235e-02 9.807833638753785666e-01
1.755920894121691667e-01 -2.016166361788506931e-03 9.844609454970778550e-01
1.380162636329679837e-01 6.448638793115323009e-03 9.904089690781806565e-01
9.031897962589628681e-02 -3.403362612990110114e-03 9.959070734974623251e-01
4.256151654288132385e-02 -2.746080387290448718e-02 9.987163869488211443e-01
4.448123716995748371e-03 -5.965213439525302724e-02 9.982093152527706792e-01
-1.484049435100264283e-02 -9.345210473244583427e-02 9.955131660849029229e-01
-7.910156984768854788e-03 -1.221897758050408261e-01 9.924752329933785866e-01
2.754163792545476913e-02 -1.383468649313129295e-01 9.900008096683889924e-01
8.384196292368156778e-02 -1.343157398022113980e-01 9.873853388086905047e-01
1.421646944302369653e-01 -1.079105360779898520e-01 9.839433499246054149e-01
2.944886266091929494e-01 -1.617081329136970946e-01 9.418741574898047419e-01
2.922680537102537723e-01 -8.992839409406293283e-02 9.520988754935398868e-01
2.509444666209391661e-01 -4.025434384443182106e-02 9.671641341953666204e-01
1.881413055834475490e-01 -2.073190904256353578e-02 9.819231319613829223e-01
1.194493404589598712e-01 -2.993491250367204259e-02 9.923889137215264888e-01
5.700666974529936676e-02 -6.227779919629015254e-02 9.964294833714107957e-01
1.129372367721763123e-02 -1.111619832970202199e-01 9.937381271113869818e-01
-7.238727488775767611e-03 -1.696161851380681151e-01 9.854836125294279547e-01
1.129803414222051161e-02 -2.282589236600882643e-01 9.735349085645825795e-01
7.131566082148602104e-02 -2.713161767050311646e-01 9.598445753246078738e-01
1.611721331866833584e-01 -2.770770047568724692e-01 9.472338026691715651e-01
2.471729308383921464e-01 -2.342031210393762664e-01 9.402416925216855459e-01
4.254726702400408178e-01 -2.202945467399934909e-01 8.777490071514555403e-01
4.077155310156427848e-01 -1.072393412369461452e-01 9.067898154808018418e-01
3.351301721216673468e-01 -3.846631958265760154e-02 9.413862703437149149e-01
2.401474060636625552e-01 -1.687351273761000456e-02 9.705897732454595861e-01
1.441263361168482748e-01 -3.425892125431100055e-02 9.889660891820982735e-01
5.993770864238263940e-02 -8.157590030590185226e-02 9.948632285756310312e-01
-2.243909632293392652e-03 -1.519346975287954038e-01 9.883879868535524471e-01
-3.044830479160799686e-02 -2.394218953393151272e-01 9.704380746691095849e-01
-9.127135892869281744e-03 -3.339643778412453301e-01 9.425415055708213918e-01
7.609050991531783603e-02 -4.112910924768421461e-01 9.083225591990283787e-01
2.178950288245311007e-01 -4.267154380696201454e-01 8.777446618046401694e-01
3.584661905749307875e-01 -3.473733477805521774e-01 8.665066344041604252e-01
5.703873732495221560e-01 -2.127900094249830232e-01 7.933338870402050214e-01
5.253496257748663245e-01 -5.654711231998342524e-02 8.490054150512701403e-01
4.128018713423995401e-01 1.622841017812467687e-02 9.106762617523336267e-01
2.831339237640509987e-01 2.398368535544925795e-02 9.587804566483457691e-01
1.589711023185402805e-01 -1.204391502920200245e-02 9.872097713953714715e-01
5.009671553468145883e-02 -7.887874899032147613e-02 9.956246592217763425e-01
-3.601811578338873915e-02 -1.706701873922321644e-01 9.846696819090605679e-01
-8.737898890927817130e-02 -2.849753315648020924e-01 9.545438558267934637e-01
-8.188067426046177766e-02 -4.158788854933994639e-01 9.057263978615315292e-01
1.476587470681162834e-02 -5.375415364765675497e-01 8.431079797430879319e-01
2.261961162416173399e-01 -5.746997900320406361e-01 7.864829739634512373e-01
4.723210014804475332e-01 -4.263435198636787993e-01 7.714558150866046571e-01
6.980199402212102777e-01 -7.892256626426179256e-02 7.117158081620403864e-01
6.029277122066223349e-01 8.752320532059008895e-02 7.929803669598981530e-01
4.530126301413224810e-01 1.263016242409871481e-01 8.825120150155172372e-01
3.005632580301267898e-01 9.749582042439772223e-02 9.487656680773730589e-01
1.584744989230588430e-01 3.373701625158968820e-02 9.867865255088623666e-01
2.972887198449354618e-02 -5.218315528858729485e-02 9.981949270931091966e-01
-8.276873809467005794e-02 -1.574190327483869778e-01 9.840572057166357967e-01
-1.702615331306286117e-01 -2.836650938493868179e-01 9.436869845808821822e-01
-2.098711247337664842e-01 -4.323206902007979413e-01 8.769566305281162322e-01
-1.484606511636877013e-01 -5.916756337422803824e-01 7.923884019164417758e-01
1.164457109408132823e-01 -6.816454593109791960e-01 7.223571583393518791e-01
5.804991551504514735e-01 -4.071322506721332668e-01 7.051695266617461488e-01
5.781330994053408556e-01 8.157118734674221328e-01 -1.939739301988916212e-02
4.696836494197454970e-01 7.433810272694022503e-01 4.762162510497103818e-01
3.494762304994299407e-01 5.558054752799493903e-01 7.542855148846314695e-01
2.275173310952576522e-01 3.588731674317076625e-01 9.052325191621702904e-01
1.089695767878464672e-01 1.701260114759177711e-01 9.793787681761261243e-01
-5.156774029869229739e-03 -1.575713798937016658e-02 9.998625506959081255e-01
-1.152354182330583982e-01 -2.109005833418186593e-01 9.706913733678425027e-01
-2.168047526797301505e-01 -4.285934507838389806e-01 8.770993975375342977e-01
-2.900228346193881035e-01 -6.760578082578386772e-01 6.773718294208053159e-01
-2.770350690413684869e-01 -9.201510193333020116e-01 2.767194827635425236e-01
-2.045585917756048006e-02 -8.846061997935669163e-01 -4.658899324005278952e-01
5.885722569714292307e-01 3.429525072289661414e-01 -7.320971766841509742e-01
-8.383165202649239811e-02 9.860888605494327885e-01 1.435305306156350880e-01
1.253771109783339832e-01 8.318472971593516840e-01 5.406576127748485838e-01
1.659400810895178824e-01 6.071855879316985227e-01 7.770389638210372096e-01
1.274136216505515617e-01 3.935864655032820791e-01 9.104149950382569578e-01
5.008685825717744400e-02 2.013741354147869367e-01 9.782329805398888301e-01
-5.115850959903809475e-02 2.372738249247411876e-02 9.984086428990610607e-01
-1.742990675320724714e-01 -1.490612410878840166e-01 9.733450474845889433e-01
-3.234388598947071092e-01 -3.229059012264779427e-01 8.894487522411402836e-01
-5.059365527713126642e-01 -4.878053871699933319e-01 7.113888590763232100e-01
-7.308769920203355142e-01 -5.720889263225795718e-01 3.722003263224791803e-01
-9.439910534992020930e-01 -2.853172794627385489e-01 -1.657556664290394111e-01
-5.938407388409219223e-01 7.207069134957033718e-01 -3.576796356131353716e-01
-3.698790662711363697e-01 7.911241775350714711e-01 4.871468074963779538e-01
-1.027958399049568733e-01 7.172970118957264773e-01 6.891429547080100138e-01
1.658375827365299315e-02 5.474360392292466626e-01 8.366831908878588075e-01
3.744024349787222761e-02 3.683794045434082842e-01 9.289213327699681333e-01
-1.409548294267203537e-03 2.039618139157577115e-01 9.789778300031589664e-01
-8.087863513880590161e-02 5.661464198352168797e-02 9.951147816664970280e-01
-1.957633150337408923e-01 -7.446519834964072937e-02 9.778198498302561603e-01
-3.486108446354386214e-01 -1.835485264919187176e-01 9.191193706070454050e-01
-5.423985072991036605e-01 -2.456222277856120739e-01 8.034137044496070246e-01
-7.616920530209942974e-01 -1.932935208396944216e-01 6.184357938912735664e-01
-9.107845912163077262e-01 9.018687721376475452e-02 4.029115977251522818e-01
-7.464378768182325929e-01 5.824544421629690438e-01 3.218343034165599970e-01
-3.665558837199355824e-01 5.556481117609038956e-01 7.462519413755314135e-01
-1.708814631476566481e-01 5.327081804944626686e-01 8.288676130642187445e-01
-5.470370488386972624e-02 4.296052279934104434e-01 9.013583375953402310e-01
-1.426700244382919647e-02 3.039925718898359719e-01 9.525675665678615678e-01
-2.999543614348857551e-02 1.817214662523750357e-01 9.828924572472237386e-01
-8.729225577069621433e-02 7.258199965898666506e-02 9.935350599791783477e-01
-1.791073367019581086e-01 -1.673794217940193299e-02 9.836871470295258657e-01
-3.022536109133432958e-01 -7.504259930527690248e-02 9.502691002969364531e-01
-4.490377694858666557e-01 -8.079719322179799990e-02 8.898521760061288699e-01
-5.914875357454801863e-01 -8.874204434282266301e-04 8.063136533277671658e-01
-6.625012554934779363e-01 1.873288600505662316e-01 7.252585640043867077e-01
-5.769706669380129105e-01 4.283617096718589923e-01 6.954215233798877183e-01
-2.548296652629220005e-01 3.602438936820106519e-01 8.973773892665014573e-01
-1.356186077687374369e-01 3.577436410807623424e-01 9.239194123369128819e-01
-5.474753370529705787e-02 3.036708960190128703e-01 9.512027620145527829e-01
-2.180532346874539465e-02 2.264437423448492637e-01 9.737801391593007283e-01
-3.024998777177059089e-02 1.444414341232210797e-01 9.890508633778266612e-01
-7.096988162486010665e-02 6.903042914843467159e-02 9.950869689397640050e-01
-1.367383890493159837e-01 1.011514196954015933e-02 9.905555496099415214e-01
-2.210732656042962152e-01 -2.081511362484289585e-02 9.750350466931982929e-01
-3.132863889392598633e-01 -1.026182853649192442e-02 9.496032505107855348e-01
-3.913736439683113688e-01 5.305881024090713244e-02 9.187009488745255803e-01
-4.200829342154972501e-01 1.650385306965858057e-01 8.923522912876623581e-01
-3.694828962222615476e-01 2.884792335543737707e-01 8.833244710790739695e-01
-1.096109571897663643e-01 2.062752029994875669e-01 9.723353221453527873e-01
-4.655808869888946461e-02 2.165107547155189494e-01 9.751694403893031993e-01
-5.222386368306427759e-03 1.956261504694271069e-01 9.806646398912444162e-01
7.573803881237302360e-03 1.540412583871008378e-01 9.880353881360087742e-01
-5.245094516957165935e-03 1.020088737257352357e-01 9.947696611100231845e-01
-3.727425687416838912e-02 4.938524449430989338e-02 9.980840282263067076e-01
-8.169570274618835615e-02 6.508984290106998097e-03 9.966360646074741148e-01
-1.315091048194021728e-01 -1.617846256364456614e-02 9.911829360409405432e-01
-1.779490663051066512e-01 -9.979353211085312259e-03 9.839890966420701268e-01
-2.087021421576129299e-01 2.850980544546759254e-02 9.775636075735125718e-01
-2.094799307250012343e-01 9.221294314860754848e-02 9.734551513752871532e-01
-1.728189697015011517e-01 1.604881485779644235e-01 9.717906965377497430e-01
4.936805950602544263e-02 8.583058884849233128e-02 9.950858780620650546e-01
7.199554197077112638e-02 1.119916832416950198e-01 9.910976262814623627e-01
7.600166193159069161e-02 1.155625564429180324e-01 9.903883293596185133e-01
6.260001368414089273e-02 9.737419131904387348e-02 9.932771542483285199e-01
3.690607947521592352e-02 6.265694574042199316e-02 9.973525196480242938e-01
5.433637984422955321e-03 1.977372255786048749e-02 9.997897156273763963e-01
-2.503675656436654337e-02 -2.113867395852823960e-02 9.994630144652866255e-01
-4.786835037609487448e-02 -4.996860079462494414e-02 9.976030071961335954e-01
-5.705317261856499012e-02 -5.863570360653555524e-02 9.966477761761071141e-01
-4.851759805032015982e-02 -4.316482874938860903e-02 9.978891923647276174e-01
-2.258126635485848896e-02 -6.024939401929278043e-03 9.997268559536260923e-01
1.394150051421113624e-02 4.226766210234544213e-02 9.990090486597442698e-01
2.222814758281203007e-01 -4.855780970768391533e-03 9.749704441133689725e-01
2.112668066545404233e-01 4.535091731688175448e-02 9.763757630668375986e-01
1.772080847606221088e-01 6.927901934368545234e-02 9.817319961040615883e-01
1.320118091137067184e-01 6.387093069298974135e-02 9.891882462236416540e-01
8.593020563537788481e-02 3.358314216416908443e-02 9.957349910099976276e-01
4.711865976029958047e-02 -1.298794624367620790e-02 9.988048583956634641e-01
2.286880876732894433e-02 -6.547919579833021142e-02 9.975918466501404458e-01
2.012159115325291500e-02 -1.131003105911357470e-01 9.933798071802698582e-01
4.384631910774770130e-02 -1.450030029233110307e-01 9.884592199195704199e-01
9.252853015698382644e-02 -1.506135233927145545e-01 9.842530353918017560e-01
1.528247670006565584e-01 -1.232437922490533383e-01 9.805384022378607067e-01
2.018823052615392744e-01 -6.819324599431966782e-02 9.770328633280759290e-01
4.144401295631618964e-01 -5.978630887701334717e-02 9.081106630133753965e-01
3.674510781145675087e-01 2.499139743382488080e-02 9.297070158101592430e-01
2.890120961308402792e-01 6.530269976737776427e-02 9.550955793496077595e-01
2.049061591146403849e-01 6.107882841286092074e-02 9.768740157649518085e-01
1.313341370567092381e-01 2.157582303893354828e-02 9.911033388622166873e-01
7.773357216253179436e-02 -4.212222165749676672e-02 9.960839373273123742e-01
5.181908822189552899e-02 -1.193402837249823989e-01 9.915002162259106688e-01
6.231192688127594470e-02 -1.987039233233093560e-01 9.780766711379719203e-01
1.170867944893858592e-01 -2.645090787967296908e-01 9.572489904881471556e-01
2.139235980754936040e-01 -2.930956497832861718e-01 9.318431382289087406e-01
3.256907598084284317e-01 -2.603373050826240931e-01 9.089279490464422517e-01
4.029392991046885641e-01 -1.689496933677151480e-01 8.994975944092103992e-01
6.254733665478029447e-01 -5.559840754036354804e-02 7.782620926258151384e-01
5.302041640977964709e-01 7.153331876182039695e-02 8.448470445473238444e-01
3.973336665978419724e-01 1.166011057891482433e-01 9.102363097112640133e-01
2.686717712721923279e-01 9.641757379660217953e-02 9.583940373272705759e-01
1.633519916000188976e-01 3.224928694998003414e-02 9.860406230635517799e-01
8.911973412454375632e-02 -6.110231127716415911e-02 9.941449494646421581e-01
5.279559206343717448e-02 -1.742789020349856111e-01 9.832799650986300266e-01
6.623334038755752939e-02 -2.977941235755773852e-01 9.523296722171056272e-01
1.463669992831645450e-01 -4.119493077534018277e-01 8.993744878316259905e-01
3.016666212821204618e-01 -4.729848337422670190e-01 8.278179731402136587e-01
4.947511464096072675e-01 -4.196146191549913751e-01 7.610156861181978094e-01
6.240659921580116176e-01 -2.466764833043568195e-01 7.414124021193168046e-01
8.267644615989012680e-01 5.889736307482552197e-02 5.594565449253309231e-01
6.628296357783484138e-01 2.160525755929676439e-01 7.169227005148555154e-01
4.729844403859518875e-01 2.338240172315491638e-01 8.494775147810270655e-01
3.056961832109302835e-01 1.716565926548532517e-01 9.365275531282258870e-01
1.732021031254170618e-01 6.709960757688961108e-02 9.825979208892243744e-01
7.691170586287222888e-02 -6.419936914812687800e-02 9.949688590615014538e-01
2.067187716165776179e-02 -2.181485100385906484e-01 9.756966234760207080e-01
1.897113687957049585e-02 -3.920712425389508704e-01 9.197392221382495459e-01
1.027288525515307610e-01 -5.689953674751355717e-01 8.158989242823826427e-01
3.118541221211171277e-01 -6.852535152316093781e-01 6.581600309793578241e-01
6.283142803954928635e-01 -6.031169540671512674e-01 4.913970947896376118e-01
8.524185989962547172e-01 -2.635552360431299701e-01 4.515763165174007665e-01
9.009528507593860258e-01 3.592416567507450420e-01 2.433708954735516183e-01
6.769189621899243114e-01 4.707140715850516299e-01 5.658701100423421115e-01
4.678829325569592301e-01 4.026086757310635700e-01 7.867603292286092787e-01
2.948384120677353670e-01 2.717489301481253450e-01 9.160910597384231968e-01
1.546041529365932143e-01 1.188949404536843307e-01 9.807963851021250790e-01
4.253469578684318519e-02 -4.827191349751020627e-02 9.979281647601867533e-01
-4.099515545558237578e-02 -2.348376515406201404e-01 9.711697455378722754e-01
-8.319129779554702842e-02 -4.485453802072514318e-01 8.898799075526231395e-01
-4.622854498665399103e-02 -6.859195227020222774e-01 7.262074978989233598e-01
1.498506308509354179e-01 -8.871396118264209818e-01 4.364952434588278418e-01
5.899982799572945913e-01 -8.063933328576117221e-01 4.039582119975990843e-02
9.900582148349610367e-01 -1.281257819427099043e-01 -5.803891142406022302e-02
2.381579957373880785e-01 8.922345349107886348e-01 -3.836643113176769759e-01
2.208522076350729335e-01 9.493210347074162447e-01 2.236378220350472845e-01
1.732225534039449621e-01 7.503752161229587658e-01 6.379114217669357156e-01
1.116809719163652931e-01 4.866680235285993361e-01 8.664188336980007676e-01
5.010140412345438082e-02 2.247670251367929750e-01 9.731236477014890696e-01
-6.790462476889915291e-03 -3.154816732941684299e-02 9.994791657445861732e-01
-5.784294554465090055e-02 -2.985663253177220366e-01 9.526344225551450773e-01
-9.649183813672299048e-02 -5.880480875338129909e-01 8.030496696473148344e-01
-1.006216459104288946e-01 -8.708486623750485434e-01 4.811422779321378185e-01
-3.123038246809278079e-02 -9.958062453038014628e-01 -8.599177300746800590e-02
1.191714607197573716e-01 -6.324270930223963028e-01 -7.653980238810565995e-01
2.223597710656884108e-01 3.143295976444592243e-01 -9.229046734394252827e-01
-4.050775318128012059e-01 8.866523069672449520e-01 -2.230692264074089215e-01
-1.742291931790430348e-01 9.367237697075266878e-01 3.036326193102825144e-01
-5.075267027558856558e-02 7.404281092461910685e-01 6.702166675769649640e-01
-1.227103118047418416e-02 4.830801724042758649e-01 8.754901306259965654e-01
-2.430024067038425578e-02 2.302869351291801092e-01 9.728193181738472584e-01
-6.903265431053677570e-02 -1.238417171777915493e-02 9.975375305871031495e-01
-1.433569228421698039e-01 -2.576819384505010246e-01 9.555358764953220119e-01
-2.514734828985301096e-01 -5.128917482687960216e-01 8.207942141346065146e-01
-3.965281564030316286e-01 -7.467482771795764807e-01 5.339779318559687571e-01
-5.670239741951075274e-01 -8.227062661029004298e-01 4.047483666620398796e-02
-7.065309388845945060e-01 -4.709106253619716465e-01 -5.282586632701985474e-01
-6.604502240078140574e-01 3.515565466895781976e-01 -6.634858672855324935e-01
-6.917507458196804349e-01 6.887616892386042577e-01 2.169982513640119903e-01
-3.999211591968582225e-01 7.514370962983903945e-01 5.247907742455983904e-01
-2.019167029440111227e-01 6.154553877257649130e-01 7.618689590681343438e-01
-1.051282331380690438e-01 4.143364981847837969e-01 9.040317034645083405e-01
-8.153724984922264274e-02 2.077150456183322058e-01 9.747851746465686640e-01
-1.117539120831817501e-01 8.754118169223576093e-03 9.936973525924184258e-01
-1.917194599374699437e-01 -1.842401556864258771e-01 9.640016668625907004e-01
-3.284503580077142160e-01 -3.669744742577999430e-01 8.703160906061974122e-01
-5.298335318156076612e-01 -5.042699659035029258e-01 6.819004546496555408e-01
-7.775126948583817033e-01 -4.970629716629050288e-01 3.852303356899215436e-01
-9.746033999096543887e-01 -2.096910360125856798e-01 7.859950572616704323e-02
-9.501524686315525603e-01 3.117823037321548751e-01 -1.442717101394274315e-03
-6.433621128656693555e-01 4.680416165819799024e-01 6.058236021123696302e-01
-4.188970573492468152e-01 5.230828948826723446e-01 7.422328074300547085e-01
-2.423473692622012121e-01 4.488324206491462465e-01 8.601262760698523691e-01
-1.410583412840044626e-01 3.164982072384458500e-01 9.380466028770223508e-01
-1.056396905378128859e-01 1.691330917422407265e-01 9.799154315861253739e-01
-1.239871806566894552e-01 2.404010153193981286e-02 9.919925667822500071e-01
-1.922150761877913505e-01 -1.107053629676382628e-01 9.750885534640223451e-01
-3.132039519660389515e-01 -2.228192633702371916e-01 9.231765055200878978e-01
-4.863366075160476254e-01 -2.829528048813944041e-01 8.266888256167248539e-01
-6.843285783226831231e-01 -2.380187005293845914e-01 6.892325406486472517e-01
-8.279152804411589184e-01 -4.411900991296965197e-02 5.591151950862599529e-01
-8.167382726322341968e-01 2.467145512382571126e-01 5.216038000486279413e-01
-4.520208780397731996e-01 2.942672902601243257e-01 8.420711892109327135e-01
-3.149384789207290147e-01 3.347204726622570181e-01 8.881305983220987299e-01
-1.968077157501792740e-01 3.012808182250023559e-01 9.330040683677848223e-01
-1.227164199062742850e-01 2.240779434863326425e-01 9.668142301024419405e-01
-9.398373861436090659e-02 1.281730555968137730e-01 9.872885721485429311e-01
-1.054740641426494541e-01 2.961303029201504955e-02 9.939810311220025341e-01
-1.540063018549149287e-01 -5.912666425267333603e-02 9.862991922147247292e-01
-2.384132690205005289e-01 -1.238518513261542275e-01 9.632340484419940063e-01
-3.528953849361030071e-01 -1.450929465300083987e-01 9.243445700376036189e-01
-4.747024676596599546e-01 -1.004918238122961133e-01 8.743906224020098206e-01
-5.569312324283310911e-01 1.714574397346528903e-02 8.303816145661427894e-01
-5.505413320036218749e-01 1.727602497496219802e-01 8.167362719152309047e-01
-2.277901237887168251e-01 1.745539420576052436e-01 9.579366267225641884e-01
-1.607219323504491537e-01 2.069508539023718063e-01 9.650594823795156652e-01
-1.021064478060866171e-01 1.973320932731084110e-01 9.750047785939549572e-01
-6.555987533058738048e-02 1.553838084524588881e-01 9.856763032646542744e-01
-5.334359308846896297e-02 9.391540498654234181e-02 9.941500680393569045e-01
-6.312629856730676836e-02 2.583635181234249581e-02 9.976710647072307703e-01
-9.221307017786999072e-02 -3.570005237877556248e-02 9.950991186553178602e-01
-1.379815158034871647e-01 -7.729228775514621064e-02 9.874143018765283442e-01
-1.950938126038482545e-01 -8.634637551838961200e-02 9.769763086781160233e-01
-2.509489929942752551e-01 -5.441412138776521856e-02 9.664697130841797268e-01
-2.845758302101870640e-01 1.562518696515120473e-02 9.585261865971820283e-01
-2.768261098703964085e-01 1.029439746143365197e-01 9.553898905602075109e-01
-4.751759689622955894e-04 1.000487201037823654e-01 9.949824258816383216e-01
1.249186754852412221e-02 1.355126028641351066e-01 9.906968697387085188e-01
1.746741193127401143e-02 1.405807810260188695e-01 9.899151143034662370e-01
1.423121343671872145e-02 1.166648642250424084e-01 9.930693742228633436e-01
4.868550319132034301e-03 7.116076696755375963e-02 9.974529775694600531e-01
-7.848850240322039276e-03 1.511489060456620848e-02 9.998549572972849075e-01
-2.119241246641537235e-02 -3.852821112225738448e-02 9.990327615255548688e-01
-3.256201066878936651e-02 -7.685757596245847145e-02 9.965102249744023366e-01
-3.940821691951875566e-02 -8.922616295465597702e-02 9.952314727155433527e-01
-3.945006821582860285e-02 -6.994488492443654004e-02 9.967704877204641711e-01
-3.157532965426865929e-02 -2.175960082331752227e-02 9.992644886761297141e-01
-1.719044008450340902e-02 4.179380227264613973e-02 9.989783615580004605e-01
2.329491112107482109e-01 6.525194434168837820e-02 9.702973231673063248e-01
1.966681782403068290e-01 1.164281012017993056e-01 9.735328062876403843e-01
1.483632216952472105e-01 1.311639546670815004e-01 9.801960882620627258e-01
1.024967336203802398e-01 1.104889037640655602e-01 9.885780807513661061e-01
6.745311481949466115e-02 6.291380241224840686e-02 9.957368782801370166e-01
4.751194325864674384e-02 2.539097575803696098e-04 9.988706376592406677e-01
4.573365008150467176e-02 -6.429276176645405683e-02 9.968825778568893847e-01
6.493769719950642783e-02 -1.170475912741285318e-01 9.910009873151058857e-01
1.056737120528817575e-01 -1.445053598825653540e-01 9.838451440882353127e-01
1.612253215462138289e-01 -1.352715122824553751e-01 9.776031984691508914e-01
2.137908684710811691e-01 -8.624017746609993762e-02 9.730653093955744515e-01
2.411016207456581906e-01 -1.054615979778781611e-02 9.704425727406060798e-01
4.789099234908199554e-01 7.663492560874514414e-02 8.745126490558990939e-01
3.869604757665937589e-01 1.562427710576894946e-01 9.087627780045276493e-01
2.786647370329020101e-01 1.740248112767634747e-01 9.444899837448939017e-01
1.853774182469626053e-01 1.402279712616058271e-01 9.726105741148241002e-01
1.210299001360119475e-01 7.184592644935605676e-02 9.900454161935473563e-01
9.005653820768150242e-02 -1.603049052315198147e-02 9.958076336822468955e-01
9.553204804381229542e-02 -1.101782239300840710e-01 9.893100559321705845e-01
1.421682017376951490e-01 -1.958695193041292970e-01 9.702697222020925105e-01
2.323116114239574814e-01 -2.524007722029170120e-01 9.393216517195187576e-01
3.532188467304488988e-01 -2.525008785216834584e-01 9.008217096963091475e-01
4.642726855218936577e-01 -1.783825649336683306e-01 8.675428139323512200e-01
5.128477525927092051e-01 -5.044276061506722253e-02 8.569963305418751842e-01
7.209347737486393459e-01 1.586041189798159667e-01 6.746093576601348563e-01
5.611502359428939268e-01 2.737445440161842547e-01 7.811365676517040280e-01
3.869923884939536207e-01 2.781047606843261022e-01 8.791442619572065187e-01
2.461127910057595569e-01 2.087485190883591746e-01 9.464948757820831338e-01
1.530620920320683309e-01 9.950100179757097318e-02 9.831945619377578938e-01
1.088292147733545961e-01 -3.084918877228291084e-02 9.935816672845121378e-01
1.155090094119336080e-01 -1.717827770412866384e-01 9.783395863690960148e-01
1.820573198846571483e-01 -3.099638982245571106e-01 9.331546035216549129e-01
3.196575165875866764e-01 -4.149232851699536373e-01 8.518554686758149641e-01
5.179999535845232206e-01 -4.288700188380514255e-01 7.400990170430732373e-01
7.089344703962900951e-01 -2.989265203880107080e-01 6.387917126049662553e-01
7.886555577790370641e-01 -6.167168706469287193e-02 6.117344311044669025e-01
8.760140868032203487e-01 3.481003485024003474e-01 3.338045342635411750e-01
6.531317541251271397e-01 4.853466594871495565e-01 5.812551349260119959e-01
4.319263147525047031e-01 4.425485059880590599e-01 7.858692502394881707e-01
2.630114089201651129e-01 3.101780770290126776e-01 9.135724160176642572e-01
1.530943362836021948e-01 1.429704309962789022e-01 9.778146961764987433e-01
9.703976446553863600e-02 -4.069466638199265712e-02 9.944482028947456698e-01
9.521247704047226812e-02 -2.382757929724509116e-01 9.665191310569453131e-01
1.614917754244495074e-01 -4.432501969043489698e-01 8.817310641088118572e-01
3.223511528479676147e-01 -6.180547024607598861e-01 7.170063591236147671e-01
5.869969361273814634e-01 -6.599349448667815032e-01 4.689567842784307383e-01
8.689053112910343213e-01 -4.394466649577826733e-01 2.277941804955777028e-01
9.854675359804698775e-01 -9.975978900619405371e-03 1.695706795814698464e-01
7.598018923412958037e-01 6.418954150203382003e-01 -1.033022776628667455e-01
5.530034403017829447e-01 7.550992973724544033e-01 3.521537251285855596e-01
3.622242638779390456e-01 6.283155233454477129e-01 6.884861551122433143e-01
2.167166620973027813e-01 4.179216751583765266e-01 8.822558369329344119e-01
1.163374977606332072e-01 1.908703189098619191e-01 9.746969313452943373e-01
5.502259933956039212e-02 -4.169684772931013528e-02 9.976140969590906460e-01
3.246148235315216707e-02 -2.887845752142944034e-01 9.568436242572989636e-01
6.303338985198046751e-02 -5.549440599197547064e-01 8.294961616086444778e-01
1.824167720657053904e-01 -8.044074657093617242e-01 5.653784134367515479e-01
4.294114646762764997e-01 -8.939839642535859499e-01 1.280564940242316929e-01
7.440712279943146878e-01 -5.724249747607128569e-01 -3.445107486585582968e-01
8.810418974126924541e-01 1.348869032630672371e-01 -4.533990497690578714e-01
-5.829806662665618653e-04 8.517721177817210165e-01 -5.239121295626809616e-01
-4.090782182327151045e-02 9.950935251796108050e-01 9.008566067571199820e-02
-5.027612101224473301e-02 8.216674170841146152e-01 5.677455128474778734e-01
-4.335915098787637700e-02 5.361096578094218801e-01 8.430340555571190775e-01
-2.484060712228252851e-02 2.421633424181751371e-01 9.699174500061749082e-01
2.406949688044359575e-03 -4.447501661154378699e-02 9.990075973138689003e-01
3.620224582940157615e-02 -3.410341766729917401e-01 9.393535477858013794e-01
7.712573341763911960e-02 -6.538332971889642131e-01 7.526975758775242831e-01
1.279140725441101356e-01 -9.218670683552991907e-01 3.657855906497936571e-01
1.788604251945141721e-01 -9.542657930858664539e-01 -2.395532183993222264e-01
1.803919729978342157e-01 -5.221394161560131142e-01 -8.335641344096160754e-01
8.792504294607592086e-02 2.625379334819231691e-01 -9.609073942405506052e-01
-5.937416899652735447e-01 7.152909130322864240e-01 -3.685508314066628932e-01
-4.351423059628081735e-01 8.829062589592074906e-01 1.764304720050891007e-01
-2.802520376046286343e-01 7.443543937219401219e-01 6.061314477614241358e-01
-1.696867609823085876e-01 4.886776036056217354e-01 8.558040680445982984e-01
-1.002997869497036926e-01 2.169201594708577152e-01 9.710229642767848057e-01
-6.402481101923947204e-02 -5.217158340239718556e-02 9.965836389682751761e-01
-6.130469005857380055e-02 -3.317839386727103324e-01 9.413613296794005603e-01
-1.014119152732892160e-01 -6.266175987538211700e-01 7.727004648456664571e-01
-1.976078047428214413e-01 -8.822099153899088941e-01 4.273836925907700812e-01
-3.537029949833247477e-01 -9.290546876314926816e-01 -1.084046988362834391e-01
-5.376615249315501721e-01 -5.603488326997496660e-01 -6.300232299687660298e-01
-6.514090276042199257e-01 1.446398745759758520e-01 -7.448124498410749750e-01
-8.719660663754648100e-01 4.828449958251701535e-01 8.084484582292396360e-02
-6.358683693094736578e-01 6.418873224572210212e-01 4.285464761032199421e-01
-4.080655451976509251e-01 5.655957768893005166e-01 7.166477014459975425e-01
-2.461066542855078754e-01 3.813720419074015933e-01 8.910594146115491387e-01
-1.507036659433522441e-01 1.691545568730902782e-01 9.739995590144677751e-01
-1.121101209436765889e-01 -4.875667143841063561e-02 9.924989207914139966e-01
-1.307019818385190824e-01 -2.745653358923614840e-01 9.526441456650623918e-01
-2.195893907959661495e-01 -5.045155521901105722e-01 8.350117107250979442e-01
-3.956573608848947265e-01 -6.924562730980716729e-01 6.032906120806456052e-01
-6.483935611106045327e-01 -7.164373862194840514e-01 2.574941970943239733e-01
-8.927178509319746436e-01 -4.455912333537633829e-01 -6.710656738088048578e-02
-9.882597368049421682e-01 5.280377150775361628e-02 -1.433682472691604759e-01
-8.074001422006988893e-01 2.770813593956278909e-01 5.208943565153744126e-01
-6.074295607740999303e-01 3.979304037486338652e-01 6.875177979298762176e-01
-4.051349620032647092e-01 3.721291021605617200e-01 8.350961584678018301e-01
-2.540140309629742021e-01 2.623424047041411078e-01 9.309421758454422546e-01
-1.631935096278551989e-01 1.185445972604793341e-01 9.794463011699580113e-01
-1.289096002446997180e-01 -3.753710461544985250e-02 9.909456497416170295e-01
-1.527563767367165759e-01 -1.980459605751612451e-01 9.682165495724450732e-01
-2.447825902708560264e-01 -3.514246392556051313e-01 9.036493824622389148e-01
-4.138240378259634977e-01 -4.626287358722948051e-01 7.840435692373532994e-01
-6.390038139547918883e-01 -4.616862229493051695e-01 6.152397559407194461e-01
-8.388873757411633436e-01 -2.886514129897391756e-01 4.614632516257886619e-01
-9.069854156011221136e-01 8.984691048121041385e-03 4.210661838872216678e-01
-5.747656233091416045e-01 1.477840455516263585e-01 8.048629412157835006e-01
-4.488013844011340403e-01 2.280697848136930550e-01 8.640378988299763918e-01
-3.140517472538522092e-01 2.278988952522323086e-01 9.216472175347675266e-01
-2.070461085640791510e-01 1.702798069103735878e-01 9.633985137454421643e-01
-1.394568671515327429e-01 8.087657572819939578e-02 9.869198354996990830e-01
-1.129628092658547939e-01 -2.280774673654581419e-02 9.933374101541586620e-01
-1.301615105321416443e-01 -1.281748418342555651e-01 9.831730219533016957e-01
-1.965776862975548156e-01 -2.208716880154766582e-01 9.552868211606546645e-01
-3.137055779690182122e-01 -2.777220344438791622e-01 9.079974019432045518e-01
-4.624025355185275576e-01 -2.659054280777148893e-01 8.458594436814818041e-01
-5.899844360052393100e-01 -1.650104812717295422e-01 7.903732702603003535e-01
-6.343151919538640993e-01 -3.091558152069589453e-03 7.730683537209815936e-01
-3.076872383380955256e-01 9.100257812782643063e-02 9.471257013396412461e-01
-2.505770313990623999e-01 1.428273773196488683e-01 9.575027371361833906e-01
-1.847129037301406262e-01 1.505302846708129472e-01 9.711960546627361746e-01
-1.282799707542447154e-01 1.197509175397228204e-01 9.844815726318109084e-01
-8.933338337439891697e-02 6.257619811415704447e-02 9.940340869629644693e-01
-7.101842842114002019e-02 -7.724888998212080769e-03 9.974450906765269798e-01
-7.609603068202176746e-02 -7.771752189389019572e-02 9.940670907463868833e-01
-1.076360965996730618e-01 -1.335038013304452320e-01 9.851858737006163880e-01
-1.654783908569795459e-01 -1.604715968126633474e-01 9.730702794638637076e-01
-2.391942525158030908e-01 -1.453410592378091004e-01 9.600323359464918438e-01
-3.038097000665024860e-01 -8.451560111195312308e-02 9.489767011439824707e-01
-3.304143764056474142e-01 5.399716989141948621e-03 9.438205247403419484e-01
-4.789938735059369457e-02 8.962342304872815413e-02 9.948232459750863121e-01
-4.928398406004928095e-02 1.280817200705021974e-01 9.905383192482745125e-01
-4.495895348081949822e-02 1.345630022698818262e-01 9.898845846470872845e-01
-3.647120455991696014e-02 1.104295760442361302e-01 9.932145588807695935e-01
-2.555579207873696565e-02 6.352411795733357847e-02 9.976530398535514710e-01
-1.428053418552672517e-02 5.351095121663559592e-03 9.998837093003899446e-01
-5.134725116881964750e-03 -5.079569468518836672e-02 9.986958656164973691e-01
-7.219694557866326509e-04 -9.163780835825412197e-02 9.957921423867658328e-01
-3.039688037924253607e-03 -1.059841141253150404e-01 9.943631770382987956e-01
-1.236714728954873416e-02 -8.744313823424548771e-02 9.960927422903536055e-01
-2.619343503768156722e-02 -3.825833073856250294e-02 9.989245237203647765e-01
-3.966108152232682843e-02 2.789242383718927229e-02 9.988238139457832343e-01
2.083065842079461216e-01 1.334587524015842797e-01 9.689154392324673681e-01
1.487620731852613287e-01 1.734784611062686610e-01 9.735373999561584002e-01
9.236282377644289276e-02 1.731494233985774178e-01 9.805551417237264866e-01
5.399922415041634449e-02 1.385919597914592460e-01 9.888763079740222617e-01
3.823813701128993270e-02 8.126950874922887758e-02 9.959583886014162779e-01
4.405929554202808740e-02 1.403584532688822648e-02 9.989303146476997686e-01
6.904946918693549707e-02 -4.959506328273489972e-02 9.963796969546097060e-01
1.105907287469688888e-01 -9.568547997933077309e-02 9.892491999675891989e-01
1.637435038896163375e-01 -1.109016765522250064e-01 9.802493984042468522e-01
2.169549104597683076e-01 -8.591205081582163616e-02 9.723937918106918543e-01
2.509793238396932358e-01 -2.256816037419646925e-02 9.677293305167641302e-01
2.483055658583950831e-01 6.030359861044710251e-02 9.668028868173764723e-01
4.671720168574117205e-01 2.247645033706973106e-01 8.551205907296783870e-01
3.386700902858304496e-01 2.804406667315973434e-01 8.981400794915929131e-01
2.151772337048296346e-01 2.653579521508048766e-01 9.398318548152234664e-01
1.290290123474892303e-01 2.017847851519643243e-01 9.708936164450705508e-01
8.836141374164846463e-02 1.130975626513413962e-01 9.896470087278416150e-01
9.071069372462785274e-02 1.580179195480419657e-02 9.957519135884509431e-01
1.331080625003032980e-01 -7.696239931705982362e-02 9.881088162691257226e-01
2.142475606219532425e-01 -1.499366286254687208e-01 9.652030823428348061e-01
3.285167187289310120e-01 -1.816495111403371165e-01 9.268658050754605693e-01
4.529761223150962079e-01 -1.478770751704701902e-01 8.791729086200503751e-01
5.413585192481181751e-01 -4.198116617010810153e-02 8.397431365152053795e-01
5.480264179495303312e-01 1.024054790236620799e-01 8.301687557933071782e-01
6.974956811585275585e-01 3.754209948047427248e-01 6.103759918484323865e-01
4.898650116445310010e-01 4.569040984177059617e-01 7.424762051511395455e-01
2.988338114452808725e-01 4.114705151184347987e-01 8.610402826379613961e-01
1.711223222464759997e-01 2.962279490323024289e-01 9.396627868767751801e-01
1.121042537066912481e-01 1.553361441737101944e-01 9.814801672036840285e-01
1.140444190396305568e-01 8.732324815421662126e-03 9.934372738071328701e-01
1.728481860939458381e-01 -1.341937601301370631e-01 9.757640797375636277e-01
2.911344668108371003e-01 -2.587213234080675828e-01 9.210342008029541727e-01
4.679496388986965072e-01 -3.294789005788383296e-01 8.200407243107659117e-01
6.715693778671083525e-01 -2.890586700342227533e-01 6.822313800971285813e-01
8.208434838254335952e-01 -1.056492401999978153e-01 5.612969028120083914e-01
8.322263716190487770e-01 1.588092398586950782e-01 5.312051314862359375e-01
7.848698968803271558e-01 5.844571292776532534e-01 2.058861554538981287e-01
5.226034898546939589e-01 6.914719980261335719e-01 4.987505071049825878e-01
2.992237157215747456e-01 5.945771842929690187e-01 7.462862318628210589e-01
1.596791969250502263e-01 4.075502930274985669e-01 8.991136261467018720e-01
9.991434277116975626e-02 2.004098130642769371e-01 9.746040380257243729e-01
1.060891559888521296e-01 -6.941519692292010338e-03 9.943323922541756898e-01
1.733162399139565601e-01 -2.142787475215627568e-01 9.612731658288794501e-01
3.091745235598160058e-01 -4.121810510265748184e-01 8.570401945978547431e-01
5.220871701729604686e-01 -5.493284930478471439e-01 6.524286884147130205e-01
7.805493793460733798e-01 -5.140119231223395646e-01 3.557167543010901212e-01
9.718406840537396896e-01 -2.194699275788549453e-01 8.578249067440384124e-02
9.727570828079450393e-01 2.308497254396795484e-01 2.126175230973531213e-02
5.580819513701337220e-01 7.873477677958363730e-01 -2.619695175047660474e-01
3.405756815927380998e-01 9.111191725126274177e-01 2.320992429704306637e-01
1.759052261162818431e-01 7.581367901571531842e-01 6.279219368957601466e-01
8.258059143618566578e-02 5.019590130486322188e-01 8.609399486243839439e-01
5.020236597079222318e-02 2.345800962942367340e-01 9.707996193209631475e-01
6.569978133883515314e-02 -2.716679458482577914e-02 9.974695504144238667e-01
1.248764331616871864e-01 -2.944964038232170678e-01 9.474585714300417516e-01
2.357125521130963297e-01 -5.671172932105181808e-01 7.891879171133850956e-01
4.110514992938370527e-01 -7.835811547228183072e-01 4.658725564910144445e-01
6.308595033078707726e-01 -7.754562275983354347e-01 -2.615198204985869773e-02
7.867235519454510717e-01 -3.733515183079395006e-01 -4.916042072557580411e-01
7.493131736200271398e-01 2.888559076999210329e-01 -5.958959912824105531e-01
-2.500995700100004937e-01 7.846423183224161546e-01 -5.672624061035188570e-01
-3.547287406357208517e-01 9.330673769109293358e-01 5.960529096900896856e-02
-3.230737831384785652e-01 7.601334829481209976e-01 5.637556374439275375e-01
-2.262678556625174753e-01 4.814037564116023793e-01 8.467899862460310789e-01
-1.077545646718309769e-01 2.099939089532272263e-01 9.717466295258959663e-01
1.953505496727976631e-02 -4.450394208118199635e-02 9.988181920483041321e-01
1.543609898084105370e-01 -3.081351432695630388e-01 9.387360748941454558e-01
2.939146182629258641e-01 -5.947110407375117980e-01 7.482866931840408409e-01
4.141532001661714646e-01 -8.426951111570096797e-01 3.440088318985727867e-01
4.418228401824514928e-01 -8.524263094407367181e-01 -2.795746141310732624e-01
2.922830998593706209e-01 -4.399715301552822866e-01 -8.491146225272014902e-01
3.917266959042654297e-03 2.405157629500511707e-01 -9.706373281469645731e-01
-7.709693954990648468e-01 4.877872304859280916e-01 -4.094750407271152692e-01
-6.987182923341079821e-01 6.993081199794336511e-01 1.508671643815682473e-01
-5.160763291043029000e-01 6.066383727178571439e-01 6.046942262701436865e-01
-3.260921955797526084e-01 3.897064773790339109e-01 8.612739061824535858e-01
-1.651124778600101262e-01 1.557462700869448602e-01 9.738998762752681948e-01
-3.481446394608967571e-02 -7.944771120810380227e-02 9.962309041000276810e-01
6.481643059116763694e-02 -3.365036980963255209e-01 9.394488232431623675e-01
1.208809435881369326e-01 -6.293983082281897623e-01 7.676233236925310566e-01
9.718107130120702541e-02 -9.073603741547592305e-01 4.089657574835616760e-01
-5.871775609044697919e-02 -9.877663830120252397e-01 -1.444638283828290071e-01
-3.454908941059393612e-01 -6.719059657890246173e-01 -6.551171003928039083e-01
-6.388436920900236737e-01 -5.863540962410260238e-02 -7.670988370574545190e-01
-9.826152448395824024e-01 1.783147993701385270e-01 5.168281082036591673e-02
-8.189177777875074060e-01 3.941682438901631946e-01 4.171391479254175638e-01
-5.780460603529240515e-01 3.843056075077052047e-01 7.198416160160913124e-01
-3.593963414420328628e-01 2.567757501805121856e-01 8.971624623652268982e-01
-1.927001097563817433e-01 8.994321687041008373e-02 9.771268522760023778e-01
-7.716234410001311661e-02 -9.596222797915214542e-02 9.923896530367435354e-01
-1.481178724289270061e-02 -3.088578065335678691e-01 9.509928844644167656e-01
-2.366229600744427369e-02 -5.540970806961367234e-01 8.321156896199477515e-01
-1.396573313581072617e-01 -7.924212392054824639e-01 5.937713444196981438e-01
-3.887346705327071605e-01 -8.913637772454275909e-01 2.331436736018506206e-01
-7.109392293243601557e-01 -6.959766555395975329e-01 -1.009054366806217962e-01
-9.504958848164393181e-01 -2.545542979945016326e-01 -1.782124639846917602e-01
-8.590278210781866486e-01 -1.223405140411048392e-02 5.117826986133923173e-01
-7.094709443972814222e-01 1.577199319903575259e-01 6.868590846083726387e-01
-5.075801331231650781e-01 1.931551158143272884e-01 8.396746451414155432e-01
-3.244912482686388433e-01 1.383556478977848447e-01 9.357153116691038219e-01
-1.857328888758043584e-01 3.707618622833879635e-02 9.819005297914492614e-01
-9.544933220315603151e-02 -9.189827335642382355e-02 9.911831981708197903e-01
-5.926448105031698749e-02 -2.452768771230669498e-01 9.676398993604761190e-01
-9.346965428418531341e-02 -4.184147186264446927e-01 9.034337535008918341e-01
-2.218723068412803145e-01 -5.813074859605260603e-01 7.828501045688635029e-01
-4.478453893883266868e-01 -6.550557894194189990e-01 6.085527256958314091e-01
-7.036918666565010749e-01 -5.514455288879632766e-01 4.480240902798007241e-01
-8.661432960629343869e-01 -2.908212739167656546e-01 4.064711272929137920e-01
-5.908303508331604892e-01 -6.838547787132119582e-02 8.038923578132290970e-01
-4.994967025386117254e-01 4.305552578737658481e-02 8.652452056223207677e-01
-3.718234613166830904e-01 8.510259493686210541e-02 9.243943216774984650e-01
-2.493249123106589249e-01 6.818692892972698372e-02 9.660163719235743685e-01
-1.517578065393249964e-01 1.152267623318028317e-02 9.883505431205534819e-01
-8.713713903380049253e-02 -7.102159204363656109e-02 9.936614375452715864e-01
-6.316285549264541443e-02 -1.707302917057347269e-01 9.832912189072029463e-01
-9.166027334342533028e-02 -2.777788032610676860e-01 9.562621663275636674e-01
-1.842469198804843888e-01 -3.712598991990210817e-01 9.100654700412297293e-01
-3.347366672586405967e-01 -4.116933856842472372e-01 8.476201506432776700e-01
-4.961006556493760544e-01 -3.599379196211126564e-01 7.901448180448680247e-01
-5.954784932384584728e-01 -2.244451783653334531e-01 7.713816992895603519e-01
-3.204472590581532443e-01 -3.408429855027152178e-02 9.466529537029836350e-01
-2.863494093622022119e-01 2.984863031978134823e-02 9.576602085426342281e-01
-2.270047872772142650e-01 5.834935837006580833e-02 9.721441142808712188e-01
-1.615071755963698730e-01 5.077309975276848159e-02 9.855645714880102437e-01
-1.021109260559712045e-01 1.485981672169485804e-02 9.946620253266458267e-01
-5.693138467974671185e-02 -3.942878690097700173e-02 9.975992122100429960e-01
-3.382484099262431099e-02 -1.020089583332832450e-01 9.942082541155888853e-01
-4.141057563408985509e-02 -1.622209515644540967e-01 9.858851490408917506e-01
-8.588509470865132722e-02 -2.069145893979281448e-01 9.745820146099084536e-01
-1.628580613318315884e-01 -2.196298850133523994e-01 9.618939471003653541e-01
-2.490024983031854100e-01 -1.876612581793963841e-01 9.501478874456329438e-01
-3.092044369193157061e-01 -1.168007231791928918e-01 9.437956385013344107e-01
-8.176726025382898000e-02 5.602757149470706521e-02 9.950753872863673521e-01
-9.858139685859704238e-02 8.825367533615993687e-02 9.912078475189918247e-01
-9.637462773484135881e-02 9.511660185757564445e-02 9.907899692567841976e-01
-7.767746015473397936e-02 7.747215856909035747e-02 9.939639212921826950e-01
-4.780273733497428235e-02 4.146139550456254264e-02 9.979959173193105881e-01
-1.343792936173557502e-02 -3.953679952518902169e-03 9.999018904219638681e-01
1.795182647271166554e-02 -4.852268949009652665e-02 9.986607434614205303e-01
3.876101306774547284e-02 -8.197799728975535549e-02 9.958801091629206903e-01
4.245128711477501315e-02 -9.540535117521667385e-02 9.945329090529486660e-01
2.581516020522540283e-02 -8.315002555797361417e-02 9.962026153115010052e-01
-7.954145046818480655e-03 -4.595983756819747162e-02 9.989116201683767571e-01
-4.837489641166715926e-02 6.073940939976622475e-03 9.988107811987411155e-01
1.386450380403759786e-01 1.890856457700701432e-01 9.721235374120003048e-01
6.589630918107713953e-02 2.031230593953219921e-01 9.769333135777737986e-01
1.313039674734547795e-02 1.824474534385803204e-01 9.831279262716000611e-01
-8.271850101008249370e-03 1.385815549936007529e-01 9.903164792686938167e-01
5.934703220978311761e-04 8.358020233439676649e-02 9.965008768539580508e-01
3.315766188070358444e-02 2.806645795021924655e-02 9.990559761078886547e-01
8.179737425229920145e-02 -1.762497533508760802e-02 9.964931258217334387e-01
1.387743569549452216e-01 -4.289453769530482408e-02 9.893946313213659582e-01
1.944058481663076543e-01 -3.817168872553220599e-02 9.801781921562515709e-01
2.343724023077837504e-01 9.306539321724037559e-04 9.721464452025341263e-01
2.414378595302840436e-01 6.706873451987335755e-02 9.680958345305357149e-01
2.060794292910935466e-01 1.385728096257807795e-01 9.686737558411595561e-01
3.536559314406624854e-01 3.665291790008008421e-01 8.605718117030582981e-01
2.072410921234106029e-01 3.727627670899515966e-01 9.044882803037213037e-01
9.369460318625091877e-02 3.144690008893392119e-01 9.446325046352452848e-01
3.636381682689781430e-02 2.262995948277103930e-01 9.733787372891355982e-01
3.266375568249858113e-02 1.334195732254798983e-01 9.905212246818058119e-01
7.259220964398534204e-02 4.908772951786427585e-02 9.961529831856944517e-01
1.477033161813455786e-01 -1.750133972106892449e-02 9.888768545662900422e-01
2.510322247954708819e-01 -5.473528481448873551e-02 9.664299616167195683e-01
3.699421018880431067e-01 -4.610649511602742806e-02 9.279100346254309795e-01
4.752182839057307318e-01 2.322457972787641059e-02 8.795613688300759625e-01
5.218617232251279159e-01 1.465252809006236667e-01 8.403515240002233933e-01
4.770609369338109085e-01 2.806531787755832119e-01 8.328545225278454200e-01
5.340045259836860847e-01 5.873596940767934482e-01 6.081510963593729224e-01
2.975289675953051716e-01 5.945395692607750027e-01 7.469934497872252610e-01
1.245703594125091018e-01 4.832304060775233778e-01 8.665855988868377269e-01
4.283286199076119516e-02 3.308204713266535979e-01 9.427211473627501448e-01
3.898263625853206488e-02 1.825984302690685512e-01 9.824144580233856727e-01
9.559171620606503328e-02 5.242327280470551742e-02 9.940392468415349958e-01
2.037137793731510493e-01 -5.572524592180863601e-02 9.774432940382302704e-01
3.602117100772000424e-01 -1.307136735308296882e-01 9.236673965639697892e-01
5.526965571982982439e-01 -1.419225993013174536e-01 8.212091642624639309e-01
7.331658791311382872e-01 -4.483560361166775282e-02 6.785702338937333877e-01
8.160529463831172059e-01 1.694097045803504842e-01 5.525920201137851651e-01
7.406407040587570378e-01 4.225001865081476904e-01 5.224413267458568599e-01
5.623749370582281637e-01 8.072402020492166486e-01 1.791582718277937858e-01
2.627127468653971953e-01 8.302077324244396817e-01 4.916677065429024274e-01
6.999900136671331763e-02 6.585297542149721739e-01 7.492921343650074117e-01
-2.675226089673500129e-03 4.317469191329604272e-01 9.019908208980812470e-01
1.378563191877502786e-02 2.202027348200043810e-01 9.753567100966983316e-01
9.494384818075174426e-02 3.453307847379182005e-02 9.948834766863450252e-01
2.331536300109215698e-01 -1.323315530164825005e-01 9.633938679942888328e-01
4.312218599097862870e-01 -2.747026312665670211e-01 8.594103629298381897e-01
6.797729964849374973e-01 -3.438458496857985103e-01 6.478261378669672998e-01
9.109877264526288210e-01 -2.401887092159329384e-01 3.352771185416062449e-01
9.947713221206201384e-01 8.829130278155526701e-02 5.132896394383189981e-02
8.565430965548020970e-01 5.158062533371832181e-01 -1.666831612974969956e-02
2.884695459744714419e-01 9.065551117253735081e-01 -3.081284641990758022e-01
2.923488877179077072e-02 9.774323348702913528e-01 2.092160415180943922e-01
-9.270536350054796315e-02 7.740393533460623310e-01 6.263136554874149109e-01
-1.014581796215381082e-01 4.936959415464239886e-01 8.636958695561504085e-01
-4.018743202836690120e-02 2.326885826463017948e-01 9.717206356834757752e-01
6.777994660578075259e-02 -1.536992611468795131e-03 9.976991112012547624e-01
2.179663358988084831e-01 -2.289533920710143944e-01 9.487207284938644625e-01
4.146850329263784274e-01 -4.544440589827611898e-01 7.883634445623458609e-01
6.461524579349533504e-01 -6.163378437039150892e-01 4.501273858845085685e-01
8.327291022631697626e-01 -5.498282340513130917e-01 -6.520088407276530829e-02
8.347174082448876042e-01 -1.336662433091364288e-01 -5.342098686589472623e-01
6.108609942050889918e-01 4.679493636829817893e-01 -6.386487601080546028e-01
