8.008246058523771360e-02 1.408610825392538068e-01 9.867851614877773958e-01
1.242767526156888236e-01 7.367129549842493796e-02 9.895088827184824742e-01
1.444990495105488437e-01 1.647985510559009034e-02 9.893676965952171720e-01
1.406659585429201331e-01 -1.273301848929556633e-02 9.899752311788860837e-01
1.180840823244609650e-01 -1.316140552591097378e-02 9.929163745785947182e-01
8.311548565229727459e-02 8.735441705666676174e-03 9.965016347718355094e-01
4.303809734514667945e-02 4.547398215043880337e-02 9.980379948299316073e-01
5.961585925408565030e-03 9.023088425871418627e-02 9.959030309318428476e-01
-1.974387742946625765e-02 1.361266901595085121e-01 9.904946761745664352e-01
-2.655775900357000216e-02 1.747290949933612281e-01 9.842583140616475434e-01
-9.816387279916721081e-03 1.951429740704499483e-01 9.807256793882183077e-01
2.922222625023170040e-02 1.857060804472452920e-01 9.821707148850253866e-01
1.024266637792016627e-01 1.577234587871619020e-01 9.821568556474394862e-01
1.393458213395767642e-01 1.044154887201637349e-01 9.847233864341438103e-01
1.544979771530036738e-01 5.420157943008406531e-02 9.865052274788499442e-01
1.475877226272829246e-01 2.325777036363340169e-02 9.887754751445514412e-01
1.241182095873673702e-01 1.611756497746946390e-02 9.921365299937973115e-01
9.066893697419656228e-02 3.005018403389217441e-02 9.954276117867735252e-01
5.418342812455295698e-02 5.962024366092869704e-02 9.967495084835782393e-01
2.206201006720364538e-02 9.868715781478544502e-02 9.948739179386391074e-01
1.767304267240356937e-03 1.404235483428523945e-01 9.900899472807865864e-01
-3.369057478833962995e-04 1.765166000663845047e-01 9.842976056028024390e-01
1.893591641201380557e-02 1.969193312667709139e-01 9.802368122261950756e-01
5.682191149553270787e-02 1.919118943510593478e-01 9.797658369122460575e-01
9.235609977038752860e-02 1.542048699162086867e-01 9.837129708047895882e-01
1.213601643860847124e-01 1.128373594990267903e-01 9.861741432434388832e-01
1.337361605327929137e-01 7.120720291429614990e-02 9.884554484747628544e-01
1.282640998057699433e-01 4.259279063310076469e-02 9.908249971046325655e-01
1.088132517290485851e-01 3.295655196658390379e-02 9.935157482045388067e-01
8.088507668475271306e-02 4.191941620039322386e-02 9.958415370503861386e-01
5.055691768321839141e-02 6.561767614115386615e-02 9.965632537136539515e-01
2.429360697142526199e-02 9.861051728827201213e-02 9.948295263716735448e-01
8.431494350386594186e-03 1.344233000255539434e-01 9.908881300697583994e-01
7.999124863669876753e-03 1.654118048187705192e-01 9.861921459980075300e-01
2.492374836263906018e-02 1.830794344700648890e-01 9.827821363056580273e-01
5.608540480632927955e-02 1.800822047546882798e-01 9.820513361827188925e-01
6.042761999338513990e-02 1.325656715902323868e-01 9.893305036528549090e-01
8.281564065351545989e-02 9.933940880423090813e-02 9.916013571601018928e-01
9.410559848683837381e-02 6.565208497226401874e-02 9.933951580676736448e-01
9.225538617579466527e-02 4.198847770687414577e-02 9.948496928991418242e-01
7.902372590286566023e-02 3.388355832407894536e-02 9.962967204701993484e-01
5.814609545954810277e-02 4.162547953387477767e-02 9.974398984581542837e-01
3.444108079597331395e-02 6.204620260968968237e-02 9.974788622799126703e-01
1.334099340506458842e-02 9.017519087382667997e-02 9.958365593036001551e-01
1.537178377966174736e-04 1.200251422325002426e-01 9.927708404273504206e-01
-1.105866029561031628e-03 1.448845450158323667e-01 9.894479499578959780e-01
1.088641439839739371e-02 1.579570945143054239e-01 9.873859641873876658e-01
3.360460357284005689e-02 1.541109645435736475e-01 9.874819194427911784e-01
1.676191880510369964e-02 9.829412774918444562e-02 9.950162322936318970e-01
3.504179786710064776e-02 6.926735149593180041e-02 9.969825005582094724e-01
4.707269140789368395e-02 4.174732765500781262e-02 9.980186984007770601e-01
4.990802637417832144e-02 2.404552504793862344e-02 9.984643216603708016e-01
4.325594565034135419e-02 2.028020445490921059e-02 9.988581663445843528e-01
2.900862246678068482e-02 3.009684745131777778e-02 9.991259578231495020e-01
1.071441366501391448e-02 5.012736031876094400e-02 9.986853604049749089e-01
-7.067041023620802831e-03 7.546270186814070524e-02 9.971235818882661084e-01
-1.970864788139243401e-02 1.004829890820918281e-01 9.947435539393285620e-01
-2.366250324266990987e-02 1.193376193576901056e-01 9.925717195983125851e-01
-1.751864190017329848e-02 1.267281396590147491e-01 9.917827765215292413e-01
-2.646139003656729043e-03 1.194490594402175671e-01 9.928368043878154081e-01
-3.068926978251636239e-02 5.905758850061170601e-02 9.977827268302422725e-01
-1.340248688225435976e-02 3.052626351224841522e-02 9.994441057815889318e-01
1.582516720583441614e-03 6.737620098802631595e-03 9.999760497713786611e-01
9.935518238362438248e-03 -5.342566186008872349e-03 9.999363692075143861e-01
9.379951015190636163e-03 -3.338891175837709058e-03 9.999504329337017827e-01
2.348306385149163684e-04 1.093463436905712724e-02 9.999401875241983317e-01
-1.486257121232462640e-02 3.319258100128636563e-02 9.993384594536627308e-01
-3.179972250983065241e-02 5.813637349055500447e-02 9.978020543803348685e-01
-4.613525745140077683e-02 8.022082137413251435e-02 9.957088720293765238e-01
-5.422818847306717926e-02 9.414088435634421215e-02 9.940808807473002773e-01
-5.404266555371135122e-02 9.566744286457856683e-02 9.939452352496631615e-01
-4.550295235617628220e-02 8.313985859436384684e-02 9.954984908274540079e-01
-7.520479118384969242e-02 2.353687338407007765e-02 9.968902923463625054e-01
-5.562580386139664990e-02 -8.185014283462270154e-03 9.984181365970147271e-01
-3.524088003642579514e-02 -3.128717855895477018e-02 9.988889792326065553e-01
-2.056788560798595081e-02 -3.914322658153670392e-02 9.990219066137043802e-01
-1.590390600628835763e-02 -3.110252583009263244e-02 9.993896630746974541e-01
-2.203630403850459149e-02 -1.092481650323639392e-02 9.996974790849003645e-01
-3.660468369309535092e-02 1.568834901151714908e-02 9.992066717334916470e-01
-5.533193310818388527e-02 4.268853286209451509e-02 9.975550442661395012e-01
-7.342956893745501701e-02 6.428612097217113741e-02 9.952263024337314468e-01
-8.671948273674624785e-02 7.527694257263098376e-02 9.933846753553617903e-01
-9.222235797439314042e-02 7.185810596285234497e-02 9.931422100066857883e-01
-8.831011294963514446e-02 5.325940922295633456e-02 9.946681654101067194e-01
-1.094455662583583844e-01 3.625713032659083797e-04 9.939927246053383847e-01
-8.453107673777168762e-02 -3.850698858871425684e-02 9.956765081568443865e-01
-5.665200554343971517e-02 -6.461311551917897633e-02 9.963010065090496248e-01
-3.538701914865157588e-02 -7.044738133661988810e-02 9.968876192122123614e-01
-2.696922323728806470e-02 -5.702304045387630860e-02 9.980085339590440974e-01
-3.260294163357722874e-02 -3.039832079101740039e-02 9.990060011280738062e-01
-4.939855230972661770e-02 2.035531258816092402e-03 9.987770720448284623e-01
-7.225083914661054041e-02 3.333212049105331587e-02 9.968293665346565913e-01
-9.556326452818880712e-02 5.726496712257328481e-02 9.937748165521314014e-01
-1.143665125142146188e-01 6.828007498854368751e-02 9.910893663917905716e-01
-1.247045067088018433e-01 6.215151344591984123e-02 9.902454116950772933e-01
-1.235388639565399155e-01 3.788154118202816112e-02 9.916164268153653261e-01
-1.239030417258298322e-01 -3.256799801450023860e-03 9.922889848759870457e-01
-9.142429651346439812e-02 -5.333889795436060066e-02 9.943825018433165575e-01
-5.551892969548914702e-02 -8.642316042290885958e-02 9.947103527096649023e-01
-2.912019382917670901e-02 -9.287893414492472133e-02 9.952514847532213382e-01
-1.968344870409107286e-02 -7.554651182716078106e-02 9.969479858036710551e-01
-2.784150737554146396e-02 -4.302353695880940104e-02 9.986860496346383620e-01
-4.938371296218120599e-02 -4.341390123642851692e-03 9.987704447098135763e-01
-7.787240781074475371e-02 3.282378224849036991e-02 9.964228456939244749e-01
-1.066223050563379765e-01 6.185220614485602286e-02 9.923739157495272689e-01
-1.298087181773405763e-01 7.652405521055055670e-02 9.885816939733317321e-01
-1.427562121398569805e-01 7.127379870144920360e-02 9.871882847331656663e-01
-1.416175578872866658e-01 4.329372473262169813e-02 9.889742770653109361e-01
-1.075508301289461038e-01 1.631540233497165426e-02 9.940657053661083875e-01
-6.690235655624596212e-02 -4.775699766038967592e-02 9.966159460200433307e-01
-2.581923048118764732e-02 -9.076382463451078408e-02 9.955376916395858311e-01
1.015956839587299357e-03 -1.004169298577612807e-01 9.949449271340667922e-01
6.869121630227912993e-03 -8.166948816577387915e-02 9.966357960010672201e-01
-7.195664555143397451e-03 -4.538393729488519879e-02 9.989437024414093980e-01
-3.526539642268401720e-02 -1.667672418263729025e-03 9.993765910225544946e-01
-6.951966583599887561e-02 4.154458654010963203e-02 9.967151365315399802e-01
-1.021808891570004790e-01 7.748373311132497609e-02 9.917435842971704663e-01
-1.265962686850833907e-01 9.918795696590633482e-02 9.869828437958890754e-01
-1.377176170826418522e-01 9.911477326713651059e-02 9.854999338736906145e-01
-1.319905618707324924e-01 7.110356763124217605e-02 9.886975140290579223e-01
-5.434430909255079378e-02 5.633822060385260122e-02 9.969316430771103521e-01
-7.429141309216545815e-03 -1.974385086189817118e-02 9.997774693462813111e-01
3.149510760478101135e-02 -7.258145089980325149e-02 9.968650817347839421e-01
5.084482254306633975e-02 -8.784138400911879752e-02 9.948360142636151204e-01
4.754890751765811219e-02 -7.169577956771187865e-02 9.962925356471860061e-01
2.492240703991019726e-02 -3.578899292306429031e-02 9.990485581856431985e-01
-9.907182526866778124e-03 9.728608746871193064e-03 9.999035963062264942e-01
-4.831904079360947041e-02 5.714714060332962142e-02 9.971958055555142364e-01
-8.175953304499523899e-02 9.974434842070792340e-02 9.916483468015282465e-01
-1.027954149087909330e-01 1.299401390759986064e-01 9.861788189423061901e-01
-1.061030587879356196e-01 1.382702346386010528e-01 9.846946141464383295e-01
-8.940771275291299613e-02 1.148588177847131991e-01 9.893501467515507519e-01
2.183234969982049412e-02 1.049094568317051196e-01 9.942421004834712805e-01
7.014481033607017357e-02 2.735108417952949664e-02 9.971617841539240912e-01
9.889436108274689274e-02 -3.160597087576628300e-02 9.945958817283924169e-01
1.047573479285887899e-01 -5.481456596627932304e-02 9.929860328388132595e-01
8.973373253998911947e-02 -4.618204429024094781e-02 9.948945049749904346e-01
5.881116306380378134e-02 -1.579844732923160050e-02 9.981441059091611390e-01
1.931774888444419760e-02 2.707208514073657091e-02 9.994468103828648697e-01
-2.016690408938173057e-02 7.509293342957985840e-02 9.969725910617117659e-01
-5.086881397981893316e-02 1.215151191315321927e-01 9.912852463277509463e-01
-6.487951839308737922e-02 1.582769482027843455e-01 9.852609074558482671e-01
-5.669863796589851013e-02 1.747601795133954250e-01 9.829771839208940598e-01
-2.552587830568191218e-02 1.590512647283729986e-01 9.869402842752855731e-01
5.545459937903532595e-03 2.358150161677348422e-01 9.717821391773773243e-01
1.219051703768183337e-01 1.790781968648769429e-01 9.762531069568090025e-01
1.843182342822414777e-01 1.141215986313794117e-01 9.762187507095916317e-01
1.899346493824694282e-01 7.088804938326788430e-02 9.792342484915822487e-01
1.549863646998053679e-01 5.196404008614396997e-02 9.865490181918900037e-01
9.498624463338528612e-02 5.179041426277890964e-02 9.941304573951444956e-01
2.282388378900768525e-02 6.583667632873740905e-02 9.975693471527882217e-01
-5.000292365340016504e-02 9.182381229549430035e-02 9.945190270283271738e-01
-1.119043205704630811e-01 1.283972017211112149e-01 9.853890508970676310e-01
-1.498822994345151705e-01 1.728063041626304031e-01 9.734851193303670769e-01
-1.492377252126685649e-01 2.175023774398638643e-01 9.645832349681147111e-01
-9.700775804338834796e-02 2.462961858645257851e-01 9.643275811195320957e-01
2.101789535295644357e-02 2.599852568697344490e-01 9.653838170828706877e-01
1.080302239446357532e-01 2.208001931793069361e-01 9.693176700165004878e-01
1.587517706131669482e-01 1.650507022700089532e-01 9.734249539678090368e-01
1.653469713255008577e-01 1.176162124276896037e-01 9.791970208531872721e-01
1.373361027748702390e-01 8.887255334619892366e-02 9.865295049497530000e-01
8.688618006460031851e-02 7.943782843675528671e-02 9.930460327331372961e-01
2.531649739470985538e-02 8.708724063122490200e-02 9.958789522218159940e-01
-3.655814359911305905e-02 1.096244214055584754e-01 9.933005528879716994e-01
-8.757839881653434189e-02 1.448152348626009500e-01 9.855752491882912025e-01
-1.158036090666929308e-01 1.886479654346700785e-01 9.751930420508650998e-01
-1.094997332612630686e-01 2.327028295567321881e-01 9.663639074034596765e-01
-6.154506203818450177e-02 2.623286147408758762e-01 9.630139683446562460e-01
1.136266331791929186e-02 2.373703094646044953e-01 9.713527814688029949e-01
7.398492891664409932e-02 2.094615903007877866e-01 9.750138832253126830e-01
1.144010918033027402e-01 1.661644912442794275e-01 9.794395091295348132e-01
1.235255144740798061e-01 1.250506825217243545e-01 9.844306852565672949e-01
1.047850034871576769e-01 9.723642522228526097e-02 9.897298523608830667e-01
6.628753335745411757e-02 8.613771139364199969e-02 9.940755794189126693e-01
1.731978798333370234e-02 9.114937392898608826e-02 9.956866056026446588e-01
-3.236806849016905796e-02 1.103348763954217077e-01 9.933672650097912227e-01
-7.265848327092161441e-02 1.409377827017330165e-01 9.873486143281345884e-01
-9.353097180751650253e-02 1.783422868253493332e-01 9.795131372486985954e-01
-8.667565929350160014e-02 2.145840687658758794e-01 9.728519967178816952e-01
-4.912640083861032764e-02 2.381549791650692804e-01 9.699839187530614470e-01
-9.875950441229101526e-03 1.834155966274146898e-01 9.829858516360944209e-01
3.588055633189457527e-02 1.614352304047959041e-01 9.862308310235673448e-01
6.846022775202187383e-02 1.294198891184443478e-01 9.892237813136703917e-01
7.943839083144697832e-02 9.916027337175956080e-02 9.918955500690455063e-01
6.853097521305846762e-02 7.905155942997320329e-02 9.945121197792760048e-01
4.044082493843248471e-02 7.215016370990584571e-02 9.965735765887577813e-01
2.389413772492151797e-03 7.805161355340042850e-02 9.969464560965802802e-01
-3.713231338848643065e-02 9.482926597609216135e-02 9.948007848894646621e-01
-6.923881138027744575e-02 1.195705552556757256e-01 9.904084356034569270e-01
-8.573257415518807656e-02 1.478318724032862130e-01 9.852896341838981442e-01
-8.077844010813527154e-02 1.730444873314757048e-01 9.815958684803118839e-01
-5.335880485550265756e-02 1.871651915407478994e-01 9.808781927538668954e-01
-3.551985847890795633e-02 1.116083186560286322e-01 9.931172754819541648e-01
1.055717260614251387e-03 9.206413890117545740e-02 9.957525193488492299e-01
2.966397164977602544e-02 6.934535218598342210e-02 9.971515787061380198e-01
4.239407475794119279e-02 5.108992038623148824e-02 9.977938476761865072e-01
3.695568027758685398e-02 4.190558630380140925e-02 9.984378796559111313e-01
1.587430679092052474e-02 4.266219430707671179e-02 9.989634345465718823e-01
-1.509652969909974773e-02 5.196903457679958455e-02 9.985345833950447503e-01
-4.842365901794450783e-02 6.752189350677467727e-02 9.965419926649166094e-01
-7.612991583340768253e-02 8.641317830178713022e-02 9.933463638283392960e-01
-9.116544829579849296e-02 1.048098334857534425e-01 9.903048822669157092e-01
-8.890594797895368107e-02 1.179117585853066974e-01 9.890361720387209621e-01
-6.875687748516519371e-02 1.210105473081962979e-01 9.902671049968151396e-01
-6.291836252554357245e-02 3.376116458392286468e-02 9.974474740168426390e-01
-2.806388549270328117e-02 1.430293164516358018e-02 9.995037991310671277e-01
1.519001827543745194e-03 -9.309634935522164952e-04 9.999984129690376866e-01
1.714065045484733027e-02 -7.450234056946067676e-03 9.998253308024016572e-01
1.520532294603157454e-02 -4.627663146239083952e-03 9.998736834658542572e-01
-2.714576971599709336e-03 5.415008351819817004e-03 9.999816542099675409e-01
-3.132292780021175144e-02 1.965047955534059143e-02 9.993161325863283428e-01
-6.331887875848937752e-02 3.513014389064808563e-02 9.973748505867843228e-01
-9.097551872564196840e-02 4.895630512261214817e-02 9.946490512644690085e-01
-1.075276097605198933e-01 5.797072102619481998e-02 9.925105584540958592e-01
-1.084053219119976291e-01 5.905181529478181757e-02 9.923513335969209592e-01
-9.240353914673626878e-02 5.049549435287294108e-02 9.944404411544651712e-01
-9.138676431653777743e-02 -3.874391891807499322e-02 9.950614895847329500e-01
-5.069521587546620134e-02 -6.032469360850144235e-02 9.968906291206224290e-01
-1.428315299483315197e-02 -6.990314783590990955e-02 9.974515233650672608e-01
6.342112016859101364e-03 -6.557721902350042986e-02 9.978273427604377188e-01
6.448298377850480816e-03 -5.082061408477457631e-02 9.986869803057299988e-01
-1.211105244329498294e-02 -3.105699667320530044e-02 9.994442382475904330e-01
-4.324821973250283363e-02 -1.110924457782674034e-02 9.990025906747315165e-01
-7.897182563403103150e-02 5.424904764041824957e-03 9.968620873342448618e-01
-1.110823910310175244e-01 1.564272078954342948e-02 9.936880837008452705e-01
-1.323215219021765532e-01 1.684016188697159272e-02 9.910637839155669315e-01
-1.372055821030015443e-01 7.028235013816744488e-03 9.905176586777525438e-01
-1.229577219688376827e-01 -1.320454148523261990e-02 9.923240593135023158e-01
-1.197616192680687891e-01 -9.330110322972244574e-02 9.884088519872318290e-01
-6.513273225134816324e-02 -1.201032059765613919e-01 9.906225048441487102e-01
-1.541968887743596847e-02 -1.266020450925261498e-01 9.918337337341061044e-01
1.244068343748007226e-02 -1.130574194846664243e-01 9.935105682854367126e-01
1.300818329702816550e-02 -8.744718928548420034e-02 9.960842214659442195e-01
-9.985173485609661823e-03 -5.860407566194174994e-02 9.982313652787780933e-01
-4.828133003586160960e-02 -3.286274804219603551e-02 9.982930195895559633e-01
-9.235718617286242660e-02 -1.412689828794173874e-02 9.956257233051079014e-01
-1.330285740159014296e-01 -5.195519389080146579e-03 9.910985849417508486e-01
-1.620635812863736869e-01 -8.687981064182198621e-03 9.867420709616174790e-01
-1.723743836369557025e-01 -2.650793515352855428e-02 9.846747692715718259e-01
-1.585558299815608418e-01 -5.732563554368815678e-02 9.856844425515869368e-01
-1.433125417409338020e-01 -1.144723333532345483e-01 9.830348927052778851e-01
-6.612451845008891771e-02 -1.513983119396489774e-01 9.862586370733811281e-01
2.469219480620980876e-03 -1.591063688444802615e-01 9.872583584596159589e-01
3.796077877212215151e-02 -1.395300860898778528e-01 9.894899364575544531e-01
3.615918837099585392e-02 -1.059294249708105790e-01 9.937159906239594331e-01
4.862590762688507803e-03 -7.033773432929601999e-02 9.975113825617857310e-01
-4.434819995428585654e-02 -3.981688328139689620e-02 9.982223464572335114e-01
-1.000378005613055676e-01 -1.788920153090556991e-02 9.948228057937733571e-01
-1.519504243006192246e-01 -6.929651577644011830e-03 9.883638239454720642e-01
-1.908000520021113922e-01 -9.746383980510907666e-03 9.815805357459759239e-01
-2.076400087258318539e-01 -2.950426808748268098e-02 9.777602594403895786e-01
-1.936164794923095622e-01 -6.695046352802923317e-02 9.787902197622190270e-01
-1.497524106751639827e-01 -8.414958185912431443e-02 9.851360633790289256e-01
-4.267196933124557667e-02 -1.376243715714012272e-01 9.895648717405537420e-01
4.477068076992636592e-02 -1.532094928995921257e-01 9.871790300797397277e-01
8.299850344722782547e-02 -1.340292524670384788e-01 9.874955229816925195e-01
7.378870421746529240e-02 -9.885030000653032001e-02 9.923627589335350940e-01
3.084985703636223056e-02 -6.169978992795644573e-02 9.976178738593525219e-01
-3.097057322444077623e-02 -2.918498406444151524e-02 9.990941198402261136e-01
-9.883255000499828469e-02 -3.762670636637562623e-03 9.950969648075097540e-01
-1.617546893663604490e-01 1.301464843781219814e-02 9.867451744974590211e-01
-2.095156044111645410e-01 1.829343683275415008e-02 9.776341655635623074e-01
-2.313768527441737444e-01 6.839649839523649112e-03 9.728401570681501909e-01
-2.151230284246527791e-01 -2.758476302634317243e-02 9.761972974201749143e-01
-1.193156967123736173e-01 1.090737361604786348e-02 9.927964513025165916e-01
1.671868707842450938e-02 -6.151510508670554600e-02 9.979661203410390424e-01
1.095464266224712713e-01 -9.406618617105581837e-02 9.895206582147257901e-01
1.386803961787660966e-01 -8.779904270942118227e-02 9.864375681283081843e-01
1.166241508619709072e-01 -6.278110087018340391e-02 9.911898611310878682e-01
6.145984210419602745e-02 -3.252994744710102637e-02 9.975793153067114005e-01
-1.093725902756846960e-02 -2.665496773673323595e-03 9.999366337382284975e-01
-8.763414224807872244e-02 2.524883697971636726e-02 9.958326934497171434e-01
-1.573558632774778587e-01 5.048628806410036807e-02 9.862506106513717619e-01
-2.088228114433823002e-01 7.068383979203082812e-02 9.753957290315610207e-01
-2.292566692489315383e-01 7.935438986207776768e-02 9.701258992596828445e-01
-2.038426652319501875e-01 6.389791249488990799e-02 9.769161809541294650e-01
-4.817193334236291591e-02 1.504827834314139134e-01 9.874383002138301668e-01
9.239350472831887873e-02 7.579308258997552450e-02 9.928337468656196485e-01
1.690868697900023698e-01 1.586479238883718029e-02 9.854734592200685706e-01
1.816165012803440670e-01 -7.221245367301761323e-03 9.833429208968533786e-01
1.480881421639471118e-01 -5.209555972358044171e-03 9.889604454562229696e-01
8.587643062446187470e-02 1.001206196125581024e-02 9.962554879539710084e-01
9.379789809525047178e-03 3.263234025206739053e-02 9.994234087275223333e-01
-6.924446310872051091e-02 6.078084395881437618e-02 9.957464001121956176e-01
-1.385244034591011086e-01 9.383103860303176891e-02 9.859040145170578917e-01
-1.859291058995085899e-01 1.299029059121670493e-01 9.739381923997267876e-01
-1.964861901522534926e-01 1.627146126044339558e-01 9.669111292794123624e-01
-1.535945086578374141e-01 1.774583898906063328e-01 9.720685401593912589e-01
-1.831390852810579617e-01 3.539028785700130131e-01 9.171765522419162986e-01
6.386973016176487883e-02 3.767565447134852974e-01 9.241077662181002017e-01
2.021598128903858149e-01 3.072587598191957592e-01 9.299050836329023628e-01
2.259673394789259160e-01 2.274808157432921807e-01 9.472017947393907011e-01
1.813413299399661560e-01 1.614752849535237011e-01 9.700727057313499602e-01
1.001259139189477898e-01 1.113487020493230950e-01 9.887245662538191038e-01
5.234381082883021383e-04 7.679666452114344843e-02 9.970466379920254196e-01
-1.061960022748842380e-01 5.914352245777704242e-02 9.925847333361007552e-01
-2.106409404116957318e-01 6.218986452454251801e-02 9.755833203642962914e-01
-3.004615259271691818e-01 9.244406581752206975e-02 9.493034109981163260e-01
-3.536802066201767958e-01 1.574694014646566831e-01 9.220161056333811000e-01
-3.308240373136284163e-01 2.562817545311862899e-01 9.082263586959015145e-01
-1.575613330626466635e-01 3.657572625419976964e-01 9.172764311924284097e-01
-1.607252465512993373e-03 3.848488821800289394e-01 9.229781983473597240e-01
1.093901802289092701e-01 3.336395867396949044e-01 9.363324274154430915e-01
1.469504675563640950e-01 2.577567740411643715e-01 9.549696359156298886e-01
1.265594189421902493e-01 1.877964037944123699e-01 9.740201354176272197e-01
6.888793684354496683e-02 1.342542340751725349e-01 9.885495702242205196e-01
-1.016902485829192064e-02 9.982300613020425595e-02 9.949532443186727138e-01
-9.855966893555782871e-02 8.627701010883040422e-02 9.913840170115749695e-01
-1.851329915422394723e-01 9.668121124444528647e-02 9.779460715370341672e-01
-2.561250272217241997e-01 1.349537129135948699e-01 9.571768205515100991e-01
-2.914956925473347060e-01 2.025151136192599177e-01 9.348892394194323607e-01
-2.647383594059830036e-01 2.899854613446394835e-01 9.196858340037933344e-01
-1.364175891082174685e-01 3.057575036783903855e-01 9.422858326041121391e-01
-3.738557829227986962e-02 3.170975522336563213e-01 9.476557713131698035e-01
4.370408279527993739e-02 2.832883816154319057e-01 9.580384365924718981e-01
8.144238385776254863e-02 2.270050316108404298e-01 9.704822789391199800e-01
7.582608950861982611e-02 1.709519914870277491e-01 9.823572775504544330e-01
3.735695490302645000e-02 1.267494748132293736e-01 9.912310671861787048e-01
-2.194872958747576611e-02 9.896963666836355866e-02 9.948483624590276353e-01
-9.069047997306586839e-02 9.009051741689495796e-02 9.917958134182306429e-01
-1.574504935356948465e-01 1.024187304342395466e-01 9.822014791994296834e-01
-2.093601087675893146e-01 1.373024122611743170e-01 9.681510173748520964e-01
-2.312762227023069106e-01 1.921339072444566420e-01 9.537273564806630910e-01
-2.084175943598145508e-01 2.557933025431531893e-01 9.439978245395228562e-01
-1.141535839709206662e-01 2.116705211173537382e-01 9.706516109070167930e-01
-4.783065144032237065e-02 2.161214963733659178e-01 9.751941999356988910e-01
1.000658791094830545e-02 1.951698328995487286e-01 9.807184124530351488e-01
4.117233487716429052e-02 1.601246681434567998e-01 9.862377651928472266e-01
4.098952882974789269e-02 1.240353452379649585e-01 9.914308304959928986e-01
1.408398674437438131e-02 9.491167295848743080e-02 9.953860636223631486e-01
-3.087567379680312626e-02 7.670241229575747166e-02 9.965758539698477136e-01
-8.382250059865221925e-02 7.182053481833516884e-02 9.938891282089082901e-01
-1.341397069608074588e-01 8.199106231980896053e-02 9.875646838136624694e-01
-1.708759762470840049e-01 1.072814989210776615e-01 9.794345719498555036e-01
-1.834480293776913906e-01 1.441173395574026073e-01 9.724078429117777311e-01
-1.642780342774680102e-01 1.835411424120748092e-01 9.691879985308238243e-01
-9.140152210050107862e-02 1.019573916980648781e-01 9.905808659750496847e-01
-4.103246684866043020e-02 1.022841519406206545e-01 9.939085918362896566e-01
2.697947378993289028e-03 9.246164872623627295e-02 9.957125913609830015e-01
2.656682955482916886e-02 7.724429573319485653e-02 9.966581772825923169e-01
2.578492134926258297e-02 6.157560427077023862e-02 9.977693033913420662e-01
2.986570099497906031e-03 4.848836630863142400e-02 9.988192823187110880e-01
-3.478004578327410085e-02 3.986889223634305923e-02 9.985994291243294185e-01
-7.840090941093928734e-02 3.744508253215571292e-02 9.962184314685488262e-01
-1.181457113152540039e-01 4.260975700271694977e-02 9.920816496167080834e-01
-1.447143754488491307e-01 5.534303865746591916e-02 9.879245404435454958e-01
-1.505079320651466213e-01 7.312784721975564006e-02 9.859004413969572056e-01
-1.317465616379750459e-01 9.082064631186845260e-02 9.871142049935999196e-01
-7.085258967443543165e-02 -1.321734381873911415e-02 9.973992241619576982e-01
-2.314020395645051062e-02 -1.368002586160867347e-02 9.996386286320676495e-01
1.580514339405744012e-02 -1.147517777261689714e-02 9.998092406741404536e-01
3.452752492258371469e-02 -7.477282650834265847e-03 9.993757753051827342e-01
2.960499953432218362e-02 -3.730764573886379953e-03 9.995547135590123755e-01
4.433024757048592904e-03 -1.987844770158568326e-03 9.999881983125568086e-01
-3.359043890419831369e-02 -2.596239537423166918e-03 9.994323098412027928e-01
-7.531422623104573610e-02 -4.559446798568849921e-03 9.971494265013852720e-01
-1.113034383722667775e-01 -6.537761928786409334e-03 9.937649632963397872e-01
-1.329741595357463724e-01 -7.951137734759404843e-03 9.910876108117206984e-01
-1.339016028379516887e-01 -9.284361717222841537e-03 9.909511397566973523e-01
-1.117571454852668011e-01 -1.116680482066260451e-02 9.936728047517445761e-01
-5.658262957901494944e-02 -1.262900681680684534e-01 9.903783240319307124e-01
1.585103476505970565e-03 -1.241221308666628220e-01 9.922656822021461709e-01
4.555181349536572416e-02 -1.070722448328953608e-01 9.932072123548303377e-01
6.224750806412477494e-02 -8.296744512512524428e-02 9.946062792830161481e-01
5.055025702264061976e-02 -6.076583389082753500e-02 9.968711977715865036e-01
1.706659865510036511e-02 -4.622893509570656645e-02 9.987850703581916401e-01
-2.852469555567716322e-02 -4.114402440806053801e-02 9.987459692029070357e-01
-7.597765447071780365e-02 -4.471080925451272753e-02 9.961065904596700937e-01
-1.154511156868991001e-01 -5.536073289896612654e-02 9.917692418800810872e-01
-1.380256721549716348e-01 -7.179469781615113733e-02 9.878230788918831440e-01
-1.365756116492974348e-01 -9.241131595465457149e-02 9.863099162970417888e-01
-1.078573777298968556e-01 -1.131359157342743949e-01 9.877079784228953718e-01
-5.483594772210528823e-02 -2.277850774749814455e-01 9.721661263989365143e-01
3.009715205984419412e-02 -2.198304965058125449e-01 9.750736968271014327e-01
9.061873457634607443e-02 -1.838705595696321082e-01 9.787644569901774450e-01
1.082253457549142150e-01 -1.380273761677714706e-01 9.844976983033214557e-01
8.667369403440225439e-02 -9.883034731846611354e-02 9.913224668145687035e-01
3.903624885275004675e-02 -7.456022077161626738e-02 9.964521788595590568e-01
-2.094977671996442470e-02 -6.671130288696001942e-02 9.975523589881578612e-01
-8.135469692941887931e-02 -7.364117370566440612e-02 9.939609604117857211e-01
-1.316995315614743756e-01 -9.329273450097796960e-02 9.868899123386597472e-01
-1.620801156740007687e-01 -1.240871937974109829e-01 9.789445359356944154e-01
-1.628709889499612706e-01 -1.633855711592532289e-01 9.730252802962144898e-01
-1.265314760186178056e-01 -2.033314273525123062e-01 9.708996427166319831e-01
-7.484466100388528775e-02 -2.994969609657824883e-01 9.511571095730585457e-01
6.086427885144300026e-02 -2.838517050777173978e-01 9.569345584125972248e-01
1.514522760549784353e-01 -2.255045874653162918e-01 9.623979889368238227e-01
1.706693335325464578e-01 -1.584311699813768792e-01 9.725078626776970658e-01
1.347601094878646821e-01 -1.069365975989856193e-01 9.850909993420626787e-01
6.769759086992827024e-02 -7.861841943673504585e-02 9.946035292093411417e-01
-1.184563033067090841e-02 -7.200453311283315505e-02 9.973339602426531947e-01
-9.074679944834726508e-02 -8.337696188261262131e-02 9.923775998161987744e-01
-1.585402958819092933e-01 -1.099736485888533899e-01 9.812088315936459137e-01
-2.045934828267705341e-01 -1.506042105585823077e-01 9.671917485933595460e-01
-2.157796466747708142e-01 -2.036814364697089597e-01 9.549623115696381781e-01
-1.759354943173029040e-01 -2.611992974565897074e-01 9.491162356884426110e-01
-1.253547909056652587e-01 -3.011819705128387925e-01 9.452912762927364598e-01
9.724664636342715551e-02 -2.799505223247357177e-01 9.550763293168555990e-01
2.265823997320090544e-01 -2.030393215240880456e-01 9.525940636215017854e-01
2.414735238875221623e-01 -1.255782755961161179e-01 9.622476988591210922e-01
1.860537272985587076e-01 -7.525190717269909790e-02 9.796535923607208041e-01
9.751778622442744404e-02 -5.342406970011932127e-02 9.937988479298189848e-01
-2.437224795918793967e-03 -5.349414158054598828e-02 9.985651890346882720e-01
-1.013123044576131060e-01 -6.935674688190168746e-02 9.924341079525733633e-01
-1.899238560976195811e-01 -9.746046844457728620e-02 9.769495309253728443e-01
-2.580396474236891780e-01 -1.368397173804019595e-01 9.563944960657690952e-01
-2.898480679352215539e-01 -1.881105925152131431e-01 9.384042319266174825e-01
-2.581012392105666575e-01 -2.494550310303740026e-01 9.333573473282490429e-01
-1.948268408133259910e-01 -1.532879807477462442e-01 9.687854752507993883e-01
1.460934718631743678e-01 -1.348174378819869401e-01 9.800413031713089973e-01
2.955671880774416449e-01 -7.371450916712156409e-02 9.524737311183130162e-01
2.946692100456225205e-01 -2.442059788483088786e-02 9.552872296068312119e-01
2.216335822631484986e-01 -2.447334743903334994e-03 9.751269485384718161e-01
1.183364448824528875e-01 -1.853370675817790202e-03 9.929718278127156461e-01
4.678444464280924822e-03 -1.420699800712576372e-02 9.998881304251798774e-01
-1.089923687514119388e-01 -3.330321300112109445e-02 9.934845542623016446e-01
-2.152187716749864033e-01 -5.502497778880662688e-02 9.750144266306709495e-01
-3.048226791656798995e-01 -7.660848402077402586e-02 9.493230611558569620e-01
-3.609690414674953662e-01 -9.684514955619301368e-02 9.275356425008729477e-01
-3.478989610232416374e-01 -1.195686822637936075e-01 9.298761439787164296e-01
-2.214208404977073275e-01 1.963833619869624347e-01 9.551996579395363174e-01
1.366529904518339333e-01 2.137357100174549773e-01 9.672864138732832906e-01
2.856084636240055485e-01 1.607977104631182486e-01 9.447602350947638117e-01
2.878237468239626673e-01 1.221143074914625565e-01 9.498660888094152543e-01
2.196274397550328494e-01 9.034874907055315263e-02 9.713912143148021316e-01
1.195266044539884109e-01 6.077424136647266439e-02 9.909691632004631323e-01
6.105863313827500881e-03 3.457046654512063721e-02 9.993836106701419197e-01
-1.106640398137630210e-01 1.475744801291493762e-02 9.937483021471735789e-01
-2.233581996297921701e-01 5.534617123623743543e-03 9.747207203457975977e-01
-3.224006737198050199e-01 1.316232533724744774e-02 9.465117848059646510e-01
-3.892073149068954185e-01 4.683368780248320373e-02 9.199588424001008402e-01
-3.825521566970875309e-01 1.142642696990955747e-01 9.168410571502859652e-01
-5.929060506241741191e-01 3.771792346481265268e-01 7.114760994464168764e-01
-2.034794882912046299e-01 6.677543933057243919e-01 7.160308429569816058e-01
7.984714484918321864e-02 6.209213283641331627e-01 7.797955741360196313e-01
1.726511873753234783e-01 4.723270890756471885e-01 8.643487076540187219e-01
1.551512252297035377e-01 3.218756057284930527e-01 9.339829718719181439e-01
8.174715738609522608e-02 1.915746241835603603e-01 9.780677714904363329e-01
-2.115562097289952481e-02 8.363113259684377965e-02 9.962721883912750709e-01
-1.422328277533557450e-01 -2.742708754777194689e-03 9.898294298806382674e-01
-2.771478581907871885e-01 -6.525960777630639142e-02 9.586084958383122023e-01
-4.225509709684299731e-01 -9.346366300575502384e-02 9.015071938876682012e-01
-5.670285926499478713e-01 -6.041593576373095742e-02 8.214794518569087378e-01
-6.668626620556017404e-01 8.452504136902079523e-02 7.403713307103960695e-01
-4.759650854710250067e-01 3.848589035558929172e-01 7.907849655668427458e-01
-2.722683104042699087e-01 5.393835984146082563e-01 7.968282756723562565e-01
-6.809214259634947808e-02 5.321399370264854323e-01 8.439138270808230757e-01
4.295509087125293224e-02 4.293501934662484198e-01 9.021159967202776464e-01
6.558608266664398001e-02 3.053668890226932109e-01 9.499734358649192245e-01
2.854352570409333933e-02 1.924243626341222702e-01 9.808965958780689887e-01
-4.588715367304927600e-02 1.002702424301122885e-01 9.939015281258258838e-01
-1.443461091168018740e-01 3.260464584642095570e-02 9.889899584181073289e-01
-2.584434697041760320e-01 -5.267122155857602815e-03 9.660120239373715112e-01
-3.789401661283310352e-01 -2.655924211973496093e-03 9.254173634427372841e-01
-4.868531347979033197e-01 5.782575321720710704e-02 8.715676723022575123e-01
-5.409459601335107060e-01 1.926245781679887803e-01 8.187021681300761244e-01
-3.575981640191218114e-01 3.063529442269504743e-01 8.821969318999705045e-01
-2.410093447096112729e-01 3.887742206355259134e-01 8.892519896699195847e-01
-1.099180560235026721e-01 3.902743116931987610e-01 9.141137689545161260e-01
-2.090967823399973724e-02 3.288844109567466978e-01 9.441386707394747724e-01
1.035759032273897255e-02 2.439221687916373060e-01 9.697394989865117942e-01
-7.012042963568549184e-03 1.609464321213468496e-01 9.869382337517673687e-01
-5.897183742155431146e-02 9.191943137101965533e-02 9.940186821824229524e-01
-1.334708730873888916e-01 4.356051852473925845e-02 9.900949486099832608e-01
-2.202877192940445872e-01 2.246074925428293012e-02 9.751763099416429492e-01
-3.077626443237098663e-01 3.653909163286071099e-02 9.507612999808895404e-01
-3.780062967204372293e-01 9.300506922875073634e-02 9.211195887274551408e-01
-4.039956364568357272e-01 1.907352797257718391e-01 8.946550054582920186e-01
-2.451374434970444161e-01 1.956098542797068129e-01 9.495495872803167980e-01
-1.720666822493489845e-01 2.402174198593945154e-01 9.553473965296299664e-01
-8.995223580563205257e-02 2.442167764062353474e-01 9.655396218672744890e-01
-3.008632758000636884e-02 2.126987049810764863e-01 9.766545314451664517e-01
-6.866155426732174424e-03 1.631193294628768553e-01 9.865824548740877997e-01
-1.884530688789393810e-02 1.102173834176649048e-01 9.937288275989034636e-01
-5.759357427586005163e-02 6.352741029056187261e-02 9.963168413429798198e-01
-1.131248741320524664e-01 3.019744742181889111e-02 9.931217835803571869e-01
-1.753468482396205175e-01 1.677697401930470025e-02 9.843637620082883455e-01
-2.332491219099331881e-01 2.878519081477019792e-02 9.719908744005324452e-01
-2.734945676889990462e-01 6.827353582900563822e-02 9.594474689892348307e-01
-2.810397548088448549e-01 1.296557387444772225e-01 9.508974948056536647e-01
-1.405281510694773306e-01 7.141847293405270691e-02 9.874974635311359883e-01
-8.747639402221711602e-02 9.872777551065423096e-02 9.912621786547626268e-01
-3.479156974970588206e-02 1.090959639622143956e-01 9.934221747683904535e-01
-7.854526705563925448e-05 1.016293141450215071e-01 9.948223340563231432e-01
8.361712654162608074e-03 8.092536673843041262e-02 9.966850890727579904e-01
-8.231810637712611012e-03 5.278841623648517639e-02 9.985717903110384874e-01
-4.316109963740889094e-02 2.315125256217133790e-02 9.987998493106630127e-01
-8.759431066754969075e-02 -1.690115973288230022e-03 9.961547973316662308e-01
-1.321516348482620340e-01 -1.557599108073535847e-02 9.911071253443558549e-01
-1.674041028227118977e-01 -1.391031293408462148e-02 9.857902259365196596e-01
-1.842953754618563145e-01 4.530604789027352711e-03 9.828604622242209654e-01
-1.757901614299856863e-01 3.604522000121809094e-02 9.837675341560288000e-01
-4.282808301810697715e-02 -5.971712628741580875e-02 9.972961546765857221e-01
6.780761583083320942e-03 -3.462298739724961605e-02 9.993774412183420441e-01
4.401482821231923054e-02 -1.011666680569391248e-02 9.989796534215774626e-01
5.844201988455918068e-02 5.972051124433562334e-03 9.982729410923364410e-01
4.869143718796020009e-02 9.211499741967676264e-03 9.987713913688724965e-01
1.980447387652149727e-02 -6.276780812634481224e-04 9.998036751457268778e-01
-2.018502079329887594e-02 -2.016001469300513979e-02 9.995929865416187665e-01
-6.226686274321482223e-02 -4.377294682629821049e-02 9.970991760752626609e-01
-9.736856468124643893e-02 -6.540261201781172318e-02 9.930971055003524617e-01
-1.170313988523071363e-01 -8.008622238056888054e-02 9.898938572732515206e-01
-1.146627432913671918e-01 -8.467643343287589719e-02 9.897890466771707141e-01
-8.807073658027368690e-02 -7.768536018027215329e-02 9.930803241289231087e-01
4.848943692793496185e-02 -1.965880194011167259e-01 9.792864367151966620e-01
1.107801095884397014e-01 -1.590660449039562885e-01 9.810330069260212449e-01
1.433515155766480476e-01 -1.091064684767675680e-01 9.836392232512868317e-01
1.398316736247107728e-01 -6.609585902757053599e-02 9.879668215434489476e-01
1.077181937532640105e-01 -4.216537436690215301e-02 9.932869031347911770e-01
5.906578780722945843e-02 -4.028938662065025683e-02 9.974407240716677281e-01
5.361073458607046489e-03 -5.720444218035256739e-02 9.983480909411959203e-01
-4.331750362121501025e-02 -8.690120009651673694e-02 9.952747235320233976e-01
-7.764247808071832180e-02 -1.230457583363427504e-01 9.893590788753562348e-01
-8.880859728304076051e-02 -1.598089046287293480e-01 9.831450284926419592e-01
-6.991598258486039774e-02 -1.907263309233697968e-01 9.791502551047457370e-01
-2.018705899294493192e-02 -2.064719431742887967e-01 9.782442534108237719e-01
1.293342723416100459e-01 -3.396187883684109177e-01 9.316285335826265390e-01
2.263136360717599715e-01 -2.703938363042020510e-01 9.357720403051597025e-01
2.640636477466690724e-01 -1.781051669922289193e-01 9.479182134705700369e-01
2.407907659640222131e-01 -1.027967142954955004e-01 9.651179423036774230e-01
1.795017900215030715e-01 -6.227550557964749156e-02 9.817845327686418599e-01
1.031832526970575536e-01 -5.673688954860713757e-02 9.930428700349290816e-01
2.763354734330999637e-02 -7.919236064243896644e-02 9.964762702026132013e-01
-3.635318855584977749e-02 -1.218238678921430285e-01 9.918857751240922616e-01
-7.933752505638434760e-02 -1.781708699864495427e-01 9.807959513611508306e-01
-9.096272138219950454e-02 -2.423656526652397947e-01 9.659113177341953627e-01
-6.030123001513341269e-02 -3.051281671279032492e-01 9.504002121651938806e-01
1.818641325203803130e-02 -3.471313286319639979e-01 9.376401735501022072e-01
1.809402025135679326e-01 -4.868793451240572834e-01 8.545227594427876605e-01
3.529880154247108659e-01 -3.534284059029217384e-01 8.663070026654782207e-01
4.052955790843568717e-01 -1.941113144749698483e-01 8.933399639371634171e-01
3.539551783504094051e-01 -8.470288479121353131e-02 9.314188923502909612e-01
2.546733572891952679e-01 -3.849621963702731797e-02 9.662605870886060710e-01
1.446286220623295427e-01 -4.174680397982150765e-02 9.886049595453739736e-01
4.182766150647602987e-02 -7.893780261160764089e-02 9.960016415909103138e-01
-4.452737651119216544e-02 -1.397516976112775366e-01 9.891849047353445945e-01
-1.063331648933730916e-01 -2.186702856116740645e-01 9.699879196330180031e-01
-1.317934857687420858e-01 -3.120619209584729603e-01 9.408760994929026289e-01
-1.027084685548108611e-01 -4.115006998239130742e-01 9.056037458687370423e-01
2.181144811149405335e-03 -4.897431886628199615e-01 8.718640099037774371e-01
1.435146677761489631e-01 -6.195671117533021466e-01 7.717124685831278086e-01
4.832193738024855856e-01 -3.589109177287050922e-01 7.985499295079439008e-01
5.485359578635023992e-01 -1.084860240036929213e-01 8.290591568318570470e-01
4.530754989951139011e-01 1.416804982859931443e-02 8.913595562815540552e-01
3.128982614310164556e-01 3.836121656414005765e-02 9.490116411600649782e-01
1.722134677376097045e-01 7.512932965857947384e-03 9.850310032521256698e-01
4.420349349227067903e-02 -5.344675999019038448e-02 9.975918479065574163e-01
-6.679526410816055693e-02 -1.338491376705243097e-01 9.887480978679670240e-01
-1.561607446853849057e-01 -2.308171066570278152e-01 9.603839258826373237e-01
-2.133676513007169984e-01 -3.448033731345831465e-01 9.141033197912170616e-01
-2.152807605312238859e-01 -4.734832277769600029e-01 8.540888871533961479e-01
-1.164727470535867615e-01 -5.951448998963179138e-01 7.951331003808499442e-01
-1.261244720243437090e-01 -6.083495325376067075e-01 7.835837312104505514e-01
5.718020824402038071e-01 -1.161099039595523547e-01 8.121335288727370427e-01
6.043425181138948332e-01 1.535394613872175795e-01 7.817900962512289720e-01
4.728004219266624397e-01 2.015356456759598291e-01 8.578130009203482897e-01
3.200585851889122813e-01 1.574120072141478588e-01 9.342290736386591465e-01
1.716607687690652195e-01 8.074462176755614617e-02 9.818415791365667777e-01
3.243640489628602658e-02 -7.716593631834546378e-03 9.994440123488895766e-01
-9.706351771535692841e-02 -1.025516086658860015e-01 9.899807276349319451e-01
-2.159462698522568724e-01 -2.040290031632792656e-01 9.548504460934524873e-01
-3.191786587069607717e-01 -3.137857946862674940e-01 8.942390390042117554e-01
-3.907443670374506350e-01 -4.308099841424319898e-01 8.134627202224801179e-01
-3.818061218337250318e-01 -5.462658421981934076e-01 7.455318336449830996e-01
-6.597191409255509509e-01 1.030405935686526664e-01 7.444147306262808295e-01
9.612860529280065069e-02 6.234537021422444925e-01 7.759283295057646246e-01
3.539246163201821282e-01 5.306486818132289951e-01 7.701618936644510915e-01
3.457032717266800836e-01 3.988904789062172607e-01 8.493383505739170447e-01
2.551835265273449393e-01 2.700975633398219888e-01 9.284011385534333138e-01
1.367381764517375253e-01 1.512521112398884093e-01 9.789920683774858690e-01
8.124804445943104719e-03 4.384400092216748923e-02 9.990053509046173952e-01
-1.253603818188263608e-01 -5.344423284532089785e-02 9.906707266522605249e-01
-2.630736301716398162e-01 -1.412785161049172067e-01 9.543755267164161227e-01
-4.053300375055681748e-01 -2.152507045650488282e-01 8.884676104843894917e-01
-5.502805765159342055e-01 -2.552277727268851826e-01 7.950157678548589457e-01
-6.805822590854213594e-01 -1.978257072897401103e-01 7.054592675367886700e-01
-9.925003186578117420e-01 8.156094089560493587e-02 9.105454620211018979e-02
-7.003085821666424904e-01 7.064176184739362485e-01 1.026744274573272026e-01
-2.653633791404349518e-01 8.656370631455790887e-01 4.245641905765601964e-01
-2.685281356197678423e-02 7.102298073381612120e-01 7.034575660066869629e-01
4.508424449333890693e-02 4.854445765349599817e-01 8.731042171536108620e-01
2.510326199954574303e-02 2.731656996785709612e-01 9.616393953849013965e-01
-4.448495433249938236e-02 8.739459251399810114e-02 9.951800209194867630e-01
-1.468533058900766408e-01 -7.578136265990491338e-02 9.862511300995204788e-01
-2.793629006558159822e-01 -2.207580523398691708e-01 9.344636173036607873e-01
-4.459328446828671466e-01 -3.420177793467030214e-01 8.271443263684031821e-01
-6.499427069436050086e-01 -4.067983645642039847e-01 6.419420287524651991e-01
-8.733117163010617467e-01 -3.202901475340076964e-01 3.670706574542973999e-01
-8.195816260015578170e-01 2.104223775058076396e-01 5.329243673967568595e-01
-6.570366957999510538e-01 5.232727242670212053e-01 5.426678877641029075e-01
-3.745281937867234179e-01 6.392133339186717444e-01 6.716657991884504852e-01
-1.579988943579057614e-01 5.605050757047249643e-01 8.129393639692374940e-01
-5.451596217739611283e-02 4.037116712821263165e-01 9.132605851225880089e-01
-3.797441075045281805e-02 2.388903181815513199e-01 9.703037462604466867e-01
-7.923505356295663937e-02 9.013947949165124207e-02 9.927722198589199465e-01
-1.620577833667307122e-01 -3.640238515942297720e-02 9.861095989823617236e-01
-2.806486788734455229e-01 -1.362202255956664332e-01 9.500949264075988498e-01
-4.328560775693618967e-01 -1.966115110728220705e-01 8.797610640538510163e-01
-6.086850935174550337e-01 -1.877359788706313426e-01 7.708810927549208936e-01
-7.689133373981436037e-01 -6.115836432620268270e-02 6.364211923280231886e-01
-5.886862859658879010e-01 1.968915537754643286e-01 7.840166916383802809e-01
-4.933107148947585285e-01 3.576421968054283584e-01 7.929291252275345592e-01
-3.270338253233863735e-01 4.256903371520529555e-01 8.437041033143262148e-01
-1.775072121813831560e-01 3.883412753291777264e-01 9.042578412706502311e-01
-9.023937257709686854e-02 2.923961343601663154e-01 9.520301236032066017e-01
-6.565091884837302716e-02 1.801007380534956626e-01 9.814548797611818420e-01
-9.008477612239033927e-02 7.356999942055851560e-02 9.932130628905969649e-01
-1.517259240399607412e-01 -1.595969696687503381e-02 9.882937478537564546e-01
-2.430619074957511283e-01 -7.909665595835051188e-02 9.667805480774697147e-01
-3.568623300468635184e-01 -1.031451798292010169e-01 9.284451245343162684e-01
-4.777632260216317373e-01 -7.069865276371888052e-02 8.756391953076650969e-01
-5.722128043434343558e-01 3.304009719281576773e-02 8.194393562203933223e-01
-3.713430601699000411e-01 1.241457092820820729e-01 9.201587768044743321e-01
-3.120045257252977988e-01 2.101877541677469596e-01 9.265388734018262795e-01
-2.170258422754340888e-01 2.506991835229891996e-01 9.434244554629462876e-01
-1.280288995539798358e-01 2.366775691702343032e-01 9.631159479162225701e-01
-7.296911472751127503e-02 1.847097621156956193e-01 9.800805130574323787e-01
-5.765565538312039662e-02 1.154001365289263753e-01 9.916444089952327623e-01
-7.637872249882576847e-02 4.417859144392521920e-02 9.960996650975402211e-01
-1.210088046540205714e-01 -1.725699726995823594e-02 9.925014182565704557e-01
-1.839821303520761953e-01 -5.830336319466648820e-02 9.811989062119499394e-01
-2.569241984134026935e-01 -6.862541716319460472e-02 9.639919648984496270e-01
-3.268138621577254543e-01 -3.976051435650715393e-02 9.442519796112557318e-01
-3.730132813821968596e-01 2.947046902331982091e-02 9.273578507609196997e-01
-1.743282252971048440e-01 2.698004337766206351e-02 9.843179095820765445e-01
-1.325225434912059297e-01 8.040737825570627717e-02 9.879131687493712954e-01
-8.109748315400851226e-02 1.136198039917100389e-01 9.902089367234742090e-01
-3.905667895123647593e-02 1.182346586849213899e-01 9.922172853335858855e-01
-1.850023261435281008e-02 9.679419318101699365e-02 9.951324663378947610e-01
-2.138050617201074990e-02 5.720602548090740480e-02 9.981334302610014308e-01
-4.335287747574752271e-02 9.190523914052280835e-03 9.990175485369354735e-01
-7.781313316110068101e-02 -3.676438652161425485e-02 9.962898655468513942e-01
-1.177574518228554912e-01 -7.027302738926793912e-02 9.905528174519410145e-01
-1.558401863734668324e-01 -8.251807964083698876e-02 9.843295194412956528e-01
-1.836803559622641746e-01 -6.826789625160795127e-02 9.806125744527961485e-01
-1.921310632994709111e-01 -2.848965025217362404e-02 9.809556536072293609e-01
1.074261927590622334e-02 -8.277428084973291467e-02 9.965104186916231566e-01
4.877060634301016301e-02 -3.318467654466758510e-02 9.982585863389620284e-01
7.209455540307804777e-02 1.094050795182768474e-02 9.973377965197979256e-01
7.538908898582065421e-02 3.596364572505691970e-02 9.965054447657888392e-01
6.054906190765908802e-02 3.623192808945061710e-02 9.975074227739050281e-01
3.325126909323077723e-02 1.371929380651069896e-02 9.993528576439205668e-01
2.274957599434760704e-04 -2.440830814531377152e-02 9.997020469816622068e-01
-3.172095369664663239e-02 -6.830532693092875030e-02 9.971600490440566400e-01
-5.587076604340157626e-02 -1.076859507204442207e-01 9.926138189241742182e-01
-6.588144992269093225e-02 -1.335737086815280417e-01 9.888466508539283106e-01
-5.705952190702257010e-02 -1.393463401940775448e-01 9.885984060446227906e-01
-2.914657407120710073e-02 -1.216325001547676199e-01 9.921471726139491354e-01
1.953672899050502565e-01 -2.041102335376009658e-01 9.592552499728134174e-01
2.431021465360096723e-01 -1.307610267570308571e-01 9.611466590644591745e-01
2.454102262240202004e-01 -5.563112062940764324e-02 9.678217807438251885e-01
2.098794796039034349e-01 -5.174206779994900904e-03 9.777135734074218210e-01
1.547242446607630106e-01 9.933975741628192288e-03 9.879077508755537140e-01
9.594240601693232451e-02 -7.882534170089446068e-03 9.953556753153941505e-01
4.414852281945112755e-02 -4.977492341377976609e-02 9.977842276425276102e-01
6.808480508793251021e-03 -1.050570065829771471e-01 9.944428942682691508e-01
-9.192449066191659898e-03 -1.632467344393294106e-01 9.865424484405641570e-01
3.031513146513020902e-03 -2.141540048630839743e-01 9.767952048044672431e-01
4.768353219481622635e-02 -2.462828297461970850e-01 9.680243016213069263e-01
1.192855137931340126e-01 -2.459232119648464554e-01 9.619213793321533812e-01
3.881072879511449081e-01 -3.400913368870581155e-01 8.565690956444740323e-01
4.633399434761742985e-01 -2.045535769773804691e-01 8.622493438241072283e-01
4.435989353621168640e-01 -7.158865112425830124e-02 8.933616566520526936e-01
3.593844579939472483e-01 8.701698337325996027e-03 9.331490190739726298e-01
2.541081241995226114e-01 2.821595772286922266e-02 9.667641495967342902e-01
1.560951882443840921e-01 -6.997485440460331956e-05 9.877420145516280225e-01
7.850116439832095783e-02 -6.031879529256463368e-02 9.950875389241670144e-01
2.794584753016838424e-02 -1.399747385538794298e-01 9.897606287242406431e-01
1.129091776400129900e-02 -2.292982511976776605e-01 9.732907207888880086e-01
3.833857661246693749e-02 -3.177711596572908581e-01 9.473920221498929317e-01
1.188698239436376120e-01 -3.872784866942877713e-01 9.142676515657576219e-01
2.490521114503175815e-01 -4.056119396656686082e-01 8.794611987931700847e-01
5.816964676441852555e-01 -4.949524840481540622e-01 6.454852888059803284e-01
7.148601164631361859e-01 -2.263153261500839009e-01 6.616316097647075845e-01
6.581099408022870190e-01 1.270286826868852496e-03 7.529207741778060070e-01
5.053969457742715221e-01 1.033965705051360651e-01 8.566697592479941559e-01
3.410270890173721092e-01 1.034303600085341307e-01 9.343461270775950123e-01
2.010783992093530259e-01 4.299358311406580729e-02 9.786312018234930576e-01
9.488361951922996695e-02 -5.092876059360748608e-02 9.941847716047841343e-01
2.464353398784352098e-02 -1.654593785142611240e-01 9.859086622474381167e-01
-4.084147664871595924e-03 -2.947691841692903769e-01 9.555597562697473180e-01
2.303720291090601696e-02 -4.319372871243817302e-01 9.016093762119500310e-01
1.296453255225790135e-01 -5.552676481258652652e-01 8.215046734590849553e-01
3.323980763747908518e-01 -6.063996507327598096e-01 7.223510105299690842e-01
6.993765577986976734e-01 -6.735502495055647465e-01 2.391704241595752345e-01
9.542447379388958595e-01 -1.193129049091776750e-01 2.741922880717947431e-01
8.220125001700756551e-01 2.332721980738223788e-01 5.194993081517349509e-01
5.900520030284014394e-01 3.044373701319690317e-01 7.477676921271042554e-01
3.809364626587256608e-01 2.373230122193520364e-01 8.936247530637488889e-01
2.145134378004774911e-01 1.182863245641449235e-01 9.695320161933634884e-01
8.737546735211650095e-02 -2.096724141891347787e-02 9.959547693004721092e-01
-4.717040562908888374e-03 -1.735921610448073193e-01 9.848063317994230070e-01
-5.905093962916808242e-02 -3.420067517517814126e-01 9.378402680015139881e-01
-5.915797091939135194e-02 -5.282352442665011472e-01 8.470347461534503131e-01
3.400305064832079976e-02 -7.177165541303609508e-01 6.955046660332978581e-01
2.839735732942332835e-01 -8.355317185045054718e-01 4.703676828219831019e-01
3.923127624770428867e-01 -8.188024366325461489e-01 -4.191100883563914081e-01
8.781980760560104127e-01 2.895884636043353777e-01 -3.806660753976258693e-01
7.124728401018451951e-01 6.611266116249217006e-01 2.351468807333521316e-01
5.062364753294080755e-01 5.756272048358289650e-01 6.421666077420437047e-01
3.309117767538707899e-01 3.931327909093147999e-01 8.578717880414790109e-01
1.819683612536535655e-01 2.039862345112661290e-01 9.619132661692599839e-01
5.494060212344557131e-02 2.198793159364442057e-02 9.982474949142214893e-01
-5.363855649423308197e-02 -1.586777527384897468e-01 9.858723426707769466e-01
-1.435313958534485401e-01 -3.491881476749862934e-01 9.259948034019985785e-01
-2.042687484237901141e-01 -5.600161234839270419e-01 8.029048635144959700e-01
-2.030380041941383384e-01 -7.901476786800450958e-01 5.783097913136947543e-01
-5.809774352779437101e-02 -9.820019721431811899e-01 1.797130460029629784e-01
-7.599825448721546639e-01 -3.537386441951769767e-01 -5.452481114985894273e-01
-2.458560630433542782e-01 8.284624924422787640e-01 -5.031944901139228099e-01
1.415946530627053002e-01 9.703120309063636428e-01 1.960752837620206857e-01
2.306030293856713431e-01 7.453960925219031974e-01 6.254653532300203933e-01
1.936025607044085384e-01 4.906992315712461750e-01 8.495482991707900000e-01
1.086359095415853765e-01 2.632590140532844458e-01 9.585890311691777077e-01
5.526105277767975194e-03 6.279541968364824034e-02 9.980111208934816514e-01
-1.070471256420131856e-01 -1.221945829488087221e-01 9.867164723413611727e-01
-2.288754662681568020e-01 -3.039367885932630076e-01 9.247910301684888479e-01
-3.613904580254094778e-01 -4.894153457556053022e-01 7.936432171872189745e-01
-5.050171596854835521e-01 -6.661043120231155967e-01 5.488740419509845481e-01
-6.589111332230118689e-01 -7.443943355605335821e-01 1.082274997406400818e-01
-9.377456086619642139e-01 -1.997203956425615268e-01 -2.841565360844459653e-01
-8.525113108382932348e-01 4.525337177176446679e-01 -2.616059999716126572e-01
-5.527078740052975281e-01 8.241676387996359487e-01 1.235382902908841313e-01
-2.753062759868861176e-01 7.978154874881231429e-01 5.363738456770222873e-01
-1.195594090040877217e-01 5.790078913190147558e-01 8.065081583645770102e-01
-6.320444813933474848e-02 3.236600898745818911e-01 9.440600319671504925e-01
-6.989727519168689729e-02 8.274971820734708383e-02 9.941161174919664889e-01
-1.215371278888132400e-01 -1.410991792640608755e-01 9.825068692661866887e-01
-2.161971987229005798e-01 -3.555286682973741730e-01 9.093174018364926781e-01
-3.602776813381932675e-01 -5.544623253701465027e-01 7.501809928775567959e-01
-5.571709364616652671e-01 -6.866389365992007221e-01 4.669984136034566746e-01
-7.821913211925219933e-01 -6.197361081992718290e-01 6.406163629820214866e-02
-9.536383549958793449e-01 -4.245483187849242307e-02 2.979454230742772380e-01
-8.850409274407462501e-01 3.438776838021160853e-01 3.137685378393618718e-01
-6.423061360824098287e-01 5.815984415056644208e-01 4.991854168432665606e-01
-3.815678480974362130e-01 5.830337487550228959e-01 7.172709565504516993e-01
-2.050688183756820826e-01 4.402965700891237621e-01 8.741199632189086133e-01
-1.209477894863107833e-01 2.534852465941200284e-01 9.597483326255838998e-01
-1.075368368043403133e-01 6.783535373239990562e-02 9.918841633548846071e-01
-1.498167089157494414e-01 -1.047200383297758330e-01 9.831524130581201781e-01
-2.451458813267995140e-01 -2.602849735574960799e-01 9.338925149120999025e-01
-3.976336260967699987e-01 -3.847242965462439601e-01 8.329914255527592903e-01
-6.035982026106121445e-01 -4.355593539711888895e-01 6.678003136967104458e-01
-8.228372146489277839e-01 -3.373186791975434917e-01 4.573346989384940442e-01
-7.289892501581045625e-01 1.693499122308858226e-02 6.843156283662140682e-01
-6.823525285188916101e-01 2.286587946517941727e-01 6.943415459643806908e-01
-5.256467291166523337e-01 3.635374849636464067e-01 7.691137842967268323e-01
-3.433461992432164100e-01 3.741411229180971465e-01 8.614707235922937079e-01
-2.051223423801458445e-01 2.936505531647350398e-01 9.336456379604910483e-01
-1.304403358071683228e-01 1.731733264180770893e-01 9.762153030002930221e-01
-1.129068977327022522e-01 4.466417314259775451e-02 9.926012009269801206e-01
-1.440681066224559215e-01 -7.611182804162626436e-02 9.866363921356982036e-01
-2.207252494910360574e-01 -1.781207287227167813e-01 9.589334545401752008e-01
-3.417317108664642000e-01 -2.456073962146189671e-01 9.071363980753520684e-01
-4.965862700996691026e-01 -2.517630470518564811e-01 8.306728865730000910e-01
-6.482496774558825781e-01 -1.650584706154973602e-01 7.433223102774715318e-01
-4.532759481326137929e-01 1.249231651881825035e-02 8.912827031152266155e-01
-4.237318171138235168e-01 1.274550674322396659e-01 8.967756424835316986e-01
-3.356599041376354120e-01 2.036545963973276085e-01 9.197049712383034148e-01
-2.305938360439697965e-01 2.171412484324466985e-01 9.485126045592989774e-01
-1.465037040381191036e-01 1.768014701781101816e-01 9.732820273928836086e-01
-9.887929379991750034e-02 1.046267045744742191e-01 9.895838205768595630e-01
-8.783683496159494508e-02 2.015985102813520197e-02 9.959308564508054795e-01
-1.093957859522082660e-01 -6.152462915810770483e-02 9.920923757509501062e-01
-1.603773318530708758e-01 -1.272138104782291890e-01 9.788236602429106759e-01
-2.371062425731437218e-01 -1.632509787012573210e-01 9.576689133962301703e-01
-3.294028662370324101e-01 -1.552800990349328392e-01 9.313333681117595964e-01
-4.134131463035538578e-01 -9.378989615464990159e-02 9.057002958168997031e-01
-1.875207110871212890e-01 -2.314223659878942435e-02 9.819879937140845172e-01
-1.682574111530238947e-01 4.794928936818636245e-02 9.845762079398370226e-01
-1.291764436825236229e-01 1.001262755981458669e-01 9.865536859859074248e-01
-8.652039107093210946e-02 1.183149272487146741e-01 9.891995753737046204e-01
-5.456468298833302283e-02 1.014334793799219619e-01 9.933448266495384926e-01
-3.933270996055443502e-02 5.763667467034420261e-02 9.975625051395842213e-01
-4.061317824110849406e-02 -1.060339800117380757e-03 9.991743818937756094e-01
-5.586750778298948256e-02 -6.136000045660409963e-02 9.965509379444379423e-01
-8.224048852219395522e-02 -1.100871816128484587e-01 9.905136619411578636e-01
-1.162981705869588628e-01 -1.355408492188415193e-01 9.839224632617886712e-01
-1.522009943042857139e-01 -1.292352555319151719e-01 9.798638201610258003e-01
-1.800567648321710346e-01 -8.895599997371293755e-02 9.796256384489714364e-01
6.677910955180764441e-02 -7.559608180660322418e-02 9.948998858895631292e-01
8.246477166654128665e-02 -9.758226988788259657e-03 9.965462048695896691e-01
8.376999771967809372e-02 4.550499604983560681e-02 9.954455699920272682e-01
7.263590071466488607e-02 7.359665806932595700e-02 9.946394109667650030e-01
5.457893536001361817e-02 6.899358863937483932e-02 9.961229966934976865e-01
3.481107897023790615e-02 3.583140247096366915e-02 9.987513701505575936e-01
1.704712297034293236e-02 -1.588930305383405572e-02 9.997284259472895007e-01
4.090990290652088412e-03 -7.343042862125022385e-02 9.972919512114579721e-01
-1.427338010923901107e-03 -1.236821894197566163e-01 9.923208547271659130e-01
2.956796546645345559e-03 -1.549816524880231750e-01 9.879129236661428060e-01
1.834447961970189084e-02 -1.585379498847913626e-01 9.871824545209022528e-01
4.211878160129033100e-02 -1.304554502021551821e-01 9.905591268314014597e-01
3.250535973977229931e-01 -1.425677110737985642e-01 9.348874833786614547e-01
3.441235011442843605e-01 -4.486530787531349540e-02 9.378518646936767622e-01
3.092826938922827451e-01 4.002578408197546289e-02 9.501274398034303958e-01
2.418963161771525150e-01 8.423721674949177785e-02 9.666386416515670987e-01
1.696798911732446680e-01 8.191841275947779610e-02 9.820886457861772723e-01
1.105796720518405218e-01 4.205007489609741828e-02 9.929773045393115449e-01
7.210327904177538105e-02 -2.158674357264610266e-02 9.971635420798943272e-01
5.714240628015165163e-02 -9.503737239274122339e-02 9.938323013734634559e-01
6.831930127247448636e-02 -1.650102791601244234e-01 9.839228022793370387e-01
1.084738084965061883e-01 -2.180857461068483050e-01 9.698824878380367664e-01
1.764419768095966679e-01 -2.394426074691141659e-01 9.547436653614961299e-01
2.586146308028265950e-01 -2.149182428431247183e-01 9.417688790928149256e-01
5.949679832605525576e-01 -2.251263573806084883e-01 7.715771005591627318e-01
6.256104531460187079e-01 -4.667794225059748031e-02 7.787379088125172544e-01
5.472782085400387242e-01 9.964404314920725925e-02 8.309979705883430157e-01
4.115758377365814624e-01 1.629396471091284770e-01 8.966916979605943361e-01
2.769038943107209882e-01 1.472705295096188027e-01 9.495449565203533115e-01
1.742791466537923772e-01 7.983476394532364184e-02 9.814546293678545474e-01
1.119394441249141614e-01 -1.552199768324803893e-02 9.935937944838144631e-01
9.060111716059561504e-02 -1.231468913241981766e-01 9.882440390543971720e-01
1.128501329169706441e-01 -2.310793892994384147e-01 9.663680268621057667e-01
1.849597882371052937e-01 -3.242006253040563002e-01 9.277304734068256842e-01
3.096274245957845173e-01 -3.762240699440000946e-01 8.732618777508664998e-01
4.663780313398593336e-01 -3.495033350441812958e-01 8.126124234077479747e-01
8.393907656721436572e-01 -3.198644738152879308e-01 4.394426707719625291e-01
8.910068445124127434e-01 1.390056464711515033e-02 4.537770127873299031e-01
7.579727906190943942e-01 2.588023157963111331e-01 5.987475344579360481e-01
5.454959125905413098e-01 3.298670045654329419e-01 7.704686681792930480e-01
3.502856560198264746e-01 2.712882189723994641e-01 8.964946522059120682e-01
2.096752156711932658e-01 1.498404889272151874e-01 9.662215749048181923e-01
1.259170856667780614e-01 3.595497072004807081e-03 9.920342534097889020e-01
9.446277515932166580e-02 -1.531163591271982871e-01 9.836829594319221881e-01
1.174522258133866154e-01 -3.141159102857618568e-01 9.420913806828444814e-01
2.076418841460509479e-01 -4.660828670072170721e-01 8.600300047269235915e-01
3.810257140906932460e-01 -5.686890311362163830e-01 7.289802405186739387e-01
6.234149077109292225e-01 -5.414511177845245937e-01 5.640784873523881915e-01
9.035475997201424248e-01 -4.129513060970794180e-01 -1.143370186454346488e-01
9.799265086479038711e-01 1.759927206806429223e-01 -9.365148112367424615e-02
8.063651606268918970e-01 5.426927581503718789e-01 2.350740265914028071e-01
5.584315267021588980e-01 5.816258085383009258e-01 5.914944199459906127e-01
3.471368401632393130e-01 4.393824587386949698e-01 8.285161852094988788e-01
1.988967172611216527e-01 2.405995799040770988e-01 9.500273354029233897e-01
1.074679332901888884e-01 3.290832583721240573e-02 9.936637687895997217e-01
6.439673735597592485e-02 -1.772375430857033030e-01 9.820590173399540435e-01
7.114716142865525061e-02 -3.946640521192231188e-01 9.160667919891924971e-01
1.454160769529031783e-01 -6.135790160301399787e-01 7.761281824871162360e-01
3.199516863889392271e-01 -7.848012490934779262e-01 5.307710596841541673e-01
6.077760151906625996e-01 -7.724645012419238954e-01 1.841382895542941212e-01
4.964395941854558014e-01 -4.754465692195289361e-01 -7.262907745129140169e-01
5.787689351247762293e-01 4.121926579799479740e-01 -7.036502912965927337e-01
4.893700390278871160e-01 8.627121772199038974e-01 -1.274545573067095983e-01
3.592636702832371354e-01 8.281527511584265699e-01 4.302239369946411762e-01
2.349005949528030768e-01 5.913392870106936039e-01 7.714528878219591990e-01
1.336836114504804385e-01 3.208426279521286451e-01 9.376506279624456930e-01
5.815647117480612915e-02 6.315730837344306348e-02 9.963076729902601292e-01
5.854460138192350491e-03 -1.857481803391747288e-01 9.825799401561166047e-01
-2.188399164091565235e-02 -4.412521376709132581e-01 8.971162923002571343e-01
-1.141558034985833484e-02 -7.062009252034643358e-01 7.079194429926409793e-01
6.923122825448085882e-02 -9.320079097182424333e-01 3.557643788478048186e-01
2.547384668010204689e-01 -9.484436180918977000e-01 -1.885815919773783100e-01
-4.052812909456286472e-01 -4.090455132692455975e-01 -8.175749771634035490e-01
-3.244326896773548907e-01 5.160212090666359552e-01 -7.927581861210988290e-01
-1.246491451065504519e-01 9.757674134551644896e-01 -1.798347726751842179e-01
8.638414447876274771e-03 9.137033908195182352e-01 4.062899105328789395e-01
4.821193105694983327e-02 6.456724657505965581e-01 7.620909897611858330e-01
3.274266755516229421e-02 3.527632122115729185e-01 9.351395798658760361e-01
-8.332868624823916784e-03 8.201206456031898129e-02 9.965965003786960708e-01
-6.389701039014947237e-02 -1.724278204642099299e-01 9.829475157876126357e-01
-1.323559478333556916e-01 -4.272382170526362044e-01 8.943989093033352100e-01
-2.124436201508601851e-01 -6.853865057265861038e-01 6.965005714460922315e-01
-2.960436263269526913e-01 -8.977553625418982497e-01 3.261801348008214196e-01
-3.664186698375206386e-01 -8.969621581341684635e-01 -2.473787486218785026e-01
-8.162240452485631792e-01 -3.842626037012610296e-01 -4.314169205704493915e-01
-8.829451303180395616e-01 2.329115100012437434e-01 -4.076274344995652887e-01
-7.407174953966155773e-01 6.713445077546690287e-01 -2.518221438188657582e-02
-5.045511992654611033e-01 7.452844640557227951e-01 4.358659827940015719e-01
-3.006112810655266476e-01 5.715856846809653780e-01 7.634937214959459650e-01
-1.665839294999235665e-01 3.185140470301369153e-01 9.331658996539683448e-01
-9.314908672455692040e-02 6.266479753858254786e-02 9.936782028361804686e-01
-7.009145000835037553e-02 -1.864448709104748469e-01 9.799619884194628039e-01
-9.935339992095479356e-02 -4.384585136945856609e-01 8.932429869262058508e-01
-1.935879864250711624e-01 -6.849682637922313022e-01 7.023832067393515066e-01
-3.654681603331679240e-01 -8.557404104278820700e-01 3.662531552671652868e-01
-5.993603277387643535e-01 -7.961928454616834516e-01 -8.272938032352190885e-02
-9.422925575010621113e-01 -2.876102407407992723e-01 1.713624389967107475e-01
-9.752053748969249369e-01 1.146885593387856894e-01 1.892643947734198862e-01
-8.182449198010208757e-01 4.151748262490699837e-01 3.976243388789236777e-01
-5.721876877714124898e-01 4.914417087715310384e-01 6.565716235436127590e-01
-3.522303188125974760e-01 3.927964955356128551e-01 8.494967425505591807e-01
-2.037598587682792617e-01 2.201126419045419669e-01 9.539561545629618999e-01
-1.248113921918251323e-01 3.048579689953917135e-02 9.917120209852421375e-01
-1.076846878428831256e-01 -1.603111743907170705e-01 9.811749769382464015e-01
-1.548779747658901029e-01 -3.500678679403804727e-01 9.238318574114241510e-01
-2.783735780228984713e-01 -5.246860656896920050e-01 8.044952973944191621e-01
-4.848467169512500896e-01 -6.309430101880623143e-01 6.056687039598006583e-01
-7.402152472131841021e-01 -5.713209730484714033e-01 3.545049132915977230e-01
-7.573246589765156855e-01 -1.920789564232796010e-01 6.241514522976798762e-01
-7.728998214790232524e-01 3.808140085980822598e-02 6.333843010891935243e-01
-6.577459318865558346e-01 2.170267764016390877e-01 7.212972115652446226e-01
-4.773046921842135637e-01 2.778855490684758456e-01 8.336425207713090701e-01
-3.080469738741534180e-01 2.333538995236272284e-01 9.223085272641631249e-01
-1.876834731891972308e-01 1.304531431259320085e-01 9.735280639715857554e-01
-1.221025546830586811e-01 4.374252887638123075e-03 9.925078498690531603e-01
-1.096235167331219285e-01 -1.275371580737525157e-01 9.857570481053942180e-01
-1.529568870959467919e-01 -2.549315202504431888e-01 9.547848504625098265e-01
-2.586692963134503698e-01 -3.616738486382801154e-01 8.957020834830270450e-01
-4.248056590950203826e-01 -4.138308311509559245e-01 8.051609747062123956e-01
-6.168165456975762684e-01 -3.633327472280286075e-01 6.982310962323160508e-01
-4.688233524743210534e-01 -1.227071924953104798e-01 8.747271626539326883e-01
-4.788577269708617634e-01 2.329329647831487882e-03 8.778894301355650853e-01
-4.155047567773250683e-01 1.034120963755525147e-01 9.036933857334862319e-01
-3.126312973829737385e-01 1.463143276178087426e-01 9.385381129342948991e-01
-2.108838839052969705e-01 1.296168245097344962e-01 9.688794900878542338e-01
-1.339382332121836772e-01 7.115578181235997224e-02 9.884317904633979079e-01
-8.941725686497155323e-02 -9.581418232640782906e-03 9.959481666227488761e-01
-7.934080551487723842e-02 -9.706335381848643640e-02 9.921107508366311389e-01
-1.062905011373833225e-01 -1.780589321157858840e-01 9.782624116572969930e-01
-1.728426713859443908e-01 -2.380775717962843596e-01 9.557428946927182256e-01
-2.743827041082845253e-01 -2.584538767081383526e-01 9.262374022359316506e-01
-3.876994387685173682e-01 -2.204396229438780608e-01 8.950393945602098666e-01
-1.763547890571885990e-01 -7.495608328768786632e-02 9.814685802178585439e-01
-1.864764990005917666e-01 5.002791760611982391e-04 9.824592943431340597e-01
-1.685793793734887414e-01 6.268112164975885026e-02 9.836930770513310218e-01
-1.329438329372659156e-01 9.254439051127022475e-02 9.867935311242376217e-01
-9.347600343683243329e-02 8.515116453059158597e-02 9.919735459983703985e-01
-5.976641555318063653e-02 4.680888212658004810e-02 9.971142883973175275e-01
-3.659536681478631204e-02 -1.071254557456584842e-02 9.992727457981133155e-01
-2.672068928987524419e-02 -7.387152336005399500e-02 9.969097265050799184e-01
-3.262940920842483106e-02 -1.292114739330878226e-01 9.910800758055696713e-01
-5.602113202238495626e-02 -1.643846404501167757e-01 9.848042052872442165e-01
-9.508500966635111129e-02 -1.690922725941401972e-01 9.810028767977789776e-01
-1.407946391198058866e-01 -1.377373612159465133e-01 9.804107756040663091e-01
1.070591472216615714e-01 -4.354012229609885432e-02 9.932988456385851705e-01
9.424516429690973918e-02 2.559453689193207093e-02 9.952199599526241336e-01
7.034984949637212992e-02 8.010449809126170273e-02 9.943008438402376470e-01
4.513818212054863943e-02 1.040171998299142808e-01 9.935506865048966407e-01
2.728269575091404539e-02 9.364690230822729500e-02 9.952315872200213631e-01
2.041203126842593141e-02 5.494284710736119931e-02 9.982808385075253588e-01
2.395077216768620385e-02 -1.003913147455488299e-03 9.997126350460798783e-01
3.547747073580964638e-02 -6.093502331897148599e-02 9.975110385371108723e-01
5.234186408139809843e-02 -1.114060093652552291e-01 9.923956017344262026e-01
7.202509190593570088e-02 -1.404227179699342187e-01 9.874684027419300403e-01
9.129222014150840947e-02 -1.391260354574314351e-01 9.860576437508482561e-01
1.049752586565485951e-01 -1.045206016766348500e-01 9.889669554113081906e-01
3.978537271273928644e-01 -2.962139895639745099e-02 9.169705472558591364e-01
3.804250643570887269e-01 7.500453048294000724e-02 9.217652037347171534e-01
3.095120908505657464e-01 1.517853261125317321e-01 9.387030842572836598e-01
2.182426376152317993e-01 1.766167590580347002e-01 9.597794911053879607e-01
1.406505710818116428e-01 1.516266739859828683e-01 9.783796648491563941e-01
9.346574390184483883e-02 9.275785419123461217e-02 9.912921543130851498e-01
7.883476823518284493e-02 1.700464850978806661e-02 9.967426554765471680e-01
9.358965347723995076e-02 -6.091206656275774400e-02 9.937457908886266900e-01
1.347030019386482591e-01 -1.274582113869845157e-01 9.826543164402471442e-01
1.993526955886235352e-01 -1.687207129473506373e-01 9.652936464019676865e-01
2.798740414441840962e-01 -1.701600874416293041e-01 9.448365284891631077e-01
3.563469452350571109e-01 -1.215706775523264088e-01 9.264110453687772750e-01
6.985072767576500086e-01 -3.950837746734223166e-02 7.145114921584521106e-01
6.734980047382596036e-01 1.529130004147327415e-01 7.231998699649804241e-01
5.430128634219184569e-01 2.869318958718409807e-01 7.891812955777095517e-01
3.734521624229641956e-01 3.165052675196713405e-01 8.719850331363682150e-01
2.314350795630810975e-01 2.598981286647091826e-01 9.374917421844649601e-01
1.452710621440891081e-01 1.581497453396753516e-01 9.766703520392128191e-01
1.151769562726534940e-01 4.081702082735842729e-02 9.925060400596793508e-01
1.344425588609139133e-01 -7.601840527620415400e-02 9.880012147898317165e-01
1.997128053450244745e-01 -1.805609253831109706e-01 9.630745285832885694e-01
3.106049327772023028e-01 -2.560073362559340815e-01 9.154151077613117415e-01
4.588546588392434233e-01 -2.738887881901738708e-01 8.452439492627724649e-01
6.094271713017281877e-01 -2.018551984724923920e-01 7.667157241956444880e-01
9.436883829995003081e-01 -8.220919165436366138e-02 3.204588656899742816e-01
9.047000140458478779e-01 2.655674169390054851e-01 3.331543660917853367e-01
7.082459104092624358e-01 4.964713981130547960e-01 5.019002702172291608e-01
4.641896316486578411e-01 5.269110974588855356e-01 7.119639606360553818e-01
2.708449837664982929e-01 4.139706392697746762e-01 8.690634640756266238e-01
1.595910900216999384e-01 2.450099828114269962e-01 9.562953478442158817e-01
1.223949555795827010e-01 6.701620663778777576e-02 9.902162909670498836e-01
1.467618690396912673e-01 -1.059343089515471931e-01 9.834830328903424457e-01
2.294107066798373729e-01 -2.685971969579722951e-01 9.355352871201479958e-01
3.756524792214229747e-01 -4.033956630565089241e-01 8.343603261672422056e-01
5.833065687750960127e-01 -4.602196607602730971e-01 6.692916484414415113e-01
8.069631347434408353e-01 -3.615814104131317985e-01 4.669789961109432896e-01
9.497043712112945846e-01 -1.670586125852385750e-01 -2.648641675712938848e-01
8.846312516693373151e-01 3.944067636910600916e-01 -2.487385240060183966e-01
6.564242703344166374e-01 7.493405672507463811e-01 8.715441232845765052e-02
4.036154606430127356e-01 7.705984373065134507e-01 4.932267311801851739e-01
2.195613559811308291e-01 5.828276126687919056e-01 7.823712576972395860e-01
1.220135008673420979e-01 3.343985287306306398e-01 9.345000425837344249e-01
9.510359575045324032e-02 8.940631330530211807e-02 9.914443086812543271e-01
1.237349122875509438e-01 -1.445516958213158842e-01 9.817303492897463402e-01
2.052099073026842635e-01 -3.737104880833820308e-01 9.045603158670378896e-01
3.492957545119510510e-01 -5.844995962617458574e-01 7.323610433725925573e-01
5.628836773695274909e-01 -7.046236216458147128e-01 4.320503646214570170e-01
8.046621447958629547e-01 -5.924802794238158699e-01 3.854803790585603629e-02
5.158536663236132913e-01 -2.934807619112630439e-01 -8.048378950624627270e-01
4.174177581698558792e-01 4.578207876212149197e-01 -7.849602165627860284e-01
2.640298371265332733e-01 9.231042181981513606e-01 -2.795833461627220684e-01
1.393494348079789280e-01 9.410797454130972461e-01 3.081406298947773625e-01
6.379553856418525293e-02 6.983410307039769060e-01 7.129164986829990003e-01
3.346243858009382427e-02 3.920265151176564600e-01 9.193451346741614572e-01
3.769811424057265686e-02 9.901596929474679176e-02 9.943715050258611354e-01
6.794114243151840038e-02 -1.788652001023240956e-01 9.815249570732713646e-01
1.222285708245195029e-01 -4.581173167977372618e-01 8.804480112557373506e-01
2.066276700500493113e-01 -7.315636445653156406e-01 6.497073494428485807e-01
3.275998534256381878e-01 -9.156934114213006737e-01 2.327743807102196916e-01
4.609723316320460951e-01 -8.200385748789135176e-01 -3.391773064049285469e-01
-2.438967598595015440e-01 -4.024211461521068345e-01 -8.823670390826822141e-01
-3.460604356494259015e-01 3.743120087529751561e-01 -8.603096506382874598e-01
-3.232330119096740728e-01 8.861790466704885239e-01 -3.319745732034760644e-01
-2.305488969387307907e-01 9.312383967062650703e-01 2.822095934237414672e-01
-1.420011030075796488e-01 6.951833948058513402e-01 7.046671088756087942e-01
-7.751204746070108897e-02 3.867936211548159142e-01 9.189029204069376622e-01
-3.292317762170052231e-02 8.923471145732395082e-02 9.954663382790848170e-01
-4.773108970643581868e-03 -1.946879108145249671e-01 9.808536255799483738e-01
5.309327966908697176e-03 -4.829668344427148763e-01 8.756225487416271491e-01
-7.352336054548182058e-03 -7.709802228868893881e-01 6.368166447822866116e-01
-4.855782501443946242e-02 -9.776795460865548293e-01 2.044134114827478865e-01
-1.256438313019320741e-01 -9.110961577065864736e-01 -3.925779146465054881e-01
-6.525398776336006623e-01 -5.915260761261782463e-01 -4.735911837868051477e-01
-8.928396029096523634e-01 -3.294367948754279435e-02 -4.491682952501497295e-01
-9.082029949895551457e-01 4.139988289994794846e-01 -6.141896677000019400e-02
-7.228125658117429131e-01 5.478370149585801707e-01 4.212084991375616982e-01
-4.762864341048049233e-01 4.357791392395176100e-01 7.637066023620583399e-01
-2.637476279412970803e-01 2.354244380028956696e-01 9.354210403590528244e-01
-1.042875501219951151e-01 2.292518691630112890e-02 9.942829288963014323e-01
6.482554329535878367e-03 -1.964221796585127466e-01 9.804979876714521314e-01
6.625345718917384497e-02 -4.398994720709113460e-01 8.955997621047867563e-01
5.502701541983986977e-02 -7.086870909899964932e-01 7.033737517410397766e-01
-6.644961611222580111e-02 -9.334263718526962794e-01 3.525615646219443233e-01
-3.236138677073311931e-01 -9.385996572556055684e-01 -1.196024582828881661e-01
-8.096201873279997852e-01 -5.685673633466694632e-01 1.457611251597155932e-01
-9.669207787391563835e-01 -1.951236098758888926e-01 1.642893317028404077e-01
-9.144663445855212291e-01 1.305461714444934584e-01 3.830261110441691152e-01
-7.062649555297170201e-01 2.702315050218557224e-01 6.543429882593766456e-01
-4.634622392211976138e-01 2.405537626052866307e-01 8.528403368232521098e-01
-2.623479688127818288e-01 1.260929181438085467e-01 9.566995971848702984e-01
-1.196845612583382346e-01 -2.040596594029108618e-02 9.926022377319722034e-01
-3.407297920078664749e-02 -1.865243710698669399e-01 9.818593031007490923e-01
-1.098265101357269978e-02 -3.760987403249126948e-01 9.265145001036916295e-01
-7.060449516115904767e-02 -5.834795358892634898e-01 8.090529256244918255e-01
-2.412833852146512303e-01 -7.582635444341107034e-01 6.056556160076107531e-01
-5.190757579585152381e-01 -7.839989548498360605e-01 3.404496971567187447e-01
-6.527019737835996205e-01 -4.308073628244371012e-01 6.232055435849486180e-01
-7.442110188041264340e-01 -2.195083222111084420e-01 6.308455087980396891e-01
-6.927770984329552073e-01 -1.962526983473244710e-02 7.208846930478894910e-01
-5.414917497819852210e-01 8.984403523421158333e-02 8.358915804401673144e-01
-3.657255780644725340e-01 1.010579497550589539e-01 9.252200237461152277e-01
-2.154166329029134630e-01 4.694429939688795489e-02 9.753932063649897177e-01
-1.073715481369407893e-01 -4.329819243686013064e-02 9.932757004892536212e-01
-4.626138171548443978e-02 -1.559614362070693705e-01 9.866792361137408651e-01
-3.963284948732351959e-02 -2.853373479728661954e-01 9.576073491224101897e-01
-1.019047386083623413e-01 -4.207098994113335211e-01 9.014536065634608519e-01
-2.460057730212161509e-01 -5.289273129399220119e-01 8.122296825814706578e-01
-4.548485522232300626e-01 -5.476946669188504924e-01 7.022416580985849643e-01
-3.912281467558186288e-01 -2.710649923106099868e-01 8.794681956327961014e-01
-4.462144446331075542e-01 -1.611984472807746760e-01 8.802884356817906042e-01
-4.225522502469488129e-01 -5.069796283339380455e-02 9.049195060201683516e-01
-3.414681703635556453e-01 1.990413984112498688e-02 9.396825601477976075e-01
-2.401246498960737386e-01 3.805804810468865068e-02 9.699957409632365968e-01
-1.463027550558650969e-01 1.257898072513213492e-02 9.891598824795260203e-01
-7.384896475240906866e-02 -4.230734827853500912e-02 9.963716267971168827e-01
-3.040336051363425399e-02 -1.147533494830695056e-01 9.929286502322129948e-01
-2.382155292666873758e-02 -1.951959111960621940e-01 9.804749307701772221e-01
-6.309389204100514237e-02 -2.723356844225176543e-01 9.601314679653744077e-01
-1.522742774489622974e-01 -3.272144493332174164e-01 9.326002619424412776e-01
-2.763466685582651738e-01 -3.326430303887829565e-01 9.016546639986265932e-01
-1.317291318177343518e-01 -1.243528476083148038e-01 9.834550346213539740e-01
-1.718870476202971342e-01 -6.246316628740283816e-02 9.831343731748829473e-01
-1.802321580225476616e-01 -3.131035136398575489e-03 9.836191162403892241e-01
-1.590290066735545460e-01 3.408324505812770217e-02 9.866854146295315209e-01
-1.193521216593574630e-01 4.083556865313722750e-02 9.920118584916869375e-01
-7.268599928753295691e-02 1.956423093420448997e-02 9.971629688147644055e-01
-2.810059779837634220e-02 -2.137458046137033149e-02 9.993765475101828999e-01
6.660895664319805773e-03 -7.167372608308486548e-02 9.974058900257997129e-01
2.404460372462372333e-02 -1.210366528585372081e-01 9.923567834689122069e-01
1.725136343312903484e-02 -1.596220058470717018e-01 9.870274594505232812e-01
-1.684600508780220371e-02 -1.776879237172698522e-01 9.839426883094615217e-01
-7.252188924511598911e-02 -1.666382987285351391e-01 9.833474731635359900e-01
1.180916920428738831e-01 5.831671780717893189e-03 9.929855708290784566e-01
7.722520071996910596e-02 6.097211934041261994e-02 9.951475614383672452e-01
3.157313555324797738e-02 9.953246115438031671e-02 9.945332705786459337e-01
-2.583592476960302857e-03 1.108534850080862832e-01 9.938334014870553457e-01
-1.535170550704374401e-02 9.510090556653967575e-02 9.953492567427849602e-01
-6.054759399934133389e-03 5.913810350535822491e-02 9.982314484138669064e-01
1.999255438470740054e-02 1.247286839163778104e-02 9.997223241096666602e-01
5.524059760556977727e-02 -3.450214539693600979e-02 9.978767851489673824e-01
9.201937648162754335e-02 -7.146923569275977217e-02 9.931890971518761990e-01
1.231511064997138361e-01 -8.926438914629644672e-02 9.883651520557725778e-01
1.416671118675848218e-01 -8.148764773133561345e-02 9.865547084081887075e-01
1.410156114076923650e-01 -4.721722983997936329e-02 9.888807463720913349e-01
3.831963525765311740e-01 1.192970147673825809e-01 9.159305528475005787e-01
3.269559190447028363e-01 2.074197273189727631e-01 9.219961408383109402e-01
2.286656059655634565e-01 2.526060193249173302e-01 9.401607520254038342e-01
1.303805324011551858e-01 2.427736741186152514e-01 9.612813635589388950e-01
6.555752294471688113e-02 1.924426078609574042e-01 9.791159552702531910e-01
4.393947177740571003e-02 1.232862385545656358e-01 9.913979151698951719e-01
6.013540547906227191e-02 5.166545994021000399e-02 9.968522524712390975e-01
1.048784428792576134e-01 -1.098148120595148283e-02 9.944244160768946905e-01
1.699063731781353670e-01 -5.465444191555398484e-02 9.839434517960148341e-01
2.471897628580712325e-01 -6.883034463065695885e-02 9.665193245851350090e-01
3.240330133062929163e-01 -4.351950362351537926e-02 9.450442630333066862e-01
3.781667364711914225e-01 2.415676291765405520e-02 9.254222659047413035e-01
6.745412490911135706e-01 2.053648903148131699e-01 7.090975709311160280e-01
5.843650018887981412e-01 3.767237215689751006e-01 7.187466745485320274e-01
4.085217938930689741e-01 4.604756292088072467e-01 7.880813021631419835e-01
2.298083215118732481e-01 4.302584354945657164e-01 8.729638102747188100e-01
1.114920576080084963e-01 3.277486843214803547e-01 9.381632699140921572e-01
6.656014463390788616e-02 2.046099755418482324e-01 9.765779564659603507e-01
8.247833380421847049e-02 8.886653344510302144e-02 9.926228204541482913e-01
1.452490680001768120e-01 -8.486909662891756190e-03 9.893587219049827519e-01
2.464737185984229861e-01 -7.996210941734065158e-02 9.658451051271030874e-01
3.795036186419836199e-01 -1.121742885711055765e-01 9.183648144507832178e-01
5.267493565858936133e-01 -8.233426762440405888e-02 8.460237489048372250e-01
6.448443232882868914e-01 2.914347588797014041e-02 7.637581138920936930e-01
9.269074539907569132e-01 2.288842207017215136e-01 2.974131558123371821e-01
7.781538753059845659e-01 5.464453855886700628e-01 3.096352481792761235e-01
5.085032369458701851e-01 7.100196120096180508e-01 4.871309973481040001e-01
2.526399949683880708e-01 6.604060078824101065e-01 7.071328995989970556e-01
9.879603823035551513e-02 4.869147028354880447e-01 8.678441190631668301e-01
5.009980505356596142e-02 2.913759177453446036e-01 9.552958097320739528e-01
7.932487166277395196e-02 1.165131095728771243e-01 9.900162928120778139e-01
1.664125630239319531e-01 -3.165064688201398718e-02 9.855481192817634462e-01
3.045705212000573425e-01 -1.532870818603215557e-01 9.400743950083833012e-01
4.922282529083499836e-01 -2.335248037780808528e-01 8.385568037166042377e-01
7.100320040268741639e-01 -2.263976426710797296e-01 6.667823187896988468e-01
8.888059956593226119e-01 -7.077772644334835717e-02 4.527851759053249103e-01
9.434130004900859179e-01 1.276734650075460331e-01 -3.060578325077485395e-01
7.167766015295577997e-01 6.340030229322604072e-01 -2.902954881020432532e-01
3.904948857587618449e-01 9.191125433055076233e-01 5.240111577715605290e-02
1.271547850933500701e-01 8.693424758292004340e-01 4.775723194942536054e-01
7.412616454807042631e-04 6.283520513540656882e-01 7.779287564359300688e-01
-1.211729792231524064e-02 3.609266746493852152e-01 9.325154725889319707e-01
4.816604454149601283e-02 1.263598178233537039e-01 9.908144269199247178e-01
1.598801510556663030e-01 -7.785157643744811118e-02 9.840617202922238294e-01
3.194392875699419432e-01 -2.648024036935099912e-01 9.098561581671945619e-01
5.298614817368014762e-01 -4.234260760725311323e-01 7.348177789585315089e-01
7.706024992819826558e-01 -4.806011510120423713e-01 4.185622077375917849e-01
9.514241810671515420e-01 -3.078567996172270060e-01 4.027233572146267718e-03
5.496309632559840397e-01 -1.229991900597145055e-01 -8.263032152153064747e-01
2.604000641625986434e-01 5.317528476833862650e-01 -8.058726422734227013e-01
-2.086014715596469851e-02 9.469822435595552923e-01 -3.206079921704237390e-01
-1.669213840872563748e-01 9.442110253198031655e-01 2.839063070782533726e-01
-1.768634558338853524e-01 6.851377919043130094e-01 7.066155419287371009e-01
-1.092136202913440990e-01 3.820546219732134374e-01 9.176636916493224883e-01
-4.407382923260417390e-03 1.116625496313873034e-01 9.937364087048031758e-01
1.230782543930295236e-01 -1.334686773982132757e-01 9.833808293073511564e-01
2.722922696309255652e-01 -3.780534649760727839e-01 8.848347289289136830e-01
4.426046256182976646e-01 -6.191576324210544824e-01 6.486485732626573464e-01
6.065062574950990104e-01 -7.671811840877419408e-01 2.087658746084559980e-01
6.753839487664711205e-01 -6.311218908321336585e-01 -3.814992538144500456e-01
-1.113008518541609287e-01 -4.218144218952180613e-01 -8.998248239838259055e-01
-4.074751346479640324e-01 2.540948644299773629e-01 -8.771543846518352616e-01
-5.573353777977519963e-01 7.416714176025832606e-01 -3.732302037169579201e-01
-5.133682946298937511e-01 8.185834830494246317e-01 2.576316660414984527e-01
-3.670434624477286745e-01 6.123678003452341922e-01 7.002033802937397411e-01
-2.067427119784106260e-01 3.353082822070965752e-01 9.191440621180916315e-01
-6.180871743965719173e-02 7.310830622035059678e-02 9.954068806322869944e-01
6.535841675946378604e-02 -1.780365292050471449e-01 9.818509416542491319e-01
1.743168609646477962e-01 -4.447124586066082963e-01 8.785467893878703416e-01
2.536510418469189454e-01 -7.297291018113075678e-01 6.349461291633080595e-01
2.661150120814825826e-01 -9.469069355307013769e-01 1.804163401386376098e-01
1.503109992719562360e-01 -8.878962499533914476e-01 -4.347951849051980289e-01
