1.004907839278546683e-02 7.337068544489150357e-02 9.972541093125735223e-01
2.857802658415440483e-02 7.118146306976311233e-02 9.970539081272287163e-01
5.492650431378201525e-02 4.948925253161211985e-02 9.972632014707611958e-01
8.039996560634962708e-02 1.397032070787527364e-02 9.966647759753483049e-01
9.665258192278661231e-02 -2.286875627532622066e-02 9.950554247849813239e-01
1.003990244511982904e-01 -4.897222114356865330e-02 9.937412930161718672e-01
9.243318762885779916e-02 -5.823979480919713736e-02 9.940142011688234414e-01
7.540229596160789860e-02 -5.058159892494500792e-02 9.958694671561935108e-01
5.306053716040542295e-02 -2.956384499194527476e-02 9.981535745893558298e-01
3.021064174243476633e-02 -3.893521446974880225e-04 9.995434785592826055e-01
1.231726238145677832e-02 3.098470508279205227e-02 9.994439619600197222e-01
4.494112458278921515e-03 5.794086160311306966e-02 9.983099015384986341e-01
-8.022742535912417983e-03 4.366982221734765773e-02 9.990138048244336932e-01
4.113360629906890470e-03 3.850764169669196324e-02 9.992498395272515488e-01
2.299994039045017563e-02 1.826216988699160687e-02 9.995686549172060342e-01
4.280807590036510984e-02 -1.158431262353708940e-02 9.990161521910874143e-01
5.760058094333558171e-02 -4.126427796500576478e-02 9.974865575229912018e-01
6.388689343916149899e-02 -6.146537946858859902e-02 9.960624839705103373e-01
6.083149661148154475e-02 -6.727127228336456100e-02 9.958785593360475197e-01
4.950881914610223700e-02 -5.867974842510103456e-02 9.970484260815369870e-01
3.254174039683210146e-02 -3.902103143338053054e-02 9.987083629557514941e-01
1.388694103191995093e-02 -1.325710010714310771e-02 9.998156840965155556e-01
-1.753812658140867535e-03 1.298880375765780470e-02 9.999141038700726236e-01
-9.995418327451021864e-03 3.383853155735604828e-02 9.993773288376046615e-01
-3.969347887569332767e-02 1.239764831362615005e-02 9.991349889034718545e-01
-3.385863485824282260e-02 2.375108731218098131e-03 9.994238098545189519e-01
-2.052588827158161738e-02 -1.990641037683009429e-02 9.995911277800924033e-01
-3.362739669470096119e-03 -4.813120052918843511e-02 9.988353615675035213e-01
1.279088556092140144e-02 -7.330883683601747969e-02 9.972272598000256894e-01
2.359171811951749076e-02 -8.782022902159923594e-02 9.958569366183039895e-01
2.633439766523981707e-02 -8.835193481731748455e-02 9.957411486494384123e-01
2.041497530971851659e-02 -7.602159873821927316e-02 9.968971588426582819e-01
7.396144874085718197e-03 -5.481917029047188306e-02 9.984689056799412876e-01
-9.340931520407571437e-03 -2.999914170568862212e-02 9.995062773665179812e-01
-2.541260267502044173e-02 -7.116868791025804906e-03 9.996517142504628417e-01
-3.655146905103134891e-02 8.490208732408223435e-03 9.992957052173611077e-01
-7.858835695763954909e-02 -1.375295019369641991e-02 9.968122824843450580e-01
-7.847262381785292951e-02 -2.959400659858884772e-02 9.964769149782651825e-01
-6.848719640753729576e-02 -5.662396211726854200e-02 9.960437896209339836e-01
-5.075965166631882242e-02 -8.688241330608147128e-02 9.949245720258567127e-01
-3.023690036785935467e-02 -1.105970775123578248e-01 9.934052628720688727e-01
-1.303940812014533698e-02 -1.207330590818833232e-01 9.925993664518563131e-01
-4.095308350583316478e-03 -1.155026360920627243e-01 9.932987312511896150e-01
-5.598993788040196491e-03 -9.770118071659535108e-02 9.952000454959295528e-01
-1.669632348226715232e-02 -7.261664546763019201e-02 9.972201640475952811e-01
-3.410419338759086705e-02 -4.626470114941125256e-02 9.983468742981438382e-01
-5.322736264152189839e-02 -2.446863431431864008e-02 9.982825921556781612e-01
-6.935193411750822934e-02 -1.238867003030279419e-02 9.975153282476828531e-01
-1.175751570603604801e-01 -2.822623616346514944e-02 9.926627634974125591e-01
-1.224757311347362265e-01 -4.970498938969466346e-02 9.912260636771093036e-01
-1.138606360909506093e-01 -8.346504197391117763e-02 9.899845162007238075e-01
-9.261331046804954781e-02 -1.193249456729336411e-01 9.885263436370007595e-01
-6.486394426436002669e-02 -1.450965770501320140e-01 9.872890418022421954e-01
-3.961698787477188621e-02 -1.530319767357906369e-01 9.874268116514325344e-01
-2.445786250727179784e-02 -1.425778686466256662e-01 9.894813612866590891e-01
-2.293277392531400602e-02 -1.185369119196601345e-01 9.926847880332640983e-01
-3.432567097381020171e-02 -8.791265438923497044e-02 9.955365957665418541e-01
-5.484489144744707223e-02 -5.777875308861699782e-02 9.968217762336957222e-01
-7.917314101897389433e-02 -3.447784418873917761e-02 9.962644689043331780e-01
-1.017559792892985537e-01 -2.338883263243672975e-02 9.945344052303912719e-01
-1.482079508473045093e-01 -2.598317086601792392e-02 9.886148279979171116e-01
-1.569653366800861927e-01 -5.153957236398803293e-02 9.862583614659320430e-01
-1.480051688973828272e-01 -9.316591998284157183e-02 9.845885340249888040e-01
-1.209278734813582085e-01 -1.382382254646732367e-01 9.829886278262163213e-01
-8.398409985635285624e-02 -1.700198812100232881e-01 9.818553411600343672e-01
-5.007943268109787960e-02 -1.784949057627656377e-01 9.826655682576463935e-01
-2.963224904837912649e-02 -1.641215032694030851e-01 9.859949604237864262e-01
-2.700164449823189497e-02 -1.340059895254371303e-01 9.906125912614225371e-01
-4.087387749883170107e-02 -9.706151280822412908e-02 9.944387305760066242e-01
-6.635085276493017659e-02 -6.143695168356761577e-02 9.959031405237667167e-01
-9.702203914018359132e-02 -3.402321206131748987e-02 9.947005302914619929e-01
-1.263417473595588314e-01 -2.070930607037394650e-02 9.917705820985732723e-01
-1.610603077405481920e-01 -5.540575210471873277e-03 9.869290143150295513e-01
-1.710844092019510598e-01 -3.212281879111805738e-02 9.847325776275432929e-01
-1.598590895304756454e-01 -8.139206446151943386e-02 9.837786353327793165e-01
-1.257217502649051744e-01 -1.387728340031864904e-01 9.823116318424905957e-01
-7.980453467393799905e-02 -1.801716478598133775e-01 9.803924793433614893e-01
-3.915318222030453321e-02 -1.918609814435368321e-01 9.806408068816721002e-01
-1.626683594820986165e-02 -1.754638466109605943e-01 9.843514761408346248e-01
-1.528760275570314499e-02 -1.405881341584791222e-01 9.899501329540570937e-01
-3.357411079957710320e-02 -9.785633647097270738e-02 9.946340616007313118e-01
-6.477486262773581027e-02 -5.613231858589339679e-02 9.963199184909425909e-01
-1.012877627152194565e-01 -2.260712266226554135e-02 9.946002750497199285e-01
-1.356610092142347956e-01 -3.759881841391420152e-03 9.907481788363664554e-01
-1.484789521106926746e-01 2.888373472232028810e-02 9.884936674802945467e-01
-1.547202456590555386e-01 5.365130513335039479e-03 9.879437539444340111e-01
-1.381841321023490055e-01 -4.900659962596073255e-02 9.891933576547272677e-01
-9.722873904223007513e-02 -1.193637443079961086e-01 9.880783718152452710e-01
-4.637812736214150938e-02 -1.717119863037101235e-01 9.840549085605011514e-01
-4.937514281173763578e-03 -1.884166158242034095e-01 9.820767789913477097e-01
1.497687351025944053e-02 -1.726262976385589676e-01 9.848735221456641487e-01
1.083359884476545534e-02 -1.359312510814816577e-01 9.906590372653105714e-01
-1.311327313684941542e-02 -8.979716679438823346e-02 9.958737424509757075e-01
-4.928494960341930214e-02 -4.312917479890721745e-02 9.978531294854086076e-01
-8.916713082682453662e-02 -3.036946203656558201e-03 9.960120479883890487e-01
-1.246223734713555603e-01 2.353308156060458442e-02 9.919251272664521002e-01
-1.103391814094994844e-01 6.677696278311230638e-02 9.916481746503338357e-01
-1.062258964540181150e-01 4.997453383951061534e-02 9.930853965747327150e-01
-8.008597789341022344e-02 -3.829627590576225021e-03 9.967806027894751120e-01
-3.427980680964663046e-02 -8.185927851349611428e-02 9.960541919827098356e-01
1.325508996430962635e-02 -1.421389466101791732e-01 9.897579615475167181e-01
4.620686593052164559e-02 -1.648495195390244916e-01 9.852357897724955960e-01
5.667372824602361081e-02 -1.535415669396039406e-01 9.865156236716964289e-01
4.459812436525131818e-02 -1.197501444214354588e-01 9.918018502776380085e-01
1.521082679642423753e-02 -7.441385407030577659e-02 9.971114326245832382e-01
-2.356111878097520360e-02 -2.589937686768400971e-02 9.993868600094854004e-01
-6.290284893307042380e-02 1.894884292061754447e-02 9.978397531407829923e-01
-9.427439107449822608e-02 5.288092489594970608e-02 9.941408084218532615e-01
-5.914672057540741601e-02 9.473402010235171256e-02 9.937439966512084943e-01
-4.201376488069882842e-02 8.560894169806154697e-02 9.954425913440819729e-01
-5.137943843981097533e-03 3.949050646283654847e-02 9.992067360823165822e-01
4.129580344834364591e-02 -3.329846025606236076e-02 9.985919432691604536e-01
7.782408288269525298e-02 -9.518558787445494107e-02 9.924127750006525028e-01
9.627778783945194208e-02 -1.245958273044454612e-01 9.875254261977545189e-01
9.469112945798834058e-02 -1.217930003521143639e-01 9.880283675417592670e-01
7.503913846434531743e-02 -9.566674390345271395e-02 9.925809799756413199e-01
4.252987941195504606e-02 -5.560152032154040691e-02 9.975468311288555601e-01
4.537272215592655887e-03 -9.280875080792607909e-03 9.999466378354783247e-01
-3.049829668429548252e-02 3.658578859501369906e-02 9.988650228996311942e-01
-5.412157401478201457e-02 7.451520541883339954e-02 9.957501390345708803e-01
-1.511017687535892370e-02 1.040035632478723826e-01 9.944621367285084723e-01
8.903998128758659758e-03 9.994153939548043597e-02 9.949534700279013544e-01
4.814777780717408029e-02 6.386064299515033238e-02 9.967966742362832644e-01
8.942739892469853125e-02 4.528962590451608705e-03 9.959830464517896997e-01
1.163596487267014035e-01 -5.106613009998055286e-02 9.918934834471184736e-01
1.244244091055739382e-01 -8.339671237001977655e-02 9.887181371779020234e-01
1.151566737597400358e-01 -8.859546452779103187e-02 9.893885910772152181e-01
9.205999835982130175e-02 -7.142155417009250773e-02 9.931887626739741570e-01
6.018341215057100568e-02 -3.892436724662481223e-02 9.974281179795535524e-01
2.608758005504728528e-02 2.074363291982890198e-03 9.996575089418138216e-01
-2.646237794091513967e-03 4.495532496619345647e-02 9.989854934796167374e-01
-1.840359608428837612e-02 8.213459853593774174e-02 9.964513110907616822e-01
8.833016474777254795e-03 9.533617406632696745e-02 9.954059431881742137e-01
3.229812600314775628e-02 9.358574866590535501e-02 9.950872015574320217e-01
6.653354251353790771e-02 6.643564487810947605e-02 9.955699838837646087e-01
9.980981063539921816e-02 2.082917906754931311e-02 9.947884936006765599e-01
1.201015249304593635e-01 -2.520232184590722249e-02 9.924416691589371675e-01
1.238960943982771734e-01 -5.595030952419611375e-02 9.907165692856363393e-01
1.131312187771535555e-01 -6.536922442549768231e-02 9.914273507605495528e-01
9.147811852433902768e-02 -5.489233653985686051e-02 9.942930077298353098e-01
6.356352867082927516e-02 -2.938673715317226959e-02 9.975450353254593505e-01
3.509351259634237163e-02 5.247232877831133416e-03 9.993702576726803954e-01
1.256953799222071573e-02 4.264971479228071849e-02 9.990110152259493725e-01
2.309038056365168411e-03 7.554099899982472111e-02 9.971400231729780073e-01
-3.619515352359231608e-02 9.801401435163421827e-02 9.945266028881164511e-01
-1.417485083221493684e-02 1.131070769111456320e-01 9.934816871772215174e-01
3.000878701469759588e-02 1.106819541695732434e-01 9.934027268550945644e-01
8.238806864463099622e-02 8.902422082168701123e-02 9.926161867772118619e-01
1.232820208607271345e-01 5.637765749992881131e-02 9.907689453487068532e-01
1.415274873691531321e-01 2.593168648480096913e-02 9.895946230427262735e-01
1.360939704482774515e-01 6.512881728095901157e-03 9.906745245433622449e-01
1.112670637765605236e-01 5.601027289070395834e-04 9.937903837346327984e-01
7.364548953438231071e-02 6.815836160345137805e-03 9.972611925913085207e-01
3.117884022937235031e-02 2.290429525617879158e-02 9.992513563566950419e-01
-7.245296240783207636e-03 4.617360041656022596e-02 9.989071549983917775e-01
-3.244912985914213954e-02 7.307298487328353631e-02 9.967985718553892260e-01
-3.470591739400038372e-02 5.093101881756872257e-02 9.980989583303215840e-01
-1.865536663065803583e-02 5.595297126860723780e-02 9.982591057946855750e-01
1.394093646675170946e-02 4.840678917964655326e-02 9.987304105972080182e-01
5.333811946097508083e-02 2.945290844173930472e-02 9.981420596271891599e-01
8.661737974539354679e-02 5.758134262417388856e-03 9.962250114386149713e-01
1.044893612581926229e-01 -1.402073573861177536e-02 9.944271679481071491e-01
1.037968299458073701e-01 -2.435037070570059137e-02 9.943003960270961894e-01
8.621934705097816787e-02 -2.418261145209790741e-02 9.959826431707369254e-01
5.661416323405459722e-02 -1.524776306249274981e-02 9.982796913906260006e-01
2.189905530275085971e-02 -1.630877582657835694e-04 9.997601736312126119e-01
-9.920442844456874021e-03 1.827038741899121577e-02 9.997838655216065851e-01
-3.091729149423708481e-02 3.673719258282306943e-02 9.988465847004970311e-01
-4.850285005860306697e-02 -4.685085633674755320e-03 9.988120561491191651e-01
-3.682662703412581395e-02 -1.116459620711482241e-02 9.992593013491899434e-01
-1.000991900414955477e-02 -2.616514246322280274e-02 9.996075163989943668e-01
2.445370909747862642e-02 -4.535312268417841797e-02 9.986716729607604259e-01
5.602885910497582000e-02 -6.205265357636619017e-02 9.964989890268433070e-01
7.565217837680608681e-02 -7.074158426068090366e-02 9.946217251614366539e-01
7.871793381337127693e-02 -6.965643357822309811e-02 9.944603904416815521e-01
6.539280262759562812e-02 -6.049362068732375836e-02 9.960242483095322896e-01
3.964156480211671052e-02 -4.651613461718925174e-02 9.981306505465116219e-01
7.955510620634115987e-03 -3.104001683764322228e-02 9.994864817522159939e-01
-2.198877588558416710e-02 -1.701557292992598655e-02 9.996134072795485048e-01
-4.273299617501444270e-02 -7.295570847639979394e-03 9.990598909394208249e-01
-7.500425829298561220e-02 -5.864311092173738610e-02 9.954573555805232843e-01
-6.634813431617112012e-02 -7.722457851081557245e-02 9.948036437140271859e-01
-4.018184714518732020e-02 -1.013205924958392040e-01 9.940420296427444624e-01
-3.238876430935364557e-03 -1.229228657882282111e-01 9.924109424758855713e-01
3.303671062021616006e-02 -1.343036617280274070e-01 9.903893689847029780e-01
5.758229131036514403e-02 -1.322997284537955065e-01 9.895357808480306216e-01
6.411755285948443628e-02 -1.190404917085154529e-01 9.908169865061561277e-01
5.217085290575942946e-02 -9.957581171528760711e-02 9.936613406126942882e-01
2.587860338314804803e-02 -7.920814299166148431e-02 9.965221362171416963e-01
-7.814702129653038065e-03 -6.216828846412777998e-02 9.980350867279437210e-01
-4.082180113487782203e-02 -5.159016127422689363e-02 9.978336714161927246e-01
-6.531493388018759505e-02 -4.991162390255174386e-02 9.966156677534648844e-01
-1.111909868910274796e-01 -1.002982658002477545e-01 9.887248466139008096e-01
-1.051537642063421207e-01 -1.307384257152246487e-01 9.858246040319668113e-01
-7.552285133801264760e-02 -1.654971546165457386e-01 9.833142888922515867e-01
-2.892539538201315680e-02 -1.920005094999782114e-01 9.809684632309939589e-01
1.897744396395871502e-02 -2.000307519165461789e-01 9.796058160853692298e-01
5.224168285157976960e-02 -1.882351376777553209e-01 9.807335721368644066e-01
6.232408040450538450e-02 -1.629441165813080017e-01 9.846648789680587655e-01
4.907297309004605285e-02 -1.329348976515932201e-01 9.899091656806382478e-01
1.805221982844466833e-02 -1.056140285145189261e-01 9.942433275310851304e-01
-2.238694070155267113e-02 -8.598901628428747002e-02 9.960445341271275677e-01
-6.309167962365133664e-02 -7.729542135989235507e-02 9.950099787434856236e-01
-9.524754986797852319e-02 -8.177398863273506457e-02 9.920891688892410354e-01
-1.517691863656379370e-01 -1.187782779132341843e-01 9.812531960537661524e-01
-1.489605105890973724e-01 -1.590193480816728677e-01 9.759731621415944636e-01
-1.129674856852338066e-01 -2.058050802007009850e-01 9.720507271442092589e-01
-4.956612113919081630e-02 -2.408633168442913808e-01 9.692925576078337269e-01
1.700133610494745234e-02 -2.485962879880465881e-01 9.684579702646624044e-01
6.227992397892681553e-02 -2.287775892301228131e-01 9.714844444124066669e-01
7.536422358397625032e-02 -1.927076488081375660e-01 9.783578056592108219e-01
5.800599654816911838e-02 -1.531892951856084484e-01 9.864929519287319870e-01
1.861428011998847443e-02 -1.193258664931770990e-01 9.926806365398922471e-01
-3.230521465478712606e-02 -9.632673074700846827e-02 9.948253786719748470e-01
-8.423953576004425403e-02 -8.721394402698927351e-02 9.926214931090817650e-01
-1.272075742920222852e-01 -9.426370554697231785e-02 9.873867463457983717e-01
-1.871174208263784167e-01 -1.047832592490280379e-01 9.767330952744589512e-01
-1.880436188463166236e-01 -1.489882565712974394e-01 9.707945698318393157e-01
-1.440449125970093835e-01 -2.074174362271221650e-01 9.675893086965352552e-01
-5.721597889861209513e-02 -2.561123695132471734e-01 9.649522195118911405e-01
3.300386538535376307e-02 -2.682267659591386910e-01 9.627902922717237466e-01
9.041244589171286428e-02 -2.438144174630345884e-01 9.655983220082187124e-01
1.037346850862372327e-01 -2.004185372753622130e-01 9.742030204359678480e-01
7.912062190297547426e-02 -1.546785956230756209e-01 9.847915816282103441e-01
2.891851382436148171e-02 -1.163113351860799727e-01 9.927917167591016057e-01
-3.413687235718342733e-02 -8.977766552810574618e-02 9.953766346051846625e-01
-9.843789415575227020e-02 -7.736920953942490187e-02 9.921310328830038605e-01
-1.531178381075843642e-01 -8.143430535357921995e-02 9.848468822942756384e-01
-2.032588237487622240e-01 -5.534894237096469466e-02 9.775593819030902187e-01
-2.051542627841332622e-01 -9.206861104093977399e-02 9.743896034556635000e-01
-1.515039190240394518e-01 -1.560457754723134083e-01 9.760616161275840197e-01
-3.739111751067203393e-02 -2.228073026696140713e-01 9.741451689602130815e-01
7.355851038487400129e-02 -2.450033587953008019e-01 9.667277278163932674e-01
1.356742158389850628e-01 -2.226868051090427070e-01 9.654030733257453756e-01
1.431193838364587800e-01 -1.797321234894135034e-01 9.732487892395189633e-01
1.084905536363707235e-01 -1.346400901041755749e-01 9.849374832487474141e-01
4.749092334710043606e-02 -9.609575653541208018e-02 9.942385115129857009e-01
-2.600294328426890761e-02 -6.706775964622598007e-02 9.974095260005007013e-01
-1.000303519501501148e-01 -4.876954667642165869e-02 9.937884382532652383e-01
-1.632284488740515238e-01 -4.334282559053704437e-02 9.856357709356761143e-01
-1.880589546350593388e-01 1.859553001507536010e-02 9.819816881413708787e-01
-1.819433965938697384e-01 3.875056967557196242e-03 9.833013700638628674e-01
-1.141827464302500039e-01 -4.902139221611379744e-02 9.922495671568088982e-01
2.177364257009008555e-02 -1.287298072272728411e-01 9.914406412995490081e-01
1.347251308920657809e-01 -1.662691519761324288e-01 9.768335109972205998e-01
1.859812973441135608e-01 -1.591005419064791815e-01 9.695864967104754761e-01
1.811381935195355286e-01 -1.302060033609671041e-01 9.748001597954473185e-01
1.368257437991107495e-01 -9.585665701697369812e-02 9.859463561164573120e-01
6.889294224818368062e-02 -6.308415152537250048e-02 9.956275168629853400e-01
-9.479212150476807111e-03 -3.392187383827202640e-02 9.993795330165153867e-01
-8.664667142890697393e-02 -8.897790929819245076e-03 9.961993694270555588e-01
-1.507667505949017439e-01 1.035337500872915081e-02 9.885151463386803172e-01
-1.444263223193092138e-01 8.885002325049071170e-02 9.855184984512911361e-01
-1.224398805118227379e-01 1.008020860562662130e-01 9.873436155193684449e-01
-3.952448767777214794e-02 7.703985594979727292e-02 9.962442850371013847e-01
9.135285186080842335e-02 1.172892459645222610e-02 9.957495110642805569e-01
1.830479482764932053e-01 -4.550006776542014214e-02 9.820505040297032862e-01
2.159426180785231630e-01 -6.823943729175689643e-02 9.740185649644956811e-01
2.009528976801976674e-01 -6.547025388151052339e-02 9.774106500190665736e-01
1.530077332730779838e-01 -4.939201460035064911e-02 9.869898998735661122e-01
8.547960462412848570e-02 -2.676349306905551409e-02 9.959803977147533294e-01
1.002489324220321928e-02 -1.611411638929670766e-04 9.999497365112904879e-01
-6.213644776271209924e-02 2.957308959246238850e-02 9.976294373319435360e-01
-1.186340825370000435e-01 6.092534822830103503e-02 9.910671301198519245e-01
-9.388166342587060675e-02 1.261016575119848770e-01 9.875649878590915254e-01
-6.372676502173424407e-02 1.490500864059173258e-01 9.867740223385659259e-01
1.405455444251921433e-02 1.417456662082926810e-01 9.898033317839680656e-01
1.169912543021323359e-01 9.767064463613850389e-02 9.883185172773141236e-01
1.879696076834255214e-01 4.295901065830989157e-02 9.812349107072235732e-01
2.112713927089736043e-01 4.686705779944880593e-03 9.774162027569563982e-01
1.951930065714250484e-01 -1.201678393077474163e-02 9.806912292304820200e-01
1.516701209566487796e-01 -1.152676171766684778e-02 9.883639553187049120e-01
9.172908258141493354e-02 1.419600031259110563e-03 9.957829884791803421e-01
2.572948436509431627e-02 2.395308093714567862e-02 9.993819307691220732e-01
-3.559320771546978929e-02 5.440334918185885105e-02 9.978844618302856739e-01
-8.012751874005644148e-02 9.040226240887018483e-02 9.926766904143387027e-01
-5.564475518111323959e-02 1.264661200409282205e-01 9.904089971838084816e-01
-2.747768645378947591e-02 1.485971571969657568e-01 9.885159895621454806e-01
3.339961165935979165e-02 1.472060743140304051e-01 9.885417733339022517e-01
1.073999507290035738e-01 1.179842965543012878e-01 9.871904357062809554e-01
1.611809178827467159e-01 7.430242678677907719e-02 9.841239053513626267e-01
1.810112247537299379e-01 3.593249791377915031e-02 9.828243953559540058e-01
1.697644721614763319e-01 1.284608076800935507e-02 9.854009347471606173e-01
1.354251671377783295e-01 6.103554816845499845e-03 9.907687776289193504e-01
8.679478562603948344e-02 1.336156362019408871e-02 9.961366039885021229e-01
3.305806775676581322e-02 3.202282709430320090e-02 9.989402898577847134e-01
-1.585506813832749176e-02 5.975598440779454623e-02 9.980870899584074474e-01
-4.912671281773497295e-02 9.330594505020646523e-02 9.944247415998728190e-01
-1.145116809282932108e-01 1.066167820426832530e-01 9.876841280074647456e-01
-1.045072445577189396e-01 1.483267885644257711e-01 9.834009353407683340e-01
-5.504525045071567008e-02 1.842351798795146545e-01 9.813396042642645867e-01
2.105176739854548382e-02 1.978318746828570396e-01 9.800098838526148937e-01
9.170187512437388833e-02 1.814443735699512728e-01 9.791162879855173085e-01
1.328812376748567115e-01 1.470349749077448920e-01 9.801649314416422953e-01
1.390428458433780323e-01 1.101179549319459688e-01 9.841448689199524535e-01
1.153938369495171035e-01 7.948803832381184931e-02 9.901342909714271334e-01
7.070485429838015146e-02 5.858953785827104160e-02 9.957751200106601530e-01
1.463009273088834543e-02 4.925211621758845276e-02 9.986792224907641291e-01
-4.263283451941844715e-02 5.345822696166290661e-02 9.976595909381930083e-01
-8.989489632530604790e-02 7.283906970676479187e-02 9.932841373640299842e-01
-7.556538680169518074e-02 5.035622152706834692e-02 9.958685271013536511e-01
-6.403585256654084623e-02 7.094596508313313898e-02 9.954225633491973202e-01
-2.623271570787048812e-02 8.708439643575496825e-02 9.958554877712340048e-01
2.757738762679846217e-02 9.181302754314964176e-02 9.953943216961849139e-01
7.854731473232666461e-02 8.325513522772655384e-02 9.934278543540837614e-01
1.104426937815358029e-01 6.687140796298729484e-02 9.916302870462077035e-01
1.166348121194034637e-01 4.943450119076910065e-02 9.919438243639832065e-01
9.874175327731622709e-02 3.477211283274548453e-02 9.945053877827291222e-01
6.304358041993689266e-02 2.445189856283730423e-02 9.977111864786167850e-01
1.809225884945797613e-02 1.970523176158102407e-02 9.996421229674605780e-01
-2.651043976263979529e-02 2.208109460312318931e-02 9.994046336918805951e-01
-6.085628464971495899e-02 3.261811655358705375e-02 9.976134377057104263e-01
-5.387923598427515892e-02 -2.335693941869955784e-02 9.982742515515171666e-01
-3.898304899023789100e-02 -2.291333955188328692e-02 9.989771272466815288e-01
-3.037602787292406972e-03 -2.295398487968384332e-02 9.997319078369860668e-01
4.387559478118846501e-02 -2.338717556144142423e-02 9.987632212901430551e-01
8.659399655759991710e-02 -2.334202045352276253e-02 9.959701952575334971e-01
1.122240227087263342e-01 -2.197785803005712635e-02 9.934398534805758407e-01
1.150694524619126635e-01 -1.976075332915338753e-02 9.931608800884097477e-01
9.643506048761474325e-02 -1.820411644028058565e-02 9.951727936661789453e-01
6.225723122409946436e-02 -1.841705850504357297e-02 9.978901989278581297e-01
2.095855818315991992e-02 -2.018080432208703076e-02 9.995766473741521940e-01
-1.804678508567046646e-02 -2.224547371916343885e-02 9.995896420267033067e-01
-4.554372975137217089e-02 -2.339804220295625681e-02 9.986882898589043434e-01
-5.121529049927896898e-02 -1.033255128268573686e-01 9.933281594811356197e-01
-3.112105694053222960e-02 -1.226892822131445265e-01 9.919570655249556612e-01
1.147594440069785518e-02 -1.367221677249426393e-01 9.905429579542094354e-01
6.425305578339772505e-02 -1.389262051207528215e-01 9.882160969915230186e-01
1.095110110521718416e-01 -1.276000744201116754e-01 9.857614110251400330e-01
1.335147670236414286e-01 -1.072444202855733913e-01 9.852271013853858284e-01
1.316096293107553439e-01 -8.537452773588254107e-02 9.876183956805203445e-01
1.069702212182801343e-01 -6.854728264645645885e-02 9.918964874493556572e-01
6.724365055760295196e-02 -6.027754435486448042e-02 9.959141072935308037e-01
2.196790691604070395e-02 -6.109575537973935960e-02 9.978901341030910199e-01
-1.887579229942351958e-02 -6.977178885727972069e-02 9.973843802390116586e-01
-4.582031691982388355e-02 -8.454504606516731469e-02 9.953655779376721080e-01
-7.021666348562186077e-02 -1.781000806759768795e-01 9.815039385718858922e-01
-4.437149377684643931e-02 -2.180873015405928594e-01 9.749200477201923620e-01
1.282740671141989995e-02 -2.460480757937734408e-01 9.691727410710416768e-01
8.482938681014770554e-02 -2.473482241999531428e-01 9.652061081025231637e-01
1.442145945058671275e-01 -2.207235771936170987e-01 9.646155986725262199e-01
1.716696468413517751e-01 -1.786127469879733864e-01 9.688276518384060232e-01
1.638891381644673739e-01 -1.367601620120656725e-01 9.769529202977128568e-01
1.283662269146807755e-01 -1.062307589942143582e-01 9.860208606470810544e-01
7.650653458884475178e-02 -9.176816130933945770e-02 9.928370232496387393e-01
2.000679663455365645e-02 -9.371319038914149857e-02 9.953981947118250018e-01
-3.006936041680572866e-02 -1.104453620665288432e-01 9.934272271092869921e-01
-6.325311317098332442e-02 -1.397449941185510136e-01 9.881651584087243201e-01
-1.128466004487868601e-01 -2.333112560288539139e-01 9.658320260673691759e-01
-8.401035305042117707e-02 -2.945793967862866958e-01 9.519271188328092270e-01
-5.357300179012161601e-03 -3.389333872970347605e-01 9.407951202626987364e-01
1.028052817691059717e-01 -3.380379758064538942e-01 9.355006151538001191e-01
1.902506903109187353e-01 -2.913639408002742237e-01 9.375029220421190468e-01
2.255856291473469777e-01 -2.243239712225631732e-01 9.480452942012532747e-01
2.096751569899193424e-01 -1.632386113912042414e-01 9.640484864841379897e-01
1.583972418629555623e-01 -1.222421002342590490e-01 9.797791499620783773e-01
8.885261158617709099e-02 -1.049194342877969449e-01 9.905034708283187994e-01
1.516791194514375586e-02 -1.098568880933330494e-01 9.938316751772399149e-01
-5.078832793797165984e-02 -1.345603039527290545e-01 9.896029862249914322e-01
-9.752704104696481580e-02 -1.768543559823723410e-01 9.793931861283483586e-01
-1.762182124741315803e-01 -2.498735584331459869e-01 9.521083690359900542e-01
-1.528969875841544868e-01 -3.279963475752897817e-01 9.322236358111825050e-01
-5.035160275527437307e-02 -3.923640558588003535e-01 9.184308159954159834e-01
1.176693349191149096e-01 -3.908569670574392196e-01 9.128990956958865644e-01
2.486763919260527034e-01 -3.204614296155668396e-01 9.140374851325382410e-01
2.923662605845026574e-01 -2.284047788653224276e-01 9.286297575800842585e-01
2.636887513112538550e-01 -1.537803444736435821e-01 9.522708900757275163e-01
1.927257695653046277e-01 -1.096296465756724792e-01 9.751092853301810415e-01
1.027738764672381094e-01 -9.464637498299965923e-02 9.901916955915031071e-01
9.128860026806379091e-03 -1.040350271287275863e-01 9.945317375755277078e-01
-7.683898343847790635e-02 -1.340785623888469669e-01 9.879872011984286440e-01
-1.436052332282322930e-01 -1.831314710381783395e-01 9.725432644900091628e-01
-2.457111948595057938e-01 -2.073939238284121800e-01 9.468969157621495158e-01
-2.401979387310020642e-01 -2.819311121098741491e-01 9.288809386859325778e-01
-1.214282719502794011e-01 -3.603420579127726842e-01 9.248831148152634185e-01
1.370859160097848972e-01 -3.640998276621006391e-01 9.212159177565736323e-01
3.171545916528991649e-01 -2.741328149927004798e-01 9.078899518871728080e-01
3.589763125468604654e-01 -1.706795657566046454e-01 9.176080278982826632e-01
3.119316142150606042e-01 -1.002865221108788368e-01 9.447969525438760785e-01
2.220277054241214520e-01 -6.670909258384469243e-02 9.727556707574200878e-01
1.149588785140086139e-01 -6.116976534925205183e-02 9.914851063217609006e-01
4.381554188396034194e-03 -7.568854232209451527e-02 9.971218814888797022e-01
-1.003864540136984174e-01 -1.055580569154811743e-01 9.893331372550095981e-01
-1.891061056390858919e-01 -1.492067894929524630e-01 9.705545913441150363e-01
-2.915624462424614149e-01 -1.013388095285319285e-01 9.511686420527081243e-01
-3.053227631399953457e-01 -1.277866120235720826e-01 9.436358365895950451e-01
-1.848120398071625148e-01 -1.715320024525276710e-01 9.676886286801591464e-01
1.722032821017026039e-01 -1.794034052017171033e-01 9.685868303025064741e-01
3.663981499822780985e-01 -1.071914952240755892e-01 9.242631546486569372e-01
3.902686699248699154e-01 -4.137110674506752628e-02 9.197710567319145047e-01
3.299822502130750346e-01 -8.757097827346007821e-03 9.439465174372708711e-01
2.328320356697590465e-01 -2.647676857808838134e-03 9.725133587632969201e-01
1.202191511311094807e-01 -1.265017022240877420e-02 9.926667763628975738e-01
2.714153114085977609e-03 -3.149904505551723299e-02 9.995000968151397380e-01
-1.122925279686306926e-01 -5.448144164807557088e-02 9.921805081124757120e-01
-2.158005832309823069e-01 -7.838166119601995552e-02 9.732864036167374611e-01
-2.853812644120282127e-01 2.773262985316859650e-02 9.580127531322375489e-01
-2.974304015014866409e-01 7.743137986002056328e-02 9.515984119762559423e-01
-1.767336584145777489e-01 1.411291782072786605e-01 9.740881731352214468e-01
1.345455257219205780e-01 1.742479751204279725e-01 9.754666291958222768e-01
3.141254855330266049e-01 1.429253003766957075e-01 9.385614193280068518e-01
3.464693673747926694e-01 1.138051538025920267e-01 9.311323023280444477e-01
3.009910410082300425e-01 8.722798067077923434e-02 9.496292290262341451e-01
2.174067185259681290e-01 6.055881811201443282e-02 9.742006714679757318e-01
1.150196744162105683e-01 3.548063812294180441e-02 9.927293683656360779e-01
4.196203557905554132e-03 1.493937787364767351e-02 9.998795961836776103e-01
-1.073083816655678452e-01 2.811762188449769446e-03 9.942218088624442673e-01
-2.097954907451542172e-01 4.548329390659119897e-03 9.777347108304911272e-01
-2.326775384472639652e-01 1.104102242834618386e-01 9.662663946737146681e-01
-2.299976837133251295e-01 1.825795838814119609e-01 9.559109587384179152e-01
-1.269382245084731409e-01 2.601160147530697242e-01 9.571971301814997668e-01
7.239988404230250640e-02 2.963443077825170247e-01 9.523330867062593796e-01
2.153802996217505927e-01 2.584089448569883429e-01 9.417197798458120106e-01
2.626646617193355016e-01 1.984039610761952344e-01 9.442685760487508073e-01
2.429770550670000140e-01 1.434096157904271862e-01 9.593726245885147996e-01
1.834849409746341087e-01 9.945812226254217847e-02 9.779781993232004034e-01
1.012710984134362474e-01 6.746996547078216999e-02 9.925683696277092238e-01
7.495347311160711207e-03 4.864670338842314035e-02 9.987879244455185601e-01
-8.842625149613031477e-02 4.603844639774338360e-02 9.950182206872437707e-01
-1.748783426541048180e-01 6.470408226397338092e-02 9.824616771197950404e-01
-1.689866501909019769e-01 1.321152608240028503e-01 9.767236405015499168e-01
-1.603256662992018355e-01 1.939815801743970392e-01 9.678154923737728454e-01
-8.791060551066263995e-02 2.527309018539706242e-01 9.635345435877560316e-01
3.284922430190801573e-02 2.782080299440443105e-01 9.599589681530340535e-01
1.352598037134936371e-01 2.521613565049445893e-01 9.581854913246278249e-01
1.842889679083747345e-01 2.000874131772545361e-01 9.622902906063522943e-01
1.831053233477175912e-01 1.472152831847927390e-01 9.720082823507844028e-01
1.455477752550564663e-01 1.044613974108394155e-01 9.838209499544124936e-01
8.458580715276793616e-02 7.501940519106273242e-02 9.935881088625472257e-01
1.111583650507921850e-02 6.047717032866401637e-02 9.981076845951118992e-01
-6.447909833064750795e-02 6.329652434565630204e-02 9.959096323885365809e-01
-1.300606037378276292e-01 8.664391373762417303e-02 9.877130512286595998e-01
-2.164570102040375699e-01 6.893607710447967329e-02 9.738553177997851806e-01
-2.438296453236328265e-01 1.321742697476308293e-01 9.607689974587917403e-01
-2.202508189380518733e-01 2.145364798100058423e-01 9.515585507932921017e-01
-1.421201473343859656e-01 2.841361878144633146e-01 9.481922223346954670e-01
-4.185677903788812687e-02 3.035147600197419804e-01 9.519069284855137258e-01
3.707358294096979590e-02 2.743274280541492249e-01 9.609214388622049352e-01
7.436035092789969325e-02 2.204221029687093991e-01 9.725660053347251477e-01
7.104572422341387528e-02 1.610798648139203926e-01 9.843809131739074125e-01
3.624179818207867027e-02 1.066937844303051941e-01 9.936312034293774964e-01
-1.998420467343554885e-02 6.370059631676862344e-02 9.977689439907578839e-01
-8.817298644015515718e-02 3.840806611970776219e-02 9.953644281965862151e-01
-1.582278404618238377e-01 3.794116390989104443e-02 9.866734102954443086e-01
-1.266096539608652649e-01 2.694025021103511192e-02 9.915867175605044270e-01
-1.324280771856441163e-01 6.125571062839951786e-02 9.892980047934836207e-01
-1.064697883846856125e-01 1.050709841122426380e-01 9.887488419507601822e-01
-5.266101320556341309e-02 1.426476041293255614e-01 9.883716298661743282e-01
1.033485035405745309e-02 1.588879367200034531e-01 9.872425307050722854e-01
5.926126979335769041e-02 1.518147211028125776e-01 9.866308288102998425e-01
8.079787753032963149e-02 1.287728431264376916e-01 9.883770828281315257e-01
7.373081453813426500e-02 9.761845074359849772e-02 9.924889949324117167e-01
4.380801963029209989e-02 6.440353375501389754e-02 9.969619061207646293e-01
-5.795508760086347374e-04 3.480678936614231556e-02 9.993938920839658957e-01
-5.029368172126165437e-02 1.503939838978025044e-02 9.986212305348494134e-01
-9.576470948851979748e-02 1.110733560151792344e-02 9.953420253924275540e-01
-5.545258456847183826e-02 -4.625199393623136146e-02 9.973894745392494210e-01
-4.192141791836528214e-02 -3.765562158981618224e-02 9.984110620793418267e-01
-6.015132831889389263e-03 -1.840384969031153700e-02 9.998125406762327083e-01
4.238006260718403528e-02 6.072968655606606099e-03 9.990831043237740072e-01
8.726114315802253885e-02 2.819321876432223997e-02 9.957864406139076419e-01
1.144264441512419100e-01 4.209299830819562133e-02 9.925395550669053879e-01
1.177478658913310161e-01 4.487762604579094428e-02 9.920289505647199579e-01
9.900201592223936697e-02 3.616196886932591947e-02 9.944299436615942067e-01
6.462471113467370409e-02 1.803730077412087421e-02 9.977466123678225829e-01
2.306694836690706407e-02 -5.024985222532357167e-03 9.997212938696563578e-01
-1.658485766408394554e-02 -2.707542550304299633e-02 9.994958048086138858e-01
-4.537654121226695342e-02 -4.224181637583677290e-02 9.980764492046254599e-01
-7.274469166680927294e-03 -1.395844128842254339e-01 9.901834546073035037e-01
2.697717932508432101e-02 -1.553620597641055812e-01 9.874891706654318480e-01
8.249497608236681934e-02 -1.515623093437926672e-01 9.849992108156407911e-01
1.409072359582624057e-01 -1.259016673187534630e-01 9.819846847181141758e-01
1.815743696809027363e-01 -8.663932913527332136e-02 9.795531506364929530e-01
1.933126162474265441e-01 -4.777985678789937324e-02 9.799731208991978582e-01
1.768493647395076585e-01 -2.126113573190309761e-02 9.840082653609982799e-01
1.399812370838529885e-01 -1.299183467130878705e-02 9.900689195689417188e-01
9.270027452420923075e-02 -2.287775449178573034e-02 9.954311967446931586e-01
4.502986376403656649e-02 -4.673165281987473607e-02 9.978920101865614845e-01
6.664078681100044782e-03 -7.844701005687941542e-02 9.968960109602403863e-01
-1.320392696622901298e-02 -1.115541379166103547e-01 9.936706348817837542e-01
1.133751787835668608e-02 -2.442421893650796871e-01 9.696479843852533476e-01
6.929612186824388176e-02 -2.867989845481807576e-01 9.554812347482962709e-01
1.576945537523799790e-01 -2.933063464035444712e-01 9.429230164103205025e-01
2.439217291979494662e-01 -2.520551940011557246e-01 9.364669610841408476e-01
2.926595270263374071e-01 -1.806336317958345816e-01 9.390004751356550994e-01
2.919581133811601226e-01 -1.092161547415805706e-01 9.501748742070326159e-01
2.519361324618945575e-01 -5.970435754973884429e-02 9.659003959259359062e-01
1.900359625886710313e-01 -4.023369559474140877e-02 9.809523855222475053e-01
1.218432058658398404e-01 -4.932547959690558592e-02 9.913229696959610093e-01
5.951503566867902967e-02 -8.127580620108104670e-02 9.949131639775541380e-01
1.352673059913912790e-02 -1.293939233332100924e-01 9.915010036120817105e-01
-5.708909579150782745e-03 -1.867358872991666530e-01 9.823935650980289980e-01
-1.000026331336291256e-02 -3.481500242837313741e-01 9.373854891797727129e-01
7.168484462823628001e-02 -4.245769888005135329e-01 9.025495352786817582e-01
2.105266672329176303e-01 -4.417334701738438452e-01 8.720952148200036280e-01
3.515757259107627486e-01 -3.659576124516604190e-01 8.616667191199496312e-01
4.217558955930343356e-01 -2.403531091046135770e-01 8.742724675272176560e-01
4.067350518624807676e-01 -1.271866003979260917e-01 9.046491951390299713e-01
3.359615190545049423e-01 -5.814441587674829687e-02 9.400792969834789181e-01
2.420200728822982372e-01 -3.638971368424785691e-02 9.695886102156981989e-01
1.465181331474024184e-01 -5.355785174926994824e-02 9.877570516959063296e-01
6.243638070116853955e-02 -1.003405963047415833e-01 9.929921767557350343e-01
-6.088465893782086093e-05 -1.696377660131891396e-01 9.855064812750187198e-01
-2.913048613069737017e-02 -2.554807354233584737e-01 9.663751903921228292e-01
-8.335141778757880482e-02 -4.283043675925868321e-01 8.997821457741268514e-01
7.817397968523629587e-03 -5.479779717552497598e-01 8.364562336189883540e-01
2.129181959214587749e-01 -5.882847835204093601e-01 7.801197698584410034e-01
4.594741295498515621e-01 -4.482793069402400410e-01 7.667654056121433470e-01
5.650950425115834896e-01 -2.356337061493772589e-01 7.906607043828086656e-01
5.246172320599674643e-01 -7.740519824774344526e-02 8.478120045800171534e-01
4.140449586287674455e-01 -3.441596656046214207e-03 9.102499259250048658e-01
2.852116106227676195e-01 4.647333280568280434e-03 9.584533058314815834e-01
1.614142351700036948e-01 -3.122883359133790671e-02 9.863925205702595012e-01
5.258861874052321583e-02 -9.755397427518806841e-02 9.938398559536618659e-01
-3.383984587449493514e-02 -1.881229891397094012e-01 9.815623290389801081e-01
-8.609286794627241113e-02 -3.003071204320430510e-01 9.499492889132127305e-01
-2.108937525649121347e-01 -4.443012130423548700e-01 8.707010148255427406e-01
-1.561223609557656489e-01 -5.997083304777320878e-01 7.848412111792383294e-01
9.598718324712718353e-02 -6.927857547260897197e-01 7.147267720611460984e-01
5.578291701506078448e-01 -4.390251782903445421e-01 7.043319599139381548e-01
6.935552079843751994e-01 -1.059425389207183515e-01 7.125709451870364530e-01
6.040743602742197904e-01 6.683314883426598463e-02 7.941205811941954851e-01
4.552048805561604294e-01 1.076404987186701939e-01 8.838563456543596653e-01
3.029512403012839528e-01 7.882824457142696695e-02 9.497403086410534101e-01
1.609492045010224026e-01 1.476688157605390503e-02 9.868522142545615994e-01
3.217502644092809505e-02 -7.097463172992479752e-02 9.969590610071785708e-01
-8.056636942113115651e-02 -1.751798309763961392e-01 9.812344709279998689e-01
-1.687188954449774791e-01 -2.993051518465453253e-01 9.391221221960009968e-01
-3.591835709832521539e-01 -3.516973287186356822e-01 8.644629265086665182e-01
-4.075574904197306059e-01 -4.642503684677811160e-01 7.863640933946373091e-01
-2.440959156333510072e-01 -5.565779866115567742e-01 7.941272749317257462e-01
5.850218789047620938e-01 -1.136709264294295113e-01 8.030120308484917091e-01
6.790893791330523399e-01 2.262281882170819880e-01 6.983254413271253735e-01
5.610291467563204293e-01 2.910504287636370147e-01 7.749425426483904644e-01
4.203008724938466778e-01 2.452353708897888895e-01 8.736170725469002418e-01
2.795736321853184436e-01 1.636644594961690347e-01 9.460721583920663758e-01
1.417202619929747442e-01 7.114983836809829487e-02 9.873464781123167944e-01
6.730849312780274457e-03 -2.629535170142486070e-02 9.996315571981960746e-01
-1.253506690644763943e-01 -1.288408880919864052e-01 9.837109511034378695e-01
-2.513475022555216598e-01 -2.378712106074733768e-01 9.382119804575113076e-01
-4.455132339175631451e-01 -1.696227084198040913e-01 8.790597790779917098e-01
-5.786950302999001039e-01 -1.259121785658544879e-01 8.057655894830633159e-01
-5.827510684200339908e-01 1.044628587373861300e-01 8.059086197577606248e-01
-2.207946550254246201e-02 5.921745722417562918e-01 8.055071527884990479e-01
3.081953905604426502e-01 5.844581558633460405e-01 7.506159239465746147e-01
3.594891776812239037e-01 4.680540393493284324e-01 8.072750134736612626e-01
3.099558830380907959e-01 3.423492769510864675e-01 8.869748153928603829e-01
2.191394966832526658e-01 2.244600063001529755e-01 9.495238736151671022e-01
1.079673437785186457e-01 1.181208820891575251e-01 9.871122073462919033e-01
-1.602296519524061547e-02 2.261900563920257040e-02 9.996157487605177305e-01
-1.507337992247658742e-01 -6.231323891576043966e-02 9.866085252151071128e-01
-2.953284145127177962e-01 -1.323282967790640752e-01 9.461872697584789993e-01
-4.115361684307102252e-01 -1.343390818200204152e-02 9.112944157539278889e-01
-5.094413424754459241e-01 8.937178246591991060e-02 8.558517412937980406e-01
-4.823678556564616748e-01 3.050061069721393125e-01 8.211531687444272309e-01
-2.162397329007062774e-01 5.639169737030804708e-01 7.970182085025140362e-01
4.603774451403452178e-02 5.868271057765557241e-01 8.084024208313272952e-01
1.705872318026586398e-01 4.834501885809479038e-01 8.585894895158029394e-01
1.909003046922014835e-01 3.568509331646373406e-01 9.144476393801798109e-01
1.496111820936626147e-01 2.401930438037013227e-01 9.591265797071798493e-01
7.194834149889928199e-02 1.406841124006504018e-01 9.874367912295083372e-01
-2.933148965598265934e-02 5.939950352842825188e-02 9.978032685330004981e-01
-1.480332799353181183e-01 -1.042391158705888643e-03 9.889818306987602226e-01
-2.792916565481215474e-01 -3.209371007991799335e-02 9.596698204882413430e-01
-3.182632586853371692e-01 6.284436932648501672e-02 9.459170594797395859e-01
-3.746409241954309355e-01 1.550174259750602968e-01 9.141191254766239949e-01
-3.477236084023879181e-01 2.956275206076736661e-01 8.897711285600339304e-01
-2.125354226247366529e-01 4.290412733761598818e-01 8.779249853316327679e-01
-4.692907373513467706e-02 4.560827354184113225e-01 8.886991619730604253e-01
6.583034929368804244e-02 3.961718227023344752e-01 9.158134373378247206e-01
1.087637496000272708e-01 3.049049859418736519e-01 9.461518886102878723e-01
9.638848155636459136e-02 2.139144937453349993e-01 9.720853100365957067e-01
4.580539187688887487e-02 1.351357672526530551e-01 9.897677457282489932e-01
-3.047896436656235067e-02 7.357270799502975411e-02 9.968240012005251671e-01
-1.235885332383336865e-01 3.450642576363030511e-02 9.917334223635386747e-01
-2.246322818122338250e-01 2.657909274920962697e-02 9.740810488847854165e-01
-3.039985059810506041e-01 -2.611973108308730807e-02 9.523143745682988159e-01
-3.836479702190243590e-01 3.644800173992410880e-02 9.227598702349831816e-01
-4.147253214002926125e-01 1.477760823698870685e-01 8.978669930835126989e-01
-3.663880450599592553e-01 2.716284968118619636e-01 8.899313232810693863e-01
-2.522145165168950820e-01 3.454552563976085455e-01 9.039073533750291434e-01
-1.314926059622071874e-01 3.447553019949981534e-01 9.294371825592576686e-01
-4.843189114871391393e-02 2.911484283598508860e-01 9.554511733120606420e-01
-1.364695496442087583e-02 2.136743785973084508e-01 9.768096132569907830e-01
-2.083089337648245942e-02 1.312412670533248116e-01 9.911315773918846217e-01
-6.082634407138518690e-02 5.538076225750482307e-02 9.966108202496654078e-01
-1.263474252660080621e-01 -4.083302220492854469e-03 9.919776483226022679e-01
-2.109505796389443688e-01 -3.585683858486037739e-02 9.768388506179990216e-01
-1.685344273759211420e-01 -2.517049432894740563e-02 9.853743415597867594e-01
-2.001802483467868266e-01 1.292458594005692699e-02 9.796738351360620989e-01
-2.019401427564553597e-01 7.628116952029662112e-02 9.764227373019080947e-01
-1.659353826172003665e-01 1.445492045716831597e-01 9.754849954014387370e-01
-1.027847787073972452e-01 1.910248000402837154e-01 9.761889238439812599e-01
-3.913304027991262174e-02 2.021466372043953519e-01 9.785731154213617167e-01
3.203141464353422528e-03 1.817218480489232457e-01 9.833447563425211646e-01
1.694669753817910213e-02 1.402672337147627957e-01 9.899686422249367457e-01
4.809747741908888992e-03 8.819185035752968860e-02 9.960918952873809573e-01
-2.686768151719286235e-02 3.541864599562811328e-02 9.990113348735292220e-01
-7.128045219331199944e-02 -7.737683686946820148e-03 9.974263007291459537e-01
-1.214404357948023760e-01 -3.090315816643950803e-02 9.921175411055975779e-01
-4.784756688554899634e-02 -7.302489510489786062e-02 9.961816978032297376e-01
-3.999959924508640630e-02 -5.793885061130177316e-02 9.975184818589258873e-01
-1.442654453160863853e-02 -2.127080367856050772e-02 9.996696592993404851e-01
2.226737700699999226e-02 2.668279207314184359e-02 9.993959138041467183e-01
5.812829241483899456e-02 7.040325643284252310e-02 9.958235200599449000e-01
8.125466202602600607e-02 9.707989209835764244e-02 9.919542199361686130e-01
8.583744245485151747e-02 1.011032409096345036e-01 9.911660144246436932e-01
7.291287875877966451e-02 8.322673607866594436e-02 9.938596593648250099e-01
4.749405579907922670e-02 4.868340174950097632e-02 9.976844396190128750e-01
1.604562164884513684e-02 5.860909268648259104e-03 9.998540832383056021e-01
-1.466550736087779243e-02 -3.509457614794495722e-02 9.992763850000874193e-01
-3.797920349415404712e-02 -6.409097304785489613e-02 9.972211025021697761e-01
5.201645467949359697e-02 -1.582622103664680924e-01 9.860260448956071899e-01
9.961484741529047504e-02 -1.644363210353374793e-01 9.813447806448049038e-01
1.596622465350439890e-01 -1.379822803754065241e-01 9.774808731293628261e-01
2.096199055670927291e-01 -8.372391734346423808e-02 9.741918706573194919e-01
2.312705924952745129e-01 -2.046567720063968351e-02 9.726741844541868520e-01
2.211945480445338952e-01 3.024390226271549478e-02 9.747606261494645707e-01
1.877872265348211056e-01 5.476170812764234730e-02 9.806819631629636325e-01
1.429067800993845394e-01 4.982948926456397948e-02 9.884809933435105833e-01
9.683989627241165743e-02 1.986413783321379009e-02 9.951017287283417945e-01
5.776367170904488785e-02 -2.648238260240263001e-02 9.979789785573716099e-01
3.297036859805565351e-02 -7.878501211637831125e-02 9.963462634347174385e-01
2.942090083362764591e-02 -1.262558653988518631e-01 9.915613279300866667e-01
1.233053467876515791e-01 -2.759955317021516308e-01 9.532167948237393329e-01
2.178705076168316879e-01 -3.054767329035701917e-01 9.269392685420825284e-01
3.290360474831984239e-01 -2.746789409222816780e-01 9.034858930113065512e-01
4.082815806773587575e-01 -1.849892673227312989e-01 8.939156122671603200e-01
4.225472289080186572e-01 -7.592825283461245023e-02 9.031548813818170984e-01
3.774291151313415860e-01 9.778066286708114035e-03 9.259868532926327500e-01
2.999848004806636714e-01 5.107014853614214034e-02 9.525759599155356749e-01
2.161612199084705088e-01 4.753145177869326499e-02 9.752000246613580225e-01
1.424096739050652871e-01 8.456228014240216306e-03 9.897716792200252911e-01
8.828064909374479241e-02 -5.487715563879295988e-02 9.945828395787853493e-01
6.147171982889283737e-02 -1.316222988875333511e-01 9.893921356553966318e-01
7.063679205373717129e-02 -2.103854742690495772e-01 9.750632778567939196e-01
1.501012624679419760e-01 -4.207147210660128755e-01 8.946891831714010035e-01
3.007686330701114241e-01 -4.830099876409879034e-01 8.223378753287511334e-01
4.920788345433860234e-01 -4.339456993679665087e-01 7.546850671601171845e-01
6.255548602733492780e-01 -2.647002208918529109e-01 7.339038832491584508e-01
6.325783328042151599e-01 -7.300989877764200997e-02 7.710474742499012768e-01
5.404522808408162016e-01 5.639726692105918870e-02 8.394823883904829476e-01
4.087863164850771280e-01 1.031609385548486330e-01 9.067808821380448636e-01
2.802509117449465403e-01 8.380100759844530400e-02 9.562618980130963564e-01
1.745495678991826893e-01 2.001434001609798258e-02 9.844449575978428957e-01
9.958243129447458264e-02 -7.290675009280783714e-02 9.923547476424042779e-01
6.206342620625134726e-02 -1.852561872857496628e-01 9.807284416187662668e-01
7.357684067268950578e-02 -3.074654766267387873e-01 9.487104032313025126e-01
1.046200869188132487e-01 -5.740722620728744285e-01 8.120933907695685461e-01
3.053031993676584843e-01 -6.912646889376156123e-01 6.549374674606194269e-01
6.165359482345295072e-01 -6.182198920930991326e-01 4.875321420735657107e-01
8.493788347098892855e-01 -2.871671669947021277e-01 4.428211979422597699e-01
8.345229776681607481e-01 3.963581058569012883e-02 5.495456325575338585e-01
6.744338963501701478e-01 2.022337780519004868e-01 7.100988793602933669e-01
4.851477940367676100e-01 2.223457937319816835e-01 8.456914129580215267e-01
3.175194461665113987e-01 1.605892562011761449e-01 9.345547025716650635e-01
1.844738797765896055e-01 5.595563502957354857e-02 9.812432698310563639e-01
8.741657406122130269e-02 -7.505516758294464297e-02 9.933403567752968621e-01
2.993879927244126951e-02 -2.278530665603546723e-01 9.732351454592472750e-01
2.602344498589896984e-02 -3.995447549657089592e-01 9.163442415874389901e-01
-4.337678491950726356e-02 -6.875004508777808887e-01 7.248872909444952217e-01
1.410413837998642228e-01 -8.868848540991857154e-01 4.399347492813852067e-01
5.674055180165800127e-01 -8.220718241080199329e-01 4.742250659725917583e-02
9.837997954602447637e-01 -1.650616894624387654e-01 -6.994713092128711229e-02
9.121941778884876673e-01 3.409151550759442206e-01 2.273293620846565943e-01
6.898815134963441897e-01 4.620445309892879937e-01 5.572955667497266896e-01
4.799491231854633999e-01 3.949651114356569903e-01 7.833590491607251849e-01
3.062997320393446299e-01 2.628105733148520251e-01 9.149377447162616583e-01
1.656910516926790866e-01 1.088284102358362815e-01 9.801545044097011994e-01
5.316655489916287392e-02 -5.850561680912232110e-02 9.968703076337297464e-01
-3.118850025829850853e-02 -2.438730852992627984e-01 9.693055223809240450e-01
-7.506868609042480212e-02 -4.546635021909073426e-01 8.874941082306965212e-01
-2.820879167536584631e-01 -6.779401586938915703e-01 6.788398547902549929e-01
-2.759137589969739013e-01 -9.169389211661373995e-01 2.882613613490259130e-01
-3.594854830946770524e-02 -8.991743964535718892e-01 -4.361113466040799080e-01
5.803192842796089934e-01 2.875173438560974515e-01 -7.619470488656637785e-01
5.846553035561831146e-01 8.100414942268179264e-01 -4.484365790564418669e-02
4.778616734049102588e-01 7.436392181604984941e-01 4.675991170910046013e-01
3.585921888479757236e-01 5.523608739741813212e-01 7.525351201104093501e-01
2.374350297137422516e-01 3.516939759468172833e-01 9.055031496066053842e-01
1.194084868467115979e-01 1.606538759603407529e-01 9.797611675341697524e-01
5.505347834909061003e-03 -2.601504256352846559e-02 9.996463918334429488e-01
-1.046148915856304901e-01 -2.204210728498890992e-01 9.697784670234097515e-01
-2.064932436632981039e-01 -4.356417805665651621e-01 8.761145925883089269e-01
-4.933131802860030724e-01 -4.965097237834255051e-01 7.142269949705081222e-01
-7.170868010172901652e-01 -5.825178403573025854e-01 3.827002553857026257e-01
-9.369397490473841961e-01 -3.173053774048267273e-01 -1.464964304176703536e-01
-6.304731904073315185e-01 6.834210581160239384e-01 -3.680206699373220203e-01
-1.022189570445766194e-01 9.858943373411139799e-01 1.325278854410427420e-01
1.227136592857897279e-01 8.336194733900399445e-01 5.385349862447067482e-01
1.704186219658104240e-01 6.041503845477234069e-01 7.784342015470382403e-01
1.352533380083524583e-01 3.863816045117040021e-01 9.123682317204448999e-01
5.963223634435353693e-02 1.915864590282459756e-01 9.796625057159059624e-01
-4.068788550736895243e-02 1.275739959328319080e-02 9.990904587316197238e-01
-1.632123293707394562e-01 -1.601157776204996108e-01 9.735115167774652800e-01
-3.115876272293675031e-01 -3.332979811380369917e-01 8.898458328984886201e-01
-5.308815096679756484e-01 -2.601528595804512567e-01 8.065266966100295143e-01
-7.515513082374482012e-01 -2.113099449341075131e-01 6.249149848246808858e-01
-9.088591849567616565e-01 6.377690870227198383e-02 4.121983598173527552e-01
-7.630081954248094656e-01 5.566984545403048656e-01 3.284894586237003256e-01
-3.846442103553228686e-01 7.816779988232156473e-01 4.909463693682241114e-01
-1.072663113063987289e-01 7.127200993633464599e-01 6.931983831648076411e-01
1.932431792865851525e-02 5.411757637556963152e-01 8.406874350553942277e-01
4.420592670148470321e-02 3.594810955153248111e-01 9.321047033523628400e-01
7.544068516064450849e-03 1.931031016073672668e-01 9.811494683175248088e-01
-7.070866524788314844e-02 4.460046158423514734e-02 9.964994146939091246e-01
-1.848651773625678008e-01 -8.716018009736062333e-02 9.788911937513783412e-01
-3.371944728566563243e-01 -1.970674782842015693e-01 9.205782402803494024e-01
-4.393042945892993156e-01 -9.692428424748641969e-02 8.930942950654823242e-01
-5.839765265060641308e-01 -1.883782787693384989e-02 8.115519408705168525e-01
-6.599241435262014344e-01 1.670453410966932783e-01 7.325271181390240471e-01
-5.808412518656549395e-01 4.089910484389843726e-01 7.038108854145159743e-01
-3.711843891598767819e-01 5.421567142594574396e-01 7.538489546503474026e-01
-1.713319149246445294e-01 5.226942830493794823e-01 8.351263745061348054e-01
-5.072344340717869354e-02 4.196562281771281655e-01 9.062647419165411611e-01
-7.203774001461362743e-03 2.929374836946458394e-01 9.561044588782712239e-01
-2.104574214275944238e-02 1.695742214519930791e-01 9.852926774094369344e-01
-7.726789889265006650e-02 5.960451748846790770e-02 9.952270963432069406e-01
-1.685717043105540713e-01 -3.047952229492834064e-02 9.852180363892133474e-01
-2.917405844518250468e-01 -8.991309389658169726e-02 9.522620789098718008e-01
-3.372680243771131736e-01 -1.533222922606403138e-01 9.288393587853291944e-01
-4.603087794489068019e-01 -1.107985359120600005e-01 8.808175248040180927e-01
-5.454647623844171012e-01 4.651257271863988574e-03 8.381208497601142504e-01
-5.426834812466689861e-01 1.595913070852891247e-01 8.246364373982376650e-01
-4.464336520887805526e-01 2.830459959294982508e-01 8.488709904755464830e-01
-3.090472793001392549e-01 3.263979379497220501e-01 8.932828025095177482e-01
-1.888606857468539679e-01 2.948415090056623056e-01 9.366963894167971150e-01
-1.125141388447806479e-01 2.185229108458901226e-01 9.693236332594818982e-01
-8.192432425276252594e-02 1.229752551442662295e-01 9.890224930293207706e-01
-9.197148986439447615e-02 2.445850605231245437e-02 9.954612129730880943e-01
-1.393497435473947943e-01 -6.464980605338099817e-02 9.881305842602511325e-01
-2.229081734786874103e-01 -1.304809298117003968e-01 9.660676338393152651e-01
-1.801789151676872203e-01 -9.448355985381731714e-02 9.790854995587736642e-01
-2.365005056394365035e-01 -6.378002445093025607e-02 9.695357751590805151e-01
-2.711642704969395856e-01 5.111955949551834355e-03 9.625195095748644292e-01
-2.646431396310363060e-01 9.198603303604506454e-02 9.599492582279620656e-01
-2.165919027335991009e-01 1.643591079088853046e-01 9.623274033911801695e-01
-1.497620316048798861e-01 1.982264460247398774e-01 9.686473093887233432e-01
-9.055659284337855275e-02 1.898961916237595082e-01 9.776190157210323806e-01
-5.314276411345898732e-02 1.488421786099360655e-01 9.874319482825816285e-01
-4.010238303347985617e-02 8.788672772390124233e-02 9.953229234600901032e-01
-4.919880309221626169e-02 1.994517474502835799e-02 9.985898396131954735e-01
-7.773703428327063958e-02 -4.188916217309561485e-02 9.960934954075900682e-01
-1.231223770987335125e-01 -8.431561360550318684e-02 9.888031945538675593e-01
-2.571293930369292560e-02 -9.699282093104892588e-02 9.949528820200985724e-01
-2.592556525371231962e-02 -7.877088285725040995e-02 9.965555745065844961e-01
-1.798809709540203847e-02 -3.150712318894997171e-02 9.993416480619475850e-01
-3.275813881806224643e-03 3.167704719713442668e-02 9.994927882302253597e-01
1.360503886899262251e-02 9.040946960467739768e-02 9.958117446199820089e-01
2.651142177864885402e-02 1.269298799387854060e-01 9.915573357572122770e-01
3.150763954538624706e-02 1.330927233006233001e-01 9.906026426648965044e-01
2.832068530289906169e-02 1.100399701104512740e-01 9.935236000026358427e-01
1.899095131071682971e-02 6.505312507709525016e-02 9.977010748145407337e-01
6.258807359174643932e-03 9.144030375474182168e-03 9.999386051347816107e-01
-7.161536124293400689e-03 -4.474907721366381402e-02 9.989725884571711845e-01
-1.866044270281925002e-02 -8.370730583051215479e-02 9.963156501976142554e-01
1.170927647295420121e-01 -1.515780250047031319e-01 9.814852962646529733e-01
1.721295135962983558e-01 -1.437878510781244734e-01 9.745237218413265179e-01
2.253483771128711177e-01 -9.610760162545338436e-02 9.695263987341462553e-01
2.544431795822698628e-01 -2.091727040840472146e-02 9.668614875786551988e-01
2.478980284797320799e-01 5.555902042790466372e-02 9.671916887178297895e-01
2.122497287276534639e-01 1.080998066045878725e-01 9.712180416709347286e-01
1.639232774870051923e-01 1.241863208288767201e-01 9.786250133820382224e-01
1.176404898547940836e-01 1.044717645196539257e-01 9.875456270800627712e-01
8.202188403735323485e-02 5.739253475063958027e-02 9.949766366573143950e-01
6.142758133754172567e-02 -5.167066930160602728e-03 9.980981683533296511e-01
5.890355769435241112e-02 -6.992315701335839739e-02 9.958117909546116975e-01
7.727671701173732810e-02 -1.231559125896307949e-01 9.893740092615287418e-01
2.401708697101201384e-01 -2.580942321172963183e-01 9.357912805163736136e-01
3.593392382280991559e-01 -2.606355645911374030e-01 8.960716569225924966e-01
4.712708896114966017e-01 -1.892641946643378037e-01 8.614422866465089035e-01
5.235403807944869481e-01 -6.237140165764226002e-02 8.497148215330038168e-01
4.933637388074413321e-01 6.610763530428741264e-02 8.673073283354765239e-01
4.032186626674922891e-01 1.481922560490685492e-01 9.030247866608055451e-01
2.951134998581874114e-01 1.680688525330856498e-01 9.405641301950983246e-01
2.010898667540476359e-01 1.354530784518281350e-01 9.701625271194179723e-01
1.356734345646891382e-01 6.751489436035962299e-02 9.884505340141656049e-01
1.034802702802845170e-01 -2.030632433627130307e-02 9.944241986469469774e-01
1.075028519362004747e-01 -1.145472751528034544e-01 9.875839501432920331e-01
1.523401435585325092e-01 -2.004618285221246021e-01 9.677848603724557019e-01
3.230900544282392928e-01 -4.180387014324288830e-01 8.490326618182963969e-01
5.172069471560226672e-01 -4.361599904462305499e-01 7.363840279008844192e-01
7.087867584954503641e-01 -3.121112495941590348e-01 6.326198691618176717e-01
7.950361828002594500e-01 -7.713870581265377946e-02 6.016370069269335596e-01
7.342252059344055448e-01 1.464125919778612450e-01 6.629303884126698243e-01
5.776921904872636127e-01 2.663893765515187306e-01 7.715623326151046513e-01
4.038769568885730021e-01 2.740026295243369048e-01 8.728149647595304650e-01
2.619723748266830632e-01 2.059287897862346617e-01 9.428487727970505938e-01
1.675191152190664834e-01 9.688784559351892867e-02 9.810963721329273302e-01
1.216884376944892820e-01 -3.348922094746585587e-02 9.920032238918918832e-01
1.263156959472171714e-01 -1.742327128949997528e-01 9.765691510152220145e-01
1.899599152145181602e-01 -3.120502605260335738e-01 9.308812306183023022e-01
3.222476533270853816e-01 -6.171840203315314133e-01 7.178024344989866190e-01
5.789106274039327316e-01 -6.654740598115918004e-01 4.711759344414055417e-01
8.602399231850850203e-01 -4.569005095620485846e-01 2.263386818917879906e-01
9.869425805244880223e-01 -3.195340035892992037e-02 1.578712226885644609e-01
8.878502666843107738e-01 3.340576740095854147e-01 3.164290985098958120e-01
6.692033562718954220e-01 4.802259438377819434e-01 5.670537107008001287e-01
4.482579292335028831e-01 4.416632022820401460e-01 7.771733684508980167e-01
2.782919294600089133e-01 3.100186717173675222e-01 9.090885683936621442e-01
1.670801192628628140e-01 1.423655471050971344e-01 9.756107239798650355e-01
1.095023207787111652e-01 -4.151186991051575292e-02 9.931193314001020012e-01
1.054750373138948344e-01 -2.384577916155682098e-01 9.654081510539345157e-01
1.681617984121682730e-01 -4.420561411024949150e-01 8.810834113001158041e-01
1.829121691216446244e-01 -7.994177808138953623e-01 5.722537462575773004e-01
4.190112961192462571e-01 -8.968850150019020973e-01 1.415160895074724923e-01
7.299834873194603890e-01 -5.957465506200451122e-01 -3.349778435437726909e-01
8.786694185394262613e-01 1.035837724863243464e-01 -4.660584244502410378e-01
7.677500728156517740e-01 6.278127375109222585e-01 -1.281053953218609098e-01
5.652368674006078564e-01 7.546476898689662427e-01 3.331878567814554049e-01
3.755215728234591044e-01 6.317043248261839938e-01 6.781837467383208251e-01
2.301011012303320891e-01 4.205028423421652839e-01 8.776279637721089433e-01
1.294205317055765192e-01 1.919785118855850958e-01 9.728281333036949974e-01
6.736472164231850634e-02 -4.109602594752937571e-02 9.968816935471498386e-01
4.327001103716992397e-02 -2.871650341915354954e-01 9.569033124002825907e-01
7.083056931206307971e-02 -5.509598928079598723e-01 8.315204308783119558e-01
-9.381256106348580259e-02 -8.649837612482990101e-01 4.929526307500930460e-01
-3.304650918743041316e-02 -9.974735108245199600e-01 -6.288500166033005045e-02
1.102327127483298391e-01 -6.591710349789351442e-01 -7.438698109783793422e-01
2.162484457058334586e-01 2.757741072710903074e-01 -9.365816843653331780e-01
2.344381331112337097e-01 8.804708284690149211e-01 -4.120799460765473543e-01
2.233356400945335773e-01 9.531714314810377786e-01 2.039250207108155855e-01
1.805423819516454031e-01 7.565792271233520161e-01 6.284841457067334991e-01
1.219427214119202518e-01 4.905875158376566403e-01 8.628173978304177760e-01
6.191537152013617401e-02 2.264550746169298745e-01 9.720517403665870360e-01
5.637900015211047208e-03 -3.061760613773838527e-02 9.995152706576292401e-01
-4.555901065669290539e-02 -2.966411371111161710e-01 9.539016785399633269e-01
-8.522122872000843785e-02 -5.837719862149789440e-01 8.074327280251011318e-01
-3.821884677776988815e-01 -7.453997551415162404e-01 5.461787071395732829e-01
-5.559161037963258334e-01 -8.288956736796055935e-01 6.236383322938571228e-02
-7.033544238770541579e-01 -4.977112314925296599e-01 -5.075195409623736165e-01
-6.743355113535456358e-01 3.155090101366166411e-01 -6.676269037794609895e-01
-4.221090809462051952e-01 8.741504649270240845e-01 -2.401767858278829881e-01
-1.815087386003515491e-01 9.392385651152533876e-01 2.913511551579980319e-01
-4.899577022038030527e-02 7.452396992558552036e-01 6.649941391874183427e-01
-4.814083602751511280e-03 4.857991484068495125e-01 8.740572132339081701e-01
-1.359379380301586546e-02 2.309807102389733191e-01 9.728633615608830443e-01
-5.644920554287607278e-02 -1.245200338906190043e-02 9.983278193084346164e-01
-1.295428535684617077e-01 -2.572564573255313181e-01 9.576208875403648957e-01
-2.365991072656052074e-01 -5.114934675413177478e-01 8.260722093761264651e-01
-5.128697077245367719e-01 -5.087386689682992236e-01 6.914836437652470691e-01
-7.627870592496214242e-01 -5.078532446694732361e-01 4.003011168107654671e-01
-9.682857213245192884e-01 -2.317238458807912294e-01 9.341745623392294640e-02
-9.582086256275696989e-01 2.860346106664460319e-01 4.520096654806377880e-03
-7.053312863069226557e-01 6.753105912879567851e-01 2.155536635062573481e-01
-4.073701993233287966e-01 7.488337031080807282e-01 5.227787350234867070e-01
-2.011800783833658790e-01 6.158166936894520216e-01 7.617718660038664824e-01
-9.846466069924764142e-02 4.140318859953783792e-01 9.049211611916808673e-01
-7.116620933516205894e-02 2.063322911215589028e-01 9.758905452402854008e-01
-9.898825477348424662e-02 6.856974626026877961e-03 9.950649764291948918e-01
-1.771174623806991422e-01 -1.862239973739610865e-01 9.664108998360193548e-01
-3.121234243211226111e-01 -3.695374351662245593e-01 8.752262861688606677e-01
-4.699054558917300506e-01 -2.904323289408240472e-01 8.335693881310478615e-01
-6.699499075833919015e-01 -2.493650039751589831e-01 6.992740636698866474e-01
-8.192794574387765039e-01 -6.041625239206614706e-02 5.702026368457039363e-01
-8.159612899915646977e-01 2.290487651896349341e-01 5.307954751128839410e-01
-6.466073051829197560e-01 4.555054152812024748e-01 6.118936259953264845e-01
-4.199546864207546748e-01 5.165133227840018604e-01 7.462251997485854771e-01
-2.386127413209927217e-01 4.449276891236951803e-01 8.631936695378964464e-01
-1.331152397501561002e-01 3.130715936433688396e-01 9.403544598712452185e-01
-9.470048219961722802e-02 1.655565470509674508e-01 9.816429332501002136e-01
-1.109235423554316563e-01 2.027418701351908770e-02 9.936221238942910539e-01
-1.774771300908893623e-01 -1.148335269010186399e-01 9.774022352103683975e-01
-2.970947346094870434e-01 -2.281480225917970062e-01 9.271910258704559871e-01
-2.960607694432610404e-01 -2.778231537093484027e-01 9.138721552052765373e-01
-4.450509147849850966e-01 -2.693019624858390970e-01 8.540527713498679008e-01
-5.753170689874921306e-01 -1.722523125717767278e-01 7.995870252482399909e-01
-6.237625310572277870e-01 -1.240505419834100204e-02 7.815154633655667649e-01
-5.678102032271309385e-01 1.396688753187719789e-01 8.112238768541994993e-01
-4.431598060167306619e-01 2.232516409662282098e-01 8.681981865548720201e-01
-3.073487636161473802e-01 2.261646047937200810e-01 9.243301948124262868e-01
-1.984171113351926030e-01 1.706648646415027948e-01 9.651446284916292973e-01
-1.289041471435037611e-01 8.261687538761386396e-02 9.882095793658689509e-01
-1.006118643047131528e-01 -2.025276885305032221e-02 9.947195977334571948e-01
-1.159491364883717540e-01 -1.254226087445536597e-01 9.853045046904181925e-01
-1.803566971430630717e-01 -2.189850940753491348e-01 9.589144854305123866e-01
-1.491258981878429424e-01 -1.610951114511522675e-01 9.756074167184528578e-01
-2.225043841595092942e-01 -1.477930198521591465e-01 9.636643722338206208e-01
-2.878231207273043157e-01 -8.888521890869230391e-02 9.535498251452081409e-01
-3.159476163993658049e-01 -3.371878706088042284e-05 9.487766347010435641e-01
-2.950438490022073701e-01 8.601552832023912076e-02 9.516041488211939292e-01
-2.391999463732266407e-01 1.394450665845175241e-01 9.609050208321135988e-01
-1.735335861027871018e-01 1.489802874237589059e-01 9.734942056599460436e-01
-1.166852983580293907e-01 1.197414374652203267e-01 9.859242005858531721e-01
-7.706365517085704553e-02 6.364415501561251909e-02 9.949927711215083015e-01
-5.791760221320042812e-02 -6.104457939807841557e-03 9.983027030650991618e-01
-6.197428929108723950e-02 -7.615320395207868243e-02 9.951682656690071793e-01
-9.230948980441021356e-02 -1.327458903633153831e-01 9.868421792179901120e-01
1.132267304652710693e-02 -1.069951882611584471e-01 9.941950647453278167e-01
2.609749625601272792e-03 -8.987044021099799274e-02 9.959500455258811780e-01
-1.055196525043565134e-02 -4.181218702925147690e-02 9.990697658548632898e-01
-2.353591354601964475e-02 2.401604529877910191e-02 9.994344852674142965e-01
-3.200306012721992194e-02 8.638411960991046468e-02 9.957477532095000416e-01
-3.420779790358026429e-02 1.261070002907831167e-01 9.914266745655799795e-01
-3.065821474934035673e-02 1.339768747295573548e-01 9.905101064128924993e-01
-2.274684221832385181e-02 1.109825476046066017e-01 9.935620037503135604e-01
-1.216104613057495017e-02 6.478146833753577194e-02 9.978253706521122979e-01
-9.701255105615160922e-04 6.800372315982001689e-03 9.999764066181359157e-01
8.327461719811682025e-03 -4.968985011762551418e-02 9.987299796123912943e-01
1.312355847042979279e-02 -9.138919111683095620e-02 9.957287722870047375e-01
1.749613317525717526e-01 -1.122013494800980782e-01 9.781612288197668592e-01
2.286046480509489331e-01 -8.915630544154164172e-02 9.694282170896130202e-01
2.643136041450580564e-01 -2.713316392827662404e-02 9.640550347770439066e-01
2.640952402622385176e-01 5.587297365362908774e-02 9.628768949797344989e-01
2.256726894385383542e-01 1.305304079581950383e-01 9.654188986340442868e-01
1.660576532201064048e-01 1.725405750969034313e-01 9.709040146957296225e-01
1.086395502552222753e-01 1.739157830018966122e-01 9.787495841854471079e-01
6.896393893542085429e-02 1.403904556202129339e-01 9.876914979370501335e-01
5.202756842379074875e-02 8.343705777705578974e-02 9.951539526692834148e-01
5.691474454404561734e-02 1.602264266969849471e-02 9.982504629477187974e-01
8.116118260986572575e-02 -4.824638650087867409e-02 9.955325954618247097e-01
1.221312699208637054e-01 -9.536835627979792229e-02 9.879214693121679547e-01
3.351221733893806065e-01 -1.827729722001010249e-01 9.242765655018636561e-01
4.591702179346361379e-01 -1.525385470731104032e-01 8.751541022120795654e-01
5.501053053776125967e-01 -4.942567845145136307e-02 8.336313665553590768e-01
5.616198996810684019e-01 9.512943005858907897e-02 8.219084376126984948e-01
4.847031768383752159e-01 2.206142560937183195e-01 8.463995394439866038e-01
3.571922105285391114e-01 2.801734289668733613e-01 8.910199629855604098e-01
2.325525707170282008e-01 2.678665655639648202e-01 9.349688791108903274e-01
1.444457988947936422e-01 2.054619773108501968e-01 9.679466860634157177e-01
1.018803369638312945e-01 1.168344490660760543e-01 9.879119942846499303e-01
1.025414180966758293e-01 1.902486475231546584e-02 9.945467872835177525e-01
1.432711334423207861e-01 -7.456726407030758730e-02 9.868703589890315264e-01
2.226258299510346927e-01 -1.487085011951414237e-01 9.634954704153649852e-01
4.689223131223309027e-01 -3.292774859193206005e-01 8.195658616137336816e-01
6.703966379668027109e-01 -2.953072550269264518e-01 6.807069655374792250e-01
8.229217821051586501e-01 -1.180646573007868849e-01 5.557521724953897735e-01
8.419422607101237910e-01 1.459702248641538136e-01 5.194477096718592701e-01
7.139236655914684704e-01 3.685028709982816619e-01 5.954146737983712079e-01
5.085171808506082636e-01 4.572587402912454690e-01 7.296058670317201456e-01
3.162635883053951380e-01 4.163438660015307269e-01 8.524289577173065346e-01
1.861418916914112653e-01 3.024308694260589014e-01 9.348191083711229199e-01
1.248052695778649746e-01 1.612087923331833317e-01 9.789971245922748366e-01
1.245786035740635705e-01 1.383930318512300618e-02 9.921132219756415571e-01
1.809209173084529165e-01 -1.298202396597755159e-01 9.748919566059388586e-01
2.960484443336991456e-01 -2.553071540093340697e-01 9.204203255683791607e-01
5.186518923006416815e-01 -5.461694198362675445e-01 6.577987377979520600e-01
7.726215232347829476e-01 -5.213984245692261377e-01 3.622149426667863881e-01
9.672691667422526063e-01 -2.388322070843220957e-01 8.572943443748073933e-02
9.777224021506829565e-01 2.097594782364982646e-01 7.737287814298694257e-03
7.981548974749070879e-01 5.737237946577727898e-01 1.838199311290748539e-01
5.389694711922693449e-01 6.928519472662716394e-01 4.790282750444451176e-01
3.146758321419474980e-01 6.024354335330097676e-01 7.335193719934508527e-01
1.730488846832233529e-01 4.166268665851817765e-01 8.924551179467196116e-01
1.113000376815726222e-01 2.086259664203148623e-01 9.716416560374814271e-01
1.154584511020308735e-01 3.952123407415925310e-04 9.933122318164960829e-01
1.799879739179250093e-01 -2.071753692242631617e-01 9.616042302484479887e-01
3.118217693836871640e-01 -4.052573285564060046e-01 8.593798239369265790e-01
4.082310032971637193e-01 -7.768165619215440243e-01 4.794825096615445426e-01
6.220142192048696561e-01 -7.829695876149567191e-01 -7.545593209544299192e-03
7.796999888218903996e-01 -3.997758766465856484e-01 -4.819203003428890186e-01
7.498372902494768732e-01 2.587928591499769615e-01 -6.089091017584286059e-01
5.644194629500086657e-01 7.728748393371143166e-01 -2.899916422291808904e-01
3.501714218486390306e-01 9.136096308093245577e-01 2.066335350637389101e-01
1.862298601569385703e-01 7.685642027855713598e-01 6.120682195496101041e-01
9.272756732359090093e-02 5.132553299731826835e-01 8.532119106719320278e-01
5.986351498578272590e-02 2.445576914480049602e-01 9.677850459307162367e-01
7.440316112371293811e-02 -1.797328556716160097e-02 9.970662619006935845e-01
1.316817810564450131e-01 -2.848061092588686782e-01 9.494974400527108616e-01
2.391966423061101243e-01 -5.566088468899894615e-01 7.955950966875868779e-01
1.318328648310372886e-01 -9.133894389743409947e-01 3.851490990778402290e-01
1.776544168674543400e-01 -9.609594273918746765e-01 -2.121223398755090195e-01
1.774393552319578071e-01 -5.514203988654298172e-01 -8.151385274479234777e-01
8.455725573459077493e-02 2.270823389319472363e-01 -9.701977539903132719e-01
-4.923566455434770506e-03 8.341979731747998228e-01 -5.514431068065873687e-01
-4.179295550628023270e-02 9.970455582311976706e-01 6.444768173891418650e-02
-4.721404449906502210e-02 8.323262263828827834e-01 5.522715698614395485e-01
-3.725401089914466557e-02 5.476038023593168269e-01 8.359080178545587048e-01
-1.690063281065365408e-02 2.523875687113368849e-01 9.674786218674855665e-01
1.111148352188929059e-02 -3.469504228769004078e-02 9.993361741548867361e-01
4.474281547686922295e-02 -3.302411902191249582e-01 9.428355300612000223e-01
8.471359183004036064e-02 -6.418665348113207214e-01 7.621226665364517761e-01
-1.852441735124222000e-01 -8.753526728264808821e-01 4.465896263408612454e-01
-3.441543866234113014e-01 -9.353753162587844505e-01 -8.142957633206082679e-02
-5.334263942392183377e-01 -5.864300018208998821e-01 -6.095540459166124414e-01
-6.568134213163002721e-01 1.108915566909071809e-01 -7.458546723279682045e-01
-6.056644874230644460e-01 6.959993900605715433e-01 -3.856881871538481721e-01
-4.440632945320396319e-01 8.818492269051256827e-01 1.585866685955768796e-01
-2.827057817904791159e-01 7.520291444538463876e-01 5.954238883638333091e-01
-1.664891643522780351e-01 4.978343484397602103e-01 8.511417741286216865e-01
-9.334347750878947692e-02 2.255647885703016553e-01 9.697461118065276997e-01
-5.473985988111485651e-02 -4.344842882982453969e-02 9.975549016331602958e-01
-5.039201303252444086e-02 -3.219993597017991038e-01 9.453978302144050438e-01
-8.889352605098078952e-02 -6.162458436431416109e-01 7.825209270165297548e-01
-3.783785177586924120e-01 -6.889248624311780089e-01 6.182331528014849420e-01
-6.328162935287652280e-01 -7.226553058146668596e-01 2.780518793722100979e-01
-8.838669027492435104e-01 -4.651103558350468958e-01 -4.951419109203848701e-02
-9.902068850742828943e-01 2.765861801755329849e-02 -1.368405115487803525e-01
-8.814791753911529470e-01 4.658661352819505330e-01 7.722180617603852104e-02
-6.444389728345097934e-01 6.376283375661047081e-01 4.220527377291605209e-01
-4.108307189775305401e-01 5.687074749624515535e-01 7.125938031348596491e-01
-2.430704366530614946e-01 3.867914838186295445e-01 8.895555692989028929e-01
-1.434603129366628926e-01 1.751317605246884290e-01 9.740369628856689888e-01
-1.018873619134569170e-01 -4.219170261840869685e-02 9.939008128140580656e-01
-1.179062856988938729e-01 -2.672148082372844402e-01 9.563965464446982923e-01
-2.039488023572502973e-01 -4.974801693592182938e-01 8.431597518331362950e-01
-3.955036562742967887e-01 -4.615782348301978866e-01 7.940544005322124343e-01
-6.217529030467086049e-01 -4.666676086305946991e-01 6.290029178056029124e-01
-8.267962013291256795e-01 -3.011145512481760989e-01 4.751190045602868284e-01
-9.024787068594433137e-01 -6.980102144397259956e-03 4.306779096255311523e-01
-8.086350843647323039e-01 2.646507130533371499e-01 5.254229728654919995e-01
-6.093435756198978259e-01 3.924541022077104868e-01 6.889703799954468577e-01
-4.037758474650904317e-01 3.717603289665995514e-01 8.359182512725590319e-01
-2.486580189999841595e-01 2.645046468990858712e-01 9.317759823883934311e-01
-1.545358324279344220e-01 1.219664951757400140e-01 9.804299314843075708e-01
-1.175994467141545929e-01 -3.325869432856180113e-02 9.925040198326917640e-01
-1.389336039551263002e-01 -1.933051992368239880e-01 9.712520546388123677e-01
-2.282394277199336075e-01 -3.474968517651430555e-01 9.094793574608737163e-01
-1.686426964963483877e-01 -3.637073928633790532e-01 9.161203923584445574e-01
-3.176440653422143989e-01 -4.076229221819758219e-01 8.561225385800280696e-01
-4.801081751844560874e-01 -3.608790551852870121e-01 7.995388968958945242e-01
-5.829906163826772403e-01 -2.290215851074027809e-01 7.795325873653575766e-01
-5.826319220594412540e-01 -7.317410929704429301e-02 8.094353545070425149e-01
-4.942388211697602562e-01 4.091055190751037574e-02 8.683630084194972065e-01
-3.671212065771614630e-01 8.632397802401907405e-02 9.261588365391253408e-01
-2.438348645269471648e-01 7.221400154358287304e-02 9.671244474328094531e-01
-1.450290780894825104e-01 1.764909386646527911e-02 9.892699712384616095e-01
-7.893123678039756785e-02 -6.332375764319782274e-02 9.948668059485344939e-01
-5.301208361844118172e-02 -1.619823415034516711e-01 9.853686822867362416e-01
-7.880861855106138791e-02 -2.689227153277038429e-01 9.599321719907247807e-01
-7.182239129310910575e-02 -2.006949117000650651e-01 9.770174494483901961e-01
-1.474134381821946838e-01 -2.151265855967414986e-01 9.653962038524417366e-01
-2.333882815813014822e-01 -1.854117062775785807e-01 9.545430368483863726e-01
-2.948224840459238161e-01 -1.162474826649709247e-01 9.484546513540206281e-01
-3.082926085895534296e-01 -3.383746884614227679e-02 9.506895882416970256e-01
-2.763410898332342991e-01 3.114368528226708899e-02 9.605548776289882795e-01
-2.181599112901285997e-01 6.135466000937137704e-02 9.739824735594447835e-01
-1.530283631272318923e-01 5.547023059835672065e-02 9.866637591377752647e-01
-9.346585259252750133e-02 2.091431084140278271e-02 9.954027958575770718e-01
-4.766457857395113573e-02 -3.245622409890677740e-02 9.983359562124516362e-01
-2.340669149947857339e-02 -9.462545401243076248e-02 9.952377355416295313e-01
-2.924954866417999594e-02 -1.550815037454098266e-01 9.874685772716461640e-01
5.442076963144065055e-02 -9.056724663979728862e-02 9.944023097664036470e-01
3.919159513814322177e-02 -7.947570135783857403e-02 9.960660780109972245e-01
6.675679599658534968e-03 -4.315654206529580261e-02 9.990460190496026627e-01
-3.315681748890531022e-02 8.726839840593594855e-03 9.994120610241059577e-01
-6.717027961393680358e-02 5.920565949459438010e-02 9.959833549916556894e-01
-8.549787322754547059e-02 9.235266951627872645e-02 9.920489393708611381e-01
-8.482012730000663969e-02 1.002827226082602802e-01 9.913369364404419626e-01
-6.730235322056274394e-02 8.354246737944331924e-02 9.942288717368187312e-01
-3.811673496882651141e-02 4.810786533358051703e-02 9.981145965310674883e-01
-3.919588726605380789e-03 2.862215987364118835e-03 9.999882222025464618e-01
2.782519532417991603e-02 -4.197134352810050206e-02 9.987312775855535785e-01
4.950024235649372328e-02 -7.610708301919699714e-02 9.958701913005263417e-01
2.033423857443729943e-01 -3.491423440168522907e-02 9.784849873124897845e-01
2.447730085211745898e-01 2.486114156815786690e-03 9.695772241219203780e-01
2.542675943995584276e-01 6.801209222280507616e-02 9.647395222285227723e-01
2.214163923257966293e-01 1.406141503538272941e-01 9.649883118099116253e-01
1.549144173283179826e-01 1.932502560894070742e-01 9.688425371675303266e-01
8.108712768216413957e-02 2.092519500629835272e-01 9.744939707966460141e-01
2.632782199436852280e-02 1.898404892916510101e-01 9.814618863788759917e-01
2.964277950096514454e-03 1.464333241161753230e-01 9.892161010843570912e-01
1.036838340834690675e-02 9.129519840215025162e-02 9.957698947921005406e-01
4.202683804167125364e-02 3.521048185385056151e-02 9.984958521956452948e-01
9.022202818592231499e-02 -1.141799974332689815e-02 9.958562220079241190e-01
1.471723888835544392e-01 -3.793613668296749730e-02 9.883830924716761057e-01
3.744262440557915017e-01 -4.436845745869023167e-02 9.261945949664200928e-01
4.810719053366957487e-01 2.143098028110023909e-02 8.764191548454813852e-01
5.316685461135078894e-01 1.430173175601633373e-01 8.347901556387952171e-01
4.918718885115944128e-01 2.791504242568961791e-01 8.247042414885940032e-01
3.712482937318519194e-01 3.697143442109622757e-01 8.517546642583537775e-01
2.240024673616683171e-01 3.802848623671825079e-01 8.973328914457100458e-01
1.077021487550144374e-01 3.242354487181857148e-01 9.398253140600437705e-01
4.752605831448915991e-02 2.363123591626127284e-01 9.705141640842100959e-01
4.165317156798917925e-02 1.426328797438079499e-01 9.888988193512594504e-01
8.000323191906638653e-02 5.707243663056212751e-02 9.951593941975257485e-01
1.538235266288632275e-01 -1.100111310612490040e-02 9.880370935172055891e-01
2.560251199088484642e-01 -5.006493751189152602e-02 9.653727984605678936e-01
5.514268822052522667e-01 -1.407924645524376295e-01 8.222565752286264962e-01
7.328143319157410795e-01 -5.074711775717295759e-02 6.785336284799492468e-01
8.215310152175081537e-01 1.586040425503144335e-01 5.476600667588944482e-01
7.540150676016671438e-01 4.138999136289755465e-01 5.100471932356490656e-01
5.520995347736368242e-01 5.872603465188942495e-01 5.918710916316347603e-01
3.148416503283819612e-01 6.028921339859607542e-01 7.330728544942304303e-01
1.381953988998048388e-01 4.956007729517915572e-01 8.574858048810293232e-01
5.287839882391172364e-02 3.433245161364694709e-01 9.377271199861741957e-01
4.644371706088234325e-02 1.936722602193432785e-01 9.799663447113962089e-01
1.010367748006352484e-01 6.181917618123532882e-02 9.929602004079539634e-01
2.070633140648703852e-01 -4.798051642237130543e-02 9.771502719706416373e-01
3.610910573832600279e-01 -1.250417109133143689e-01 9.241092028596032959e-01
6.735356513108219367e-01 -3.411672776747734503e-01 6.557092458225857179e-01
9.051132712280428594e-01 -2.496184283051671449e-01 3.441810664423377020e-01
9.963130999470186655e-01 6.823499503549236567e-02 5.200184925981778811e-02
8.673300202279182747e-01 4.967352280107164009e-01 -3.150792383843663280e-02
5.782530153090017500e-01 8.011348182989561639e-01 1.542933997136033963e-01
2.776264092151954355e-01 8.382767606867863597e-01 4.692714027071808180e-01
8.091749247478663420e-02 6.731668187462818143e-01 7.350501979800811991e-01
4.877625951599021820e-03 4.465722116752918192e-01 8.947343005186183529e-01
1.914557839707436981e-02 2.331508269918162457e-01 9.722520962696969971e-01
9.842683314637479253e-02 4.576285761734926599e-02 9.940915045303884146e-01
2.341660274505552031e-01 -1.222481838168891499e-01 9.644799910529693321e-01
4.287635818099727603e-01 -2.661163663676009428e-01 8.633330009126805038e-01
6.400062475819227048e-01 -6.098891327343601843e-01 4.673620104678941622e-01
8.271437065037685610e-01 -5.602989138884615361e-01 -4.357081461781741466e-02
8.362456135800204748e-01 -1.613919434318430435e-01 -5.240667079326863931e-01
6.185748559941254276e-01 4.383303325700124708e-01 -6.520978968535497966e-01
2.978744497381715650e-01 8.925891244373058697e-01 -3.384604365791322178e-01
3.710037905227479144e-02 9.829550061747012180e-01 1.800639267322251824e-01
-8.755388465349220328e-02 7.890959286791563443e-01 6.079982998530016891e-01
-9.775762714455023261e-02 5.095547817068515339e-01 8.548668731298225687e-01
-3.713350787638283051e-02 2.467840227324826774e-01 9.683587913148751225e-01
6.994467141829141532e-02 1.136414785446957995e-02 9.974861397953331821e-01
2.182730983443885719e-01 -2.160657770450642445e-01 9.516682376380236619e-01
4.120904748675031093e-01 -4.417070072812812054e-01 7.969167837623256645e-01
4.145499269276599064e-01 -8.325384910964173102e-01 3.674615883696311092e-01
4.435851112951625375e-01 -8.608734238582951281e-01 -2.492572910301705802e-01
2.978810257585082222e-01 -4.696927069951862266e-01 -8.310569508094091118e-01
8.980584280237352210e-03 2.052606790707475759e-01 -9.786661344571964127e-01
-2.492126929482103292e-01 7.639391364147173347e-01 -5.952226722223233901e-01
-3.564755317028830972e-01 9.338084332652532016e-01 3.044676107295313933e-02
-3.250523885551165337e-01 7.725977989429672066e-01 5.453747205023961042e-01
-2.266126431727818191e-01 4.959793761668894185e-01 8.382429053510168648e-01
-1.064926735085459236e-01 2.237406534934312519e-01 9.688134136475137215e-01
2.150956426251893552e-02 -3.095198511473155195e-02 9.992894041581208420e-01
1.560990565427352872e-01 -2.933973470087810065e-01 9.431601567680703013e-01
2.951628312029084822e-01 -5.789306950316307487e-01 7.600777285426042473e-01
1.061583323591863276e-01 -8.956735354871742105e-01 4.318556776270319753e-01
-4.778677210419846749e-02 -9.923098848539243511e-01 -1.141819461781372752e-01
-3.350817280693917377e-01 -6.970148108143103816e-01 -6.339484119544038787e-01
-6.349898124124532250e-01 -9.194826488036388079e-02 -7.670289790600309798e-01
-7.756235653105076899e-01 4.648077221611516263e-01 -4.270384834581875677e-01
-7.070911005988895770e-01 6.950682353934308777e-01 1.300089366195679441e-01
-5.226219493208755784e-01 6.141941083593074335e-01 5.912967912517939073e-01
-3.286166718317021229e-01 4.008507439613190337e-01 8.551782060248224182e-01
-1.643042171261006879e-01 1.675715528485531847e-01 9.720719617962778614e-01
-3.187632918858211706e-02 -6.668891824544989633e-02 9.972645024369379829e-01
6.929300699986686018e-02 -3.218497257191673122e-01 9.442516789687730450e-01
1.275688211257617333e-01 -6.133451353409522522e-01 7.794446361546486512e-01
-1.249936032590481250e-01 -7.815196798416543800e-01 6.112312076167070174e-01
-3.720547924866654532e-01 -8.919718958370467243e-01 2.568294539661785669e-01
-6.971457840280139706e-01 -7.123018502705462662e-01 -8.132545673488250637e-02
-9.449787905185536019e-01 -2.788604476522176245e-01 -1.710319742191136749e-01
-9.861286966148886668e-01 1.591832713257572696e-01 4.701999407205130488e-02
-8.265035896871282262e-01 3.875320915701319091e-01 4.083022094447215644e-01
-5.836987772941664154e-01 3.871638494427204202e-01 7.137225588910806051e-01
-3.609443115052818341e-01 2.639984562540962920e-01 8.944406179771856591e-01
-1.907042855559299144e-01 9.917910507486438210e-02 9.766244828936011535e-01
-7.251323414689118951e-02 -8.498721719979938916e-02 9.937399075140473936e-01
-7.625013143916801149e-03 -2.959058071157696923e-01 9.551866898620976487e-01
-1.285111807794136682e-02 -5.400901295509265010e-01 8.415090615827621745e-01
-2.055653148630428584e-01 -5.721593295962644765e-01 7.939625953917345269e-01
-4.297881705417316289e-01 -6.526864698715878488e-01 6.239250760379507765e-01
-6.881359495055495712e-01 -5.587107586615248644e-01 4.629375801919492495e-01
-8.569154870800306245e-01 -3.040372487403302793e-01 4.162417559313734139e-01
-8.566787545239227253e-01 -2.403690279576656610e-02 5.152899560939308010e-01
-7.108164509211455373e-01 1.523152907283686630e-01 6.866877203723675827e-01
-5.083113857138485958e-01 1.939006705327739610e-01 8.390602273499756514e-01
-3.227424692222637947e-01 1.430376881587717142e-01 9.356161169660600629e-01
-1.814546804565384530e-01 4.422982432946703790e-02 9.824041538899352943e-01
-8.889148283116815596e-02 -8.281519586101895869e-02 9.925925385648094457e-01
-5.015944842953990596e-02 -2.345789226560327234e-01 9.708021213299881103e-01
-8.082143765531213386e-02 -4.071941054818626338e-01 9.097586799125051416e-01
