8.238117076092373037e-02 7.883248789371533061e-02 9.934781233407120604e-01
1.140531393924582859e-01 5.244443201470632560e-02 9.920894430167779277e-01
1.451355597535918807e-01 1.095959802546824999e-02 9.893510784883869924e-01
1.646075754622827736e-01 -2.982335517758676752e-02 9.859081669134864834e-01
1.689690880754564084e-01 -5.641811572487091114e-02 9.840053066386478253e-01
1.596718758650993164e-01 -6.351433877712467369e-02 9.851247742430081500e-01
1.399094134726120986e-01 -5.245890396939976996e-02 9.887736947430709744e-01
1.139070394797653540e-01 -2.791253292890476592e-02 9.930992281048660608e-01
8.703628062684004574e-02 4.375221926767109554e-03 9.961955346655245735e-01
6.551362417183838327e-02 3.826244238563014655e-02 9.971178217996213844e-01
5.540763856811928290e-02 6.695686762556593563e-02 9.962162272648866779e-01
6.096223923023966901e-02 8.286153522047398634e-02 9.946947126475049750e-01
7.034715024067693390e-02 5.746527087819203877e-02 9.958659654269791384e-01
9.391900439483004404e-02 3.593302262819157017e-02 9.949311727442351483e-01
1.176036576748874657e-01 3.108113019836005256e-03 9.930557483519690809e-01
1.337993578358245006e-01 -2.979393227255198659e-02 9.905604743993337014e-01
1.390423889338049668e-01 -5.222944498979453093e-02 9.889081348415473816e-01
1.334124138936803872e-01 -5.892570920780932503e-02 9.893072771457401826e-01
1.188488716397542305e-01 -5.007693956610414360e-02 9.916487512388022507e-01
9.858052788348596607e-02 -2.932514789221023904e-02 9.946968961565457734e-01
7.705611160873666876e-02 -1.849443300505515747e-03 9.970250424253418453e-01
5.950985050239017415e-02 2.658972899121442995e-02 9.978735210462773564e-01
5.092950592078177713e-02 4.987474944442345237e-02 9.974561117135197774e-01
5.457206818373727675e-02 6.182826500710016798e-02 9.965937763302700203e-01
4.030701435948716438e-02 2.655620066352639558e-02 9.988343770616200379e-01
5.681895800324048701e-02 5.539410457093335224e-03 9.983691306042362656e-01
7.559520385978230061e-02 -2.317318435711868824e-02 9.968692836477891506e-01
9.109521416228882895e-02 -5.033716536362146943e-02 9.945691689068451025e-01
9.948363623922022725e-02 -6.754288649146020229e-02 9.927441586858601896e-01
9.914031321911030703e-02 -7.065708362614755988e-02 9.925617234349682905e-01
9.036190683431422066e-02 -6.022420955740024479e-02 9.940863998548845615e-01
7.521113111186199240e-02 -3.992860235976338629e-02 9.963679001607177455e-01
5.732211249537436798e-02 -1.489529591651359355e-02 9.982446120959368452e-01
4.127064541822440813e-02 9.336606845308648497e-03 9.991043797318844844e-01
3.149372556992312971e-02 2.728225452274526952e-02 9.991315348029421450e-01
3.101863344291527769e-02 3.405231079573645819e-02 9.989385789469911181e-01
-5.739966078174717126e-04 -7.457448843567532001e-03 9.999720281011078571e-01
1.095502080886113713e-02 -3.155040576251866985e-02 9.994421240949803442e-01
2.796171458321195305e-02 -6.015667235354176662e-02 9.977972325523207786e-01
4.565774211547892619e-02 -8.417337228249947845e-02 9.954045479017951115e-01
5.911544563228725985e-02 -9.638040179177685685e-02 9.935875312412686400e-01
6.475809642906826813e-02 -9.415508696050353676e-02 9.934491474385157561e-01
6.120537014338951060e-02 -7.934802590264601607e-02 9.949662272916225403e-01
4.951657391797514157e-02 -5.655207816786050889e-02 9.971709840153835103e-01
3.284986191843294878e-02 -3.138898060922112876e-02 9.989672759745881203e-01
1.559960563081083836e-02 -9.490800393775714050e-03 9.998332746073619326e-01
2.257920526241229912e-03 4.027712791456635605e-03 9.999893396055229422e-01
-3.674391012773581613e-03 5.219135534379588937e-03 9.999796295300467097e-01
-4.545485714751711787e-02 -3.704848150042960864e-02 9.982791523317280369e-01
-3.672249681233005075e-02 -6.695589027836074125e-02 9.970799200590971800e-01
-1.826507254726695076e-02 -9.906925564906404746e-02 9.949128955390998952e-01
4.675046204399677281e-03 -1.228811479006279156e-01 9.924103825704683191e-01
2.507627575534310954e-02 -1.313198611946621575e-01 9.910228425470308800e-01
3.701373663283724635e-02 -1.232359428072641871e-01 9.916868889427440381e-01
3.756018437313355524e-02 -1.023399308250742407e-01 9.940401255022764948e-01
2.719907599806460283e-02 -7.474670885007417276e-02 9.968315503537568123e-01
9.145930509494661770e-03 -4.701919069872927126e-02 9.988521150105866830e-01
-1.184828477345501591e-02 -2.520649462600105944e-02 9.996120501357128596e-01
-3.071405095857618686e-02 -1.442061079136891522e-02 9.994241807451356152e-01
-4.297719650409868170e-02 -1.818709678200728513e-02 9.989105015422286016e-01
-8.675483535417270742e-02 -5.456178898656123544e-02 9.947344418111222497e-01
-7.886125326872321650e-02 -9.221189472830125522e-02 9.926116406750873367e-01
-5.604176265921092387e-02 -1.313715300895830496e-01 9.897478678533022656e-01
-2.511874861210815907e-02 -1.583734306767732858e-01 9.870597271309330401e-01
3.674429128011186610e-03 -1.650514199427300099e-01 9.862781186588578386e-01
2.168771809250595248e-02 -1.515663916067737926e-01 9.882091235256666995e-01
2.476904804853713796e-02 -1.238698569840212538e-01 9.919892906627347795e-01
1.346163136821067023e-02 -8.998049033501637206e-02 9.958525472377508514e-01
-8.331289328042954315e-03 -5.762581828874514117e-02 9.983034882663156528e-01
-3.501491818760231467e-02 -3.345143059365644073e-02 9.988267904373692163e-01
-6.061468069850466101e-02 -2.291238492621529288e-02 9.978982328377714595e-01
-7.948608804709826614e-02 -2.978883173012403240e-02 9.963907804225898834e-01
-1.149520374626817332e-01 -5.383755348156581133e-02 9.919110579674565997e-01
-1.060192933930345638e-01 -1.001472199936172397e-01 9.893080631208649445e-01
-7.662934588724433504e-02 -1.498214334966124772e-01 9.857390534081458267e-01
-3.625889190861585065e-02 -1.836496752506373842e-01 9.823228031242404734e-01
8.482668185141905345e-04 -1.909908330396657139e-01 9.815914537822330033e-01
2.342924712260917308e-02 -1.733326658892774819e-01 9.845846115570784374e-01
2.680501484043277746e-02 -1.391966926417948780e-01 9.899019001582028965e-01
1.234144490336249941e-02 -9.859268644074870025e-02 9.950513408452961173e-01
-1.481501618193299501e-02 -6.029710996164748538e-02 9.980705254768669210e-01
-4.791912271797395262e-02 -3.146582891118189507e-02 9.983554774171986557e-01
-8.001352058723479321e-02 -1.809645797269212805e-02 9.966294972214730929e-01
-1.044420609297376651e-01 -2.495848288651117408e-02 9.942177478001730240e-01
-1.189349192144886630e-01 -3.267007597402563773e-02 9.923644245574970713e-01
-1.065064909209146177e-01 -8.687344983098302387e-02 9.905096522024253725e-01
-6.950988037362262895e-02 -1.495745518999192503e-01 9.863041265017029602e-01
-2.108639945912808844e-02 -1.930003129881784074e-01 9.809720908080474810e-01
2.104642893448693125e-02 -2.031662034512266291e-01 9.789180464186841846e-01
4.437950428286249055e-02 -1.832950843452367806e-01 9.820556866360862225e-01
4.489511736466352682e-02 -1.445098879554306548e-01 9.884843553238427116e-01
2.541174283327022124e-02 -9.837016410756094231e-02 9.948253887690351460e-01
-7.485808086880593910e-03 -5.417876896815426030e-02 9.985031916175292066e-01
-4.591003905895455622e-02 -1.925178752319023356e-02 9.987600497570432445e-01
-8.205229450543248537e-02 -1.096792026993490367e-04 9.966280193417692557e-01
-1.086475751436610376e-01 -3.064753784660078587e-03 9.940756066313725103e-01
-9.036726295502213457e-02 4.466372273698859287e-03 9.958984934744635753e-01
-7.058762441631029338e-02 -5.403726439306625468e-02 9.960408432068884599e-01
-2.661180725961879295e-02 -1.288181845767458200e-01 9.913110949831022145e-01
2.403228797785523715e-02 -1.816771205664282074e-01 9.830645314510989552e-01
6.361610591765186340e-02 -1.960805034614185594e-01 9.785220627201596244e-01
8.149518825924136067e-02 -1.770961593842309278e-01 9.808136849687426606e-01
7.559396939973164753e-02 -1.373960914034373093e-01 9.876273922170171193e-01
5.017115294196849984e-02 -8.893960524504106180e-02 9.947726383608437306e-01
1.279648221868440357e-02 -4.081215454767477685e-02 9.990848903292152139e-01
-2.789042143820613662e-02 -1.074195387934826309e-04 9.996109807585451534e-01
-6.345439154245496871e-02 2.630327589469144342e-02 9.976380495306492735e-01
-8.634835124170296694e-02 3.049986409097369539e-02 9.957980319965861193e-01
-3.344411896031551645e-02 4.549992200442801865e-02 9.984043509542869232e-01
-2.416678800183589756e-03 -1.034598083340278543e-02 9.999435585792503245e-01
4.564618287113519912e-02 -8.905276709329942864e-02 9.949804172254443912e-01
8.947304860801433279e-02 -1.471290698426670762e-01 9.850622368053589817e-01
1.175145953662038445e-01 -1.670851217647995324e-01 9.789141341102249871e-01
1.242830348906689003e-01 -1.535623676115906999e-01 9.802919598221274677e-01
1.100054124647626141e-01 -1.182969721460559176e-01 9.868660677161529282e-01
7.953937429759970479e-02 -7.226972630636366302e-02 9.942085166583459754e-01
4.049667677258777382e-02 -2.387293437864425327e-02 9.988944399558571385e-01
1.622890022191284063e-03 2.010710735027699050e-02 9.997965145277469823e-01
-2.834091387554009064e-02 5.258058763592858564e-02 9.982144430955078862e-01
-4.172810911855202864e-02 6.454049414289207698e-02 9.970422706811643554e-01
2.804131744580851127e-02 7.493349848634490995e-02 9.967941890484464107e-01
6.695754598310429961e-02 2.824005268767456472e-02 9.973560981214055765e-01
1.130872412539474237e-01 -4.107648123375677585e-02 9.927356136227453165e-01
1.465309643373656490e-01 -9.779428626941058522e-02 9.843601749682233670e-01
1.614182524055285395e-01 -1.234765649501004675e-01 9.791310870861651416e-01
1.573469390802094692e-01 -1.188369645287284115e-01 9.803671335900858708e-01
1.366075581436874131e-01 -9.228387274341495750e-02 9.863174245087354963e-01
1.041061124643083147e-01 -5.286027782525611063e-02 9.931604645653593355e-01
6.685814587449336044e-02 -8.137396061675196066e-03 9.977293075356031826e-01
3.309663320117823410e-02 3.525556132437344253e-02 9.988301448525999104e-01
1.123833798986007514e-02 7.004170226193175142e-02 9.974807565579936197e-01
8.412719134340305299e-03 8.687782887995267045e-02 9.961834514815315345e-01
6.937233229591867334e-02 8.576554096178434783e-02 9.938972539932453554e-01
1.075556361168009817e-01 5.028895611201573967e-02 9.929263850017246984e-01
1.469887650422275760e-01 -4.247562146870970112e-03 9.891290417165864435e-01
1.721428880780485615e-01 -5.388021338306331343e-02 9.835973508961930456e-01
1.790894883137544580e-01 -8.197711972488641585e-02 9.804114988192226265e-01
1.695988543755569400e-01 -8.518229936392610058e-02 9.818249357548171075e-01
1.471203253723840643e-01 -6.780030451133679803e-02 9.867921405090472886e-01
1.164276535680071334e-01 -3.648289013082032378e-02 9.925288913741220354e-01
8.375886129485932141e-02 2.130931915269633926e-03 9.964837742200989279e-01
5.641636905407770158e-02 4.157622484546893288e-02 9.975412827699403628e-01
4.178155620180697832e-02 7.462284304827977721e-02 9.963361545465757585e-01
4.560584902299042592e-02 9.246812607267829165e-02 9.946706752466821788e-01
2.796644179550752604e-02 1.597577132417281054e-01 9.867600271561907110e-01
8.431051287800854499e-02 1.579126983922262140e-01 9.838472021125184153e-01
1.510805487662832958e-01 1.330922883346123131e-01 9.795208576495070263e-01
1.996842315541601798e-01 9.574466019344851642e-02 9.751713530006539399e-01
2.180018990833979542e-01 6.220607034868832347e-02 9.739638477931285010e-01
2.078851854758213269e-01 4.171430044245493657e-02 9.772633559067992470e-01
1.761496468706117147e-01 3.580224807433099454e-02 9.837121026703937732e-01
1.308627626678685596e-01 4.249555106610830579e-02 9.904893060938803062e-01
8.080340978173990163e-02 5.927981062090646042e-02 9.949656843431028408e-01
3.558836650013773306e-02 8.383170613095138057e-02 9.958442213604460358e-01
5.556266936648872855e-03 1.130781382815302244e-01 9.935705624365859245e-01
7.591651181780531858e-04 1.414620190847453995e-01 9.899433927375256292e-01
3.087432199746634534e-02 1.208570449116573992e-01 9.921896748789066356e-01
7.111408596468739296e-02 1.170675279742576375e-01 9.905745709795441556e-01
1.187725109207092983e-01 9.776794650855698265e-02 9.880964119381667743e-01
1.566941818035802458e-01 6.989539988895063227e-02 9.851708311065925372e-01
1.745934371940006391e-01 4.441152489442155848e-02 9.836385251428590992e-01
1.707312328947123703e-01 2.882857929519323098e-02 9.848958113070698239e-01
1.484480027519334278e-01 2.514266494919339262e-02 9.886005446478476344e-01
1.136900336929064226e-01 3.195468657069205215e-02 9.930022528901302215e-01
7.401835934088198121e-02 4.682268940407458002e-02 9.961570750827785092e-01
3.801265315642966824e-02 6.715276986339925591e-02 9.970183266618206641e-01
1.444138934371665475e-02 8.973416373746186114e-02 9.958610476026384939e-01
1.080597933298198601e-02 1.098067551670104669e-01 9.938942133498908094e-01
1.915110704070006192e-02 6.290136925285770564e-02 9.978359849421035710e-01
4.922647837730454584e-02 5.317825414221682284e-02 9.973709576246286845e-01
8.634977297627828563e-02 3.499604868609450942e-02 9.956500355463275831e-01
1.186663725115513907e-01 1.460115776500351889e-02 9.928268218712560378e-01
1.371274807846841193e-01 -7.126043932622080999e-04 9.905531516323267116e-01
1.380423251655248096e-01 -6.751579090733765727e-03 9.904033181701610289e-01
1.224247994888118529e-01 -3.392984078731352965e-03 9.924719926170555429e-01
9.466389320018980813e-02 7.072388409082839417e-03 9.954841679536718946e-01
6.140825412408272566e-02 2.175261722115417670e-02 9.978756685926961634e-01
3.048428021633002583e-02 3.786101433365896690e-02 9.988179274789210638e-01
9.639892573704757911e-03 5.245211274367229948e-02 9.985769115795947171e-01
4.997795586516536048e-03 6.202650250929108572e-02 9.980619895705784561e-01
-3.583854679066038676e-03 -3.328145055216395060e-03 9.999880396465989918e-01
2.219040185479694699e-02 -2.138022433650439355e-02 9.995251232824357013e-01
5.661944605233944217e-02 -4.112764400085208022e-02 9.975483723748177489e-01
8.918572396949128733e-02 -5.570794161065305283e-02 9.944558974039721111e-01
1.103983778731877918e-01 -6.043345862791368872e-02 9.920483835183163679e-01
1.150756364466782450e-01 -5.483553503408106211e-02 9.918420549633374383e-01
1.029607921148825850e-01 -4.180630143268114496e-02 9.938064743439048998e-01
7.782151591270429491e-02 -2.545495695379109552e-02 9.966422913098592629e-01
4.610369566057304774e-02 -9.548205684562410811e-03 9.988910255951921613e-01
1.551145203279526326e-02 2.891229906161349016e-03 9.998755100737746204e-01
-6.409482319164767732e-03 9.307346103687656746e-03 9.999361438836201765e-01
-1.370375174061677810e-02 7.548126958276584440e-03 9.998776089940344391e-01
-3.533604292497781463e-02 -6.698738356092562296e-02 9.971279027858919175e-01
-8.859215176835740641e-03 -9.517067318388357233e-02 9.954215475224929000e-01
3.023406618158103534e-02 -1.186216502931750488e-01 9.924791208503380702e-01
6.950647817555348495e-02 -1.288211005023345290e-01 9.892289793354391847e-01
9.669477815113058927e-02 -1.231433087520704267e-01 9.876668696416535109e-01
1.048131932123384930e-01 -1.051078352577713149e-01 9.889219066721506302e-01
9.323690838202582098e-02 -8.119522281765879923e-02 9.923276750683898140e-01
6.625764037646947324e-02 -5.773191914879511472e-02 9.961309906850458473e-01
3.105701106507822301e-02 -3.948917463850257908e-02 9.987372362889346267e-01
-4.040068380334305674e-03 -2.973794907923764039e-02 9.995495646700531811e-01
-3.090649420673348413e-02 -3.074097647774533260e-02 9.990494387071646720e-01
-4.272092404579215519e-02 -4.361283920081888282e-02 9.981346817467771082e-01
-7.384083864029707123e-02 -1.161393900413534575e-01 9.904843121571246245e-01
-4.264648456456925779e-02 -1.561171395386356520e-01 9.868174684796278129e-01
8.442772626439843872e-03 -1.858769831510933834e-01 9.825367508267141003e-01
6.136504147077022353e-02 -1.935575664052808786e-01 9.791679121439601508e-01
9.809226394412348671e-02 -1.782019136836640039e-01 9.790924296070084853e-01
1.094252899129902479e-01 -1.478598075122446731e-01 9.829362050764078873e-01
9.551590476983541633e-02 -1.129964388513037404e-01 9.889936889297412659e-01
6.251420568865290184e-02 -8.209535450648097754e-02 9.946619158566136765e-01
1.927323512296340649e-02 -6.065862866546587601e-02 9.979724811718209132e-01
-2.468769761335738375e-02 -5.204185643279295170e-02 9.983397030899390234e-01
-6.016773446874539716e-02 -5.842285236951241800e-02 9.964771016183788799e-01
-7.876491884475414484e-02 -8.063215664304208830e-02 9.936269636410691719e-01
-1.137350958408791940e-01 -1.372847019257285583e-01 9.839803039650756311e-01
-7.485736925656598373e-02 -1.901260002072629740e-01 9.789016693790970614e-01
-4.306417552928098157e-03 -2.300270672587151621e-01 9.731747032759494598e-01
6.875720343979517535e-02 -2.382610929828569701e-01 9.687642120483072050e-01
1.172488771564307586e-01 -2.150431544104132731e-01 9.695406863802801256e-01
1.303893748773244654e-01 -1.739906361092083964e-01 9.760767743705162092e-01
1.110076975708648023e-01 -1.297566592233447280e-01 9.853123872494925495e-01
6.848641721366480195e-02 -9.235424325133571866e-02 9.933681615648989327e-01
1.393398843324340428e-02 -6.727450811439603107e-02 9.976372008522073065e-01
-4.180406443435364522e-02 -5.753407798143133495e-02 9.974679193174444958e-01
-8.842642100809004757e-02 -6.538138770794164889e-02 9.939346267281072844e-01
-1.157372789431771049e-01 -9.245239145242326040e-02 9.889678647850347337e-01
-1.432784922615077949e-01 -1.169986068422482067e-01 9.827423872268744587e-01
-9.445015808737083907e-02 -1.809455567354244510e-01 9.789473290913300874e-01
2.385720004477150016e-03 -2.359019466230918294e-01 9.717739345749343283e-01
9.816012496645527829e-02 -2.493358733822060580e-01 9.634294017265782051e-01
1.558175317512562053e-01 -2.222809573638991898e-01 9.624510755318002042e-01
1.665056194889591723e-01 -1.751152804989197787e-01 9.703661768705803548e-01
1.382398949031413415e-01 -1.259720837092579149e-01 9.823547045661028543e-01
8.426107049426632967e-02 -8.501468778354817624e-02 9.928104425620186690e-01
1.763373068815761793e-02 -5.670546565228484076e-02 9.982352136181000812e-01
-4.991963496855059829e-02 -4.316690104122997834e-02 9.978199480362511808e-01
-1.073480634397846051e-01 -4.661636255070266549e-02 9.931280421065145081e-01
-1.429371593926765382e-01 -7.036016351852923678e-02 9.872276413544948115e-01
-1.440889054386456924e-01 -4.889143845083569750e-02 9.883562184635993342e-01
-8.192410992578792739e-02 -1.143247520836911529e-01 9.900597412651190865e-01
4.389190082200813969e-02 -1.866662156122018690e-01 9.814424206193567146e-01
1.534985590515312304e-01 -2.109393023272521372e-01 9.653718470634466975e-01
2.089774342776639371e-01 -1.887602133665619852e-01 9.595301005244901704e-01
2.100941605371711429e-01 -1.455006965384381401e-01 9.667936651710736795e-01
1.707336768052506171e-01 -9.990295717688493782e-02 9.802394660244192481e-01
1.064039606703453683e-01 -6.071052882342693052e-02 9.924678477631418971e-01
3.065000425739557513e-02 -3.089689564496713239e-02 9.990525306903562663e-01
-4.471293066864000243e-02 -1.149469446363064751e-02 9.989337444646376740e-01
-1.081486571333143271e-01 -4.303954299817833347e-03 9.941254166038128171e-01
-1.466128169160142991e-01 -1.400874424340515373e-02 9.890947563305466650e-01
-1.037971509574165535e-01 5.121503838154614630e-02 9.932789997260023096e-01
-2.329580203576060368e-02 5.129577683006978847e-03 9.997154560375263177e-01
1.197091751818533806e-01 -7.235047476376139930e-02 9.901692391601349952e-01
2.190711264863438590e-01 -1.142894414085621896e-01 9.689921388343076813e-01
2.576316303011524367e-01 -1.129186561275177386e-01 9.596224883601633948e-01
2.452232945484394133e-01 -8.846527500282169720e-02 9.654218927129900596e-01
1.971488708300970227e-01 -5.681556279188718778e-02 9.787258628211674694e-01
1.277653317826915047e-01 -2.547751326975820907e-02 9.914771385726123265e-01
4.947258602599055588e-02 3.091524448059615460e-03 9.987706972616787748e-01
-2.629357854369944111e-02 2.832695388161701744e-02 9.992528365790175338e-01
-8.739616274401082463e-02 4.900691188284403421e-02 9.949674534000088055e-01
-1.192091231411235297e-01 6.043657370339169249e-02 9.910280548597303341e-01
-4.264545860080035111e-02 1.333440023248986250e-01 9.901518782007551200e-01
4.536458714496398315e-02 1.122776543401153709e-01 9.926408124638909092e-01
1.706181677200459268e-01 5.421037631619654573e-02 9.838448434298442402e-01
2.508511471306330010e-01 1.194716541440059418e-03 9.680249349244908208e-01
2.752470803327727866e-01 -2.299941099516755391e-02 9.610983674223988471e-01
2.560893165385152992e-01 -2.354305276208771072e-02 9.663663832219789862e-01
2.071760994791800314e-01 -1.039923119206889908e-02 9.782483937094839099e-01
1.406779591484121628e-01 1.003222449469248420e-02 9.900045789194215073e-01
6.761674484144770958e-02 3.492605596212719488e-02 9.970998678327256393e-01
-9.545655510576439530e-04 6.326270597821358199e-02 9.979964523167368373e-01
-5.253362261172807995e-02 9.359412405552651470e-02 9.942234952150597049e-01
-7.201034630718007590e-02 1.210125950462239003e-01 9.900355861609042574e-01
4.772258693967218468e-03 1.679476521408579948e-01 9.857843636858083514e-01
8.024413188343157421e-02 1.613398182347396959e-01 9.836312024078102123e-01
1.744932101018861204e-01 1.239413124064991101e-01 9.768268376264608310e-01
2.376119940700433530e-01 7.624146779480504843e-02 9.683634539069103653e-01
2.570759173913029771e-01 4.094104345911160625e-02 9.655235904201057151e-01
2.404215991836505251e-01 2.427757228653275312e-02 9.703649077175535709e-01
1.984288989571741657e-01 2.360876797207686270e-02 9.798309028262840448e-01
1.413029016138090121e-01 3.489347419783770526e-02 9.893512700016993122e-01
7.896738910768479058e-02 5.529825148806121610e-02 9.953422802432297933e-01
2.193322091518451131e-02 8.303618960837454155e-02 9.963051365097230772e-01
-1.795854998506765665e-02 1.157371696297840036e-01 9.931175147224146071e-01
-2.758164797080337946e-02 1.478398933312796704e-01 9.886266325741672745e-01
-1.125360022286337192e-01 2.264279741687498237e-01 9.675050494526600264e-01
-4.699206922473702502e-02 2.797210007279180011e-01 9.589306060303723900e-01
5.691545886199936288e-02 3.043621995983259443e-01 9.508545009612464627e-01
1.467205161835135885e-01 2.837102414741041190e-01 9.476189049472691917e-01
1.925153478620625358e-01 2.378341140520515984e-01 9.520361206544051269e-01
1.937767440606435188e-01 1.892518457345878369e-01 9.626184666561343750e-01
1.609489056195699541e-01 1.490081237881999421e-01 9.756495420104142058e-01
1.055250606708185435e-01 1.207803376919818900e-01 9.870544927193004581e-01
3.806942900203880153e-02 1.063638576794639773e-01 9.935982328663142127e-01
-3.099426826186359521e-02 1.081961176455075307e-01 9.936462929338796268e-01
-8.972989011831167261e-02 1.292197731852998688e-01 9.875478707573683845e-01
-1.229557891839922618e-01 1.705041891034985713e-01 9.776554584333216891e-01
-6.801517784308219738e-02 1.716334610243585301e-01 9.828102007202366153e-01
-2.328576329494275177e-02 2.025599209628967667e-01 9.789929783442810063e-01
4.379912352102044437e-02 2.152802095120373849e-01 9.755696121607119187e-01
1.068979431563970434e-01 2.030052806925695674e-01 9.733250668506263636e-01
1.451061345419880355e-01 1.748749676374782569e-01 9.738392862336326949e-01
1.520057070814636313e-01 1.437040727239677351e-01 9.778769884281754976e-01
1.311184170137346672e-01 1.171997264795401200e-01 9.844146407042256852e-01
9.017290706120247024e-02 9.854672788730890753e-02 9.910385407514831213e-01
3.840509791666286976e-02 8.952507111682055096e-02 9.952438445403811729e-01
-1.418333443195970815e-02 9.209129787706124559e-02 9.956495497310390297e-01
-5.682619799861010623e-02 1.078851111205177959e-01 9.925379519291519514e-01
-7.817697402730788836e-02 1.362541424858272898e-01 9.875845125289770543e-01
-3.597029343883792474e-02 9.049395175422420001e-02 9.952471967737479552e-01
-2.223433841483371455e-04 1.022986621031214405e-01 9.947537053438860744e-01
4.979341527680163776e-02 1.062381388948545891e-01 9.930931847712223259e-01
9.725269456003085566e-02 1.008856912839445896e-01 9.901333196569981343e-01
1.273298612329715751e-01 9.006966301606736391e-02 9.877624017154315039e-01
1.333870779411514551e-01 7.844490477324435329e-02 9.879545963016324039e-01
1.164841414187383906e-01 6.840396139156680599e-02 9.908341651678377326e-01
8.245678678725687494e-02 6.077918538639805190e-02 9.947395482920491361e-01
3.962554857366933775e-02 5.648836844647280031e-02 9.976165997668462460e-01
-2.573006579953422603e-03 5.702407746095675828e-02 9.983694878284887775e-01
-3.453284348138938031e-02 6.361845481192009155e-02 9.973766464724127534e-01
-4.759341889479448695e-02 7.583269105115877928e-02 9.959840708794693853e-01
-1.699232007136771555e-02 -4.449102417639464596e-03 9.998457213721748671e-01
1.939699375497409145e-02 -8.737868232394783302e-03 9.997736775350555272e-01
6.651224165770215635e-02 -1.001365759776651904e-02 9.977353598881638641e-01
1.091067017695490637e-01 -7.078315413875040964e-03 9.940048415776430168e-01
1.343419873416498711e-01 -3.979221814391056453e-04 9.909349484678351416e-01
1.366344645933809110e-01 7.660455188643272052e-03 9.905919142167350921e-01
1.174423305789655259e-01 1.405053236576482394e-02 9.929803026890301476e-01
8.285800043378041546e-02 1.674953319495256499e-02 9.964205963858434600e-01
4.140400049824062567e-02 1.555512003996542027e-02 9.990213946574141302e-01
2.518052681410524150e-03 1.164341362434966574e-02 9.999290426474062299e-01
-2.462076947972876781e-02 6.475539894925683680e-03 9.996758900229633094e-01
-3.243614732152831637e-02 9.676094441334653819e-04 9.994733413548583245e-01
-1.371633671200481880e-02 -1.035096823387419013e-01 9.945338645663023280e-01
3.178117504885834971e-02 -1.224077603361037048e-01 9.919709154616858093e-01
8.864636436177406043e-02 -1.256002931129295286e-01 9.881125383555042774e-01
1.370473612279006492e-01 -1.110666011229736322e-01 9.843181553214900292e-01
1.620223970213989784e-01 -8.492579795345922555e-02 9.831258066521871841e-01
1.591206980868138943e-01 -5.685146789141385520e-02 9.856208774366468361e-01
1.323645173377422657e-01 -3.500006423135958861e-02 9.905829748456086437e-01
9.017356275100273100e-02 -2.373306195252065931e-02 9.956432445163841960e-01
4.252986415155762118e-02 -2.391753099473333324e-02 9.988088717901100200e-01
-3.815388916221848893e-04 -3.437619781699140231e-02 9.994088910209808496e-01
-2.889333005471761417e-02 -5.317480446880665929e-02 9.981671281143363883e-01
-3.482591145831549079e-02 -7.773629107158418206e-02 9.963655077035827867e-01
-3.089619261166992939e-02 -1.956496486310429495e-01 9.801870435139634630e-01
3.176288518949181572e-02 -2.297257039327604278e-01 9.727369737380542336e-01
1.126878013161955600e-01 -2.321119665804340371e-01 9.661394797878252172e-01
1.788232405161541694e-01 -2.013275072356142947e-01 9.630625542931685601e-01
2.082095879278402228e-01 -1.524473126108506493e-01 9.661307284071631862e-01
1.984859402248417837e-01 -1.040078390650299861e-01 9.745694951853984822e-01
1.590714248031193934e-01 -6.857349841423801551e-02 9.848827123706156428e-01
1.027734077263554868e-01 -5.134718738630181245e-02 9.933786252037657416e-01
4.193127060378421672e-02 -5.271298624374969044e-02 9.977289760384104866e-01
-1.218781671291537839e-02 -7.103387078415662748e-02 9.973994417109101063e-01
-4.886584284367889025e-02 -1.040983452295308476e-01 9.933658258283473153e-01
-5.775707661299575579e-02 -1.483534666189246232e-01 9.872463568143509116e-01
-7.407187760233072127e-02 -2.635952766617669640e-01 9.617852603727481409e-01
1.249549192460807853e-02 -3.154696706261025385e-01 9.488533867761713703e-01
1.368298307583859508e-01 -3.155289906218098905e-01 9.389989635201350104e-01
2.347225897784905313e-01 -2.634410588281926313e-01 9.356837683593621779e-01
2.714463914854995941e-01 -1.890974631319678467e-01 9.436943392786611984e-01
2.515567458048436067e-01 -1.221791582680930022e-01 9.600997119699937743e-01
1.944611811912352328e-01 -7.755090719306702296e-02 9.778398160247785409e-01
1.189728806831884811e-01 -5.843845239242941025e-02 9.911762713786411716e-01
3.965814478526277775e-02 -6.305663835094689473e-02 9.972216864428891103e-01
-3.172070757147341796e-02 -8.880829312926698249e-02 9.955435117475572859e-01
-8.367913719898195657e-02 -1.337156906926382782e-01 9.874805902194416785e-01
-1.028295149167228334e-01 -1.949866528198872240e-01 9.754005823680985676e-01
-1.441172965729294320e-01 -2.780161873473634970e-01 9.497037455973671438e-01
-3.201792780842035308e-02 -3.489826658116516045e-01 9.365820579437312832e-01
1.639957437440161814e-01 -3.476968787232411207e-01 9.231534415036536378e-01
3.057685411313225687e-01 -2.721600952653137062e-01 9.123784750856246406e-01
3.461003084010999542e-01 -1.758489509935357298e-01 9.215702485210908179e-01
3.100985841973747381e-01 -9.977838361229650344e-02 9.454539344899173248e-01
2.320843720699526103e-01 -5.563242355360495384e-02 9.711034330547140270e-01
1.360784585759222398e-01 -4.094759199418377543e-02 9.898514776578531960e-01
3.700542173353581904e-02 -5.049473221576047249e-02 9.980385166819809584e-01
-5.438942993800566228e-02 -8.046989521304473425e-02 9.952720160214594269e-01
-1.270427373250532233e-01 -1.293395603201225319e-01 9.834284015775216492e-01
-1.651660031747219926e-01 -1.966945516292179508e-01 9.664530225285239418e-01
-2.233920916655310340e-01 -1.980455805433965211e-01 9.543971507755399930e-01
-9.413586373406587771e-02 -2.697464073403157969e-01 9.583190047609928541e-01
2.071006738289681293e-01 -2.698547408314823093e-01 9.403657425439425621e-01
3.832147303135788330e-01 -1.849662948394896478e-01 9.049496893441425494e-01
4.113506416986752456e-01 -9.204321006102932079e-02 9.068178963031564566e-01
3.551094569846132143e-01 -3.121273157474091162e-02 9.343035047283352323e-01
2.598169866112827187e-01 -3.777961052060322886e-03 9.656504856720337093e-01
1.491382504126132769e-01 -1.290509977193321934e-03 9.888155120383943508e-01
3.553678887551757481e-02 -1.645379421048482824e-02 9.992329104329999989e-01
-7.246749414538150580e-02 -4.470351698801082463e-02 9.963684347976916600e-01
-1.652595819029558377e-01 -8.389128200482906528e-02 9.826756959407787484e-01
-2.264090412151033571e-01 -1.341969028289199950e-01 9.647435603968133044e-01
-2.648584622718288539e-01 -9.918972673808512316e-03 9.642362827357138233e-01
-1.310017779080215050e-01 -3.318081740437062426e-03 9.913765805779829465e-01
2.473540075139905592e-01 1.302172972130432108e-02 9.688376693347259261e-01
4.109549854231913102e-01 3.215188364328249587e-02 9.110885008241421668e-01
4.227249903408845100e-01 5.758655858071073941e-02 9.044265425186970297e-01
3.602779918619060107e-01 6.849425142598764005e-02 9.303269888063677717e-01
2.637329628627447242e-01 6.403820917280544922e-02 9.624676784523562567e-01
1.522149603621891223e-01 4.950187244616117976e-02 9.871069701233917693e-01
3.579897450642317847e-02 2.988336923130785125e-02 9.989121170892237833e-01
-7.825525773520670969e-02 9.539992831553028435e-03 9.968877084073557437e-01
-1.809922714151720735e-01 -6.940391842995701638e-03 9.834600290042160298e-01
-2.555294932768270022e-01 -1.435536339725757178e-02 9.666946785865124792e-01
-2.319381448437428106e-01 1.639222929158348774e-01 9.588191585755910795e-01
-1.013885130499116022e-01 2.398510534229832958e-01 9.655008242323380729e-01
1.785734316698556201e-01 2.789743645974563369e-01 9.435490625289170152e-01
3.323951284819551821e-01 2.407259138052489922e-01 9.119015917212858202e-01
3.607653983034901923e-01 1.958300607313388231e-01 9.118656231599715500e-01
3.189550715792732749e-01 1.567601230948455215e-01 9.347159601296319842e-01
2.404711041582709707e-01 1.229866627369251703e-01 9.628332819620248895e-01
1.430149694642972591e-01 9.470470617207235597e-02 9.851790381133411767e-01
3.700517092038235062e-02 7.365981784925348941e-02 9.965966328257150897e-01
-6.930970976709122100e-02 6.347159779839317562e-02 9.955739653109582088e-01
-1.654847740120550248e-01 7.017463014637631558e-02 9.837125143322558163e-01
-2.324763471506528789e-01 1.019638405772762962e-01 9.672425358875886836e-01
-1.694306168598796181e-01 2.345568721855410266e-01 9.572232444841768384e-01
-7.092597025095193075e-02 3.091509418402012543e-01 9.483644878964926361e-01
1.006281174073501150e-01 3.458928040610457777e-01 9.328623425167765770e-01
2.249758593285873798e-01 3.130792099232009851e-01 9.226956546083912025e-01
2.698086365611285231e-01 2.544605318479657985e-01 9.286835507149939772e-01
2.545013510948997970e-01 1.982819010634412349e-01 9.465269938050177023e-01
2.011042480399575783e-01 1.530178736850906773e-01 9.675446303676198401e-01
1.251833091003680676e-01 1.203054503198665998e-01 9.848125393931573823e-01
3.787650299016074446e-02 1.013311198028507693e-01 9.941314675034869097e-01
-5.097072069146873358e-02 9.904415149937376150e-02 9.937767564629503836e-01
-1.293518196063905279e-01 1.183292949995185805e-01 9.845132222116211862e-01
-1.786353845235387483e-01 1.640729967062900807e-01 9.701388824018088997e-01
-3.356066387936279538e-01 1.984025236237732803e-01 9.208716645751292562e-01
-3.104896242848477761e-01 3.226521771446522191e-01 8.941430343045049245e-01
-1.987790442361040411e-01 4.364076019946158680e-01 8.775165505527044996e-01
-5.669076169353189781e-02 4.632080365272192579e-01 8.844345495485474995e-01
4.727138314291880195e-02 4.146776987646533796e-01 9.087396890656175286e-01
9.160394914827869883e-02 3.345927943385380576e-01 9.378999831949821342e-01
8.453205498745262891e-02 2.516686971264075479e-01 9.641147227204848180e-01
4.034512922361783299e-02 1.783798894435054960e-01 9.831342154507355380e-01
-2.896144781246523525e-02 1.206974671238067037e-01 9.922667766132876599e-01
-1.140658299578026502e-01 8.454559564462538201e-02 9.898691977696691957e-01
-2.054856890967354244e-01 7.849127052012384864e-02 9.755074330975956887e-01
-2.883597713103877025e-01 1.136111661642188325e-01 9.507581949227563722e-01
-2.163729148437689154e-01 1.600911735138814684e-01 9.630958300631184965e-01
-1.942721382878649095e-01 2.316421489326838390e-01 9.532052513089520618e-01
-1.269856930742823686e-01 2.923069802968145114e-01 9.478561404686759451e-01
-3.991823292597886097e-02 3.120522698140957840e-01 9.492259560209322933e-01
3.086706627173658665e-02 2.904879750393001281e-01 9.563806567352294286e-01
6.585518649892960208e-02 2.456614084671400744e-01 9.671161082316184210e-01
6.392623803484701051e-02 1.937906079927696479e-01 9.789579338993783519e-01
3.251650818301127926e-02 1.445506389833479677e-01 9.889629869034597398e-01
-1.893163252065493268e-02 1.045003117192600806e-01 9.943446475647774729e-01
-8.098515243158058152e-02 8.012369257317769611e-02 9.934896068777647749e-01
-1.436096473479196445e-01 7.839254922498700706e-02 9.865246461263019739e-01
-1.942558038094737705e-01 1.049968329159330083e-01 9.753155119057778100e-01
-1.148209155763187245e-01 8.214171068877966497e-02 9.899842911436967929e-01
-8.842965006996773847e-02 1.190293038040714235e-01 9.889450044489805913e-01
-3.872004058375182883e-02 1.526970750164007851e-01 9.875142336890535555e-01
1.782693767303985058e-02 1.704971889457956857e-01 9.851968883704717017e-01
6.118099550155921273e-02 1.693108647811948642e-01 9.836618915340586966e-01
7.945360020459936445e-02 1.534389897340317221e-01 9.849586802723796497e-01
7.132538134567442678e-02 1.284661214337305402e-01 9.891456645103893219e-01
4.210028399744103478e-02 9.940700322588789939e-02 9.941558297354028406e-01
-9.758215945570860802e-05 7.162180977450047226e-02 9.974318557386733231e-01
-4.623910952308221689e-02 5.127515828499285694e-02 9.976135538840691375e-01
-8.697713658217240407e-02 4.439590144270675470e-02 9.952205693447735424e-01
-1.127981423360953084e-01 5.489777727713925776e-02 9.921002031728990422e-01
-3.148749342943426427e-02 -2.063599289306565152e-02 9.992910955045792853e-01
7.454536534297051369e-03 -6.327804326392827937e-03 9.999521932460034845e-01
5.662589445999822307e-02 1.702831201143163026e-02 9.982502415059133494e-01
9.963339536175372380e-02 4.232656506189864942e-02 9.941235579236487041e-01
1.232985865390935215e-01 6.214095904582027374e-02 9.904221119130703910e-01
1.228781934339239629e-01 7.130979552098526408e-02 9.898564858812680667e-01
1.011256656640316665e-01 6.777277179261798068e-02 9.925625678754217418e-01
6.495772950557082703e-02 5.276433175902597167e-02 9.964920565019644849e-01
2.298322285408050530e-02 3.041196622571265551e-02 9.992731777534875626e-01
-1.569839308915525061e-02 6.581639010914444934e-03 9.998551107447734010e-01
-4.219592384884339464e-02 -1.270727982929182980e-02 9.990285426602146801e-01
-4.887214634462130891e-02 -2.267359015941866965e-02 9.985476561592574463e-01
3.189186040791157362e-02 -1.414580730428132427e-01 9.894304032171981067e-01
9.402946351788164792e-02 -1.420625848401687319e-01 9.853814905806980162e-01
1.581981363541505037e-01 -1.150797657336278673e-01 9.806783352214979432e-01
2.006225573902845061e-01 -6.994463341510398502e-02 9.771685308700154282e-01
2.098738685922291736e-01 -2.368081283122425856e-02 9.774416496067814819e-01
1.885838797153378821e-01 9.323113155319969619e-03 9.820128308084924429e-01
1.465718507945618365e-01 2.201557636781775046e-02 9.889550075468428458e-01
9.502684930422009013e-02 1.418155409324312922e-02 9.953736893423401622e-01
4.440314652959305441e-02 -1.006278128552586144e-02 9.989630128342794624e-01
4.488973381641944878e-03 -4.467550006985916006e-02 9.989914658351173316e-01
-1.534716274030240371e-02 -8.312277728812489386e-02 9.964211300909123770e-01
-7.170519828344264907e-03 -1.183155527238464594e-01 9.929501566690256409e-01
6.807227237946429643e-02 -2.756918662494940997e-01 9.588327073148835700e-01
1.681576829840582543e-01 -2.873325366664943314e-01 9.429544034715199308e-01
2.671078209736269526e-01 -2.408723402487695509e-01 9.330776643333321685e-01
3.210566598981866027e-01 -1.587790861403394482e-01 9.336550877810104732e-01
3.173915356053770287e-01 -7.743556420207901858e-02 9.451276879463075264e-01
2.703114310113047258e-01 -2.142739874160485072e-02 9.625344652779610488e-01
2.007757635877284730e-01 1.200818156190292668e-03 9.796364891078886972e-01
1.259837614378631065e-01 -7.293225164374830989e-03 9.920054942995912839e-01
5.840702727053399823e-02 -4.082101702362327805e-02 9.974579007330275360e-01
8.417089460941907034e-03 -9.282874837031705739e-02 9.956465116098356383e-01
-1.331988789413034689e-02 -1.567289038915662125e-01 9.875518372578787618e-01
4.343711761389492353e-03 -2.233094845254990912e-01 9.747379167187435467e-01
5.959635662538947942e-02 -4.137129131191626952e-01 9.084546767976411363e-01
2.164713328955364391e-01 -4.387005699711822859e-01 8.721708387360894710e-01
3.829369488555846024e-01 -3.492289820603373673e-01 8.552183412967363507e-01
4.613361053026783232e-01 -2.049932578854323229e-01 8.632188379349141627e-01
4.400822011786190147e-01 -8.022998668086764318e-02 8.943661473037640697e-01
3.588778800109977407e-01 -7.121079080818037803e-03 9.333573578600939946e-01
2.552515113915108658e-01 1.462243227433130364e-02 9.667641131147196587e-01
1.517888196051665473e-01 -4.261435304156136090e-03 9.884037608245044293e-01
6.099219802414057590e-02 -5.381257126538702140e-02 9.966865901345859369e-01
-7.680823978494743381e-03 -1.273986966773828222e-01 9.918218474241519145e-01
-4.249765075149936761e-02 -2.201601747441607193e-01 9.745375555294285563e-01
-2.641260312493480533e-02 -3.235298313203476828e-01 9.458492599998022943e-01
-2.584223388571635360e-02 -5.261468795749780769e-01 8.500009647414760172e-01
1.999626357996026060e-01 -5.806304678616733828e-01 7.892295002564051476e-01
5.013878057285510170e-01 -4.063360277745497462e-01 7.638725684295644136e-01
6.120845007069369847e-01 -1.664373796430075048e-01 7.730790144945913767e-01
5.570561931091116969e-01 -3.460491998910369352e-03 8.304675928137797980e-01
4.339605948145991432e-01 6.509129686484585453e-02 8.985773896669191352e-01
2.965373073455727093e-01 6.681882526295541969e-02 9.526808856814478199e-01
1.661391748130080503e-01 2.616792770108047200e-02 9.857550477437249103e-01
5.105069678088609841e-02 -4.360515690938179811e-02 9.977436627957465554e-01
-4.268036284899442284e-02 -1.373938279970956522e-01 9.895965453938031509e-01
-1.043707986677318011e-01 -2.542012377347206420e-01 9.615032330260456783e-01
-1.119224502892356560e-01 -3.908831102688765102e-01 9.136102884861379003e-01
-2.222512679990361617e-01 -5.328695858711814948e-01 8.164890558520144781e-01
2.662449395776542160e-02 -6.366811637785027012e-01 7.706673938938712887e-01
6.121013374398315277e-01 -2.980656254488945334e-01 7.324539819197517510e-01
7.186221676538137038e-01 3.588511174499987161e-02 6.944742176003659839e-01
6.099925315239206336e-01 1.754245954551439668e-01 7.727453156082736418e-01
4.580371589833167056e-01 1.913805998536910746e-01 8.680872231464392685e-01
3.057558940996001340e-01 1.488599660282637072e-01 9.404010015611494744e-01
1.627113374642579768e-01 7.805460460335801598e-02 9.835814655437706833e-01
3.091164418138711914e-02 -1.035903554907590535e-02 9.994684390396735285e-01
-8.795456905933574099e-02 -1.146101064308882589e-01 9.895092305206908412e-01
-1.876029986544605621e-01 -2.367665699800997892e-01 9.532820706567954883e-01
-2.491398234832824521e-01 -3.786598719483700304e-01 8.913731259863314493e-01
-4.846500576225241663e-01 -3.007541442388990682e-01 8.213776636661138664e-01
-4.199151414158162066e-01 -2.328921820821489852e-01 8.771730191557188805e-01
4.397869124947947905e-01 3.591584575637521981e-01 8.231601751535932987e-01
5.756766154875925245e-01 4.402977110751309375e-01 6.890096951441869733e-01
5.098121904876882216e-01 4.068458506585863055e-01 7.580026281168673608e-01
3.974204412530390473e-01 3.268467455743137573e-01 8.574544872946041618e-01
2.705959913713963938e-01 2.321684019106814434e-01 9.342781398533950288e-01
1.391954908721634299e-01 1.348787150689965963e-01 9.810363640264209151e-01
6.291824781508343831e-03 3.733160170979527015e-02 9.992831252727956137e-01
-1.276678590034340810e-01 -6.109749308413087165e-02 9.899333382183597152e-01
-2.617174209638828963e-01 -1.597444123525416926e-01 9.518328184539670556e-01
-3.895438044510180498e-01 -2.501111317295118264e-01 8.863972282215084597e-01
-5.592668034407647371e-01 9.567521732604281764e-03 8.289325093739664529e-01
-5.343111965439847344e-01 2.689436648262841234e-01 8.013618723132469590e-01
-7.427586765534358038e-02 6.782252027897238689e-01 7.310907397750383563e-01
2.219065479787869499e-01 6.605327652711203701e-01 7.172544527344519860e-01
3.025697704502908758e-01 5.357702798724260917e-01 7.882903914263422740e-01
2.784220587305263894e-01 4.034800613010563475e-01 8.715991035704750978e-01
2.037163621087995924e-01 2.828982214195154832e-01 9.372663656222434136e-01
1.024500231486800278e-01 1.766757116409810313e-01 9.789227169051056832e-01
-1.522009797979967209e-02 8.386366520476343234e-02 9.963609959627033330e-01
-1.458302286548273097e-01 5.083544745029444124e-03 9.892965692770230302e-01
-2.880022591621610450e-01 -5.300238957539410434e-02 9.561618301400824915e-01
-4.359518592937693393e-01 -6.911761648291121773e-02 8.973119476915695225e-01
-4.642068268822404087e-01 1.662498334081292939e-01 8.699844911075622633e-01
-4.317656925360219833e-01 3.647642085810122170e-01 8.249396698469992906e-01
-2.176916004719713360e-01 5.805769059197743998e-01 7.845640976980150505e-01
8.427177564997175019e-03 6.048228360769148937e-01 7.963154648996392249e-01
1.330922987591858786e-01 5.153434363835182053e-01 8.465858388773166432e-01
1.643959510175063699e-01 3.979320555682691052e-01 9.025652610421880384e-01
1.341423564587773676e-01 2.868187175336225914e-01 9.485467049524637373e-01
6.561929275435296471e-02 1.913748267771972489e-01 9.793210832482028838e-01
-2.778006773248164682e-02 1.141292904230875177e-01 9.930774254327875417e-01
-1.387023980078537222e-01 5.882122926807199087e-02 9.885857108892006639e-01
-2.609525785087863925e-01 3.478968207715422284e-02 9.647245357046231318e-01
-3.815038447912516006e-01 6.094510978797124112e-02 9.223559562351811847e-01
-5.484752584446760393e-01 3.242204659499420966e-02 8.355379714701431926e-01
-6.093537835432079053e-01 1.964287464930156435e-01 7.681820839052043715e-01
-5.419435990902371492e-01 3.990849688819579355e-01 7.396136309030729716e-01
-3.662896820057186531e-01 5.158840002401162694e-01 7.744001337501670301e-01
-1.902270624011932199e-01 5.075197574136057765e-01 8.403792956547481152e-01
-7.741514399904408927e-02 4.219872229893725235e-01 9.032904732772396583e-01
-3.322873821080767759e-02 3.095079496808511577e-01 9.503160948027883359e-01
-4.315315545814112780e-02 1.963730571956132376e-01 9.795792094474321532e-01
-9.388095956107055107e-02 9.426780782114822788e-02 9.911104609681240518e-01
-1.778519173780981344e-01 1.138285465783143990e-02 9.839914258288549043e-01
-2.906157607862552839e-01 -4.069530504070485027e-02 9.559740434396069020e-01
-4.232491800453321296e-01 -4.257627472850046557e-02 9.050123714188611501e-01
-3.582348828734284174e-01 6.446182847315622133e-02 9.314034793593085615e-01
-3.821567257333614576e-01 1.617981255009448838e-01 9.098228418550380336e-01
-3.400511716776950522e-01 2.685374873081262104e-01 9.012506968379274674e-01
-2.432053734419539759e-01 3.350480724899451146e-01 9.102713526469345950e-01
-1.386257992635898662e-01 3.397321592929240519e-01 9.302499383073102868e-01
-6.455420228098633639e-02 2.968498241215042910e-01 9.527397004884633480e-01
-3.269628266910449416e-02 2.295982605670680854e-01 9.727361368038707212e-01
-3.899766077192551306e-02 1.550262603772560865e-01 9.871403350323866288e-01
-7.542980161997775435e-02 8.480063966189080316e-02 9.935387242279601905e-01
-1.347641131070637377e-01 2.930333947869439432e-02 9.904443185327680421e-01
-2.101552178519817682e-01 -1.208944860420799812e-04 9.776680263739864207e-01
-2.912280443897762860e-01 8.620274815919367478e-03 9.566148216618011180e-01
-1.857343010213192147e-01 2.941533713291271876e-02 9.821596139964186012e-01
-1.823663929407376150e-01 8.476790026062845651e-02 9.795697534179501620e-01
-1.484746513282085567e-01 1.460923992234556268e-01 9.780655851229899111e-01
-9.393959961218661947e-02 1.908654097074249378e-01 9.771109184744455334e-01
-4.046719522175718647e-02 2.061399894559209356e-01 9.776853843941362143e-01
-5.989005135755714332e-03 1.926934883368895679e-01 9.812407203994265581e-01
3.275826485506683813e-03 1.580335685475486307e-01 9.874283063459411425e-01
-1.023339461749126107e-02 1.110942044040512666e-01 9.937571913612769370e-01
-4.052907729478286147e-02 6.142442245178410948e-02 9.972885411054460691e-01
-8.089217179551584647e-02 1.937320274447746141e-02 9.965345631524473724e-01
-1.243676007779019599e-01 -4.708159664566052317e-03 9.922250415653637301e-01
-1.628152107115520553e-01 -2.452393218040692033e-03 9.866535323650508227e-01
-3.277411820775703866e-02 -4.874603544929882043e-02 9.982733499415613609e-01
-8.528157280920518587e-04 -1.636388275728913391e-02 9.998657390101819420e-01
3.748971303217017020e-02 3.053100842322290301e-02 9.988305056121649095e-01
6.942227671738834816e-02 7.685416208742322508e-02 9.946225340626803080e-01
8.527699558375605171e-02 1.085291207249897000e-01 9.904288283257605130e-01
8.228494395198197864e-02 1.179776103841952833e-01 9.896011678685443513e-01
6.346302501206127489e-02 1.044980015135250906e-01 9.924981673211917821e-01
3.461128954005426167e-02 7.262680297567651599e-02 9.967584492372525418e-01
2.353719103004206070e-03 3.048772438046203417e-02 9.995323699954008489e-01
-2.653782350324459735e-02 -1.186014113900262651e-02 9.995774512142189261e-01
-4.542222824240773477e-02 -4.425108247181536864e-02 9.979873059720675288e-01
-4.852410175326274389e-02 -5.820949023971283554e-02 9.971243988565051675e-01
1.031922075123574978e-01 -1.626523941243845917e-01 9.812724224160556119e-01
1.736714339962741327e-01 -1.380926521874231427e-01 9.750736651276109557e-01
2.296708314347770397e-01 -7.936178273331961908e-02 9.700273277745151690e-01
2.497794590348450250e-01 -8.329790989696187961e-03 9.682669241620331935e-01
2.323887672945266214e-01 4.964307106607476067e-02 9.713552523822922558e-01
1.898056735743625101e-01 7.904260712880616102e-02 9.786348003914304705e-01
1.368649689049301621e-01 7.649425305944775044e-02 9.876318188148248689e-01
8.515517014248334682e-02 4.680485738209835128e-02 9.952677540861092353e-01
4.310578978986178561e-02 -1.240276826487062174e-03 9.990697436115650865e-01
1.800991480625936669e-02 -5.737228870160987482e-02 9.981903943927501466e-01
1.707684265368130533e-02 -1.108397363629971544e-01 9.936915689930704287e-01
4.591286641798231205e-02 -1.501094393711803754e-01 9.876027363818561389e-01
2.188841555665697047e-01 -3.137189839860323737e-01 9.239427068432020107e-01
3.484119163452763512e-01 -2.828728093978594704e-01 8.936398101316344045e-01
4.400057096281739799e-01 -1.796770698070546957e-01 8.798358517814910407e-01
4.528272325193606340e-01 -5.459264269179978785e-02 8.899253568995009189e-01
3.970090820464251546e-01 4.130416505670884281e-02 9.168848099526083484e-01
3.068048298958180875e-01 8.616572248774495568e-02 9.478640538709067753e-01
2.122310654997745794e-01 8.210775066400716193e-02 9.737639817315727475e-01
1.307791967999470395e-01 4.043979005374929298e-02 9.905864046436043679e-01
7.172218624773878115e-02 -2.705776113827892612e-02 9.970575738450876413e-01
4.246796799792453003e-02 -1.100756398129577596e-01 9.930155211344028343e-01
5.223240295295109026e-02 -1.979277437546915486e-01 9.788239802609201012e-01
1.108873287566120441e-01 -2.746775649226853577e-01 9.551210581122300258e-01
2.940517992922718205e-01 -5.049405110759153104e-01 8.115224085676248089e-01
5.173024209470159507e-01 -4.547483177754123584e-01 7.249842569067331821e-01
6.737997822953836202e-01 -2.520471632321804045e-01 6.945977835302485914e-01
6.744404995447373929e-01 -3.067302369926167352e-02 7.376917907845164102e-01
5.640181063747056189e-01 1.091457019855770066e-01 8.185174350125956622e-01
4.157178122156230948e-01 1.539247910513175943e-01 8.963737274744295602e-01
2.752469652171586900e-01 1.286619476067024370e-01 9.527251499654991740e-01
1.612902830928963638e-01 5.866109426669693927e-02 9.851620783399517300e-01
8.027845595995340700e-02 -4.066196537059098975e-02 9.959427564277869571e-01
3.806156158419780888e-02 -1.611433106783124736e-01 9.861968114698722587e-01
4.679144207338933881e-02 -2.953942312143797433e-01 9.542289081315632471e-01
1.267547103210777681e-01 -4.254618400882221874e-01 8.960555038837634267e-01
2.708788027271604726e-01 -7.269078266326097770e-01 6.310544238124723426e-01
6.292057583349136562e-01 -6.591319529069770145e-01 4.118800581906896796e-01
9.062442302770663538e-01 -2.451564736335597738e-01 3.444121056600562558e-01
8.678381618641245465e-01 1.282966932219917755e-01 4.799967534479459563e-01
6.820487305091320618e-01 2.870460130769374452e-01 6.726173619431075057e-01
4.797429206949173630e-01 2.906359242787817654e-01 8.278752862368558008e-01
3.053576119340830064e-01 2.151778360212286967e-01 9.276072594147379835e-01
1.672760024686770208e-01 1.011155011244258134e-01 9.807111676891918650e-01
6.494196740690670600e-02 -3.711668844450008442e-02 9.971985220147139284e-01
7.838195292365540473e-04 -1.978553799010495662e-01 9.802309086490382795e-01
-1.157029435742838036e-02 -3.821027261459853941e-01 9.240474202984353402e-01
6.107723294303563782e-02 -5.784604679401810223e-01 8.134205914817773664e-01
3.599312123711820993e-02 -9.108360069124352698e-01 4.111961377924540639e-01
4.670134494903472877e-01 -8.782487465124818593e-01 -1.028473492331489353e-01
9.592045979647639831e-01 -2.859900802917421381e-02 -2.812625747998334091e-01
8.562495183330012249e-01 5.005237488508154087e-01 1.277213341256091261e-01
6.405511574240704276e-01 5.700565478032660893e-01 5.145189472015230248e-01
4.455889228712649475e-01 4.691250837313020727e-01 7.624776505763752876e-01
2.807133096193971666e-01 3.198267054619362004e-01 9.049369681230672313e-01
1.427477056734920147e-01 1.571225248019022247e-01 9.772080662401377849e-01
2.813736519637014336e-02 -1.508821294313208126e-02 9.994901873005721527e-01
-6.341849195591692245e-02 -2.045213393774443777e-01 9.768055674580936598e-01
-1.221293046441502966e-01 -4.222901143069259788e-01 8.981956870893177403e-01
-1.151158085089014627e-01 -6.723240437429724992e-01 7.312514826216960362e-01
-4.571784609791775256e-01 -8.362562486853670762e-01 3.027595437823091262e-01
-4.511926777654265974e-01 -7.585987835934021595e-01 -4.700564360388683749e-01
1.062172705764781594e-01 5.802401008149977724e-01 -8.074895150015714007e-01
3.440227582719719845e-01 9.377784626030037929e-01 -4.711578152518565432e-02
3.620008255272905151e-01 8.135109300746705685e-01 4.551432400538302225e-01
2.970325727875950950e-01 6.055894532267226404e-01 7.382635470100301633e-01
1.997224457456526492e-01 3.992219694873130886e-01 8.948367246286548227e-01
9.167931384691148378e-02 2.064119142680074237e-01 9.741606772298890826e-01
-1.996911009452513597e-02 2.045759021558540836e-02 9.995912772951726089e-01
-1.347591492225092002e-01 -1.709771732242945097e-01 9.760157672584037769e-01
-2.523261613294332517e-01 -3.807969304483301287e-01 8.895646160172926420e-01
-3.660461141824705722e-01 -6.150568143980710278e-01 6.983662057648130084e-01
-7.741121902478941275e-01 -4.386064727714466538e-01 4.564807541974424399e-01
-9.896092925227634174e-01 -1.401176498745838606e-01 3.225666359224632629e-02
-7.205762598014581188e-01 6.760684348862221471e-01 -1.539523470458337706e-01
-2.270595076812657598e-01 9.522098018376784490e-01 2.043048537252636077e-01
3.184377079547164729e-02 8.357906691554416456e-01 5.481240111637328827e-01
1.110773390575009179e-01 6.268026090976749343e-01 7.712200165816276431e-01
9.554991822243727451e-02 4.192115674808080117e-01 9.028465400155349929e-01
3.095927933198230550e-02 2.308107322072925349e-01 9.725060045682003551e-01
-6.388393785614558673e-02 5.821060983477035350e-02 9.962581830963620488e-01
-1.853954590705419181e-01 -1.058576186568283839e-01 9.769455912835295353e-01
-3.383671499053281795e-01 -2.640898450337501036e-01 9.031966705069610635e-01
-5.322848031954421355e-01 -4.008651955089235774e-01 7.456406529399428607e-01
-7.267270153822711354e-01 -1.158549611005471880e-01 6.770860160290338436e-01
-8.527506238739048783e-01 1.372255254500828192e-01 5.039697695770211094e-01
-7.269043618707047294e-01 5.380682060775796582e-01 4.267231588532637288e-01
-4.092652541103953823e-01 7.359836900555318806e-01 5.392865284338302923e-01
-1.530452207480943738e-01 6.930966321498365224e-01 7.044105471305923682e-01
-2.319903546514876652e-02 5.467666402257944647e-01 8.369635869556694141e-01
1.023361168936085669e-02 3.811530529459080663e-01 9.244553117494495043e-01
-1.859940581795848161e-02 2.252459522577066608e-01 9.741243878965388792e-01
-9.039311655635630383e-02 8.533226589047923638e-02 9.922436640650358353e-01
-1.986692940413410380e-01 -3.673374759775447501e-02 9.793779369541895097e-01
-3.443421331725309287e-01 -1.332418219599665332e-01 9.293412248486087046e-01
-5.274176552075250379e-01 -1.791991926235906862e-01 8.304927852416652545e-01
-6.436508314407043407e-01 -1.963258521940310086e-01 7.397092448697760725e-01
-7.734636961571571545e-01 -2.725883920142968195e-02 6.332541878362474286e-01
-7.705813253560800380e-01 2.216803148938772117e-01 5.975468676187547512e-01
-6.249361736667790046e-01 4.195400831550649134e-01 6.583622843610056341e-01
-4.245368122887788198e-01 4.804138561009167474e-01 7.674444747849303861e-01
-2.583773871851052784e-01 4.237079296085570768e-01 8.681662952327749982e-01
-1.584158964053352658e-01 3.077109775555322280e-01 9.381995299816725531e-01
-1.204556120155776955e-01 1.728575876294683733e-01 9.775534256156087620e-01
-1.343911485725369503e-01 3.800457546370791806e-02 9.901993089419517391e-01
-1.961101431057075961e-01 -8.667740683952426806e-02 9.767434867531618048e-01
-3.070698495538421446e-01 -1.880042784791341737e-01 9.329322048083150687e-01
-4.650344226410516590e-01 -2.393713617985177844e-01 8.523170401380454342e-01
-4.347792610678605785e-01 -8.243160177137241751e-02 8.967563912092147982e-01
-5.064523100136441025e-01 2.011726281221460841e-02 8.620332670024022370e-01
-5.038387444429268669e-01 1.549609550461971685e-01 8.497844562060121731e-01
-4.226226072607698336e-01 2.641694545067768130e-01 8.669513430046941194e-01
-3.047687115072538755e-01 3.066517125471855398e-01 9.017099088277418240e-01
-1.992876007949446471e-01 2.831857729611306773e-01 9.381312648887920602e-01
-1.309039465799641255e-01 2.169799447651270252e-01 9.673592199072297282e-01
-1.030728649646544259e-01 1.302899142323405979e-01 9.861037079118524229e-01
-1.119895038342864774e-01 3.910632637716741217e-02 9.929395984995268432e-01
-1.545388686556624092e-01 -4.340076949768787579e-02 9.870329838874492001e-01
-2.288994439877802822e-01 -1.030074767659179963e-01 9.679847644836260256e-01
-3.291065974078145606e-01 -1.221918741694462684e-01 9.363535621919754082e-01
-2.194671705993985200e-01 -5.022984179140788791e-02 9.743259844747504950e-01
-2.447124724587605993e-01 1.190672158576893368e-02 9.695225813791888969e-01
-2.374206737020726765e-01 9.050288865323756482e-02 9.671818085780589103e-01
-1.980105113022063157e-01 1.576902154685451696e-01 9.674324955050813690e-01
-1.442291871407523352e-01 1.919741459164026054e-01 9.707439769971798471e-01
-9.684229928554632938e-02 1.880720842336660592e-01 9.773691524706120681e-01
-6.741259146265816959e-02 1.525705802705394909e-01 9.859907507417198236e-01
-5.822363207625251558e-02 9.653153884610159163e-02 9.936255183297301175e-01
-6.734115975380779162e-02 3.239199124902004262e-02 9.972040548985063868e-01
-9.214960053911512572e-02 -2.664780755049567240e-02 9.953885399547423019e-01
-1.299212153342022003e-01 -6.728738887434233817e-02 9.892385380202690648e-01
-1.758241126928825337e-01 -7.764403547560083663e-02 9.813548212296520079e-01
-1.426221710783884961e-02 -7.531907057066747346e-02 9.970574841861519211e-01
2.648789908869686460e-03 -3.022335414740984563e-02 9.995396604318096401e-01
1.974242210641376921e-02 3.240180281736585594e-02 9.992799207146531026e-01
3.117303643089442550e-02 9.237248760770411238e-02 9.952364368997579369e-01
3.381198592343144516e-02 1.313659243296472212e-01 9.907571566901495208e-01
2.807387120337526479e-02 1.402774865584220099e-01 9.897141428314364386e-01
1.656776926769911243e-02 1.194982337585201865e-01 9.926961675912095995e-01
2.412986424282453565e-03 7.593647101507762509e-02 9.971097381263802628e-01
-1.148381860474098279e-02 2.044294229083984393e-02 9.997250662161110135e-01
-2.240567206953501811e-02 -3.411817560738919508e-02 9.991666207155611712e-01
-2.772073776293596317e-02 -7.480060393672005592e-02 9.968131371267854313e-01
-2.523547815681518106e-02 -9.066435753765504646e-02 9.955617233073813521e-01
1.835514645183214666e-01 -1.505105066478347187e-01 9.714192952901010703e-01
2.490061537616226894e-01 -1.009239603939834223e-01 9.632290950793176432e-01
2.829619573053446246e-01 -1.870611632650959893e-02 9.589487014067868964e-01
2.713929172683326452e-01 6.570839508560136211e-02 9.602230424604270009e-01
2.242876601505039980e-01 1.233698417796798286e-01 9.666824337099346742e-01
1.635052324601369844e-01 1.410323378154279272e-01 9.764097083953670042e-01
1.073395454181675368e-01 1.205457373088770212e-01 9.868875048384091464e-01
6.560137238208244015e-02 7.147125199901019355e-02 9.952830351609642801e-01
4.268141262171133016e-02 5.984907925354034097e-03 9.990708072472828105e-01
4.157307768372733164e-02 -6.286651637701265449e-02 9.971556951301225880e-01
6.539599302640819456e-02 -1.214214903985385147e-01 9.904444385050060751e-01
1.151722539557555047e-01 -1.551969602642077339e-01 9.811469081862361774e-01
3.729670471577476443e-01 -2.810169121954318450e-01 8.842652751265670519e-01
5.041853908927481642e-01 -2.026696228459799187e-01 8.394772871172470063e-01
5.647450641523820147e-01 -5.720558095532109893e-02 8.232803495912719427e-01
5.271081440301552679e-01 8.868901302420316435e-02 8.451575376614037793e-01
4.207119326138256676e-01 1.784782917172400007e-01 8.894644282612447217e-01
2.964038067640991647e-01 1.973165377666541986e-01 9.344575791652856012e-01
1.904687770289732462e-01 1.596944390540493974e-01 9.686172263140405692e-01
1.178117174429238329e-01 8.584006595889437374e-02 9.893188981867686582e-01
8.228555870670932471e-02 -8.328911921385764167e-03 9.965739892523873822e-01
8.657792242032155694e-02 -1.102268521307293581e-01 9.901284282450434349e-01
1.361243372407779095e-01 -2.058446990566513146e-01 9.690707531863137492e-01
2.353455519451028710e-01 -2.733931893240218458e-01 9.326674837320206857e-01
5.259842798118664620e-01 -4.749072168067712263e-01 7.055520340949943403e-01
7.457099486314536785e-01 -3.369147493012663030e-01 5.748087718670731316e-01
8.436536350400877238e-01 -6.280006547144875717e-02 5.332023029399667324e-01
7.699518944082247573e-01 1.916564857057557192e-01 6.086393610210151239e-01
5.917677562058095697e-01 3.188857048828246943e-01 7.403531791897248748e-01
4.002622916388245411e-01 3.186602557676179726e-01 8.592122783609335013e-01
2.471362606084966107e-01 2.392197708606051965e-01 9.389875238371884203e-01
1.461306331204220432e-01 1.199913545479557864e-01 9.819612583486416746e-01
9.662630896561359706e-02 -1.969187252509731895e-02 9.951259149333925302e-01
9.986331790240497719e-02 -1.711478778452883709e-01 9.801712715880521731e-01
1.656751992366249093e-01 -3.234275327177805193e-01 9.316363879958509120e-01
3.092200656588600660e-01 -4.463108218662119042e-01 8.397556795157383736e-01
5.550639933474611487e-01 -7.211550831336962508e-01 4.145350520276476769e-01
8.626692956609749441e-01 -4.934711808981219194e-01 1.108507101772289866e-01
9.997853723753573618e-01 2.649539743433940945e-03 2.054724126181254815e-02
8.850661301831680428e-01 4.119388474028457536e-01 2.167125543269668442e-01
6.525561228319707308e-01 5.559061335100056178e-01 5.149163789202580999e-01
4.256432830095971398e-01 4.983520458944458165e-01 7.552966529660037898e-01
2.531940313249179120e-01 3.492549763672671004e-01 9.021716821005568709e-01
1.399515996345662705e-01 1.689794321152510159e-01 9.756328721818592342e-01
7.968351394764598694e-02 -2.498738118627520308e-02 9.965069836114025525e-01
7.190512060814857609e-02 -2.332857227957378099e-01 9.697460622091111926e-01
1.304366139857730811e-01 -4.537544900115301760e-01 8.815288722023845169e-01
2.851779024734053536e-01 -6.525767079116726599e-01 7.020094046607363580e-01
3.193468651353112420e-01 -9.437907425982229315e-01 8.530307095352604452e-02
6.106999983538374810e-01 -6.337574661566257594e-01 -4.747599247000176548e-01
7.525152853483740856e-01 1.584908421211335960e-01 -6.392193663217444755e-01
6.558068605842020116e-01 7.169987614182227187e-01 -2.362840192129694594e-01
4.858929835841381273e-01 8.272903958875068575e-01 2.819549775693602212e-01
3.222556166717372994e-01 6.823234794609318588e-01 6.561905111322270390e-01
1.910374363431432132e-01 4.560407798940533941e-01 8.692131527935463842e-01
9.586369120830702528e-02 2.182322222036236770e-01 9.711770435404356583e-01
3.340367644433046151e-02 -2.142103185163695203e-02 9.992123567062538569e-01
3.425052406440017103e-03 -2.747360249377351904e-01 9.615135909685466054e-01
1.799950146004570053e-02 -5.506819974094909753e-01 8.345210336930424244e-01
1.098733494498021768e-01 -8.202844807008605743e-01 5.613031425193671931e-01
-1.957883433400240403e-01 -9.793577146633737351e-01 -5.025327194828196203e-02
-1.561063542640393209e-01 -6.503599512589112175e-01 -7.434129000473557181e-01
-8.530521542423617765e-02 3.027519287039687756e-01 -9.492440623397879751e-01
2.954970247430594235e-02 9.063979328453125595e-01 -4.213900834351340663e-01
1.022614061206709585e-01 9.756100842649995109e-01 1.942358573968500091e-01
1.083010685306338289e-01 7.776724563560873937e-01 6.192708851384949309e-01
7.413167843289958370e-02 5.115370830533144675e-01 8.560574203370898694e-01
2.459986328177206014e-02 2.477463242652888920e-01 9.685125737642454880e-01
-2.970458010234270502e-02 -8.435867869070924271e-03 9.995231233214971756e-01
-8.659103977007227837e-02 -2.731392481825670737e-01 9.580693831521869264e-01
-1.432412195517060449e-01 -5.593006731726472003e-01 8.164953827242634743e-01
-1.871486214376017476e-01 -8.419026221012874123e-01 5.061376970675832698e-01
-6.534359039876729280e-01 -7.431462763225813450e-01 1.440664130453477298e-01
-8.337650171256829612e-01 -4.217289578876659562e-01 -3.563433488873511412e-01
-8.063321588049665589e-01 3.104557493027047532e-01 -5.034338858298234021e-01
-5.389585903020347457e-01 8.290069235724406571e-01 -1.492352458654915837e-01
-2.693346914911034506e-01 9.074624390247760797e-01 3.224449499042156830e-01
-1.109203350390181170e-01 7.346668302281917917e-01 6.692991318068156614e-01
-4.995253079481379310e-02 4.903882794716226123e-01 8.700713074362919075e-01
-4.976222638094455336e-02 2.455582907340781440e-01 9.681037375598490202e-01
-8.938807783969797416e-02 1.030040211349049495e-02 9.959436094761993097e-01
-1.645285256498113802e-01 -2.249841821611403836e-01 9.603710126949730475e-01
-2.809568344930716832e-01 -4.653675308581683989e-01 8.393427895530050087e-01
-4.461938116576298907e-01 -6.801117139488247476e-01 5.816864610665704038e-01
-7.707634673012638826e-01 -4.239050069516969721e-01 4.756345472682272368e-01
-9.606598675207406179e-01 -1.694691829587459397e-01 2.200291229865504739e-01
-9.503289311203751977e-01 2.782703590577270680e-01 1.394293008858499272e-01
-7.217889747084741403e-01 6.225463696071985575e-01 3.024180776312568319e-01
-4.421093452595876716e-01 7.017335306260338301e-01 5.586675029292927919e-01
-2.394947015894845765e-01 5.915622480674304073e-01 7.698677773306160654e-01
-1.337687784324750884e-01 4.094774638121535526e-01 9.024600381993445053e-01
-1.025564780340554316e-01 2.158437812589177607e-01 9.710271010146533932e-01
-1.271984803308476297e-01 2.776824517073105819e-02 9.914885128743484710e-01
-2.028540136883103251e-01 -1.529013019865238521e-01 9.671977258974507885e-01
-3.354693466231807863e-01 -3.195398833415357132e-01 8.862023360555492113e-01
-5.314280073638995017e-01 -4.386862976810373405e-01 7.246644776833152113e-01
-6.057220084278077676e-01 -4.172628488830603111e-01 6.774898991482786181e-01
-7.908963073327234250e-01 -2.686252367351378290e-01 5.498395340792406882e-01
-8.595474235248056205e-01 -1.097144100762299790e-02 5.109382097613600626e-01
-7.770494292143999004e-01 2.297130330296409673e-01 5.860256880153834613e-01
-5.979757538282264306e-01 3.492661464484976275e-01 7.214139981858698203e-01
-4.093411433843643366e-01 3.376749952522627440e-01 8.475939038916966428e-01
-2.641770037240435687e-01 2.442661957799096839e-01 9.330297617452556480e-01
-1.748304655350086390e-01 1.142021692621276313e-01 9.779530524809146863e-01
-1.394244681365649774e-01 -2.996756265618955375e-02 9.897791485342382067e-01
-1.595283470805068937e-01 -1.781255715455341004e-01 9.709902096516513925e-01
-2.437416858681592247e-01 -3.177021909741067351e-01 9.163270750230537720e-01
-3.990275713353777509e-01 -4.173222266701611671e-01 8.164674864569273494e-01
-4.211764396460309645e-01 -2.391568890954004767e-01 8.748796426281280070e-01
-5.346386404065237574e-01 -1.518819432575116146e-01 8.313202749221239030e-01
-5.780220067134125284e-01 -1.168169119309934480e-02 8.159375575654587154e-01
-5.318527831058246225e-01 1.226955159676477308e-01 8.379012038803158591e-01
-4.250773537045101635e-01 1.995861350903521403e-01 8.828785975700068622e-01
-3.061016184103543258e-01 2.058028530960915869e-01 9.294874850497976126e-01
-2.086520484135964415e-01 1.577821556501593780e-01 9.651782809674339658e-01
-1.452617774078604762e-01 7.760191331400578818e-02 9.863452534860006615e-01
-1.187110569837190877e-01 -1.767133226799021128e-02 9.927715794509818226e-01
-1.316726122489026429e-01 -1.146625383172723833e-01 9.846394393330708539e-01
-1.888046338754896525e-01 -1.988765228774392602e-01 9.616657105643694470e-01
-2.909306621502022461e-01 -2.495828200501143401e-01 9.236166768506636204e-01
-2.027374049005560286e-01 -1.326803344991047962e-01 9.702028001873312935e-01
-2.560646273613233492e-01 -7.767037949804554697e-02 9.635342333113575686e-01
-2.807534211900281629e-01 3.162928340617538261e-03 9.597747195954927646e-01
-2.667916232892265649e-01 8.143561119609697696e-02 9.603074877203856552e-01
-2.241385788097793874e-01 1.310441389245229071e-01 9.657066485961590674e-01
-1.719605164898543037e-01 1.409487508591453220e-01 9.749682201998709496e-01
-1.252573381280908116e-01 1.143888141514257939e-01 9.855078885742696304e-01
-9.144151922936588628e-02 6.171693204204677097e-02 9.938961056671412608e-01
-7.386007877084843631e-02 -4.339319421911302238e-03 9.972591734704152611e-01
-7.529369695691373598e-02 -7.026831461408743207e-02 9.946824735360718650e-01
-9.855479701892416733e-02 -1.222836917956865860e-01 9.875898190571393842e-01
-1.437466438532044588e-01 -1.468709382599009960e-01 9.786551128338702998e-01
2.016443948371822101e-02 -8.591122358933207803e-02 9.960987185222168749e-01
1.701256597851233052e-02 -3.703094122957061030e-02 9.991692959606507385e-01
6.711621879323577573e-03 2.900833579583618482e-02 9.995566370076297558e-01
-7.774466679229916077e-03 9.083062082010208427e-02 9.958360085823644292e-01
-2.143352001273573365e-02 1.295068152810650575e-01 9.913468560577024524e-01
-2.990150021336776195e-02 1.362638348988795822e-01 9.902212215377649285e-01
-3.129396215506029949e-02 1.124306290157343208e-01 9.931666736211075541e-01
-2.609751963937035485e-02 6.579946601645265958e-02 9.974915286560408489e-01
-1.622351472806645226e-02 7.789196577924725404e-03 9.998380498792741600e-01
-4.168621204506623400e-03 -4.837545495216138969e-02 9.988205233951875650e-01
7.509847852917765111e-03 -8.941912365921668437e-02 9.959657737639231456e-01
1.636875215984162288e-02 -1.040846207633085718e-01 9.944337361901834926e-01
2.496029218604694233e-01 -9.623112424853041968e-02 9.635548516429253141e-01
2.969441703247949760e-01 -2.854662515061980391e-02 9.544680455114892270e-01
2.995062569476516501e-01 6.293571013532062164e-02 9.520163330735931240e-01
2.534033206450560516e-01 1.441802847313512492e-01 9.565556975841393861e-01
1.800743380852966036e-01 1.877621475173909260e-01 9.655664703803147342e-01
1.090761909436174099e-01 1.864363998752231466e-01 9.763932882660645296e-01
5.952094717390052359e-02 1.485474467427913559e-01 9.871124114880514000e-01
3.720244890055871695e-02 8.735822777303633990e-02 9.954820529955398234e-01
4.097914188594272561e-02 1.623800201181690300e-02 9.990280462634741898e-01
6.829584915460155947e-02 -5.149056340072590693e-02 9.963354850998210610e-01
1.167684676220338558e-01 -1.018900945150341270e-01 9.879187889744622808e-01
1.815446471699148356e-01 -1.205806292719092399e-01 9.759620140806944955e-01
4.861121436389589379e-01 -1.744266271857273787e-01 8.563120549983245233e-01
5.929701553152636473e-01 -5.933116162972362773e-02 8.030356207324653717e-01
6.076239252532286139e-01 1.054761268622004533e-01 7.871899085494263870e-01
5.189608785174073535e-01 2.470809243645525899e-01 8.183096134003849942e-01
3.725721615753418980e-01 3.105340956620882276e-01 8.745047511879391333e-01
2.312281083026380968e-01 2.923064830653233082e-01 9.279496117187102655e-01
1.324009154166412294e-01 2.207975552565080990e-01 9.662910727051009507e-01
8.463827396803902392e-02 1.236947461306508872e-01 9.887041885010117159e-01
8.446555566436156348e-02 1.842791108453312524e-02 9.962559821648654390e-01
1.284687627284138156e-01 -8.266880025411305066e-02 9.882619321149150871e-01
2.160567765873348534e-01 -1.649479919504139303e-01 9.623469380853125754e-01
3.430296214726943349e-01 -2.052393336735229279e-01 9.166283296438461070e-01
6.930052402876235584e-01 -3.375988343557186910e-01 6.370013845946259634e-01
8.637582971369924811e-01 -1.407395362851226461e-01 4.838532701691673488e-01
8.845798756816416475e-01 1.607083682268607150e-01 4.378256090280553958e-01
7.406586816540700058e-01 4.119943741670846205e-01 5.307403818678148033e-01
5.140924957916350735e-01 5.056133840138951063e-01 6.928665179359952964e-01
3.062269951256721967e-01 4.530999902940520685e-01 8.372128918332812919e-01
1.678740465405654803e-01 3.242596094010462004e-01 9.309532803579630977e-01
1.032639632401218255e-01 1.704847547500019933e-01 9.799344377526905125e-01
1.028076192603362554e-01 1.249868578174213180e-02 9.946227306249495470e-01
1.616862142756080034e-01 -1.424055167849010983e-01 9.765133060549762156e-01
2.835591473623472747e-01 -2.816982754193758653e-01 9.166462194177625866e-01
4.705248080064113880e-01 -3.687757393537985373e-01 8.016301261272411605e-01
7.581023588326779583e-01 -5.829955126987946823e-01 2.922277291865063020e-01
9.599849683388265165e-01 -2.779943967462160659e-01 -3.388179364896724138e-02
9.659478803070558062e-01 2.242364839309323732e-01 -1.290840493811211409e-01
7.745756660402398630e-01 6.275213419579320773e-01 7.905379792045211240e-02
5.085494581437611794e-01 7.504516243584369306e-01 4.221371911114292219e-01
2.837034503269690866e-01 6.438442717983346997e-01 7.106172710714031560e-01
1.439300700578870773e-01 4.400813561821017017e-01 8.863478633551804542e-01
8.387665249615318397e-02 2.182607774071993745e-01 9.722792501189327918e-01
8.883543029525747814e-02 -1.244836405615561787e-03 9.960455394742115942e-01
1.533847046003053716e-01 -2.213793457566128886e-01 9.630494886904941154e-01
2.853468844769342927e-01 -4.368218614106765263e-01 8.530907436569300506e-01
4.958247423278835941e-01 -5.976910045215660938e-01 6.300184822760940273e-01
5.354927472333314009e-01 -8.419349354613171466e-01 -6.628032973824095342e-02
6.674672404602074449e-01 -4.514262420667511932e-01 -5.922008366138871160e-01
6.225988440595094930e-01 2.537596436911983555e-01 -7.402544985404718725e-01
4.501797704966499780e-01 8.048214350224902613e-01 -3.867824090673967485e-01
2.660353919310668447e-01 9.512622333621828519e-01 1.559658091345015318e-01
1.288804841135885171e-01 7.957628313772537876e-01 5.917358676074663260e-01
5.190796969110132025e-02 5.285565460602829058e-01 8.473095894059726740e-01
2.694300281967469679e-02 2.508908321694608423e-01 9.676403592928968234e-01
4.325244000182012355e-02 -1.894646751631103715e-02 9.988845067386831200e-01
9.688700232258744272e-02 -2.944754672344072066e-01 9.507350356318846618e-01
1.941020846452288506e-01 -5.797728887403758025e-01 7.913202753740252726e-01
3.461917398329794060e-01 -8.186765389068231258e-01 4.581702782971895926e-01
4.325819190943484827e-02 -9.785210258899262881e-01 -2.015572641309447965e-01
-1.105146817959293086e-02 -5.889110180679554274e-01 -8.081223161436021929e-01
-1.201122002294762736e-01 1.866610253667215225e-01 -9.750542143722582544e-01
-1.681812631490916254e-01 8.105385179098090198e-01 -5.610190493290438951e-01
-1.507436159113367813e-01 9.869100648913899931e-01 5.731392569046823982e-02
-1.155577843257962339e-01 8.284087203025420898e-01 5.480742564729769173e-01
-8.253948201418172259e-02 5.462798322170657750e-01 8.335259916893729137e-01
-5.182605629602043962e-02 2.523549742681355790e-01 9.662458418285387873e-01
-2.197955935141891401e-02 -3.398846718063142786e-02 9.991805057493629016e-01
5.801767187621877445e-03 -3.294071948191317212e-01 9.441701327085424422e-01
2.937788078108207954e-02 -6.423415143065301924e-01 7.658552860163162501e-01
4.631486628594191218e-02 -9.186379169806699885e-01 3.923764909451653571e-01
-4.422682376957609018e-01 -8.968549937317997767e-01 -7.065843459385832796e-03
-6.575212894110485928e-01 -5.723760257784119565e-01 -4.899504455405165326e-01
-7.797861446153241394e-01 7.741935220514487015e-02 -6.212405432440458730e-01
-7.081846928666701846e-01 6.379165459021309825e-01 -3.025506920398942090e-01
-5.195737556565939164e-01 8.312356006187884283e-01 1.977131475059194232e-01
-3.354157303356316566e-01 7.193746655897432785e-01 6.082732760455409338e-01
-2.050435997464774562e-01 4.807263719474628161e-01 8.525604245549749383e-01
-1.253542230829959303e-01 2.194866158652443444e-01 9.675287821100629904e-01
-8.596239384028865615e-02 -4.092015149231096466e-02 9.954576877230780774e-01
-8.629585135602689527e-02 -3.104335269409821962e-01 9.466699801883311505e-01
-1.368520802005857018e-01 -5.930096016986406982e-01 7.934803844064560741e-01
-2.536580508770535092e-01 -8.398318614768351953e-01 4.799375351789119115e-01
-6.589489128663623685e-01 -6.618921742182184431e-01 3.573304911993283040e-01
-9.010252462107445348e-01 -4.271183902414506517e-01 7.565306608612855366e-02
-9.999074723375932505e-01 1.313285323771540107e-02 -3.546114657175998899e-03
-8.946852858704897882e-01 4.114746477742801112e-01 1.738587170261295667e-01
-6.653455650134971755e-01 5.789443610616151759e-01 4.713159300426128517e-01
-4.358724376779408716e-01 5.265408199594396876e-01 7.299109418204008382e-01
-2.690159542213599875e-01 3.633389101497499496e-01 8.919726748873787470e-01
-1.695464325759225843e-01 1.664224133576789333e-01 9.713689245250174409e-01
-1.285936988236408285e-01 -3.874890120195896570e-02 9.909400502948977341e-01
-1.460556789722046445e-01 -2.506927505865426120e-01 9.569853099412367614e-01
-2.341741110867450459e-01 -4.638743774483286564e-01 8.543904538580584518e-01
-4.086857855930632888e-01 -6.366248309697687402e-01 6.539761106087009779e-01
-4.245482264166593467e-01 -6.051061348762977188e-01 6.735023154982209270e-01
-6.597441511269194203e-01 -5.223928118451215408e-01 5.402253281606597124e-01
-8.124402319485214408e-01 -2.995755918657480588e-01 5.001952961292034372e-01
-8.129192722853264552e-01 -5.032731604761360444e-02 5.801977404354725643e-01
-6.817016408137919203e-01 1.131566303558894093e-01 7.228267080831892732e-01
-4.968701785148730843e-01 1.584206261028363594e-01 8.532425979331933474e-01
-3.247808178608778684e-01 1.174379028098716110e-01 9.384699032644633343e-01
-1.921611891380427817e-01 2.849460537910250210e-02 9.809496087228024575e-01
-1.049968914048743512e-01 -8.916510039324161696e-02 9.904671815194288076e-01
-6.934865642115364825e-02 -2.298438561361104415e-01 9.707536070750103496e-01
-1.000822048371570461e-01 -3.873456892274722008e-01 9.164861533662062021e-01
-2.177535996781927163e-01 -5.349308361422009384e-01 8.163530917265710007e-01
-3.007636020477759131e-01 -3.734283236388771243e-01 8.775491683019530642e-01
-4.440674513687715708e-01 -3.307664780536335725e-01 8.327050111718954373e-01
-5.362199582272092480e-01 -2.156513936790482311e-01 8.160653361117190530e-01
-5.393466079528534962e-01 -7.875218513486169358e-02 8.383933025890967228e-01
-4.650028813829703012e-01 2.397359991017822614e-02 8.849845121881736443e-01
-3.542535729442025660e-01 6.715938665535940710e-02 9.327347012094882039e-01
-2.440148178896142661e-01 5.605326428260522242e-02 9.681501950696974612e-01
-1.536571812201517895e-01 6.416923804886127090e-03 9.881033821156108843e-01
-9.202160708861505112e-02 -6.844893567857691929e-02 9.934016141687181944e-01
-6.699993052134535498e-02 -1.589723934026770202e-01 9.850069986786393894e-01
-8.941125703684582593e-02 -2.548528070222818021e-01 9.628373039449228399e-01
-1.691716741978776251e-01 -3.374371540916354384e-01 9.260221982693342957e-01
-1.306802177254982045e-01 -1.948444836067270425e-01 9.720896604239299688e-01
-2.040791950138255428e-01 -1.646832315811699587e-01 9.650031685949748139e-01
-2.596747776199120894e-01 -1.017568804604659927e-01 9.603200232979983708e-01
-2.769650428856939572e-01 -2.866255249993560419e-02 9.604524054337615357e-01
-2.557346334160259804e-01 2.848093980364552885e-02 9.663273944887085243e-01
-2.098974259959208444e-01 5.435168817542822967e-02 9.762115367853733128e-01
-1.548911550547192317e-01 4.719671597160011306e-02 9.868035265884270713e-01
-1.018449708508562812e-01 1.350208070539827589e-02 9.947086486650436044e-01
-5.888924738125027314e-02 -3.721404028942550818e-02 9.975706349668655992e-01
-3.387445526815344166e-02 -9.472811796989641375e-02 9.949266832013839990e-01
-3.501653365188370920e-02 -1.484007673822687334e-01 9.883071661236833005e-01
-6.823368597021739479e-02 -1.863183751112909570e-01 9.801171497299779878e-01
5.734056462326104359e-02 -6.960051714538949275e-02 9.959256135182714686e-01
3.373433734550712604e-02 -2.904438916561860595e-02 9.990087176506302624e-01
-3.693239812535174631e-03 2.395077843201864551e-02 9.997063169711889463e-01
-4.306824137972456445e-02 7.186600568254253307e-02 9.964840208511763775e-01
-7.153364271677561947e-02 9.999464399988701457e-02 9.924132249879704659e-01
-8.137898428599965595e-02 1.024907133921043323e-01 9.913995736255872826e-01
-7.192287592332603785e-02 8.146074174736384066e-02 9.940780892227186749e-01
-4.737835453141053116e-02 4.354957636463672316e-02 9.979272147407985960e-01
-1.433150983053504274e-02 -2.230258473472014353e-03 9.998948113543169036e-01
1.974734878503804636e-02 -4.567627495186464548e-02 9.987610926155557900e-01
4.733690059483976198e-02 -7.655656764433267647e-02 9.959409168181706518e-01
6.154054296780202965e-02 -8.616662067532601665e-02 9.943782354077614904e-01
2.703083049223016787e-01 2.974309725309218135e-03 9.627692214500667145e-01
2.885690960850787468e-01 7.741349969252807328e-02 9.543243824036634626e-01
2.555556398346564007e-01 1.587016554816729208e-01 9.536797677921413641e-01
1.796585606223705389e-01 2.149444589558572039e-01 9.599592080704825170e-01
9.237751633217625158e-02 2.276773338340100650e-01 9.693448437653298111e-01
2.593845885185241257e-02 2.008671300650870239e-01 9.792750341001463799e-01
-4.851463298226836758e-03 1.498104353892939222e-01 9.887028354122682217e-01
-6.649455289734177051e-04 8.884542964181452174e-02 9.960452035320677133e-01
3.147777388944361654e-02 2.907950090157547518e-02 9.990813442249446563e-01
8.378311511621054641e-02 -1.941529857900192377e-02 9.962948538473015425e-01
1.486943740030120253e-01 -4.606689220823768222e-02 9.878096094806020355e-01
2.162828830059989604e-01 -4.047159483185359258e-02 9.754915502095518054e-01
5.177047367386702348e-01 8.622101753994320175e-03 8.555159057082247775e-01
5.791506722989968603e-01 1.456480318390621087e-01 8.021042012089339979e-01
5.362907222319711620e-01 3.014760028472651676e-01 7.883555549084406699e-01
3.995276346916102339e-01 4.039631520497676820e-01 8.229164240089148485e-01
2.326971528221435381e-01 4.122984913766943871e-01 8.808302839236651360e-01
1.023225118831222469e-01 3.449689161812926064e-01 9.330201232721665461e-01
3.528351717889484374e-02 2.448181227219478895e-01 9.689268084857102226e-01
2.778433431541975709e-02 1.416002147535591893e-01 9.895339357235445332e-01
6.826122621845388816e-02 4.911148948846375678e-02 9.964579602749236154e-01
1.479045513926157684e-01 -2.447532575685292325e-02 9.886987418352218837e-01
2.604854575812664552e-01 -6.807543128517515307e-02 9.630747956644097885e-01
3.940706421394571946e-01 -6.339665723826468091e-02 9.168910474286904311e-01
7.711340627611333876e-01 -8.628982659607378758e-02 6.307981635004914489e-01
8.697299036516754622e-01 1.451155225282453054e-01 4.717111190288489908e-01
7.938183240531204721e-01 4.350908424816710141e-01 4.249099047868077905e-01
5.696034178690853045e-01 6.324799040497183222e-01 5.249010547952768224e-01
3.104433102036785463e-01 6.475804129621186567e-01 6.958911983188231787e-01
1.219788194895945199e-01 5.243418644516057991e-01 8.427258016576335553e-01
3.358994570287853615e-02 3.551560446905824286e-01 9.342033501692228459e-01
2.849819043541730254e-02 1.928096466106100360e-01 9.808222536810304870e-01
8.682270005124784196e-02 5.130163940244889670e-02 9.949019853987155493e-01
1.992464965284195533e-01 -6.783817100837119529e-02 9.775984943602586963e-01
3.640093956258187990e-01 -1.555065992498033678e-01 9.183217614137193507e-01
5.709015255084414209e-01 -1.793060030598003507e-01 8.011996039932650637e-01
9.100579671244209967e-01 -3.149249155990340165e-01 2.694750341093931079e-01
9.973883510654200091e-01 2.334991691819891801e-02 -6.834660590565969085e-02
8.521422250292025602e-01 4.960076026469999455e-01 -1.668235188413814962e-01
5.459278259903749264e-01 8.364225832144477346e-01 4.858056296544675107e-02
2.384876453230324878e-01 8.794804905404001172e-01 4.118709868234953220e-01
4.517448145293039702e-02 6.995930055708071693e-01 7.131121179603876481e-01
-2.394959174834147830e-02 4.560826880781423953e-01 8.896150845677932573e-01
-3.518556262785121295e-03 2.300642627042531474e-01 9.731690782120014926e-01
8.053373213063669267e-02 3.256192435353672671e-02 9.962198748627746347e-01
2.205252448759263961e-01 -1.469855828108739271e-01 9.642426327528726970e-01
4.201751673030356127e-01 -3.070201956122494136e-01 8.539270626160213595e-01
6.723104339526284612e-01 -3.995748503945569241e-01 6.231682111040139915e-01
7.625247422296795863e-01 -6.386615913385570442e-01 -1.032830539656086066e-01
7.447703988887225401e-01 -2.386576442249369323e-01 -6.231850301411279158e-01
5.086416576672946332e-01 3.914212214675004131e-01 -7.668592383680612468e-01
1.922793506144926112e-01 8.822207592849853341e-01 -4.297850430317791681e-01
-4.488688236209665422e-02 9.904669350208984424e-01 1.302321712259623954e-01
-1.430071632509347379e-01 7.949945666279524259e-01 5.895189482034717265e-01
-1.342733981331468707e-01 5.079125524550395232e-01 8.508792473743186369e-01
-6.318139414729367909e-02 2.384438558945139730e-01 9.690988798980616492e-01
4.816524624644970970e-02 -3.375847367721958748e-03 9.988336761985974199e-01
1.957706231183077017e-01 -2.398607023549936823e-01 9.508631376752759712e-01
3.829986844798157208e-01 -4.806137596494838293e-01 7.888741482153048823e-01
5.976266323650870627e-01 -6.693481711435637083e-01 4.413790140852335564e-01
3.320180814189525598e-01 -9.120200351275943307e-01 -2.407975272646827591e-01
1.506845387662552604e-01 -5.455072866338501747e-01 -8.244488886561497365e-01
-1.474903733568798392e-01 1.234530677634974177e-01 -9.813286553580650162e-01
-3.825181424847119982e-01 6.999356038313843120e-01 -6.031335019374026718e-01
-4.497932220161197092e-01 8.927780328252765685e-01 2.516826439780003866e-02
-3.826087511620649417e-01 7.466492815870755528e-01 5.441740473780465326e-01
-2.622658091725290630e-01 4.775286658688426833e-01 8.385600864652026365e-01
-1.321795648896814945e-01 2.087281463491150457e-01 9.690000637498661362e-01
-2.438769589675292889e-03 -4.502455268657848397e-02 9.989829037867947736e-01
1.265589382797641660e-01 -3.089055599139701180e-01 9.426347066577478451e-01
2.501070496986781411e-01 -5.993208994972977210e-01 7.604346935252002115e-01
3.421371384439630403e-01 -8.632414046598735347e-01 3.711555681627997649e-01
-1.400730737397456738e-01 -9.891763929473087469e-01 -4.369894333872658548e-02
-4.440611575197567773e-01 -7.246692479561140932e-01 -5.269384873483120568e-01
-7.375833688390659448e-01 -1.567011213311562956e-01 -6.568222990928582750e-01
-8.558369918940894605e-01 3.839660338511514115e-01 -3.465734094737183413e-01
-7.616711040658711296e-01 6.244732267136905435e-01 1.728881671747231064e-01
-5.577541966156125408e-01 5.647854384361512547e-01 6.082167908631695985e-01
-3.532179276351866126e-01 3.694893929319406078e-01 8.594851273337772435e-01
-1.855103517560198756e-01 1.480864758321155383e-01 9.714197368115380371e-01
-5.496746121383876832e-02 -7.823680050511454265e-02 9.954182946150607059e-01
3.895750872804339127e-02 -3.264259457426932354e-01 9.444196177861672314e-01
8.256456152752481015e-02 -6.099152450138080050e-01 7.881538473416628277e-01
3.955547043162596643e-02 -8.855945195860779329e-01 4.627717705717566132e-01
-4.076133759509176224e-01 -8.491692807208540694e-01 3.358018290982986986e-01
-7.211365632815357474e-01 -6.915224871536631568e-01 4.193693907885534533e-02
-9.524050682212702457e-01 -3.023364456609674011e-01 -3.895201729826488352e-02
-9.839334305355822430e-01 1.009093777946131337e-01 1.472830667377567071e-01
-8.255150032503525415e-01 3.230075242949101422e-01 4.628078636512219513e-01
-5.887098489060381690e-01 3.367574101596384484e-01 7.348572381786169228e-01
-3.715247690122651658e-01 2.310248621176535511e-01 8.992201393951814170e-01
-2.059114260297711663e-01 7.981879252482101950e-02 9.753099225325410071e-01
-9.239114943194716434e-02 -9.357855652350559328e-02 9.913157565911079327e-01
-3.320516695909938448e-02 -2.930755484538058453e-01 9.555125011142724389e-01
-4.554333855227317429e-02 -5.219033011210829631e-01 8.517879716176254279e-01
-1.625552221818920007e-01 -7.457613260214392970e-01 6.460772742885555475e-01
