1.038559475691150508e-01 -1.676747106815983102e-01 9.803566358995867702e-01
1.206528250714843514e-01 -1.573231645348653895e-01 9.801491303383017550e-01
1.157855985411261890e-01 -1.233405608455821201e-01 9.855865265012097032e-01
9.244992250041901560e-02 -7.731979247639067521e-02 9.927107642820234279e-01
5.725405327329462918e-02 -2.850099377369252895e-02 9.979527377274391986e-01
1.839557757262192533e-02 1.575619331139082105e-02 9.997066295159140470e-01
-1.559541707542620378e-02 4.833406173141920059e-02 9.987094679848194101e-01
-3.686857810693082438e-02 6.083899272025156818e-02 9.974664530265229256e-01
-3.929497954019985778e-02 4.384240737868238397e-02 9.982653694774754616e-01
-1.944303137200765336e-02 -8.005037138647506240e-03 9.997789195174343613e-01
2.127314282472813137e-02 -8.295469572527171265e-02 9.963262376608131854e-01
6.760888819757102097e-02 -1.434128249810460443e-01 9.873509000692236581e-01
1.620428144436633355e-01 -1.310453990647250100e-01 9.780435724808085318e-01
1.661832902357879838e-01 -1.278905252792921776e-01 9.777663972493932931e-01
1.518414299655984068e-01 -1.003491306079843381e-01 9.832976315095571795e-01
1.228062749741009180e-01 -5.874088234126646768e-02 9.906907325541270959e-01
8.559862342335457230e-02 -1.152088635488457413e-02 9.962630901753677382e-01
4.840028633724000745e-02 3.432014401731697112e-02 9.982382180608013744e-01
2.002908956390410736e-02 7.161801747065082990e-02 9.972310139303774967e-01
8.661879605258304346e-03 9.132824072913046931e-02 9.957831713216580560e-01
1.978956521334475013e-02 8.243714049668750266e-02 9.963997646403967012e-01
5.327988223246044736e-02 3.691408697087748131e-02 9.978970910531381744e-01
9.988663400515031265e-02 -3.653411408768050816e-02 9.943278729147994044e-01
1.389277394650918762e-01 -1.004685258201294534e-01 9.851929549719546930e-01
2.027406554785433912e-01 -8.293636173583646132e-02 9.757139880715075542e-01
1.970190986841296177e-01 -8.854285854677861056e-02 9.763931774415602893e-01
1.763902948944902349e-01 -7.062556759415035412e-02 9.817833228719885508e-01
1.451414950453577268e-01 -3.702142020440461756e-02 9.887180391103661536e-01
1.093648293998151916e-01 4.922350203763576140e-03 9.939894891590586035e-01
7.668576312080295498e-02 4.851166728927711752e-02 9.958744458370610841e-01
5.545091795451257549e-02 8.651419947166912039e-02 9.947062325068348754e-01
5.316738230009575294e-02 1.097759237193748766e-01 9.925333626792043340e-01
7.372642708278445700e-02 1.074564103228320133e-01 9.914724069937713713e-01
1.135681753332211524e-01 7.198892973492242164e-02 9.909186967391874212e-01
1.590109854660082811e-01 1.054905906017859947e-02 9.872204535228457090e-01
1.905218389747369290e-01 -4.845494277734931077e-02 9.804863830742542863e-01
2.129194006422273078e-01 -4.111053084989813727e-02 9.762045139639303759e-01
2.037074956248745017e-01 -5.302822935186325692e-02 9.775946312855241516e-01
1.822550291467197048e-01 -4.385499577461459547e-02 9.822727949487956023e-01
1.530100716636046687e-01 -1.868831649442055653e-02 9.880479061240934335e-01
1.215273501331516626e-01 1.637785177462812436e-02 9.924529556310710543e-01
9.455667076563731288e-02 5.501622919640218601e-02 9.939981139511762098e-01
7.933048980345790147e-02 9.015202801764241047e-02 9.927634588519914649e-01
8.188868228205858912e-02 1.132388893353714482e-01 9.901874558163188400e-01
1.043132178394085424e-01 1.149967046214436794e-01 9.878737320681015843e-01
1.415474305612313133e-01 8.970186044573155715e-02 9.858589661478611710e-01
1.804978648710791056e-01 4.278898328887680014e-02 9.826441999453273679e-01
2.059019382246109198e-01 -6.790763396610392105e-03 9.785490674299491820e-01
1.950821544027220023e-01 -1.802880878370754364e-02 9.806211883736147827e-01
1.875046949929574658e-01 -3.200737677384796198e-02 9.817420828241412156e-01
1.696547715759373076e-01 -2.795093202989218026e-02 9.851071027459012974e-01
1.454113936140686847e-01 -8.961653620571273168e-03 9.893306906043797255e-01
1.195828893407108878e-01 1.992042033885175686e-02 9.926243546430428832e-01
9.791962538770090929e-02 5.282579757229178413e-02 9.937913171660807121e-01
8.637486741481410768e-02 8.314698843678479390e-02 9.927869663693438262e-01
8.952055563197423849e-02 1.034430703437982518e-01 9.905986075686372683e-01
1.083077947355480519e-01 1.064404187567467158e-01 9.884026805175832875e-01
1.380372506300186486e-01 8.824992847912195570e-02 9.864875405001007902e-01
1.685868209240929116e-01 5.285940586983847028e-02 9.842684425612893140e-01
1.891253580675341384e-01 1.285474275333374668e-02 9.818688071857951671e-01
1.592256110332498642e-01 -1.757027648982345883e-02 9.870858575500072174e-01
1.560215165196273401e-01 -2.972727489983369858e-02 9.873062217519670281e-01
1.439553848066121577e-01 -2.648957838169316639e-02 9.892295736696028463e-01
1.257491185807751433e-01 -1.017017862206584522e-02 9.920099428145761067e-01
1.052858897945728595e-01 1.472183475500761854e-02 9.943330171482944735e-01
8.739199662000152191e-02 4.268941513646217628e-02 9.952588873062829800e-01
7.700878681800188419e-02 6.771351237557089731e-02 9.947283684476299070e-01
7.778978319020560250e-02 8.356935996612280260e-02 9.934610770965914828e-01
9.046762966194533961e-02 8.488327490889963078e-02 9.922753839655829022e-01
1.117153328097843373e-01 6.944425136166332280e-02 9.913108394281960889e-01
1.346685444781214047e-01 4.080097608313876245e-02 9.900503338107428108e-01
1.519260972998016102e-01 8.255654798601578387e-03 9.883573772289991899e-01
1.159805237339327222e-01 -3.689616794177870418e-02 9.925659629998049294e-01
1.183388403490138463e-01 -4.467014603276795587e-02 9.919679918819033215e-01
1.124301153773861334e-01 -3.863968296446973483e-02 9.929080743235850770e-01
9.964247357960015483e-02 -2.147531132263238995e-02 9.947915301520796616e-01
8.298430855787236604e-02 2.181631817851489505e-03 9.965484659642137588e-01
6.663893283063876405e-02 2.691754063249051157e-02 9.974140056353343331e-01
5.503692361500368835e-02 4.716855506816221982e-02 9.973695726517303184e-01
5.162546638614053107e-02 5.774725722485331975e-02 9.969955192996966531e-01
5.768935470326811560e-02 5.490967933333994883e-02 9.968233873005353241e-01
7.165584975445353499e-02 3.813378991076486063e-02 9.967001822329234484e-01
8.936247378075820591e-02 1.163927476490676620e-02 9.959311600519996643e-01
1.055777610065139066e-01 -1.628978290503522997e-02 9.942776168424715122e-01
7.409819367961929804e-02 -6.952447122035053384e-02 9.948245099488092213e-01
8.259437748088731268e-02 -7.173141175617064880e-02 9.939983769483344833e-01
8.222391816905785800e-02 -6.043843467534811692e-02 9.947795850815386309e-01
7.323050482708130804e-02 -3.953470902725619851e-02 9.965311334548900835e-01
5.807898006910781202e-02 -1.440942850614966922e-02 9.982079945802703191e-01
4.076121460327723767e-02 9.225314785542292756e-03 9.991263268231517225e-01
2.575898618581206126e-02 2.595554989902952928e-02 9.993311683622546626e-01
1.695073337297257551e-02 3.126568618427850998e-02 9.993673646388795406e-01
1.672629272664757916e-02 2.266844161708602909e-02 9.996031076813864935e-01
2.539136191670319023e-02 1.332715904669848957e-03 9.996766990423946453e-01
4.083655456726047184e-02 -2.694939746101468470e-02 9.988023356940117781e-01
5.879237660453087710e-02 -5.325421130690032728e-02 9.968487575511930654e-01
4.069002847376186616e-02 -1.076792551289370709e-01 9.933526562091198331e-01
5.562343713363554487e-02 -1.042575278708618158e-01 9.929936561347638690e-01
5.965335485736161791e-02 -8.634795651079556211e-02 9.944775048539803430e-01
5.233246202818558901e-02 -5.963293907089297491e-02 9.968476443247383800e-01
3.613641351956342618e-02 -3.069194635279808361e-02 9.988754497169229918e-01
1.540617104721480994e-02 -5.857191291309801241e-03 9.998641623760722297e-01
-4.829465770090987306e-03 9.256787145156918431e-03 9.999454925905465474e-01
-1.982154892367912410e-02 1.029849941376034632e-02 9.997504924270684823e-01
-2.574590614365436861e-02 -4.560969518524159161e-03 9.996581144943520458e-01
-2.033930514600873138e-02 -3.274187478392973083e-02 9.992568650260609253e-01
-4.091570595113397900e-03 -6.626017343516445168e-02 9.977939909954105513e-01
1.860511262309716765e-02 -9.408664411770144287e-02 9.953901512386855721e-01
2.224626712904026471e-02 -1.436117820186899041e-01 9.893840304270327124e-01
4.326733425356562440e-02 -1.353651114561050528e-01 9.898506071053594368e-01
5.000402594401717749e-02 -1.105139422347980460e-01 9.926158702947633916e-01
4.198966478486676479e-02 -7.686554903157095942e-02 9.961568929759254676e-01
2.237451843206831117e-02 -4.235954590100865502e-02 9.988518657918538102e-01
-3.640623164540889110e-03 -1.406122418289308847e-02 9.998945083545347501e-01
-3.014722696462060481e-02 1.951089300044388892e-03 9.995435648119073146e-01
-5.136588044384377688e-02 8.848872629466298561e-04 9.986795098031251428e-01
-6.201373689467410549e-02 -1.938628761960962260e-02 9.978870017637712087e-01
-5.788667930748223750e-02 -5.571771982246514349e-02 9.967671082334857990e-01
-3.804007043841099028e-02 -9.767914577325810532e-02 9.944906925264839215e-01
-7.963921518732295507e-03 -1.304485508682445005e-01 9.914230941079116288e-01
2.495495301175757602e-02 -1.700831499065378338e-01 9.851136850323748417e-01
5.007173988643590090e-02 -1.584917855719010782e-01 9.860898411255084595e-01
5.687082543882340802e-02 -1.275107679084209744e-01 9.902053894426224856e-01
4.568503692744915745e-02 -8.707455588613235986e-02 9.951537062776453224e-01
2.091093608184863353e-02 -4.626490062074851278e-02 9.987103142167227388e-01
-1.106740881469748909e-02 -1.268281043172916553e-02 9.998583193541048519e-01
-4.334517192296159088e-02 7.065741356271621962e-03 9.990351702367141762e-01
-6.924175005417051998e-02 7.165310942056215410e-03 9.975741768752874883e-01
-8.243328284747319934e-02 -1.608670589282708632e-02 9.964667439369708779e-01
-7.725221348251255782e-02 -6.058188171367859948e-02 9.951692977176621602e-01
-5.155848719138565045e-02 -1.137940028407917747e-01 9.921656350207308517e-01
-1.287266985118635035e-02 -1.549016462499500923e-01 9.878460276580702804e-01
5.301318030869893450e-02 -1.802041387452040233e-01 9.821996085788645692e-01
7.749306877011523376e-02 -1.674700953276622162e-01 9.828268369674465488e-01
8.051565591136534972e-02 -1.327465103933096746e-01 9.878742800232759302e-01
6.387904166038645137e-02 -8.747995197569015391e-02 9.941160526009770182e-01
3.336957595381186831e-02 -4.123973540558656392e-02 9.985918864202025791e-01
-3.485038482227576645e-03 -1.708245145194481167e-03 9.999924681743955768e-01
-3.886088892768228831e-02 2.413698506712971467e-02 9.989530706013275418e-01
-6.543103280780551700e-02 2.912227320041257603e-02 9.974320393637242654e-01
-7.663493547257912986e-02 6.788550549533950429e-03 9.970361087979127124e-01
-6.679536256961121632e-02 -4.387116598928336025e-02 9.968017357197712647e-01
-3.379471017131745192e-02 -1.095628769002127412e-01 9.934052010985665593e-01
1.173842836195762747e-02 -1.610662968596739131e-01 9.868737798299347386e-01
2.340058052896900331e-01 -1.402646297000877118e-01 9.620639878646534138e-01
2.386971115275840216e-01 -1.077661550859894957e-01 9.650959251629767088e-01
2.031578515928120221e-01 -6.761159136136604686e-02 9.768088656691744642e-01
1.418713848227643459e-01 -2.956161035271169871e-02 9.894435918040308531e-01
6.768970064470072878e-02 2.494329543109422877e-03 9.977033039672231762e-01
-7.791932106573383476e-03 2.715539513246405592e-02 9.996008554963571324e-01
-7.285249825538335500e-02 4.287523280028454620e-02 9.964207082905645052e-01
-1.140051540691099374e-01 4.540304850320198149e-02 9.924421333417723368e-01
-1.147664104099293952e-01 2.542058877698411684e-02 9.930672004994746116e-01
-5.698713923977816176e-02 -2.857682938771654441e-02 9.979658465013717672e-01
6.452544160157024089e-02 -1.056691101385312664e-01 9.923056517771092766e-01
1.758675935744040686e-01 -1.466843452619556731e-01 9.734240044221372790e-01
2.819410345878722302e-01 -4.819980387033508812e-02 9.582202418664360621e-01
2.726274796244084753e-01 -4.023427924144833828e-02 9.612780347679890092e-01
2.286780628739014665e-01 -1.825791067161756931e-02 9.733308750153008004e-01
1.630278618613582031e-01 8.721907576715225152e-03 9.865829131832375420e-01
8.719686024412015568e-02 3.688151786973140056e-02 9.955081422084336440e-01
1.230445568063109202e-02 6.503083311926405319e-02 9.978073917917432700e-01
-4.936303658446711956e-02 9.225383309131501841e-02 9.945111969699897969e-01
-8.262562523461443320e-02 1.150615244652557490e-01 9.899160831311696329e-01
-6.874411269594499219e-02 1.234988897291316723e-01 9.899607422546594648e-01
9.645457158150801125e-03 9.942777906830467527e-02 9.949980311064172689e-01
1.445078495120034334e-01 3.339320890903316186e-02 9.889400260016883992e-01
2.425359152978050215e-01 -2.708795969463012598e-02 9.697641838252492041e-01
2.909435014942704512e-01 4.478607479186351437e-02 9.556914180022332284e-01
2.771224164238590415e-01 2.914613533227684850e-02 9.603924557756539082e-01
2.336894113246325289e-01 3.159761669625309882e-02 9.717977411241204289e-01
1.718811505619154967e-01 4.579375770538543500e-02 9.840527434221419956e-01
1.019881954204065744e-01 6.802399742639962665e-02 9.924571243984303681e-01
3.467301242013594992e-02 9.662981768129748350e-02 9.947162713781388943e-01
-1.767737249776530142e-02 1.302323673529234282e-01 9.913259004965085941e-01
-3.994434296613221663e-02 1.648237421757477450e-01 9.855138677259915880e-01
-1.555315626418549667e-02 1.897782914582871738e-01 9.817037737633289574e-01
6.475174290075742800e-02 1.865821895745397585e-01 9.803031665382518911e-01
1.802374124178867665e-01 1.432001310403351879e-01 9.731434620008639902e-01
2.620133167126996732e-01 8.468953415623964309e-02 9.613410969419469154e-01
2.633579553718916610e-01 1.023046931580771784e-01 9.592582223261347796e-01
2.536842091820392109e-01 7.516710518347848036e-02 9.643620836127786422e-01
2.182123501388179287e-01 6.544731718530936992e-02 9.737042769342096893e-01
1.663527608030708482e-01 7.039884388678460669e-02 9.835500809580116632e-01
1.073846071914158207e-01 8.707765790213699286e-02 9.903969040907255605e-01
5.135502479302880147e-02 1.133421581418129070e-01 9.922279055823276517e-01
9.790400411522315674e-03 1.468728713836925104e-01 9.891069243066350491e-01
-4.430289822195741627e-03 1.828281879058814563e-01 9.831348972745054260e-01
2.023780992297019923e-02 2.111641349270434731e-01 9.772410854901617538e-01
8.589367456678931312e-02 2.171676763489741313e-01 9.723479197378087635e-01
1.723353509619258983e-01 1.915130505918324344e-01 9.662418321836221402e-01
2.375477007686184472e-01 1.453025957762012210e-01 9.604468988550924902e-01
2.180179978276579889e-01 1.144196765867098176e-01 9.692142643570738070e-01
2.149068295215773861e-01 8.747022531641220067e-02 9.727096248666349254e-01
1.897978844541134413e-01 7.495048445951198179e-02 9.789582156230800525e-01
1.497441917955100177e-01 7.640354132805754483e-02 9.857683175554891042e-01
1.027934497965595356e-01 8.964135170246287365e-02 9.906553057163467457e-01
5.805540286427413738e-02 1.122675381406893491e-01 9.919806298907278830e-01
2.558466861324168451e-02 1.413388153323433538e-01 9.896306199851295782e-01
1.540172473331705497e-02 1.718757065998475775e-01 9.849982377425855473e-01
3.468245746896556070e-02 1.955699424846987777e-01 9.800762851637545570e-01
8.236275249064416160e-02 2.021179657827504861e-01 9.758917485612526033e-01
1.436318839579525386e-01 1.854420657531684058e-01 9.721013949992900471e-01
1.938322599975959570e-01 1.511409188892568478e-01 9.693221743164679438e-01
1.715759426432205415e-01 8.817108759773785442e-02 9.812173842821505509e-01
1.739915651656732953e-01 6.851356810163206079e-02 9.823608431921483364e-01
1.578432983047811378e-01 6.040147483645686571e-02 9.856151150515264359e-01
1.278782815343557644e-01 6.359094430391266928e-02 9.897491282713765104e-01
9.081615667566188266e-02 7.598281669959136564e-02 9.929647714056845098e-01
5.473588281786905679e-02 9.499438581607518028e-02 9.939718556355987555e-01
2.827748364567181025e-02 1.175322362648514307e-01 9.926663877443002715e-01
1.924569318856421407e-02 1.391991291184985768e-01 9.900773736159895755e-01
3.228106979655203518e-02 1.539310208580883799e-01 9.875541369212804677e-01
6.573699170354525834e-02 1.554689611444747821e-01 9.856510792579740166e-01
1.096448944418329519e-01 1.411342083244932766e-01 9.838999605465293952e-01
1.488113128598191615e-01 1.153594142175698306e-01 9.821137402137447570e-01
1.333743919265376610e-01 3.613887377730506251e-02 9.904066101254889176e-01
1.399490874217204917e-01 2.711842172388152783e-02 9.897872721616320923e-01
1.299127982708276063e-01 2.772827062312909971e-02 9.911376331538540585e-01
1.064094932037937813e-01 3.631605472080808722e-02 9.936589776807343011e-01
7.521418812530748788e-02 5.009410738494854409e-02 9.959083322826187690e-01
4.370632612434832698e-02 6.617613647719688963e-02 9.968502776333022508e-01
1.966741043364982414e-02 8.158853021334949718e-02 9.964720290627658850e-01
9.774173378267355522e-03 9.290123261818127032e-02 9.956273532365853551e-01
1.775751740476644303e-02 9.643431662378670888e-02 9.951809348821345491e-01
4.248678914923420535e-02 8.970297966668923373e-02 9.950619318346890507e-01
7.704153820745722470e-02 7.361736857976090842e-02 9.943063332967638779e-01
1.106343403515510498e-01 5.338036798898640467e-02 9.924266114168437403e-01
1.075801387060168340e-01 -2.897326076764026800e-02 9.937741513627916801e-01
1.177918673851432035e-01 -2.601598703725694489e-02 9.926974586430508118e-01
1.109651676587546376e-01 -1.447464421230904019e-02 9.937188818982392036e-01
8.966133715844062935e-02 1.682208222116154169e-03 9.959708905356365882e-01
5.951014985188705225e-02 1.846471596977637339e-02 9.980569103656737884e-01
2.785787807673930500e-02 3.254087720337254380e-02 9.990820936939793784e-01
2.400570545225371236e-03 4.109843567647072926e-02 9.991522185564027936e-01
-1.022481130544422405e-02 4.169676333632749143e-02 9.990779915306216008e-01
-5.938061280899454425e-03 3.291538958231102208e-02 9.994405017593308571e-01
1.519774108489976329e-02 1.590435219169971520e-02 9.997580108442906122e-01
4.779660302619594819e-02 -4.509824677846350181e-03 9.988469083001808579e-01
8.202483359605877711e-02 -2.128831260773325282e-02 9.964028976371140933e-01
9.632754416966567146e-02 -9.550076253132505633e-02 9.907575932537422414e-01
1.103750095243328233e-01 -8.018565328284760207e-02 9.906500988140912733e-01
1.041124989196980238e-01 -5.683431916567907582e-02 9.929403042145436009e-01
8.071616617444039854e-02 -3.208374696485168098e-02 9.962206250117707773e-01
4.668615840879882656e-02 -1.123492526346227260e-02 9.988464241651092701e-01
1.010187729454092680e-02 1.936251623355552233e-03 9.999471001031245976e-01
-2.070331150255847602e-02 4.690957154942813727e-03 9.997746585174592804e-01
-3.822604982349741415e-02 -4.757421341439576658e-03 9.992577925926263704e-01
-3.695073783177612453e-02 -2.611113654433493136e-02 9.989759013721405401e-01
-1.514986844783078844e-02 -5.488482051701196185e-02 9.983777531390066740e-01
2.248995857293201867e-02 -8.177555293496382993e-02 9.963969895104745067e-01
6.412222524212281283e-02 -9.678773575492537196e-02 9.932373706406836256e-01
1.018936482254854670e-01 -1.522483519920328487e-01 9.830758484302988265e-01
1.198094458295518722e-01 -1.250531830618097640e-01 9.848895359866679522e-01
1.113786945424038860e-01 -9.023654492841642893e-02 9.896727501360172985e-01
8.180763759385976941e-02 -5.699217835845617197e-02 9.950172873058561462e-01
3.946223140103196497e-02 -3.156020379207667009e-02 9.987225269458648302e-01
-6.266470717447771878e-03 -1.788242320503694027e-02 9.998204590250620027e-01
-4.597844040425529827e-02 -1.871124529231403891e-02 9.987671762315804003e-01
-7.072776825889115493e-02 -3.585724101375017264e-02 9.968509623128700703e-01
-7.259515923947530702e-02 -6.857714984882150311e-02 9.950010640062748601e-01
-4.678399496478590630e-02 -1.101384848913946196e-01 9.928145707840059231e-01
2.873454989161753920e-03 -1.460944518969134465e-01 9.892664728886484404e-01
5.909157227868227363e-02 -1.614805300600437310e-01 9.851051844840484906e-01
1.272765977521264913e-01 -1.874026408050916415e-01 9.740025245777761409e-01
1.472811658318599060e-01 -1.504731840112072949e-01 9.775817505890221915e-01
1.332992798776099219e-01 -1.065150773619180230e-01 9.853353948168703802e-01
9.402955307571131405e-02 -6.653157882578045190e-02 9.933438438764081724e-01
4.027104858870011322e-02 -3.680684215949934363e-02 9.985106404118271328e-01
-1.718183638606532448e-02 -2.086163926885517203e-02 9.996347215386292007e-01
-6.787451599620601683e-02 -2.139466498486110313e-02 9.974644446737295223e-01
-1.012943767973335657e-01 -4.105853374489454310e-02 9.940088762358262331e-01
-1.065244627487869633e-01 -8.084863173335768427e-02 9.910176777349835042e-01
-7.406099949876350508e-02 -1.347290531598256957e-01 9.881108493421787431e-01
-5.338954481432440710e-03 -1.832303062554949125e-01 9.830555174731858692e-01
7.190539364669838729e-02 -2.023749650374505882e-01 9.766647264495329495e-01
1.738704701746056069e-01 -1.876276456213592514e-01 9.667289828075522617e-01
1.904186119180782677e-01 -1.467516589604109800e-01 9.706722942514163233e-01
1.668748673852223918e-01 -9.949674391579262089e-02 9.809450425918109229e-01
1.159181344942868813e-01 -5.705118596238317047e-02 9.916189531647059408e-01
5.027056374600783611e-02 -2.462632540981003065e-02 9.984319779120790495e-01
-1.842824103299590607e-02 -4.692564572875914872e-03 9.998191735359436283e-01
-7.899161157366320352e-02 4.278958715714300674e-04 9.968751888806587358e-01
-1.194906938529358142e-01 -1.311500838921475162e-02 9.927486946037329396e-01
-1.260870677224171788e-01 -5.041298946990674379e-02 9.907373929784492050e-01
-8.390804618339632592e-02 -1.116429828520076883e-01 9.901996183424058851e-01
1.019673422090684560e-02 -1.759882850909269547e-01 9.843394486262883047e-01
1.101183538891632591e-01 -2.035948536048189650e-01 9.728427846895022491e-01
4.183956194886888080e-01 -3.405733003964312583e-02 9.076261366131525010e-01
3.704142009112724732e-01 1.616677300623017843e-02 9.287259849997546723e-01
2.801175025268346497e-01 3.913200343436495920e-02 9.591678013180163775e-01
1.716410295619868742e-01 4.151271799439627125e-02 9.842845377306129739e-01
5.753129638050212546e-02 2.948349775593643585e-02 9.979082489372090858e-01
-5.388568783911679844e-02 7.479093759026464103e-03 9.985191013709578955e-01
-1.536979416118127995e-01 -2.134693862041076029e-02 9.878872663193993819e-01
-2.268000349630572843e-01 -5.518402955503794172e-02 9.723767104484830615e-01
-2.418439710558200062e-01 -9.580437993940665864e-02 9.655739300791731372e-01
-1.344988082356232961e-01 -1.490425964484013155e-01 9.796409418900010602e-01
1.710257154705484839e-01 -1.696874950600249232e-01 9.705443620298431773e-01
3.761114183038151149e-01 -1.090204873153942378e-01 9.201384321759084051e-01
4.097602207053975820e-01 1.438912996932607269e-01 9.007729211071470177e-01
3.639984305536873577e-01 1.305344314918237825e-01 9.222070834415706519e-01
2.778229264997647552e-01 1.148077194157627184e-01 9.537471410567073260e-01
1.722795424626838434e-01 9.610445606334384883e-02 9.803487607854225461e-01
5.850251411488863879e-02 7.665673664946108523e-02 9.953397412785736087e-01
-5.584511555433097074e-02 6.002274994217271509e-02 9.966336300558223948e-01
-1.621211281885117372e-01 5.170858638750124026e-02 9.854151216053275153e-01
-2.446590872346685597e-01 6.025548083004125116e-02 9.677350918838547589e-01
-2.687053447155636210e-01 9.588412322869342697e-02 9.584381423095115204e-01
-1.598540860035669309e-01 1.568489966497600141e-01 9.745999504604834218e-01
1.714852894743357781e-01 1.997976657119954758e-01 9.647143039626635552e-01
3.716701708708878837e-01 1.641933455806386943e-01 9.137296259569067658e-01
3.311753263403438563e-01 2.759036372007619975e-01 9.023303642252332724e-01
3.100530309284038055e-01 2.195995291363730118e-01 9.250098187669069105e-01
2.455568717340117224e-01 1.750499340399772619e-01 9.534460358806775560e-01
1.570839941488935965e-01 1.411185161356583451e-01 9.774508597294592205e-01
5.633463598283746515e-02 1.178532234823997382e-01 9.914318062799108988e-01
-4.775367420658094275e-02 1.079030816248768704e-01 9.930138526605187810e-01
-1.447599066336495710e-01 1.172034936594772842e-01 9.825008450406261806e-01
-2.168138606302139892e-01 1.547486328520280841e-01 9.638696024199072676e-01
-2.294999607374850759e-01 2.275844032250431970e-01 9.463271672260726852e-01
-1.287786782210003089e-01 3.221016825371935122e-01 9.379054100186969833e-01
1.028143077659299798e-01 3.798657088534745374e-01 9.193102095353549164e-01
2.751537070971131760e-01 3.402449444261355649e-01 8.991795233784682928e-01
2.347948485717265277e-01 3.158972838839766428e-01 9.192824838529551901e-01
2.376127560390309534e-01 2.528324917984298703e-01 9.378784085682904115e-01
1.982630036301026577e-01 2.008285979986257352e-01 9.593537697938100406e-01
1.322073530570865019e-01 1.632165193970234185e-01 9.776919676429060013e-01
5.114872119576630710e-02 1.409602851827880532e-01 9.886930799399868963e-01
-3.468351119634565521e-02 1.363743786053176199e-01 9.900500406096136574e-01
-1.135051714007275919e-01 1.539268792934668229e-01 9.815411819665259552e-01
-1.681120459178130355e-01 1.985722109230487198e-01 9.655606749793339549e-01
-1.727868009344292743e-01 2.697943627403716627e-01 9.472886166613911918e-01
-1.001822603586954019e-01 3.498495950071630056e-01 9.314337204452112218e-01
4.264369642140892341e-02 3.975000596683409548e-01 9.166107231094324792e-01
1.712924120405379946e-01 3.756762606221486500e-01 9.107833204349157219e-01
1.594400650117261398e-01 2.833305218322549890e-01 9.456757800997822594e-01
1.739766517415843872e-01 2.335187116831006215e-01 9.566614531497420471e-01
1.529990236965106387e-01 1.901440804979090682e-01 9.697610671704222085e-01
1.065338538085838921e-01 1.586769354878837246e-01 9.815661812313076773e-01
4.482185370686975895e-02 1.412286461108122615e-01 9.889618147068387488e-01
-2.178604626357548771e-02 1.399566079945501473e-01 9.899179340060348942e-01
-8.167037237659845184e-02 1.576223743401057309e-01 9.841164247097730078e-01
-1.205797349892520354e-01 1.956440642330720403e-01 9.732337476887595873e-01
-1.220638335797227109e-01 2.497846255895160850e-01 9.605769419214355009e-01
-7.426557007729471527e-02 3.050521689084447763e-01 9.494355161596857995e-01
1.377037635731059341e-02 3.365394160402577217e-01 9.415686901051905089e-01
1.030833619379248334e-01 3.252408102267728141e-01 9.399958701263378957e-01
1.163727916086074454e-01 2.094256247667554416e-01 9.708750079512755704e-01
1.327003022569726021e-01 1.789024427376301740e-01 9.748766823365740963e-01
1.210432803741412072e-01 1.515567365913994546e-01 9.810092149771313386e-01
8.731993693083958674e-02 1.314778888370174703e-01 9.874658441492322192e-01
3.995161501960564632e-02 1.205872982373307339e-01 9.918984685747521679e-01
-1.139512655670417082e-02 1.206719735423886913e-01 9.926270326219691631e-01
-5.614560922559756750e-02 1.334106764917916133e-01 9.894691819165898350e-01
-8.315845192120753515e-02 1.587087950536596737e-01 9.838171528524112253e-01
-8.232316594068680993e-02 1.922464137708293774e-01 9.778876278702310909e-01
-4.899371812837995110e-02 2.239949373991379777e-01 9.733580449164411785e-01
9.345445394154053981e-03 2.406816238587614898e-01 9.705591267858296733e-01
7.173682165272642075e-02 2.340400949408341369e-01 9.695767439349204375e-01
1.032637118824411837e-01 1.170515603388013609e-01 9.877426476723630833e-01
1.166698626188819587e-01 1.063963163455127342e-01 9.874552987475625487e-01
1.069310223458564690e-01 9.700014954448132887e-02 9.895234850412955030e-01
7.829701366147868991e-02 8.974199672412395967e-02 9.928826474844307803e-01
3.821859680010874366e-02 8.526546156325411074e-02 9.956249996474794139e-01
-4.217287127534264518e-03 8.478863832521289778e-02 9.963900347255757461e-01
-3.937342343543785012e-02 8.958559231805721113e-02 9.952005602772048265e-01
-5.821015644158512164e-02 9.968259818319548382e-02 9.933151349429429899e-01
-5.410975459076962368e-02 1.127531975604246089e-01 9.921486032333650673e-01
-2.578105420700601419e-02 1.242523273140360429e-01 9.919156700047165875e-01
1.977983199135305292e-02 1.293733015620032456e-01 9.913986620371489922e-01
6.794775058274468704e-02 1.261460253697079537e-01 9.896819102490885811e-01
1.150592090274709517e-01 2.093961446535648474e-02 9.931379113518455926e-01
1.241208871828315685e-01 3.006527741619250890e-02 9.918115165993017790e-01
1.107938092029252253e-01 3.837994621711300625e-02 9.931020650319023479e-01
8.000370414996101076e-02 4.324482313657154048e-02 9.958560601785008126e-01
3.962747769722631264e-02 4.379195179649374853e-02 9.982544404955976391e-01
-1.103486778566539024e-03 4.074004245664224894e-02 9.991691704899532400e-01
-3.277285180479793530e-02 3.542173395362931132e-02 9.988349417940370900e-01
-4.703806677768985339e-02 2.886796519322879992e-02 9.984758689419772626e-01
-3.847633511191422134e-02 2.177810130724536566e-02 9.990221648891325357e-01
-7.261440175761002189e-03 1.545654530188291138e-02 9.998541727140681790e-01
3.843948669714575966e-02 1.228809589817295329e-02 9.991853724718802177e-01
8.394008330813879093e-02 1.421576429747665841e-02 9.963693965892328475e-01
1.480698573285652020e-01 -6.771216510806132849e-02 9.866561610039191743e-01
1.524364977367068108e-01 -3.816730230995366013e-02 9.875760078050033197e-01
1.308537908601331290e-01 -1.306209142061898199e-02 9.913156244027842012e-01
9.112379722795355130e-02 2.118413119766914682e-03 9.958373189957813176e-01
4.296836567136162049e-02 5.607505368637966114e-03 9.990606965720659760e-01
-3.446751397066886383e-03 -1.987908967231626425e-03 9.999920840300400293e-01
-3.812785895347622911e-02 -1.908235594966210813e-02 9.990906515742951077e-01
-5.196447216838635114e-02 -4.352293785271556942e-02 9.977000789379447676e-01
-3.843077968206518730e-02 -7.133229828815811080e-02 9.967119836711630931e-01
2.748971412681656002e-03 -9.468918922399842397e-02 9.955030891968489337e-01
6.083153434356596001e-02 -1.033797033269532456e-01 9.927800166045408492e-01
1.152155980285538978e-01 -9.274239624586172459e-02 9.890016248264507093e-01
2.006443226147668346e-01 -1.369827967846586059e-01 9.700399832932742328e-01
1.992655575081803132e-01 -8.639197977683234220e-02 9.761299418731939070e-01
1.646043866587185711e-01 -4.653303045433511420e-02 9.852614236686378923e-01
1.096384491542535672e-01 -2.402599445556591329e-02 9.936811168868528998e-01
4.690821939560321091e-02 -2.011736421329454044e-02 9.986966058870515583e-01
-1.222155856752609945e-02 -3.365430844873422422e-02 9.993588049490057523e-01
-5.683976350593578780e-02 -6.288342879104150129e-02 9.964009813664449489e-01
-7.585596231798046041e-02 -1.052735198503614716e-01 9.915459439679211728e-01
-5.884894899089618964e-02 -1.545333445769908887e-01 9.862333631632659303e-01
-1.282692762744352477e-03 -1.958878565964193019e-01 9.806254648629000314e-01
8.359402090116709039e-02 -2.082042770680431198e-01 9.745065513787134481e-01
1.602252082409014455e-01 -1.841482354668627086e-01 9.697511588127347704e-01
2.715022064667453328e-01 -1.704712739660392273e-01 9.472201943772327049e-01
2.607377885526229178e-01 -1.012315918275523002e-01 9.600874806165453634e-01
2.078611558339638621e-01 -5.203028092601036381e-02 9.767735611503487458e-01
1.328471268104715608e-01 -2.736159954167632219e-02 9.907587919208828975e-01
5.080084120798995101e-02 -2.595253462751164961e-02 9.983715443055670713e-01
-2.647985953057293076e-02 -4.537777638151109516e-02 9.986188834835374450e-01
-8.770888503248260026e-02 -8.392777990300989699e-02 9.926042913703954085e-01
-1.194332143303329929e-01 -1.400915167235989855e-01 9.829089857442281364e-01
-1.044134753442823582e-01 -2.082966546035478761e-01 9.724763903803984588e-01
-2.627535489218583292e-02 -2.691567491975083160e-01 9.627378927240077822e-01
1.050529299118997811e-01 -2.847780537320592775e-01 9.528196797031284193e-01
2.200856454985829769e-01 -2.425823976084636180e-01 9.448365408979890745e-01
3.534695672173486236e-01 -1.444642373618246489e-01 9.242236467297193503e-01
3.259750149955695786e-01 -6.886686388071223963e-02 9.428667162742828678e-01
2.516396737409656303e-01 -2.269261165958732715e-02 9.675549183254541497e-01
1.560452963338106736e-01 -4.194104759066812592e-03 9.877409958978340399e-01
5.452215980311128640e-02 -8.382565139883738081e-03 9.984773741512884548e-01
-4.237480535492323813e-02 -3.134371570733012619e-02 9.986100076390985736e-01
-1.242242600402978792e-01 -7.122444268155876668e-02 9.896946054122837122e-01
-1.761208643805086127e-01 -1.280176892704412428e-01 9.760086640823515403e-01
-1.728305591903361860e-01 -2.009947409328409207e-01 9.642254466292291548e-01
-7.579601733521175444e-02 -2.763322913388844282e-01 9.580685928050413080e-01
1.296442888911509272e-01 -2.969572192369064334e-01 9.460490306010947981e-01
2.966939221349516043e-01 -2.358290400042877266e-01 9.253957966506860533e-01
6.095871921696438545e-01 2.429083550543104375e-01 7.545853074289535778e-01
4.645954899001936700e-01 2.475288007743633445e-01 8.502238079186652531e-01
3.160195820572611058e-01 1.986085135168029758e-01 9.277317942784785165e-01
1.729976417591179150e-01 1.260901459685035142e-01 9.768178392287153455e-01
3.783422926998264435e-02 3.966615100430167379e-02 9.984964534539404468e-01
-8.844241001662697665e-02 -5.910616191859770913e-02 9.943261043207811678e-01
-2.023391271189312057e-01 -1.716823932452249679e-01 9.641493833874871244e-01
-2.912607298953154289e-01 -2.988499538107765030e-01 9.087661373136856069e-01
-3.149721790107313235e-01 -4.352753321856759339e-01 8.434025798159314746e-01
-1.393965480367844456e-01 -5.471114056933764624e-01 8.253712571659422848e-01
5.306001113359952726e-01 -2.555020619050760167e-01 8.081968932212162393e-01
7.080511721458807584e-01 1.114035500181477650e-01 6.973182821828000089e-01
4.463400502762116528e-01 5.002805545752161409e-01 7.419568223512045257e-01
3.752917750570594069e-01 3.938409402646572688e-01 8.390741310194471669e-01
2.672090658129857021e-01 2.878241744058254725e-01 9.196502377398747541e-01
1.441496060796773337e-01 1.862097120663860905e-01 9.718779934740413573e-01
1.395682430337768544e-02 8.887189979820829533e-02 9.959452758467809419e-01
-1.214957059929503425e-01 -5.188844942611952650e-03 9.925783945428880983e-01
-2.625863202153946863e-01 -9.407392765850994265e-02 9.603116788682135585e-01
-4.084984932506787181e-01 -1.650456508068880723e-01 8.977131580641067865e-01
-5.472489875697603701e-01 -1.721063341671854874e-01 8.190836070532974134e-01
-5.904855178251364745e-01 1.459331274049249262e-02 8.069162834285558139e-01
2.510904266234412208e-02 6.026080585226311070e-01 7.976421903211251552e-01
4.119415652918513859e-01 5.990317407308324293e-01 6.866331774550350486e-01
2.208215077281101280e-01 5.978324296146251271e-01 7.706064156401476462e-01
2.385871197980874714e-01 4.606005769394231342e-01 8.549405211999404619e-01
1.878547487438246566e-01 3.344106322795200037e-01 9.235150905061813020e-01
1.001116325109383393e-01 2.247959506647572159e-01 9.692494217695880598e-01
-9.863700300645506305e-03 1.310488091824569823e-01 9.913268467201706846e-01
-1.361610394224500031e-01 5.375546466274909452e-02 9.892272344422955443e-01
-2.765057846573207856e-01 -3.449974335166340936e-04 9.610121914044411628e-01
-4.254576089428050434e-01 -1.066820284196315013e-02 9.049154725391014287e-01
-5.562410348019780626e-01 6.984997754128620395e-02 8.280802448072830391e-01
-5.692033014838592253e-01 3.094587553371626609e-01 7.617367526415737000e-01
-2.605276672490113854e-01 6.655755313163278508e-01 6.993815458752110636e-01
7.429635420377739274e-02 7.115369356686150892e-01 6.987096971784875210e-01
6.216619722615039645e-02 5.476607434503057981e-01 8.343878438746265003e-01
1.207738740300152575e-01 4.387668024911944853e-01 8.904478448419023140e-01
1.112035218864775438e-01 3.286273662672571927e-01 9.378900952992593743e-01
5.678438117169765098e-02 2.320582557673142865e-01 9.710429959509180309e-01
-2.705539004020572624e-02 1.534125112575709937e-01 9.877917833528830904e-01
-1.311716932572717653e-01 9.663298732150539527e-02 9.866387650247290253e-01
-2.484455419817400146e-01 7.035881644222004294e-02 9.660871853088697225e-01
-3.666047552188482772e-01 9.126735774334462925e-02 9.258894225886498131e-01
-4.553871870532495425e-01 1.831151074089107933e-01 8.712584962606172434e-01
-4.531163699932883038e-01 3.564438246783151465e-01 8.170883398340433867e-01
-3.008162487083670400e-01 5.518015610719174679e-01 7.778332865797268347e-01
-8.683856944374641895e-02 6.114489879633586700e-01 7.865044170095996101e-01
-7.493963757886475119e-03 4.317647398993856855e-01 9.019551263153402498e-01
5.185522487499026612e-02 3.620087254158033119e-01 9.307312815070698520e-01
5.959799746062773018e-02 2.831346643268365937e-01 9.572266401198994412e-01
2.717023393421884661e-02 2.105864696101142353e-01 9.771975835036537106e-01
-3.349377485060931608e-02 1.517221315471282694e-01 9.878555369310491052e-01
-1.124139140377857088e-01 1.126359320868131619e-01 9.872569365336113512e-01
-1.998378273379771697e-01 1.014043346186373068e-01 9.745675983150494659e-01
-2.820221370387044901e-01 1.281144080592248047e-01 9.508155513389245916e-01
-3.360135437247140366e-01 2.002613063233884549e-01 9.203207634421610717e-01
-3.303266030804869469e-01 3.101084694783600160e-01 8.914690529989383050e-01
-2.467624578832025850e-01 4.181329864656679329e-01 8.742271415419843317e-01
-1.181722905148093056e-01 4.616999460260103882e-01 8.791293816009491113e-01
-1.089255570305664063e-02 3.005278452867281014e-01 9.537108400544076492e-01
3.256255349928449672e-02 2.638384969943228797e-01 9.640170784863993925e-01
4.043494281241771793e-02 2.167096234006791466e-01 9.753983568395873105e-01
1.746177328792993672e-02 1.694709427484387410e-01 9.853804778041466150e-01
-2.777539826096084297e-02 1.290267446071415303e-01 9.912520498982340111e-01
-8.588665008572399229e-02 1.018176211320176439e-01 9.910886213474277007e-01
-1.468730491915336278e-01 9.473332373985376975e-02 9.846085033120753893e-01
-1.988436957214572698e-01 1.136525131681277029e-01 9.734188671492677303e-01
-2.270362131953904961e-01 1.596594923516287956e-01 9.607098440215695589e-01
-2.166971406560860847e-01 2.235624757259765394e-01 9.502958321904004801e-01
-1.633047862428475827e-01 2.829459596467658877e-01 9.451312769714801387e-01
-8.397565660719323588e-02 3.110745496419813350e-01 9.466682173088261099e-01
2.934650122100812206e-02 1.751465574878721398e-01 9.841049061284898869e-01
5.336974659148481515e-02 1.653751748747885886e-01 9.847856221960492595e-01
5.156302126224675958e-02 1.452979814916591506e-01 9.880433955109334532e-01
2.751247529056518454e-02 1.193225305328554225e-01 9.924742804781715444e-01
-1.144468481585575806e-02 9.233560011033796477e-02 9.956621696849893288e-01
-5.648002502054782353e-02 7.020348508211796124e-02 9.959324663129276445e-01
-9.820926436712457130e-02 5.904466720299470645e-02 9.934126371589623306e-01
-1.270904975808707926e-01 6.340541386083105302e-02 9.898624949545975493e-01
-1.343439110828184846e-01 8.398083954308391275e-02 9.873697038823611161e-01
-1.146869592225225470e-01 1.157923451909343981e-01 9.866301405183860451e-01
-7.095557119378367861e-02 1.483767374596231814e-01 9.863821017726257523e-01
-1.665281937268633938e-02 1.700529396332181309e-01 9.852942105428719177e-01
1.002847178606690731e-01 6.443596139479551566e-02 9.928700731933690626e-01
1.048364137664851703e-01 7.910132919297555021e-02 9.913386434860170793e-01
8.701212468187553839e-02 8.108910252705121835e-02 9.929015296642521582e-01
5.305107836415836470e-02 7.040675968491458270e-02 9.961066565760360314e-01
1.123757758552358654e-02 5.028563049496823090e-02 9.986716538560361789e-01
-2.938469392993550700e-02 2.610675482279858212e-02 9.992271899399320922e-01
-5.967665363584941096e-02 3.883150811583342774e-03 9.982102073964450595e-01
-7.133361392033246706e-02 -1.114131571018024160e-02 9.973902880062752718e-01
-5.888271091587439499e-02 -1.522028537852714025e-02 9.981488712954489362e-01
-2.311187422844151323e-02 -6.421353757317887524e-03 9.997122623463384761e-01
2.598922733144589173e-02 1.410824992272876124e-02 9.995626630415243019e-01
7.190242997665395597e-02 4.050796097817535579e-02 9.965887545325818886e-01
1.963696509552740610e-01 -2.435395498797755798e-02 9.802274455757497007e-01
1.800567337367728060e-01 1.519346056131282499e-02 9.835388814845998917e-01
1.400140609353907328e-01 3.471038505633190080e-02 9.895409298808399701e-01
8.787706298338371358e-02 3.257197039344798817e-02 9.955986583690196179e-01
3.435704010005539294e-02 1.201342884789744457e-02 9.993374161527683874e-01
-1.065460995653559617e-02 -2.143320957670123358e-02 9.997135073679181971e-01
-3.746262624295811083e-02 -6.152411023765416015e-02 9.974022937082295259e-01
-3.700784370211747387e-02 -1.014038396768452421e-01 9.941567687260403074e-01
-3.756477805683223082e-03 -1.320085757661817738e-01 9.912414563558179514e-01
5.793360551884010889e-02 -1.411584833150680007e-01 9.882904329903113849e-01
1.280965368004793048e-01 -1.199176211760031724e-01 9.844851656531820039e-01
1.793648230631894047e-01 -7.495923755185052162e-02 9.809227150764748826e-01
3.151999070756471011e-01 -7.871002459462062006e-02 9.457556505819780801e-01
2.729419950477272594e-01 -1.381364762617309089e-02 9.619313127654137707e-01
2.032853875121269638e-01 1.701234914684724223e-02 9.789717213488142722e-01
1.252169897634026474e-01 1.516954761372410823e-02 9.920134022783042571e-01
5.193092671485492751e-02 -1.357061674266472201e-02 9.985584696009933703e-01
-6.201476079885471539e-03 -6.295490847760318309e-02 9.979971048018811963e-01
-3.853906766809529066e-02 -1.270506645002827950e-01 9.911472488552468540e-01
-3.286494612250514397e-02 -1.981159625364312948e-01 9.796274601625990508e-01
2.174875797715484019e-02 -2.608491235310858025e-01 9.651345638197712518e-01
1.229138037716096532e-01 -2.871213466963671856e-01 9.499755413238462065e-01
2.361522804214412630e-01 -2.503767611095021328e-01 9.389055213108244979e-01
3.073913752338385819e-01 -1.673320635632813969e-01 9.367553164703834589e-01
4.504163362195490738e-01 -7.516030995991099251e-02 8.896493982874047468e-01
3.725478431431451520e-01 8.741659167341745210e-03 9.279718142078076104e-01
2.665167090509993897e-01 3.839644126977174304e-02 9.630651883929247647e-01
1.577466200099911231e-01 2.561830174793935933e-02 9.871472567408823284e-01
5.937837384462974627e-02 -1.893174202749379684e-02 9.980560093819513812e-01
-1.967145739094679560e-02 -8.855818286875727363e-02 9.958767403706408894e-01
-6.868638693261178152e-02 -1.792783987095540044e-01 9.813976951298462037e-01
-7.081221691728398215e-02 -2.854198711733703098e-01 9.557829916223118394e-01
-2.184192758296156067e-03 -3.884716557592817754e-01 9.214580847620715831e-01
1.529207472293517556e-01 -4.381419087299739945e-01 8.858029763335422135e-01
3.475461805697787065e-01 -3.641489634578259915e-01 8.640643406506607338e-01
4.570196407341136635e-01 -2.129498193762601743e-01 8.635886882139801601e-01
5.749012557729619166e-01 2.310549132497075747e-02 8.178964985749928029e-01
4.524384910753084243e-01 9.843545527710237386e-02 8.863463617221098989e-01
3.120445307793708878e-01 1.032976427311512596e-01 9.444351792564418258e-01
1.766872205940316909e-01 6.565865573539568512e-02 9.820746239497069041e-01
5.444289588861681017e-02 -1.739553056791523435e-04 9.985168705771889641e-01
-4.981419569120429380e-02 -8.891135621333114136e-02 9.947931024307541392e-01
-1.277304484081487612e-01 -2.000834178361143856e-01 9.714172936779553735e-01
-1.603738484543357767e-01 -3.333903934825886428e-01 9.290484778876737515e-01
-1.075184412587018579e-01 -4.766679888350887073e-01 8.724834744618477078e-01
9.826911863766947530e-02 -5.663452360210208258e-01 8.182886128734649933e-01
4.533620637472229320e-01 -4.186242609857516728e-01 7.869031498658154433e-01
6.168876982717977908e-01 -1.567473257062825254e-01 7.712845412718297711e-01
6.215505185082070838e-01 6.553389567104352942e-01 4.291920371576333215e-01
4.412434279440737850e-01 5.384364674441888265e-01 7.179069632081425123e-01
2.821884662605622651e-01 3.771737437770191215e-01 8.821052298421064863e-01
1.433931041492712277e-01 2.083214968629623909e-01 9.674918974477715317e-01
2.336782962162113272e-02 3.495885966363955488e-02 9.991155201827083276e-01
-7.883859832390996414e-02 -1.514263610741182764e-01 9.853195078685135222e-01
-1.580547571017086594e-01 -3.636937051707191393e-01 9.180117551408144561e-01
-1.918002798031211986e-01 -6.124461521556679999e-01 7.668913634779807031e-01
-1.154328553451049177e-01 -8.795802751710294354e-01 4.615341758059107180e-01
2.283395631692132499e-01 -9.676015786837677268e-01 -1.077414907081595818e-01
8.517413970141942681e-01 -1.091855071838280650e-01 -5.124598692907167408e-01
8.149332138508222911e-01 5.782198967267062617e-01 -3.931422124523773626e-02
2.537384654520353222e-01 8.845312810928226410e-01 3.914348016185447698e-01
2.516574306134740646e-01 6.706862024239129694e-01 6.977453371360790024e-01
1.815497426741379816e-01 4.565482033995570399e-01 8.709784319416941090e-01
8.449151890524574104e-02 2.591049669516098941e-01 9.621464542022404309e-01
-2.418783955864381788e-02 7.302691715535353234e-02 9.970366180779223209e-01
-1.416875537103367000e-01 -1.131256963764285667e-01 9.834262625854404138e-01
-2.703450052255529368e-01 -3.110015508245511096e-01 9.111485134346205550e-01
-4.136909863022343314e-01 -5.242086254940756529e-01 7.443554828239618004e-01
-5.766864480730473641e-01 -7.131599908964968426e-01 3.985418020654472038e-01
-7.386081241318553925e-01 -6.209794141114570731e-01 -2.623787457407273371e-01
-4.299894110843672790e-01 4.980199909865657415e-01 -7.530505925453419014e-01
8.771916612046042061e-02 9.875845636028136587e-01 -1.303153008230670262e-01
-8.167032838071190681e-02 8.515288702769544527e-01 5.179078494742884731e-01
4.877731927441463639e-02 6.673022749562141920e-01 7.431880293455952469e-01
6.400647283522394038e-02 4.646568404918943740e-01 8.831744969251662525e-01
1.647217150423540069e-02 2.766031915673394237e-01 9.608430371193865671e-01
-6.865892767614396874e-02 1.054195263085147966e-01 9.920547742554992610e-01
-1.841333292590778270e-01 -5.367763568865639018e-02 9.814344748799735951e-01
-3.333175560242964131e-01 -2.016465337390387358e-01 9.209984160015479704e-01
-5.248688920705386618e-01 -3.219593842570743214e-01 7.879433996330929002e-01
-7.608020159720274567e-01 -3.475473971029978126e-01 5.480794643662706411e-01
-9.725301086792602634e-01 -1.054839195094858517e-01 2.075050130413013116e-01
-8.498587910203585505e-01 5.270029472750399346e-01 -2.815828299555429327e-03
-4.002161348041334832e-01 8.917899788133659689e-01 2.110395203048046897e-01
-2.352217969607070525e-01 6.814409066132309789e-01 6.930432865475375515e-01
-8.131730127259564900e-02 5.649684919688298113e-01 8.210956701847549333e-01
-2.518732909868168224e-02 4.113719110164738013e-01 9.111195032922676518e-01
-3.747063201840693247e-02 2.597793815209002988e-01 9.649407363525587256e-01
-9.707144207334859887e-02 1.220239905631359534e-01 9.877688397903067186e-01
-1.947714183531700227e-01 2.286729420760667559e-03 9.808459947725285399e-01
-3.291566400411464755e-01 -9.138338042500636360e-02 9.398430635477802442e-01
-4.984918650928252815e-01 -1.368658487005075253e-01 8.560219622741229717e-01
-6.828725532889061700e-01 -8.753194161424268649e-02 7.252745929385122636e-01
-8.100827289971850309e-01 1.157258197545701639e-01 5.747812686775038982e-01
-7.483418884448316266e-01 4.471180088110218165e-01 4.899692890333298689e-01
-4.921953292494018473e-01 6.716731361719182614e-01 5.537137852807254568e-01
-2.447486086843392861e-01 4.903505458007335061e-01 8.364535018636350960e-01
-1.237060968459523930e-01 4.269879574691898272e-01 8.957555948913878963e-01
-6.601578517297645998e-02 3.268940430041096801e-01 9.427524599577754572e-01
-6.334919967156076026e-02 2.195843250655432066e-01 9.735345926500510449e-01
-1.032274165617419470e-01 1.196630101706945837e-01 9.874334734385433743e-01
-1.769621148395458254e-01 3.661374760938691103e-02 9.835363965800103525e-01
-2.788981192518412144e-01 -1.818560715315554674e-02 9.601484899588367261e-01
-4.002985010073980554e-01 -2.751404301726649224e-02 9.159716630596012044e-01
-5.183135161525860291e-01 3.042790017981357800e-02 8.546491922797327945e-01
-5.864758963496535804e-01 1.660974417283677951e-01 7.927532168665555323e-01
-5.505704526874802829e-01 3.439600869251289716e-01 7.606337063462154102e-01
-4.102935853254103815e-01 4.707215311261519486e-01 7.810764456665212352e-01
-1.751954327987080839e-01 3.238064914912270886e-01 9.297612147184258768e-01
-9.878032245840094594e-02 2.952787923194857833e-01 9.502909463428936832e-01
-5.984924051528978106e-02 2.382007341051995686e-01 9.693701453425479508e-01
-5.824168720475610128e-02 1.694195653884870978e-01 9.838215878577257767e-01
-8.721971920695842373e-02 1.012217455242532815e-01 9.910332379968509464e-01
-1.394231900657333101e-01 4.433707972803797859e-02 9.892398078489272883e-01
-2.077142337981718045e-01 1.005848627577828926e-02 9.781378348329216044e-01
-2.824636464243404088e-01 1.003543160132013175e-02 9.592255097532558228e-01
-3.471370417050871349e-01 5.272513717181196574e-02 9.363311028618436227e-01
-3.772499004742942974e-01 1.349736638607358097e-01 9.162230201517326256e-01
-3.511164089819057699e-01 2.324868162063778720e-01 9.070100041529786106e-01
-2.719417873793761320e-01 3.043796670352836853e-01 9.129078171273808939e-01
-6.440990375554687952e-02 1.917039908445102026e-01 9.793369921495281849e-01
-2.919188150069825308e-02 1.880446781517392529e-01 9.817265571802814561e-01
-1.695632611480841698e-02 1.616669762214959782e-01 9.866996867355345424e-01
-2.691375113337925520e-02 1.201765383505035145e-01 9.923876508853819445e-01
-5.385022909489741577e-02 7.253053515779565863e-02 9.959113787361173475e-01
-9.115197965354809861e-02 2.886258790588116727e-02 9.954186393796679022e-01
-1.317919205750928136e-01 -3.416931226554576319e-04 9.912773440955341409e-01
-1.679449682936036414e-01 -6.159816618063472179e-03 9.857771270849338130e-01
-1.904163338835261621e-01 1.588299043415502057e-02 9.815749336680079651e-01
-1.899576988254638998e-01 6.230352980477096847e-02 9.798134224589410968e-01
-1.623163943081043226e-01 1.195325654618668854e-01 9.794719771043693957e-01
-1.145556402994912515e-01 1.677342955381460332e-01 9.791538241646045027e-01
7.302413649852396160e-02 9.453570066821116724e-02 9.928396027493022746e-01
7.024756395653157515e-02 1.124509602443678341e-01 9.911710555187598359e-01
5.123409092052697705e-02 1.066662929780413938e-01 9.929740026154527666e-01
2.184907285358488743e-02 8.021403535363062776e-02 9.965381711444566415e-01
-1.130892258291101189e-02 4.028995934784670302e-02 9.991240300611766711e-01
-4.143466564659083196e-02 -3.492592109039838015e-03 9.991351111251997041e-01
-6.165427586534845406e-02 -4.088843253037011821e-02 9.972596885226432395e-01
-6.570817938537530656e-02 -6.271870374542413973e-02 9.958658541000564579e-01
-4.995996671311871140e-02 -6.231987444817414790e-02 9.968050135181233395e-01
-1.680646277119514018e-02 -3.745441757554746759e-02 9.991569993814803929e-01
2.336028562305293363e-02 6.521773015992500533e-03 9.997058385006917236e-01
5.655165738627830618e-02 5.578291123837725990e-02 9.968400959334398070e-01
2.338882069217697313e-01 3.620851122679395739e-02 9.715890336854113851e-01
1.904602891847785584e-01 7.543119849192717052e-02 9.787926299976082989e-01
1.339491348722622599e-01 8.108518315864546300e-02 9.876653392415271071e-01
7.754623776698880977e-02 5.697443113988505392e-02 9.953594803912121369e-01
3.028987899813252727e-02 1.132544528260235814e-02 9.994769919910637679e-01
-4.292211959388782705e-04 -4.603200584801094702e-02 9.989398731690070088e-01
-7.061606242458036073e-03 -1.046717355227039375e-01 9.944817552371325586e-01
1.738347768917394495e-02 -1.530715176705463587e-01 9.880622071416833574e-01
7.450110769743936712e-02 -1.772036076711991370e-01 9.813503280584823241e-01
1.515749082163156125e-01 -1.626352602496708988e-01 9.749742659795871402e-01
2.185884742952579063e-01 -1.069421940201335797e-01 9.699394032843656754e-01
2.476072923894832301e-01 -3.100679502571558610e-02 9.683641915198542005e-01
4.155515199459938747e-01 3.212538526239230863e-02 9.090021418524306673e-01
3.216561219832415053e-01 8.970642785345783743e-02 9.425975259847216847e-01
2.193413795274750111e-01 9.416790537262824390e-02 9.710930773231629676e-01
1.290275748451205906e-01 5.759080966993690431e-02 9.899672638885149700e-01
6.073460662136756505e-02 -7.736481060092000733e-03 9.981239674606521284e-01
2.154579418340472896e-02 -9.181066756139862062e-02 9.955433592138619447e-01
2.059881181762933736e-02 -1.851345022781280547e-01 9.824972799036526538e-01
6.976129704834885259e-02 -2.737331987137174294e-01 9.592723791271263734e-01
1.759989713717866333e-01 -3.310625050872911812e-01 9.270501495612201159e-01
3.194641919581694967e-01 -3.176382757911298538e-01 8.927757589724880649e-01
4.358777840986590713e-01 -2.167923563480922133e-01 8.735053700799733090e-01
4.664010575803977932e-01 -7.944764710850565903e-02 8.809983682486020040e-01
5.994655265426707125e-01 1.152343163634515916e-01 7.920619513769308062e-01
4.422461485353507693e-01 1.736644083232838365e-01 8.799198925966001950e-01
2.901652134264305349e-01 1.543072919183701708e-01 9.444540267149410528e-01
1.645339541404358397e-01 8.694770602536235071e-02 9.825317676043802129e-01
7.167503787610497723e-02 -1.121394083899496935e-02 9.973649966167289493e-01
1.608970569555547708e-02 -1.323228644789052888e-01 9.910760722096640940e-01
8.500980608482708659e-03 -2.713984607081914580e-01 9.624295344875219982e-01
7.030603218975327307e-02 -4.159527127648819933e-01 9.066644376952962547e-01
2.282882485570665032e-01 -5.253102033922339986e-01 8.197156005485463082e-01
4.734950852174950042e-01 -5.098932777041907949e-01 7.182000067020324341e-01
6.801588588552572867e-01 -3.045774386066685269e-01 6.667957038047511720e-01
7.083300131734074911e-01 -5.079275180219074842e-02 7.040516236767914160e-01
7.171357623830939554e-01 3.286316719748655912e-01 6.145872781683525687e-01
5.041105171472537450e-01 3.366315640453040325e-01 7.953312370262822784e-01
3.199197903271016052e-01 2.586809940553976284e-01 9.114469107257501257e-01
1.719751117439741461e-01 1.424610455805805365e-01 9.747458188844336791e-01
5.862601640695325883e-02 3.839459515781007241e-03 9.982726324761609371e-01
-1.975564789358882564e-02 -1.562470025087698278e-01 9.875204243879827093e-01
-5.301558521342298463e-02 -3.419120722906159870e-01 9.382353023343192877e-01
-1.127531963349925545e-02 -5.506361279665761277e-01 8.346692289435374557e-01
1.658142722085559906e-01 -7.408433213765370784e-01 6.508892381224877788e-01
5.373523157665761607e-01 -7.472327861647417580e-01 3.910187361507553860e-01
9.139028777445947771e-01 -3.174923001925153976e-01 2.529430160506137559e-01
9.104143122636315644e-01 1.373886174430141716e-01 3.902180772626365757e-01
4.426093926415656798e-01 8.837261523657341522e-01 1.520691065608426318e-01
3.049654791499481488e-01 7.517795995830501843e-01 5.846567284974019119e-01
1.830035130466592941e-01 5.183231195398595448e-01 8.353746811838950181e-01
8.739502616555724912e-02 2.715726846022012420e-01 9.584416447439793041e-01
1.883619408691221062e-02 2.726611435500651479e-02 9.994507275498736298e-01
-2.327719793875824422e-02 -2.263574518379840583e-01 9.737661300607904913e-01
-3.161130791965456599e-02 -5.032522167161532778e-01 8.635611915677103845e-01
1.877599266385102453e-02 -7.895537596178884288e-01 6.133941006991141531e-01
1.705585276405318929e-01 -9.742302393982040787e-01 1.475982021939602762e-01
4.269471006356689857e-01 -7.658077331784867159e-01 -4.808894769724867957e-01
6.076230466285029719e-01 3.470486478827749383e-02 -7.934669530394421466e-01
5.652247891181334527e-01 7.088214305006006466e-01 -4.220108025033008081e-01
-1.469134257188899929e-02 9.953993748862223212e-01 9.467971762474988728e-02
4.846607651709385761e-02 8.299743642586062675e-01 5.556919957140282751e-01
4.383064453068336724e-02 5.672504672713081231e-01 8.223781259131766053e-01
6.781100513556205349e-03 3.002222728815707176e-01 9.538451674887328258e-01
-4.435104949317593415e-02 4.368400760137125527e-02 9.980604650464692806e-01
-1.049466121099017213e-01 -2.156128555944022140e-01 9.708230040069947275e-01
-1.754158173567074985e-01 -4.922166816809652734e-01 8.526148188344629952e-01
-2.531524796680661438e-01 -7.714673772510389771e-01 5.837395890938505971e-01
-3.269627616629459665e-01 -9.412621839015240521e-01 8.438515060640018606e-02
-3.785695605948856124e-01 -7.145366515736272239e-01 -5.883217328547378777e-01
-3.551961311936123744e-01 1.271784553583425181e-01 -9.261000749798891096e-01
-1.737225281082590000e-01 8.354192991948773406e-01 -5.214355931083828333e-01
-3.848329073075253404e-01 8.796137578028828674e-01 2.796127152637755686e-01
-1.842242236085558371e-01 7.550943640618618113e-01 6.292010305123344471e-01
-9.219518907969573296e-02 5.277608052116460335e-01 8.443746677825743063e-01
-7.365985974579389306e-02 2.878975445039533287e-01 9.548241874452974010e-01
-1.027934288306409094e-01 5.691995206000301233e-02 9.930728221267083322e-01
-1.716795133280908103e-01 -1.698422984204430719e-01 9.704018437589834178e-01
-2.854003959152901504e-01 -3.966923416277274295e-01 8.724573342606258830e-01
-4.540889290008089940e-01 -5.995572045217603119e-01 6.590405170133381008e-01
-6.746575621112973487e-01 -6.784700545888611156e-01 2.907155979856758110e-01
-8.838064644164084216e-01 -4.412233244886507588e-01 -1.555895606497185446e-01
-9.147584160561192945e-01 1.698373171792205150e-01 -3.665683100702767927e-01
-6.819141528264627272e-01 7.178712797384668720e-01 -1.401924174179015881e-01
-5.176336550888531729e-01 6.559619791588213733e-01 5.493353083657582792e-01
-3.011206183376729517e-01 5.879466543458660155e-01 7.507630151092345994e-01
-1.752941305233637892e-01 4.277021840207169134e-01 8.867597248341168026e-01
-1.275256348183935740e-01 2.441425639677941295e-01 9.613176482950221979e-01
-1.390813482726780959e-01 6.264872353672042149e-02 9.882972811871425511e-01
-2.024208811689796050e-01 -1.105896212486643104e-01 9.730342864148221471e-01
-3.209820025974475244e-01 -2.683353791021960699e-01 9.082767630689294602e-01
-5.003033555477368610e-01 -3.829313325263514756e-01 7.765694733876306044e-01
-7.247292836354153334e-01 -3.866037741208699918e-01 5.703551413609442289e-01
-9.187651368812085328e-01 -1.921760524224412348e-01 3.448753225829555569e-01
-9.536317983677798926e-01 1.833924948969233581e-01 2.386495044144301969e-01
-7.807272883899540883e-01 5.271307871758739161e-01 3.355563058188532066e-01
-4.658258078775113775e-01 4.385316263190739972e-01 7.685677129786981920e-01
-3.010552686162477620e-01 4.095509042914529663e-01 8.611816196555112102e-01
-1.920179688394751116e-01 3.123644155549785695e-01 9.303534659137128182e-01
-1.427964023883941669e-01 1.882861202511671439e-01 9.716776854420884346e-01
-1.453039344272723521e-01 5.983950394401133660e-02 9.875758200805505593e-01
-1.943189519846110769e-01 -6.043595641521178063e-02 9.790748899200736322e-01
-2.895952329144727000e-01 -1.593294872546232865e-01 9.437948482400811967e-01
-4.289223906934683250e-01 -2.140207317733699988e-01 8.776221904287100362e-01
-5.918191241330358343e-01 -1.888732880504000455e-01 7.836306562223191996e-01
-7.226609045102844187e-01 -5.554500557083682372e-02 6.889673210308715490e-01
-7.480967109116996028e-01 1.581315531462664237e-01 6.444732135804943640e-01
-6.428483362515158284e-01 3.526882956357718646e-01 6.799683688966398076e-01
-3.255636090673097449e-01 2.738581499772240746e-01 9.049917403723941600e-01
-2.254624626159774381e-01 2.668540865256676664e-01 9.369928358613868191e-01
-1.547594977301907926e-01 2.142583779628076668e-01 9.644391351118111189e-01
-1.211367459440370609e-01 1.365857843678557892e-01 9.831938833671982625e-01
-1.225178675132216899e-01 5.037802576390659065e-02 9.911868777683521259e-01
-1.556428535223521314e-01 -3.048462385790790333e-02 9.873428937585201348e-01
-2.181402114683060334e-01 -9.180878703700397214e-02 9.715894167617273869e-01
-3.048808668339124672e-01 -1.174244786306770372e-01 9.451238801644366028e-01
-4.000980801917843888e-01 -9.130994758756248719e-02 9.119122872832916560e-01
-4.720899647410820577e-01 -8.208753905352738148e-03 8.815121562124814680e-01
-4.847640386482202635e-01 1.107019867680498065e-01 8.676110286062334032e-01
-4.266083801117790952e-01 2.187433174826009519e-01 8.775856944339427423e-01
-1.515026240249429113e-01 1.666061387136383298e-01 9.743148102418058842e-01
-1.095766965488192829e-01 1.731746150338930590e-01 9.787765323510921878e-01
-8.178780070144625602e-02 1.473141706620889613e-01 9.857024352098618936e-01
-7.159945813555428085e-02 9.811597721886415602e-02 9.925959765225969011e-01
-7.778791575409679804e-02 3.728233274538488018e-02 9.962725871103067510e-01
-9.779064404741789895e-02 -2.211871655347385709e-02 9.949611813105313507e-01
-1.287784491066029657e-01 -6.665617815163751847e-02 9.894306771875318596e-01
-1.665514893146045339e-01 -8.422088680075051625e-02 9.824293580882680343e-01
-2.032440304980233370e-01 -6.686687641164719420e-02 9.768422006168306915e-01
-2.265721447223760232e-01 -1.538897027724378010e-02 9.738728062890600334e-01
-2.246839240407075555e-01 5.643524012588537614e-02 9.727960721289891088e-01
-1.956853227661691508e-01 1.245505043696466668e-01 9.727252573645327471e-01
3.948362503772272214e-02 1.113048236360942855e-01 9.930016513526411792e-01
2.809203842666633047e-02 1.289692266649412888e-01 9.912506120807897947e-01
1.152217127731184655e-02 1.157972912209518229e-01 9.932060344736808322e-01
-6.205621214501461438e-03 7.731822088304712848e-02 9.969871528684984829e-01
-2.195460250353115095e-02 2.356846731130148032e-02 9.994811267739235339e-01
-3.292621134497617646e-02 -3.296885151850825063e-02 9.989138698788027071e-01
-3.628736368310794130e-02 -7.921609561845670278e-02 9.961967864994134558e-01
-2.962383096196720758e-02 -1.034192255230279439e-01 9.941966065278240450e-01
-1.264416553470800765e-02 -9.731184693726056822e-02 9.951736177790202476e-01
1.045172638626439866e-02 -5.940196986888105629e-02 9.981794264515551074e-01
3.108244219708217529e-02 1.023966405093903152e-03 9.995162996569743052e-01
4.142054922387836818e-02 6.465776897662423028e-02 9.970474968691632744e-01
2.459916009515483171e-01 1.087663989195155473e-01 9.631500416484355398e-01
1.775154566882789220e-01 1.365913915828954883e-01 9.745927633539549495e-01
1.119308937902524781e-01 1.229410366122750675e-01 9.860816277225575854e-01
6.172309257443066993e-02 7.736564040855144209e-02 9.950903564637639809e-01
3.207499274758392194e-02 1.201269886330754398e-02 9.994132728288720457e-01
2.601660008905028187e-02 -6.043085020806934771e-02 9.978332770874713820e-01
4.704588233428112776e-02 -1.266447101113012674e-01 9.908318739102726092e-01
9.768641965413270289e-02 -1.717803321847433118e-01 9.802800012698349441e-01
1.729522124800842997e-01 -1.793896985964191781e-01 9.684559196142270565e-01
2.515864003476356303e-01 -1.376492263663676996e-01 9.579963327908816995e-01
2.995239034990374583e-01 -5.421997030644521570e-02 9.525469154074607259e-01
2.950170551555531540e-01 3.930070506113287482e-02 9.546833986977981690e-01
4.612192318600182861e-01 1.738981932067819591e-01 8.700782945010296920e-01
3.248159570362210702e-01 2.059410470053809339e-01 9.230833544231415999e-01
2.040794631003161053e-01 1.739577502486641669e-01 9.633744203936559503e-01
1.180600447676293796e-01 1.012153049541140992e-01 9.878346460174838306e-01
7.125088210826660551e-02 5.190074984609340490e-03 9.974449232515983921e-01
6.571918610563930174e-02 -1.018974542574493797e-01 9.926217292571590800e-01
1.069965675524499893e-01 -2.076817217232915236e-01 9.723271244772830890e-01
2.024370758214152077e-01 -2.921076344281536841e-01 9.347151225060549296e-01
3.477586928704369251e-01 -3.205223880277704440e-01 8.810955057801687085e-01
5.024714280068780514e-01 -2.553565882550979937e-01 8.260238960654232576e-01
5.914373917659130342e-01 -1.034267293963056777e-01 7.996903921316056429e-01
5.693208343887734557e-01 6.322670776267293180e-02 8.196805298140930063e-01
6.440691646701445228e-01 3.347229548176003933e-01 6.878484241745752570e-01
4.364678164665264926e-01 3.492694676247225516e-01 8.291602282875972785e-01
2.651938135499247173e-01 2.714120655909518232e-01 9.252068589815110045e-01
1.482203180828557676e-01 1.491339913764133662e-01 9.776450224511185061e-01
8.466158414577837354e-02 5.242189106182302931e-03 9.963959733075675729e-01
7.395413867321859458e-02 -1.522427567293184181e-01 9.855723861780020245e-01
1.247635905790833444e-01 -3.161952720347168677e-01 9.404544626979588484e-01
2.554292053013256791e-01 -4.628023991061805953e-01 8.488638645040211816e-01
4.750351280594258263e-01 -5.279590133888377723e-01 7.039892806648165857e-01
7.286183684795425330e-01 -4.167930856178344023e-01 5.435060228695058893e-01
8.741693207045776459e-01 -1.258972671242757357e-01 4.690179920530250235e-01
8.250547780140307097e-01 1.726107294103174095e-01 5.380428880384405810e-01
6.833752275328371928e-01 6.011834204841450813e-01 4.142182918816710302e-01
4.486920031403827669e-01 5.554749849536358974e-01 7.000878712051750163e-01
2.646618148982779473e-01 4.010478795106997563e-01 8.769918597539276828e-01
1.392946535939390551e-01 2.128624659593054969e-01 9.671021507916978122e-01
6.633362257594674349e-02 1.308095261840525048e-02 9.977117515567507366e-01
4.309248885267587259e-02 -1.999136210004635317e-01 9.788654563029365319e-01
8.007289326628336257e-02 -4.296493435116958692e-01 8.994385878891434372e-01
2.066332348173475497e-01 -6.549675498766805992e-01 7.268563921967834407e-01
4.574298818437473324e-01 -7.800015960978395890e-01 4.270309277808109205e-01
7.906608365031166930e-01 -6.091994289154475384e-01 6.108598389991055227e-02
9.903327262629856298e-01 -8.383611410660884999e-02 -1.105106205946060349e-01
9.104074478215352650e-01 4.071674275472134674e-01 7.330051088225326972e-02
2.205349869379484018e-01 9.753489737023866013e-01 7.661529461798632576e-03
1.023304301941329320e-01 8.580055436927760404e-01 5.033437891231342665e-01
3.259757781069241162e-02 5.909774724931028400e-01 8.060291712629238381e-01
7.319306000399402115e-03 3.029130401822399121e-01 9.529900932577095585e-01
1.811897255196533163e-02 2.533013917771357454e-02 9.995149257929017983e-01
6.016990137611549772e-02 -2.539369271655594895e-01 9.653474089623081955e-01
1.362353599084260014e-01 -5.464697989425404412e-01 8.263235961499681981e-01
2.550947378872135407e-01 -8.154141635831083645e-01 5.196406609672721277e-01
4.105954592139765547e-01 -9.118162057473196969e-01 1.604932809429919244e-03
5.340391021833830187e-01 -6.076507303080832534e-01 -5.878459213903453051e-01
5.116917532284113168e-01 9.496916074295844168e-02 -8.539042148774861340e-01
3.725240016598207471e-01 7.383616967641297713e-01 -5.621813523581021821e-01
-2.544535547616211812e-01 9.654145603045281021e-01 -5.681650482914142597e-02
-1.814886361315402596e-01 8.636889142064141378e-01 4.702162634703155319e-01
-1.237619973021573533e-01 5.958931185805711461e-01 7.934698225214211753e-01
-8.113498272015733093e-02 3.008248368980285803e-01 9.502218330918458244e-01
-4.819342853385485265e-02 1.406149524465753406e-02 9.987390388872747771e-01
-2.451782638591495922e-02 -2.764650446263288153e-01 9.607111716270971824e-01
-1.435959238461895042e-02 -5.839078260899568384e-01 8.116929547172195836e-01
-2.507071516327232658e-02 -8.732284833327508267e-01 4.866656708026195766e-01
-6.820638190308996041e-02 -9.959205599911418183e-01 -5.907730236533861173e-02
-1.594162922149846562e-01 -7.163552270981818904e-01 -6.792802325884784720e-01
-2.793432612432996676e-01 -6.578885722351692812e-03 -9.601687667595590892e-01
-3.111426230889735023e-01 6.864538299661759879e-01 -6.572453175351309351e-01
-6.200798533984193117e-01 7.706005480226029158e-01 1.472269363819783961e-01
-4.104032314939040083e-01 7.194615527547503220e-01 5.603072921951877117e-01
-2.547537968904450834e-01 5.074293652909028784e-01 8.231743085220629697e-01
-1.583259842463784484e-01 2.555908059165161728e-01 9.537327836681641635e-01
-1.093146160710935372e-01 2.239411620648062203e-03 9.940046779311006997e-01
-1.043715877946902737e-01 -2.560667332579588673e-01 9.610080123390861706e-01
-1.529892061764326627e-01 -5.247229246933143854e-01 8.374127746188898547e-01
-2.730122832259777588e-01 -7.696064388232577436e-01 5.772089938049902447e-01
-4.721180951623180633e-01 -8.676590584874478429e-01 1.557955790287220699e-01
-7.068842133749352330e-01 -6.385733624243778994e-01 -3.042018568045375404e-01
-8.581761435721003695e-01 -7.598026943806421296e-02 -5.077013937935228594e-01
-8.131095902530018904e-01 4.995468150165138788e-01 -2.988407165126801823e-01
-7.247553750145372398e-01 5.102385663738646659e-01 4.630186300487387219e-01
-4.930651988652993700e-01 5.041926467654652688e-01 7.089968156597414861e-01
-3.125061965440896206e-01 3.694659960923027398e-01 8.751198517077236616e-01
-1.993637616839690763e-01 1.875680266964778464e-01 9.618068027874703274e-01
-1.468266269490966780e-01 -6.739744676319001440e-03 9.891392811228817417e-01
-1.527327163267236942e-01 -2.064280886231538992e-01 9.664678792338743385e-01
-2.266212509966556987e-01 -4.059920905337899844e-01 8.853322715345942617e-01
-3.834504654597806761e-01 -5.737247429183807146e-01 7.237441950729611717e-01
-6.178545585926031869e-01 -6.256038266426416916e-01 4.763145982606490914e-01
-8.614234803319893441e-01 -4.585002208252615952e-01 2.184654092432346817e-01
-9.907405872223981058e-01 -8.681258439539768501e-02 1.043870874237412677e-01
-9.294444673261005319e-01 3.010218288816647880e-01 2.133514487727443398e-01
-6.210030679844513735e-01 2.936924063949826191e-01 7.267048644256456358e-01
-4.425380428030619706e-01 3.098597017977422485e-01 8.415147330105400281e-01
-2.946687691003789245e-01 2.385633715890163875e-01 9.253420093418939230e-01
-1.976620461113280103e-01 1.230324035603299060e-01 9.725187623902754597e-01
-1.525495400260475087e-01 -1.065800673560879028e-02 9.882383542093144957e-01
-1.600980336586694253e-01 -1.493934260271659042e-01 9.757306103010936482e-01
-2.268423623023549940e-01 -2.806304275010463867e-01 9.326248473129982175e-01
-3.593632158051522918e-01 -3.787828787096995664e-01 8.528667011454216240e-01
-5.445425008734983141e-01 -3.966556148664122095e-01 7.390113584630878529e-01
-7.251198325538831257e-01 -2.886462886013257956e-01 6.252076043315878406e-01
-8.159475589093307946e-01 -7.224352181757753844e-02 5.735943293523101394e-01
-7.708896328773563456e-01 1.559250175301027941e-01 6.175893156707707998e-01
-4.275756883583464174e-01 1.607547133355371471e-01 8.895712185460606936e-01
-3.206265159234573670e-01 1.817010091530624205e-01 9.296146408914103265e-01
-2.263262702023499107e-01 1.480116560476388288e-01 9.627403435455655911e-01
-1.605974948197914365e-01 7.873892795620279772e-02 9.838742937397311206e-01
-1.280404743725411798e-01 -8.814482981607339035e-03 9.917297725752233228e-01
-1.312201788593783391e-01 -1.003678518424223204e-01 9.862593771299325018e-01
-1.739868388875452365e-01 -1.815223624289406812e-01 9.678730349751610840e-01
-2.577764781059380672e-01 -2.340095107891235204e-01 9.374384439500917932e-01
-3.710315280893292655e-01 -2.351428868772170444e-01 8.983559583566066431e-01
-4.790386325316521310e-01 -1.693237871940582451e-01 8.613079841916501111e-01
-5.347027350786125455e-01 -5.012554332717072264e-02 8.435522597951704560e-01
-5.124287506090687838e-01 7.641457158440677355e-02 8.553230902992953189e-01
-2.143344351419005367e-01 1.055454309707705984e-01 9.710411484142550398e-01
-1.729021090079469747e-01 1.236078638804062463e-01 9.771519619218490549e-01
-1.323378785200224894e-01 1.056578190029345138e-01 9.855572592154643319e-01
-1.004348724149789901e-01 5.984692563171428725e-02 9.931420753826809555e-01
-8.103365038213185267e-02 -1.910738314133762555e-03 9.967095347115468851e-01
-7.690105035199126804e-02 -6.617483754041730837e-02 9.948402481460169033e-01
-9.068520600006781118e-02 -1.191010430240193735e-01 9.887320845220574084e-01
-1.232446488884762492e-01 -1.475026021288847744e-01 9.813530144068437489e-01
-1.697614152077515093e-01 -1.408558002189746194e-01 9.753669593805062155e-01
-2.165258839770352328e-01 -9.610697084082835129e-02 9.715348638745220367e-01
-2.448128199968579444e-01 -2.398361609469149003e-02 9.692736813326154888e-01
-2.429578650194473555e-01 5.168109232883881521e-02 9.686591456860050853e-01
3.439538321654964830e-04 1.143563035641519954e-01 9.934397402615511297e-01
-1.883819658127196955e-02 1.273738867779972694e-01 9.916758620215501141e-01
-2.939368289588481856e-02 1.087280380042124073e-01 9.936368678534448495e-01
-3.023176303525668476e-02 6.540580968394164862e-02 9.974006820548000363e-01
-2.285073588587554355e-02 8.278940695141488032e-03 9.997046078768991872e-01
-9.636553425427376446e-03 -4.971511584539336365e-02 9.987169489371868769e-01
7.009524190572379541e-03 -9.516170122933706454e-02 9.954371487894594361e-01
2.457137940920711000e-02 -1.160771241515662355e-01 9.929362258285646670e-01
3.946822437443147508e-02 -1.044922033476063106e-01 9.937422395693099597e-01
4.646567439531355120e-02 -6.034416659418899431e-02 9.970955433964161507e-01
4.086245472761539793e-02 4.799210934920432672e-03 9.991532551957075237e-01
2.311297485365355203e-02 6.986239038974884075e-02 9.972888432156885585e-01
2.174596772779525122e-01 1.829745721835355221e-01 9.587656620323601331e-01
1.328308652490609865e-01 1.892382370023742710e-01 9.729053658468631571e-01
6.946803569737229622e-02 1.543499219731998828e-01 9.855710494952198975e-01
3.642442623366836524e-02 9.304485816865977477e-02 9.949954349352254646e-01
3.325900193209661154e-02 1.932042254516128793e-02 9.992600062362179125e-01
5.734499765390042164e-02 -5.375509920699327732e-02 9.969061844292604890e-01
1.066740329378500218e-01 -1.125476661170959763e-01 9.879036762500573721e-01
1.776935980250883007e-01 -1.419468906071749137e-01 9.737946731565870762e-01
2.585107634198430815e-01 -1.272059133946157883e-01 9.575963872079235051e-01
3.230865100066882545e-01 -6.285200420866277060e-02 9.442800075288469985e-01
3.402252560152458360e-01 3.439913798174607656e-02 9.397145707476571852e-01
2.982396531674719187e-01 1.275457518962122561e-01 9.459308592343417255e-01
4.271238301637425017e-01 3.197615625527593930e-01 8.457646107635774513e-01
2.667475960115408551e-01 3.125895530027573144e-01 9.116652298819157840e-01
1.483289613968410969e-01 2.415510638470347859e-01 9.589846728521416175e-01
8.514749820459685536e-02 1.401616577774277561e-01 9.864606496148516923e-01
7.386882706653706554e-02 2.855778641388488984e-02 9.968589916447865296e-01
1.101728628267092946e-01 -8.132033112426044485e-02 9.905801048085662863e-01
1.937943529231191675e-01 -1.766474840788308520e-01 9.650074689574820175e-01
3.237696806442376674e-01 -2.352366061536249608e-01 9.164261743430390794e-01
4.821781985316148655e-01 -2.228715342575879610e-01 8.472499419171647395e-01
6.165711415691843555e-01 -1.142241102890811655e-01 7.789691136449502507e-01
6.585395616389244644e-01 6.442926812179815277e-02 7.497829787115423139e-01
5.815326665661681993e-01 2.327360404159632967e-01 7.795214514096967529e-01
5.732933119220772200e-01 5.334211036864104916e-01 6.219298229281672308e-01
3.438986956322381272e-01 4.966562934943510310e-01 7.969104173461906138e-01
1.834846212053533876e-01 3.644337360313683050e-01 9.129739568153943940e-01
1.015475842680011315e-01 2.012878049069340147e-01 9.742542315664644015e-01
8.760146391631210006e-02 3.352967893733491134e-02 9.955911531094898681e-01
1.346619568132346456e-01 -1.323590682212179848e-01 9.820118300951986567e-01
2.458290647671064200e-01 -2.884510912488972290e-01 9.253993942472159562e-01
4.277835598713558563e-01 -4.038535430559160866e-01 8.086430248664890907e-01
6.628358598207665375e-01 -4.081470729957049071e-01 6.277456409571697815e-01
8.693112923275394532e-01 -2.289649440703626082e-01 4.380330254886354302e-01
9.303705774609897228e-01 9.600973545856521241e-02 3.538258318607614972e-01
8.065074991334998389e-01 3.976672132644528679e-01 4.375002186694029738e-01
5.347709595889748035e-01 7.906386428190491644e-01 2.981787337510349301e-01
3.005170207158448514e-01 7.071818819208933737e-01 6.399869577911394547e-01
1.474624792418406660e-01 4.977291069176273952e-01 8.547049510459432398e-01
7.505017085186206638e-02 2.630084601157820501e-01 9.618700649062381647e-01
6.812272243509788494e-02 3.250312270002012061e-02 9.971473520513433053e-01
1.187373346193516394e-01 -1.973937264559722793e-01 9.731069633515930795e-01
2.323688164136487322e-01 -4.286804933168236187e-01 8.730622932004568071e-01
4.227560027965667766e-01 -6.247704166802705572e-01 6.564596625387366657e-01
6.797117715576931340e-01 -6.686787085351609816e-01 3.014310739746732248e-01
9.086999762330731922e-01 -4.080726481636391401e-01 -8.798333373262637314e-02
9.575604595302309452e-01 1.199894352629360117e-01 -2.620696506076568566e-01
7.946580292657005051e-01 6.016945969512887959e-01 -8.051228802703271070e-02
-8.470663007131146172e-02 9.959966912292183006e-01 -2.855482240062936009e-02
-1.816915770800922592e-01 8.496307029420863133e-01 4.950917485035242760e-01
-1.694621025117368507e-01 5.629792724523341452e-01 8.089109559162807050e-01
-9.659744964888522523e-02 2.805321400302015489e-01 9.549715446709531319e-01
1.198549022261042804e-02 2.848606651295586267e-02 9.995223319359786140e-01
1.504024077596779474e-01 -2.145030601651871371e-01 9.650738587900122845e-01
3.205185461082051823e-01 -4.666990866708419783e-01 8.242935303042818740e-01
5.137428502933865104e-01 -6.928090493587720777e-01 5.060473346428986385e-01
6.705304736375986563e-01 -7.412177736512131077e-01 -3.138623817663847848e-02
6.685891647486853495e-01 -4.202237018188457185e-01 -6.135149299001901868e-01
4.537078080760654220e-01 2.073134004507161676e-01 -8.667008589383837780e-01
1.493712219970129429e-01 7.836434954668014541e-01 -6.029851656979854369e-01
-5.332751346486661603e-01 8.403378135334911292e-01 -9.721105858404696654e-02
-4.526686043478212462e-01 7.632118296693984894e-01 4.610844149289950455e-01
-3.149721618790579103e-01 5.133174175300940778e-01 7.983093173084562233e-01
-1.737070311149451762e-01 2.442405687059967523e-01 9.540295655478296943e-01
-4.087310311871248519e-02 -9.970718743952078703e-03 9.991145951338237241e-01
8.339081628353015030e-02 -2.694702755378801107e-01 9.593913395278304002e-01
1.942096711708311552e-01 -5.562000715237196413e-01 8.080371798752419288e-01
2.677428704644208013e-01 -8.401057875791280161e-01 4.717372372323648255e-01
2.452855211007624880e-01 -9.649608489307643922e-01 -9.319642251070674177e-02
6.487184037284211835e-02 -7.073122687872087644e-01 -7.039183182371133718e-01
-2.293061720887054900e-01 -8.956755112629510851e-02 -9.692246041178093074e-01
-4.673061639832811198e-01 5.419336572860692369e-01 -6.985219110405168630e-01
-8.358039470928029235e-01 5.361585368556676112e-01 1.181769240614932992e-01
-6.274790840517450174e-01 5.429899491432408354e-01 5.580608517061782514e-01
-4.071704785683073480e-01 3.796432427772727936e-01 8.307124710729066885e-01
-2.265692934574952966e-01 1.706349569513450071e-01 9.589317320478577544e-01
-8.921715394999082949e-02 -4.653382608045510821e-02 9.949245712472066794e-01
6.764751965255576260e-03 -2.814345892116241754e-01 9.595565695289979269e-01
4.997980942515326680e-02 -5.488822725087956211e-01 8.344041404352451341e-01
7.593109578632997216e-03 -8.237013646805316780e-01 5.669730209722112502e-01
-1.657203502082867930e-01 -9.779083105165201628e-01 1.274052657845008707e-01
-4.646488171443405868e-01 -8.153815756205303744e-01 -3.453322499633764142e-01
-7.677367007374301666e-01 -3.260720588175600732e-01 -5.515952962084238465e-01
-9.113741236056930317e-01 2.226731615741237846e-01 -3.461414016503856494e-01
-8.578924840277434294e-01 2.386968862635003852e-01 4.550211888877472299e-01
-6.333416104061398988e-01 2.977116103977255901e-01 7.143151976282399174e-01
-4.122778130066466207e-01 2.228611740214007375e-01 8.833798175282305820e-01
-2.388881919505480289e-01 8.947092306172532705e-02 9.669164315871624504e-01
-1.182805104565211457e-01 -7.007166391421254525e-02 9.905047616051688708e-01
-5.186617525604791945e-02 -2.534028835459435358e-01 9.659693983118241567e-01
-5.343334483225432169e-02 -4.630548230731871273e-01 8.847175303385516054e-01
-1.518052812813507624e-01 -6.758666656021987684e-01 7.212207754237683899e-01
-3.707488643256955374e-01 -8.042840874266713458e-01 4.644054115896250057e-01
-6.685948940128960682e-01 -7.181302253899877197e-01 1.930540004281746380e-01
-9.132715665149782058e-01 -4.006953506186886060e-01 7.333676968631819282e-02
-9.818109811677420140e-01 -1.668758232114869733e-02 1.891262061551555740e-01
-6.814242911580080664e-01 5.415241008171398085e-02 7.298824918450751431e-01
-5.155092535669095755e-01 1.223590018581871830e-01 8.481028735662669016e-01
-3.486731445790252071e-01 1.026301511786734677e-01 9.316083352560040609e-01
-2.142621711228337722e-01 2.941945464161274323e-02 9.763330465134453240e-01
-1.219327755467519564e-01 -7.517917923115779999e-02 9.896870663282986147e-01
-7.759746865605697541e-02 -2.021468637271169322e-01 9.762762305533265739e-01
-9.358699608256625113e-02 -3.447054563399125637e-01 9.340340585511849314e-01
-1.877460466432250563e-01 -4.823493698751363246e-01 8.556228768276844532e-01
-3.654797285156707320e-01 -5.637062715305853899e-01 7.407157399983756996e-01
-5.833199601182851302e-01 -5.213046722824922208e-01 6.228798140768208036e-01
-7.464077245045145359e-01 -3.453026247949894656e-01 5.688950747807317576e-01
-7.792516691590715139e-01 -1.181892227994736227e-01 6.154657941158779844e-01
-4.501794407879872728e-01 -1.064709355381292591e-02 8.928746331320498442e-01
-3.562631840252455384e-01 4.181135187629004407e-02 9.334497064986011505e-01
-2.544436456052854845e-01 4.238202342742434375e-02 9.661584731819515826e-01
-1.661453068421483714e-01 3.248628925311203026e-03 9.860959301327140158e-01
-1.019050575396372449e-01 -6.240779906264588145e-02 9.928346417525426570e-01
-6.964897741519440744e-02 -1.440079032733919129e-01 9.871224563041250954e-01
-7.907865764939296660e-02 -2.311514319052843103e-01 9.696987065230419089e-01
-1.395504494137783102e-01 -3.081685166884987059e-01 9.410408266332422889e-01
-2.492973383399546550e-01 -3.491343603416990904e-01 9.033028481773792695e-01
-3.794097962249970979e-01 -3.257347184347263447e-01 8.659937065214891039e-01
-4.769154311532403101e-01 -2.349622973266544401e-01 8.469618588596545816e-01
-5.008437662636431309e-01 -1.130879881180470586e-01 8.581180738908732453e-01
-2.342076612706953942e-01 1.176056252182014830e-02 9.721154563997783660e-01
-2.019157861205538307e-01 4.071434827844415405e-02 9.785562616220702115e-01
-1.561318528241917580e-01 3.862926653021316742e-02 9.869805592314736531e-01
-1.075676719629019840e-01 1.008802373072506010e-02 9.941465826152899865e-01
-6.456894262906219539e-02 -3.613318537230318650e-02 9.972588653716986107e-01
-3.492196929329200589e-02 -8.980000109958846677e-02 9.953473845162819078e-01
-2.656415925170521261e-02 -1.402368926203989841e-01 9.897615669399389970e-01
-4.584640433903834633e-02 -1.763612664458427681e-01 9.832572455399871680e-01
-9.287126924440003428e-02 -1.868958808218749157e-01 9.779799880778333732e-01
-1.557791908721734286e-01 -1.638367616101584212e-01 9.741100344604468608e-01
-2.117946528383456428e-01 -1.103202142150093296e-01 9.710676986517678966e-01
-2.401123573096766439e-01 -4.400267434734099481e-02 9.697472972468920149e-01
-4.260116617445276060e-02 9.753065923383716362e-02 9.943203262278432764e-01
-6.552365029735628121e-02 1.012203257386146693e-01 9.927039321514778969e-01
-6.693433156657044303e-02 8.090105765238631008e-02 9.944721283819456525e-01
-4.931273892077115556e-02 4.330534026221465743e-02 9.978441267475437471e-01
-1.881359828434153725e-02 -2.744805905735068878e-03 9.998192409431517769e-01
1.720788592403656517e-02 -4.721789549415628812e-02 9.987363811372799161e-01
5.135063799585683209e-02 -7.976208902264474154e-02 9.954903922852613718e-01
7.646051541197994295e-02 -9.120905913427260203e-02 9.928920873462401264e-01
8.570092690108703504e-02 -7.601652983065365632e-02 9.934167495673593695e-01
7.389855613764384490e-02 -3.578008256140750160e-02 9.966236948280582375e-01
4.136500155895813519e-02 1.816592169374990975e-02 9.989789466926005668e-01
-2.661561866978922036e-03 6.775589380483393320e-02 9.976983787413059579e-01
1.330697485858999551e-01 2.400263645380903144e-01 9.616027175179672204e-01
4.977723191622487886e-02 2.148796247998724374e-01 9.753711980720406460e-01
4.212834857446824850e-03 1.608387388408910323e-01 9.869717078572126656e-01
-1.714478704938322742e-03 9.526859076467464327e-02 9.954501274180196368e-01
2.513512582773171772e-02 3.035009810062702998e-02 9.992232468246592392e-01
7.677074313582089859e-02 -2.405898040540316654e-02 9.967584554244709460e-01
1.459999120708565523e-01 -5.762423271706852007e-02 9.876049177070033158e-01
2.238035893702655654e-01 -5.902118125646158703e-02 9.728455445486461350e-01
2.937218762178338549e-01 -1.942558217390878347e-02 9.556935210557835347e-01
3.298423306455419701e-01 5.810125180785848803e-02 9.422464016661672437e-01
3.089965922910262175e-01 1.498253538019570230e-01 9.391876645860598449e-01
2.326757733627311253e-01 2.188271725141277546e-01 9.476163005455189303e-01
2.870105556388155010e-01 4.427853187002956381e-01 8.494504708901698953e-01
1.323906595599043945e-01 3.792433902760810049e-01 9.157768091588198711e-01
4.517170697687671738e-02 2.716617631818438183e-01 9.613320983477557924e-01
2.428928784246489961e-02 1.581380166555853561e-01 9.871182290812154925e-01
5.689557832564268169e-02 5.546831571036183600e-02 9.968380806926313564e-01
1.330486942058319022e-01 -2.885475835893412319e-02 9.906893801239218256e-01
2.471897968505818166e-01 -8.551015595687232185e-02 9.651866231776601301e-01
3.905146064219989777e-01 -9.635388689365705084e-02 9.155404254600024716e-01
5.350842779756007639e-01 -3.629265045710878407e-02 8.440187551150848400e-01
6.248458755861682201e-01 1.031361992357338192e-01 7.739060383342454275e-01
6.043700029637504301e-01 2.804491975851090557e-01 7.457111686781737747e-01
4.707438966606592445e-01 4.132925946717973531e-01 7.794802210102659279e-01
3.659855803696931420e-01 6.953883295026591638e-01 6.184574570276034633e-01
1.483168591068395603e-01 5.812894196036769712e-01 8.000654472988383281e-01
3.750603893598763311e-02 3.999794923146737791e-01 9.157563555722856297e-01
1.834721619147105034e-02 2.214981177788925004e-01 9.749881863275361438e-01
6.753647100972953732e-02 6.562766404157156785e-02 9.955560430213109546e-01
1.733026931917453495e-01 -6.769970219382850929e-02 9.825390205254447284e-01
3.343653498287675885e-01 -1.742331595270780742e-01 9.261979372440390934e-01
5.461863682781821216e-01 -2.260069499986125940e-01 8.065986050443652022e-01
7.690057581964107047e-01 -1.628062323197446148e-01 6.181620132121807831e-01
9.054666110098885667e-01 6.093666539825844802e-02 4.200201651779185141e-01
8.618959646563260080e-01 3.829066929562636723e-01 3.324421913634146852e-01
6.450509357483030781e-01 6.369891737200734649e-01 4.220830283884298151e-01
2.606438509862598618e-01 9.247487686377988680e-01 2.773166021819543081e-01
4.716769291949643450e-02 7.686527624528564084e-01 6.379248698070052459e-01
-3.620856433564884763e-02 5.135718437445859763e-01 8.572822762554553888e-01
-2.459273728822829880e-02 2.690379313196524791e-01 9.628155528364578108e-01
5.191502955819022463e-02 5.634471401071113744e-02 9.970607318057838064e-01
1.825894223756532875e-01 -1.366777142783867638e-01 9.736428016762749271e-01
3.704896404503400520e-01 -3.166273893372200110e-01 8.732035974733867167e-01
6.144789813604555340e-01 -4.482773666593192763e-01 6.492018053018987489e-01
8.635676399996553565e-01 -4.208679724410853695e-01 2.777068254814623605e-01
9.852725010300040775e-01 -1.184264828064772318e-01 -1.233420726436826736e-01
8.731855465500248936e-01 3.832269738478955023e-01 -3.011379879916866176e-01
5.794304475382812125e-01 8.061748367635062085e-01 -1.197601312421358588e-01
