7.380440274757431307e-02 -4.510568054115333264e-02 9.962521707469386145e-01
1.105103754500495750e-01 -1.040446421677543726e-01 9.884139665919777773e-01
1.298192644278859109e-01 -1.292373330568117318e-01 9.830791780562520010e-01
1.293789924384806389e-01 -1.225123605524619796e-01 9.839978647475301488e-01
1.107417538311072369e-01 -9.345477301308408036e-02 9.894455363280001414e-01
7.884505891165492775e-02 -5.178952255726035347e-02 9.955407083783625044e-01
4.095739161863994060e-02 -5.368105809482543248e-03 9.991464735021211574e-01
5.519589443526240133e-03 3.909330026486294157e-02 9.992203200530216378e-01
-1.893772506796424435e-02 7.427507200964719725e-02 9.970579603248156397e-01
-2.515576663283869419e-02 9.074014166906832490e-02 9.955568361951623313e-01
-9.158486505716519413e-03 7.751184020930236562e-02 9.969493651897718411e-01
2.729966177614113337e-02 2.819618194254569499e-02 9.992295551026872946e-01
1.201397380167845280e-01 -5.051926725276989494e-03 9.927441369182943287e-01
1.469150595450020302e-01 -5.796581909670490279e-02 9.874492032987287615e-01
1.558141458323774320e-01 -8.658875073281652179e-02 9.839839125742534387e-01
1.478806681424963965e-01 -8.834654470224521938e-02 9.850513672031528944e-01
1.260953888882076490e-01 -6.865887770991749295e-02 9.896392834830768370e-01
9.517281571499386361e-02 -3.491202801022957186e-02 9.948483730946835468e-01
6.152552971200717785e-02 5.916636809794265789e-03 9.980879733782894725e-01
3.270252648938916373e-02 4.722368356747430607e-02 9.983488711225478873e-01
1.635507110812516041e-02 8.163373795205089434e-02 9.965281955253255664e-01
1.855730728736774277e-02 1.000075406596204336e-01 9.948136097567975566e-01
4.127391095025575996e-02 9.248324510759887984e-02 9.948584389999464150e-01
7.954489826700833488e-02 5.413879211625390042e-02 9.953600355388367849e-01
1.288341429848369191e-01 1.396317827033435703e-02 9.915678460166716945e-01
1.489284458152472790e-01 -2.992348042231603514e-02 9.883951149952783233e-01
1.535312156306666287e-01 -5.768192166199470616e-02 9.864587988053246104e-01
1.441395288097518101e-01 -6.424922854477398138e-02 9.874694085722623971e-01
1.238998283570471870e-01 -5.167214192517646104e-02 9.909484458244490757e-01
9.706843074386679870e-02 -2.516894228877889286e-02 9.949594183166117212e-01
6.916577067109376531e-02 9.197113816333441633e-03 9.975627846230987750e-01
4.663811260395391706e-02 4.509242392320520626e-02 9.978935613368767887e-01
3.583022944168733764e-02 7.547694358077776389e-02 9.965036004179369522e-01
4.126503594143957759e-02 9.229525982198288903e-02 9.948762645791906500e-01
6.335725385254524500e-02 8.784512410753353429e-02 9.941172428615716594e-01
9.642040263382395393e-02 5.919452385115569343e-02 9.935789421590794923e-01
1.081722558751966046e-01 9.504440768669627365e-03 9.940867309568572896e-01
1.243877526523619187e-01 -2.575889678774302347e-02 9.918992722178974208e-01
1.289684273951649252e-01 -4.955330854133560559e-02 9.904098214112602161e-01
1.223349285544397258e-01 -5.650022317827647911e-02 9.908793519074085010e-01
1.066613192187198939e-01 -4.705855823638326052e-02 9.931811793823311918e-01
8.533714421537548500e-02 -2.515603576906209199e-02 9.960345102864471833e-01
6.296884440367864211e-02 3.822327698507800142e-03 9.980081735363238726e-01
4.496749609962940458e-02 3.393514019066640880e-02 9.984119042533066146e-01
3.649830114211317228e-02 5.879973232826798957e-02 9.976023584032535085e-01
4.093126539747639347e-02 7.180680680228870849e-02 9.965783531714014210e-01
5.813398990038614461e-02 6.751447246580348505e-02 9.960232101843758956e-01
8.339796895515100283e-02 4.472701855798707354e-02 9.955120655145975883e-01
6.981771438360112603e-02 -1.445000066579041863e-02 9.974551038713392881e-01
8.485332502989313685e-02 -4.305424091311823437e-02 9.954628298288292765e-01
9.207989931000981620e-02 -6.146486238406494163e-02 9.938527873055795769e-01
9.031590375752641953e-02 -6.531043701874808538e-02 9.937693818712857174e-01
8.021783560559002380e-02 -5.508774670197849610e-02 9.952539570451586215e-01
6.407917757979435247e-02 -3.450455537918033222e-02 9.973481311251586323e-01
4.568176510098574672e-02 -8.738026917396243473e-03 9.989178260611655258e-01
2.970247237159055406e-02 1.657123002224865707e-02 9.994214113528506749e-01
2.062603876512701315e-02 3.574185651780527329e-02 9.991481803103845483e-01
2.141983292155357280e-02 4.356592348885866134e-02 9.988209054020840139e-01
3.234159467776682312e-02 3.661362755982072725e-02 9.988060189699281555e-01
5.038219683691085027e-02 1.535187516668201115e-02 9.986120138325846884e-01
2.337050312072067385e-02 -5.045833452293650712e-02 9.984526909478611545e-01
4.011909859726893457e-02 -7.494679687935135171e-02 9.963801661842511814e-01
5.203967611323725984e-02 -8.796578318421575948e-02 9.947632346940195047e-01
5.606608661685578976e-02 -8.666448821291013183e-02 9.946586652788266258e-01
5.121719811391969857e-02 -7.265572310496949682e-02 9.960411359563702272e-01
3.877661579047603224e-02 -5.034466440235213502e-02 9.979788518972225742e-01
2.199660111325942718e-02 -2.524885614763612909e-02 9.994391651335441384e-01
5.283810035208156598e-03 -2.989085368110271264e-03 9.999815731902644833e-01
-6.935244099443947131e-03 1.124099998682984332e-02 9.999127673494991875e-01
-1.134457197554723448e-02 1.333348279398987452e-02 9.998467477184391772e-01
-6.604136263996366468e-03 1.535665134584542155e-03 9.999770132942175094e-01
6.179725215741603030e-03 -2.193917444027482580e-02 9.997402080646052847e-01
-2.382026129214017199e-02 -8.979958644308991267e-02 9.956749617353273241e-01
-2.305977625253718879e-03 -1.130716416878189412e-01 9.935841616658697140e-01
1.624216851090351174e-02 -1.217645537368826081e-01 9.924261108089479366e-01
2.649423654430311387e-02 -1.145728440879206778e-01 9.930614879389294547e-01
2.590928919027530794e-02 -9.484661061219680500e-02 9.951546760122602642e-01
1.512087310211048322e-02 -6.835444858685653380e-02 9.975465044572856543e-01
-2.657298613250894722e-03 -4.143139921000515979e-02 9.991378172822225068e-01
-2.275237400269463847e-02 -2.001498472211587706e-02 9.995407594809436747e-01
-4.023359358817766435e-02 -9.170603230578770748e-03 9.991482162238254361e-01
-5.086536563766680397e-02 -1.239685298912624779e-02 9.986285759052513367e-01
-5.175635177175353513e-02 -3.026771038470778274e-02 9.982009545974659392e-01
-4.201334155774955753e-02 -5.886757122323135749e-02 9.973813153400827858e-01
-6.498530930574465680e-02 -1.238394346047098221e-01 9.901720577814959734e-01
-3.583299502834001726e-02 -1.492454266941820873e-01 9.881506965428871192e-01
-8.992937608204338781e-03 -1.555233899933425312e-01 9.877912746315098413e-01
7.506229076035798864e-03 -1.427369196662010842e-01 9.897322002891868475e-01
9.806732972134761875e-03 -1.163660848911031304e-01 9.931579744811690480e-01
-1.532280832098370255e-03 -8.397627962277387503e-02 9.964665757445395622e-01
-2.272778726334851243e-02 -5.300873694416567694e-02 9.983353752591289654e-01
-4.833860118702230230e-02 -2.995331780754042703e-02 9.983817798756045025e-01
-7.255219965722374542e-02 -2.012593008433741920e-02 9.971615341874573435e-01
-8.993300053351466206e-02 -2.708070974760499322e-02 9.955795752096235907e-01
-9.581382578203168077e-02 -5.105941078073674561e-02 9.940888528496272247e-01
-8.715656784313625949e-02 -8.691928842811562361e-02 9.923954705564383971e-01
-9.212287133463906152e-02 -1.450632615682755644e-01 9.851243711939293712e-01
-5.341983724263814348e-02 -1.763361309263868359e-01 9.828793872693109002e-01
-1.774887554794602265e-02 -1.826697518455335512e-01 9.830141093480685432e-01
4.030524749494199949e-03 -1.654052162781643187e-01 9.862174553809910371e-01
7.302481149116492147e-03 -1.324843063143797406e-01 9.911582024831245841e-01
-6.715807765084882454e-03 -9.344477735692245657e-02 9.956018137341710039e-01
-3.308983347437199907e-02 -5.681935168697734018e-02 9.978359705855803785e-01
-6.526369494154225792e-02 -2.964959596535904005e-02 9.974274668273790390e-01
-9.642445901611725045e-02 -1.777044605822742165e-02 9.951816592715307941e-01
-1.200267571883462669e-01 -2.555986117616859329e-02 9.924415706002310822e-01
-1.298101643726495835e-01 -5.421917049352509982e-02 9.900553533901673697e-01
-1.205758004159737384e-01 -9.857457401299483946e-02 9.877978182361604187e-01
-9.527766545023919065e-02 -1.481651462681493614e-01 9.843623600573165877e-01
-4.745336720996245344e-02 -1.886148316262421520e-01 9.809039826766522419e-01
-5.065342564917406712e-03 -1.974393034170500438e-01 9.803020268115593128e-01
1.904724833637285591e-02 -1.775261208667190116e-01 9.839317449603777188e-01
2.055592623273799074e-02 -1.394399640099999726e-01 9.900171464846599934e-01
2.036943678791750499e-03 -9.442361448855496331e-02 9.955300256081502930e-01
-3.011460503753737167e-02 -5.169137142726456385e-02 9.982089524159747373e-01
-6.816658198402680835e-02 -1.855630452749970974e-02 9.975013687523840433e-01
-1.044306944214093841e-01 -1.430795782712969855e-03 9.945311372130100080e-01
-1.316680746333580287e-01 -6.178373367861489558e-03 9.912746066679787305e-01
-1.428040198399966043e-01 -3.647633009456376085e-02 9.890786062090529684e-01
-1.311622523765158532e-01 -8.910875066619336482e-02 9.873480106355498886e-01
-6.493626421931623927e-02 -1.309242218717684703e-01 9.892634278677149284e-01
-1.246959941403888612e-02 -1.815532765854784569e-01 9.833020476188853998e-01
3.037007818036406223e-02 -1.945896093130424220e-01 9.804144747496795764e-01
5.131481913334048905e-02 -1.748027100849602056e-01 9.832653771410205801e-01
4.767029054655735898e-02 -1.347246785024416582e-01 9.897357245253763924e-01
2.358805844746323169e-02 -8.634968865976909436e-02 9.959856097188573010e-01
-1.335271025175893342e-02 -3.886235114998853185e-02 9.991553546831642985e-01
-5.455416333594798051e-02 5.507372436923726328e-04 9.985106609101022102e-01
-9.170028354767159606e-02 2.503714222719093108e-02 9.954718476713968478e-01
-1.173129637131438696e-01 2.701152847616317479e-02 9.927275788826561698e-01
-1.247046223275500576e-01 -6.809281968186428960e-04 9.921936774173383267e-01
-1.077478743206275735e-01 -5.886201062579642790e-02 9.924342090458571075e-01
-8.186614263677673056e-04 -9.434814352704497253e-02 9.955389282225681757e-01
4.753464503812659253e-02 -1.520607478653101252e-01 9.872274238896411314e-01
8.141817790323471749e-02 -1.705814321020017732e-01 9.819740604155904329e-01
9.282030263766394285e-02 -1.551531979877305012e-01 9.835201454838004009e-01
8.140354433877093621e-02 -1.181101683078576575e-01 9.896582496555800246e-01
5.219454338779209307e-02 -7.080395600341926610e-02 9.961237520785178878e-01
1.305506372085394468e-02 -2.181470150777407857e-02 9.996767898222740367e-01
-2.716586032246160604e-02 2.197551437519617776e-02 9.993893599598075994e-01
-5.980629498431955932e-02 5.344423717635636562e-02 9.967782705260904708e-01
-7.734290483719931386e-02 6.367570408748814137e-02 9.949690848364619589e-01
-7.432481249337354046e-02 4.255524844288505193e-02 9.963256862481316700e-01
-4.798411004699974780e-02 -1.502103207317429662e-02 9.987351469627064882e-01
1.322229061079806256e-01 1.704465190009121778e-02 9.910734498219896382e-01
2.199187588085041167e-01 -3.571346954754849728e-02 9.748642406084081502e-01
2.496168823426407612e-01 -5.326703770110779307e-02 9.668785005077610295e-01
2.328361412314171042e-01 -4.637589130268021664e-02 9.714095984919993709e-01
1.840755722070594458e-01 -2.747340523123705663e-02 9.825280635797561946e-01
1.163316633133315153e-01 -3.391793380522908040e-03 9.932046314070711590e-01
4.110789136048857012e-02 2.322846573418965374e-02 9.988846678408470625e-01
-3.038981033770852408e-02 5.155593123451719662e-02 9.982076163714964645e-01
-8.572233301454347532e-02 8.017733342210883740e-02 9.930877488055817048e-01
-1.098497331896018392e-01 1.041002459438156447e-01 9.884817524428920477e-01
-8.543103937069228271e-02 1.112005517771098295e-01 9.901191720174192801e-01
6.185464496694756831e-04 8.313814566970338660e-02 9.965378397907168617e-01
1.524371670648050348e-01 1.046527277457913879e-01 9.827566925097156458e-01
2.201830651807475947e-01 5.321936203974121649e-02 9.740057070220853319e-01
2.412979570227290482e-01 1.944672743386152702e-02 9.702562139603725377e-01
2.242923007742246289e-01 6.672194401316087348e-03 9.744990742095656078e-01
1.806594077132120391e-01 9.929170639590133643e-03 9.834955973338677104e-01
1.210980510576472463e-01 2.427508584138549433e-02 9.923436815123811705e-01
5.583973535688010331e-02 4.676210003823504102e-02 9.973440880434385480e-01
-4.402630419880049391e-03 7.574495556448042344e-02 9.971175048868734514e-01
-4.751867326889878257e-02 1.089890035425073456e-01 9.929065277243471765e-01
-5.975494748783916066e-02 1.408655188380780743e-01 9.882237863222700369e-01
-2.811302117099058820e-02 1.595520864166718455e-01 9.867891313552327182e-01
5.071094347521544476e-02 1.490124263545220817e-01 9.875341497912066835e-01
1.381514325130266119e-01 1.272443805454342991e-01 9.822031609164605381e-01
1.897492290015254657e-01 8.583348076652559666e-02 9.780735369453943395e-01
2.082473543893491874e-01 5.098526923621609502e-02 9.767464060392914149e-01
1.966424701758702487e-01 3.129975930767076031e-02 9.799755425471404768e-01
1.625788285514356279e-01 2.708980948548771889e-02 9.863236115641067503e-01
1.145818482902796059e-01 3.565519673157589720e-02 9.927737441070360047e-01
6.171167318604126040e-02 5.425631540529189667e-02 9.966182426743642742e-01
1.384908056657787635e-02 8.058251455499872151e-02 9.966517251855738779e-01
-1.825053101725488888e-02 1.115614870100600370e-01 9.935899318802415836e-01
-2.380277114741137512e-02 1.413618225635647208e-01 9.896717957015758182e-01
4.892127881385302003e-03 1.600932595760119204e-01 9.870897706506615021e-01
6.563101801008659753e-02 1.564969390347079603e-01 9.854954477559124681e-01
1.098365828213537093e-01 1.003176682436379419e-01 9.888742541457723467e-01
1.494783227358441324e-01 6.926789377335798581e-02 9.863357389471431036e-01
1.670639303169547396e-01 4.151927956041770451e-02 9.850714657382950712e-01
1.616139162813627073e-01 2.493025652032970774e-02 9.865391144674136026e-01
1.371805843098891919e-01 2.121835454224996892e-02 9.903187712646015495e-01
1.001509935562112930e-01 2.868903110708780069e-02 9.945585543263955053e-01
5.836573973493505013e-02 4.476294550621730955e-02 9.972911907436609047e-01
2.066033332185026467e-02 6.679358764711923468e-02 9.975528894630801835e-01
-3.850010844879578689e-03 9.144407098859508309e-02 9.958027712843080526e-01
-7.184245389518344356e-03 1.135655600022788952e-01 9.935045295314577363e-01
1.482025504527530527e-02 1.259898553661531195e-01 9.919208216310693160e-01
5.854450464802408299e-02 1.219801694455827784e-01 9.908044101827220285e-01
7.884633367460408548e-02 4.208294188585433304e-02 9.959981333658913805e-01
1.116422976997352295e-01 1.955537831548813041e-02 9.935560298962897718e-01
1.293766618244623912e-01 1.934894264735292219e-03 9.915936342874549503e-01
1.288626706061455629e-01 -5.964781584929270547e-03 9.916445096429168382e-01
1.116203729223202573e-01 -3.752749454533125216e-03 9.937438348086206075e-01
8.236987280792436306e-02 6.371156806994005689e-03 9.965814630097055149e-01
4.796486984859213432e-02 2.154131811217373585e-02 9.986167146980298170e-01
1.639412381280933376e-02 3.893936960288200966e-02 9.991070804470197908e-01
-4.424597330141609094e-03 5.546438763067976924e-02 9.984508624078974881e-01
-8.209367417556274679e-03 6.723898001475567265e-02 9.977031251094555797e-01
7.652805972196708925e-03 7.001294401951703439e-02 9.975167277948242539e-01
3.994554181615825317e-02 6.113445871899202827e-02 9.973299011090682731e-01
4.930732052030689649e-02 -3.233858151446961787e-02 9.982599883239534622e-01
8.104861407387382866e-02 -4.810002229747380176e-02 9.955488486315693386e-01
1.009232716174350841e-01 -5.485396185454521900e-02 9.933808615606372072e-01
1.042341176550736076e-01 -5.146627192562441833e-02 9.932202533027068014e-01
9.105171697527972285e-02 -4.027144573221846935e-02 9.950315550244359653e-01
6.529102476627590690e-02 -2.502731501612102949e-02 9.975523623289624942e-01
3.345060510985372465e-02 -9.331786907881139959e-03 9.993968054635329334e-01
3.252561601652533517e-03 3.821938019148371675e-03 9.999874067371670172e-01
-1.777652603077163607e-02 1.177691419327321111e-02 9.997726238571905677e-01
-2.379353507980698154e-02 1.211445704285462992e-02 9.996434902599354855e-01
-1.223005839082952871e-02 3.462316743206647705e-03 9.999192157541871850e-01
1.468512107452663550e-02 -1.290235559593914776e-02 9.998089199638044988e-01
2.220680016152265859e-02 -1.105386076457876704e-01 9.936237085769814570e-01
5.921893803196007222e-02 -1.210025277510901609e-01 9.908842039593532824e-01
8.426544870692424805e-02 -1.169612314783160523e-01 9.895551548474745829e-01
9.096551978198019750e-02 -1.012305074798092175e-01 9.906955428213858328e-01
7.884272062641675682e-02 -7.954663169572839809e-02 9.937082865660653574e-01
5.209043748082904657e-02 -5.773960990691844042e-02 9.969717768176011852e-01
1.774537059236863668e-02 -4.034434386292490293e-02 9.990282457172819930e-01
-1.599284189920531854e-02 -3.055855396261557971e-02 9.994050248961789951e-01
-4.115421005563642959e-02 -3.064908615840326520e-02 9.986826145039230385e-01
-5.121795921740562169e-02 -4.179211078390995121e-02 9.978126778758268367e-01
-4.244061887138472072e-02 -6.280377831401824651e-02 9.971231013768276918e-01
-1.561280383259518872e-02 -8.852507695831962620e-02 9.959515807035781432e-01
-1.653778063450350071e-03 -1.811170371947164182e-01 9.834601587537820100e-01
4.747299483208004822e-02 -1.880043566775723152e-01 9.810202223358994722e-01
8.129278572664042080e-02 -1.737414229083729111e-01 9.814302832878668559e-01
9.126932820097076460e-02 -1.455486822855390217e-01 9.851322199658342216e-01
7.739992505171543191e-02 -1.129861169776329999e-01 9.905773008565813553e-01
4.542578901342974457e-02 -8.400920691084261260e-02 9.954290285333442512e-01
3.864625393632784359e-03 -6.392800913039298205e-02 9.979470298162774755e-01
-3.797435786272640446e-02 -5.604982682992794979e-02 9.977055502788544361e-01
-7.108809287967735036e-02 -6.247052944251270390e-02 9.955118864192107342e-01
-8.744790879150372842e-02 -8.379723797658890361e-02 9.926383461036623057e-01
-8.096088312246102481e-02 -1.172232740726410483e-01 9.897999997069272249e-01
-4.995759906901519470e-02 -1.540697891333857317e-01 9.867961990054379129e-01
-1.920391970150958985e-02 -2.320110480579355428e-01 9.725235642631807620e-01
4.887068669115430392e-02 -2.380601156550584685e-01 9.700201221194943990e-01
9.440713966835781457e-02 -2.150387790507282404e-01 9.720316946910845246e-01
1.068571597611517598e-01 -1.754827906015896388e-01 9.786661011858835968e-01
8.834474755585274008e-02 -1.330510386341711981e-01 9.871639310152702240e-01
4.754707232391901933e-02 -9.735774046105404034e-02 9.941130450234266780e-01
-4.841425035024099835e-03 -7.387277990646844150e-02 9.972559215128486976e-01
-5.815765892448669649e-02 -6.568117350981614311e-02 9.961444022604364346e-01
-1.022321558877662684e-01 -7.494442860901431858e-02 9.919334246425159929e-01
-1.271792505791465855e-01 -1.028027202927058181e-01 9.865379054666479908e-01
-1.235505922802070528e-01 -1.468094766878016710e-01 9.814184778685826060e-01
-8.532094423416190787e-02 -1.963431442552317496e-01 9.768161066336330522e-01
-2.245218418687145237e-02 -2.493027220665936794e-01 9.681653021026097594e-01
6.897811770105743978e-02 -2.587948299156888066e-01 9.634662709650479995e-01
1.257201103595732561e-01 -2.302516499153300367e-01 9.649759746037600561e-01
1.375889697915693155e-01 -1.828467312745336304e-01 9.734661515707873081e-01
1.113005007398029655e-01 -1.339858486955679828e-01 9.847131515747483688e-01
5.943046167080301423e-02 -9.375496486590290113e-02 9.938199166793935113e-01
-5.173769663703301457e-03 -6.679867016786583678e-02 9.977530605171492928e-01
-7.081993795213846477e-02 -5.545384368866909663e-02 9.959464883259291357e-01
-1.265003256745216575e-01 -6.198756712366583488e-02 9.900278830044769718e-01
-1.607194854996026878e-01 -8.918832782966845674e-02 9.829622012873333592e-01
-1.604365228132424714e-01 -1.379917344031922899e-01 9.773527527888041799e-01
-1.132203613924773478e-01 -2.000147454954070148e-01 9.732292902244377153e-01
2.704377903282870373e-03 -2.172980745246972378e-01 9.761015485839442674e-01
1.132903734364777704e-01 -2.356272212987942372e-01 9.652176458548421545e-01
1.730761975938160946e-01 -2.084318119275552494e-01 9.626010646177119989e-01
1.781836785457041605e-01 -1.613062446082076107e-01 9.706857741567693765e-01
1.416308250170846550e-01 -1.131738482427632891e-01 9.834288939618410774e-01
7.908011319425997665e-02 -7.290535851645645049e-02 9.941987449181645120e-01
4.357172005000697207e-03 -4.359532373647402592e-02 9.990397703797675444e-01
-7.057761701913053964e-02 -2.649132396471318152e-02 9.971544563057659349e-01
-1.342758451106445539e-01 -2.367291265391632121e-02 9.906611886140974654e-01
-1.740689598788322245e-01 -3.978566905996752667e-02 9.839294170539042428e-01
-1.742783045479397996e-01 -8.164895397436236490e-02 9.813055186224179938e-01
-1.165073800940143317e-01 -1.500403097343465664e-01 9.817911874927882643e-01
6.569843690787673107e-02 -1.229360950639769301e-01 9.902375633747358963e-01
1.753626996432086638e-01 -1.559580532774083872e-01 9.720725328861770098e-01
2.228537732679836125e-01 -1.438786469776930921e-01 9.641758816129716303e-01
2.154390021806956990e-01 -1.110208997769180916e-01 9.701857534266929983e-01
1.695293237774812001e-01 -7.385371479848659715e-02 9.827540064481393722e-01
1.006114797697980762e-01 -3.954895852033880888e-02 9.941394318798665308e-01
2.169946603740776844e-02 -1.025944065605587097e-02 9.997118970238744184e-01
-5.559378344130414679e-02 1.346340378103492823e-02 9.983626936145321151e-01
-1.193520942407094582e-01 3.006240204071883304e-02 9.923967601639274161e-01
-1.556114771464787994e-01 3.425009753693370601e-02 9.872243914121163755e-01
-1.471909155626007493e-01 1.446284979376744051e-02 9.890023560899784405e-01
-7.499764224259056200e-02 -4.295131469545651615e-02 9.962582688359006289e-01
1.780160382757840221e-01 2.014315039920697159e-01 9.631903442809921501e-01
3.413418337103584776e-01 1.712048453995550223e-01 9.242156963993570784e-01
3.649408790006886671e-01 1.441885433853487830e-01 9.197977053627333088e-01
3.158769528832066631e-01 1.193324186722535263e-01 9.412659159296878908e-01
2.309964687728185972e-01 9.409869043654872645e-02 9.683935500986469158e-01
1.284018812299112799e-01 6.993375134576555741e-02 9.892533686166802287e-01
1.815029555970718023e-02 4.962056506490037516e-02 9.986032076324291573e-01
-9.198005737356587663e-02 3.708300435167222880e-02 9.950701079993405918e-01
-1.920592373455364266e-01 3.801685927145825872e-02 9.806467089433370532e-01
-2.636964302701509943e-01 5.998476315627499639e-02 9.627388123742701698e-01
-2.687054240582753550e-01 1.083779032902252443e-01 9.571058589101215652e-01
-1.364885993877201775e-01 1.706943928264936239e-01 9.758249261496138027e-01
1.033211527211595898e-01 3.198692552477939710e-01 9.418112331818655480e-01
2.370832181908887892e-01 2.821548863368351645e-01 9.296129128667849351e-01
2.783489187983205215e-01 2.250798619190206851e-01 9.337349383858282170e-01
2.559884197990042187e-01 1.730761195136122088e-01 9.510597172538526323e-01
1.956759705135398264e-01 1.314076291400216867e-01 9.718245466993550297e-01
1.136855394251997387e-01 1.007969249687632324e-01 9.883903975871649594e-01
2.094643472440872040e-02 8.243941569735593888e-02 9.963759278564607857e-01
-7.308677152608987482e-02 7.950371113038696980e-02 9.941516402160736066e-01
-1.566239565027440772e-01 9.723950518522629649e-02 9.828598144602267439e-01
-2.104707397632558930e-01 1.412964831783647957e-01 9.673351908955289957e-01
-2.026028179432689258e-01 2.111864359803851121e-01 9.562177510480851517e-01
-9.429202724830455795e-02 2.861400982986023744e-01 9.535370248411458860e-01
5.515591639301787447e-02 3.009835355279757430e-01 9.520329491294096114e-01
1.527079805152098957e-01 2.751996323135613709e-01 9.491814552874126010e-01
1.979479234703985513e-01 2.255893341118388462e-01 9.539004517918101556e-01
1.948266749428254341e-01 1.756412853940275687e-01 9.649832670030580317e-01
1.566727748396168907e-01 1.352658033957732653e-01 9.783439088867387223e-01
9.601896416689188751e-02 1.072828309877675579e-01 9.895810996050870001e-01
2.360511270135283793e-02 9.321156922365947395e-02 9.953664661908411260e-01
-5.018719639103071117e-02 9.559009690640157819e-02 9.941548062005656217e-01
-1.132003053038837942e-01 1.177233764517407466e-01 9.865733107660107359e-01
-1.491670714695974287e-01 1.611853892207078809e-01 9.755862109987701869e-01
-1.376301464074311809e-01 2.205412966826370280e-01 9.656187028312177567e-01
-6.355925013047439287e-02 2.770457010089544814e-01 9.587522627223220573e-01
3.805950129441588309e-02 2.210315218180816388e-01 9.745237507234302266e-01
1.061905931605454240e-01 2.051214079654245237e-01 9.729587688686442970e-01
1.451476359800844551e-01 1.726861800725460194e-01 9.742236124121257390e-01
1.499855455483595223e-01 1.382258400706971591e-01 9.789780146986264420e-01
1.258451064268419073e-01 1.097005186747126160e-01 9.859659250657752949e-01
8.133245451856239983e-02 9.011268760060539562e-02 9.926050248590176928e-01
2.602675734666915972e-02 8.113534106698651327e-02 9.963632190782409914e-01
-2.989913106065761675e-02 8.477278029632903666e-02 9.959516141272749534e-01
-7.532792543891735082e-02 1.027943787099497852e-01 9.918462680046412627e-01
-9.804881429545241056e-02 1.345548858786525248e-01 9.860433117776298273e-01
-8.658004611998584843e-02 1.740321658557216489e-01 9.809264502813025421e-01
-3.668902841948847721e-02 2.082641472541332250e-01 9.773842438683644218e-01
4.168380909246092308e-02 1.155672264779428610e-01 9.924246451109776102e-01
9.147165952336873407e-02 1.076388227424051880e-01 9.899731407177886355e-01
1.221389453699223415e-01 9.295308729655353541e-02 9.881506978117634565e-01
1.274121802372127910e-01 7.760500188575297775e-02 9.888091828100183944e-01
1.090048829339653885e-01 6.476840179057664904e-02 9.919289236765017614e-01
7.320824128221928295e-02 5.557919904190179727e-02 9.957667930003689660e-01
2.858446837110457245e-02 5.106790550107233317e-02 9.982860297508771019e-01
-1.527048958562911979e-02 5.277599296989446409e-02 9.984896127220258544e-01
-4.851947752786833767e-02 6.189759578095430093e-02 9.969024766430919504e-01
-6.207747668477096858e-02 7.771541299685391646e-02 9.950410551687107752e-01
-4.966822868297356142e-02 9.637474312631968965e-02 9.941051131277490738e-01
-1.156408941460372770e-02 1.112477657835301975e-01 9.937254180326322572e-01
5.711937513635276242e-02 4.679811385780247241e-04 9.983672460461181508e-01
9.949684258829095962e-02 1.321333717002885289e-03 9.950370005141178087e-01
1.244323508487983621e-01 4.369153985413854434e-03 9.922184742059957374e-01
1.264690622750683502e-01 8.558634322819167958e-03 9.919336298694083620e-01
1.071081416174943235e-01 1.180979448287192320e-02 9.941772350810970105e-01
7.242976562678782315e-02 1.261045202128879134e-02 9.972937909919357136e-01
3.095129601291487023e-02 1.097273135227013439e-02 9.994606627785985742e-01
-7.872879023750450553e-03 8.130199189576640256e-03 9.999359567676796567e-01
-3.484630874954364188e-02 5.462807807874171286e-03 9.993777526527581889e-01
-4.240432486942308926e-02 3.556997680928044095e-03 9.990942002633462771e-01
-2.664404257893799796e-02 2.160776944997812310e-03 9.996426491692039784e-01
9.992578698796968431e-03 1.048899932017431386e-03 9.999495228158973292e-01
7.857104922801834423e-02 -1.155869974426094182e-01 9.901849505245690075e-01
1.240371452908809596e-01 -1.030976848177961591e-01 9.869071151700984368e-01
1.474620505868260989e-01 -8.078520980649218919e-02 9.857630006818358659e-01
1.445043708190900111e-01 -5.681322547156485159e-02 9.878718258082528347e-01
1.186911339192146392e-01 -3.827924568539185779e-02 9.921930830633725051e-01
7.794083824095014712e-02 -2.905915826804287769e-02 9.965343903022062522e-01
3.195780790765722496e-02 -2.986823477728168044e-02 9.990428354506155628e-01
-9.193398213852373504e-03 -3.949453894452756991e-02 9.991774931526971049e-01
-3.600095092944206182e-02 -5.601747682943077067e-02 9.977805238737211813e-01
-4.067756183444555529e-02 -7.701710992765224695e-02 9.961996289607999433e-01
-1.931611444044885675e-02 -9.843017927301263292e-02 9.949564751943688057e-01
2.473454860988323969e-02 -1.135151931628760602e-01 9.932283237132735199e-01
1.021668864997347798e-01 -2.248996673239311017e-01 9.690108703934762202e-01
1.620237931565976508e-01 -1.964357722213691537e-01 9.670373714821792754e-01
1.885126978883565341e-01 -1.518396959739468921e-01 9.702616500003558020e-01
1.790219620452879468e-01 -1.076287103127229194e-01 9.779402833618010549e-01
1.416473537488247281e-01 -7.534840271044032645e-02 9.870454120175909951e-01
8.816684652104019027e-02 -6.001420594064822006e-02 9.942961843735685923e-01
3.046496122268768994e-02 -6.210768539629706042e-02 9.976043913058099122e-01
-2.030629487054559645e-02 -8.003779100259166002e-02 9.965849719918833394e-01
-5.358778812219066462e-02 -1.114663961281620735e-01 9.923223223823635086e-01
-5.967264544085514044e-02 -1.525836203515487932e-01 9.864874120770310562e-01
-3.181695492820005300e-02 -1.951569534005182793e-01 9.802558058581122280e-01
2.803403774026581516e-02 -2.242563660530993985e-01 9.741268782928484971e-01
1.253076310034998697e-01 -3.161660551206733061e-01 9.403919519017833739e-01
2.128925761829452423e-01 -2.665467813094659077e-01 9.400157256024056496e-01
2.460585860687050652e-01 -1.964335551871687902e-01 9.491412068909068633e-01
2.273123039633886400e-01 -1.328883790515685004e-01 9.647122862179806635e-01
1.733820731068297927e-01 -9.026286853622934869e-02 9.807095754038277491e-01
1.016872131779839594e-01 -7.224856928746790918e-02 9.921894249144096456e-01
2.644784842347438006e-02 -7.753215777197013103e-02 9.966389897174731116e-01
-4.044075553459222649e-02 -1.036909615519969741e-01 9.937870646090181115e-01
-8.739145625801401918e-02 -1.485229178042119236e-01 9.850399363782423867e-01
-1.015759873984535960e-01 -2.084496167302561098e-01 9.727440958798094783e-01
-6.974162182750989758e-02 -2.731523024741737693e-01 9.594393810125891875e-01
1.340417669120943372e-02 -3.188146846699406733e-01 9.477222825733152556e-01
1.481156976586107954e-01 -3.679937212299254079e-01 9.179555333688065311e-01
2.772220030941588420e-01 -2.932109074802468629e-01 9.149728546438185006e-01
3.161484312808277020e-01 -1.980220760731475904e-01 9.278132499519398113e-01
2.831550626530792703e-01 -1.214706746167241308e-01 9.513506638995465892e-01
2.089270380486425160e-01 -7.618007058217565741e-02 9.749595322978398260e-01
1.166287223279446894e-01 -6.080734164431499111e-02 9.913123666787255761e-01
2.140155101710659521e-02 -7.070526894979071997e-02 9.972676363729062743e-01
-6.546940406022566661e-02 -1.023131598192529301e-01 9.925954737252105087e-01
-1.323937408266009363e-01 -1.540737193258002735e-01 9.791492155964296451e-01
-1.636193312220506624e-01 -2.248070220806217545e-01 9.605678098258502162e-01
-1.362717546214206599e-01 -3.073231712079436684e-01 9.417974715038448519e-01
-2.649812878564289029e-02 -3.733867745007350414e-01 9.272972370275158749e-01
1.788492971709534363e-01 -3.365931678613290345e-01 9.245095825628379949e-01
3.507088918375906306e-01 -2.417001864868337790e-01 9.047564827279387378e-01
3.837887752767731864e-01 -1.368250488108852525e-01 9.132278368455264417e-01
3.313605653930570272e-01 -6.599208941851741894e-02 9.411935081780313794e-01
2.382966133483947480e-01 -3.201180922033128318e-02 9.706647042811414883e-01
1.292908683744119769e-01 -2.633206046666375019e-02 9.912570271864749039e-01
1.758999934154740000e-02 -4.133992532686475707e-02 9.989902914929719158e-01
-8.763391162062177109e-02 -7.255980013696422537e-02 9.935066043756524135e-01
-1.760993448369782277e-01 -1.185250435108607669e-01 9.772107422703976143e-01
-2.309530250228835346e-01 -1.803785796004765962e-01 9.560984615896682692e-01
-2.205579912249402974e-01 -2.594951589462111130e-01 9.402214818809000452e-01
-9.119929927665566816e-02 -3.401835149550407889e-01 9.359262064737781106e-01
2.230928332740612363e-01 -1.419234460240795248e-01 9.644103500120048134e-01
3.988957353710724241e-01 -7.011320104524387808e-02 9.143119442192203516e-01
4.122162284987233583e-01 -6.241341443142410864e-03 9.110646665409412037e-01
3.472646967396160744e-01 2.575616051737309245e-02 9.374133829820031627e-01
2.479603529552822649e-01 3.215125850040662786e-02 9.682365206596659224e-01
1.343277911935333024e-01 2.245309298784197577e-02 9.906825440716818809e-01
1.655482452667308632e-02 3.414916448935320387e-03 9.998571278590179245e-01
-9.803491038230181809e-02 -2.040999901222845941e-02 9.949736621070096598e-01
-2.003304034645027043e-01 -4.571996082347163509e-02 9.786610315272705751e-01
-2.734408241913644511e-01 -7.084341151717071794e-02 9.592764600000536213e-01
-2.813390008924931407e-01 -9.975108615505101639e-02 9.544098110286305392e-01
-1.482515311599874319e-01 -1.441530953335305454e-01 9.783871261491310367e-01
1.919246897670368740e-02 6.376771000430190295e-01 7.700646500231336233e-01
3.124421667764359367e-01 6.091047763783640212e-01 7.289521683986383005e-01
3.546564423277757672e-01 4.923248953858591626e-01 7.948804974955073765e-01
3.034460445958340746e-01 3.689009415770854172e-01 8.785400351280111542e-01
2.124470083491720174e-01 2.533920175243061790e-01 9.437471875976296554e-01
1.014641903217990831e-01 1.487542576056829768e-01 9.836550151991240165e-01
-2.204867647357895699e-02 5.425646823935758450e-02 9.982835726986538649e-01
-1.559828409043696462e-01 -3.004045806807828164e-02 9.873028533446209787e-01
-2.995611827238661151e-01 -9.908330481621975550e-02 9.489181189711346498e-01
-4.481305399705757808e-01 -1.342695311873187136e-01 8.838273090035302371e-01
-5.765051601253152747e-01 -8.352731751765476997e-02 8.128130089861621554e-01
-5.603309247439228757e-01 1.633505718934068207e-01 8.120011363525431181e-01
-1.950534924783369761e-01 5.945311272208497755e-01 7.800556863695734533e-01
5.354837021126265112e-02 6.065018299830964299e-01 7.932768131459122518e-01
1.692568628138285125e-01 5.040905626697903541e-01 8.469030753384024779e-01
1.858859664075452334e-01 3.811574930050413146e-01 9.056298211845528190e-01
1.433358467606948572e-01 2.677297076192727276e-01 9.527726059723813368e-01
6.553846886867308041e-02 1.704488489814834362e-01 9.831845701490347089e-01
-3.513090753383180109e-02 9.058909127618292034e-02 9.952685245086805299e-01
-1.525053949083765570e-01 3.122004198792829865e-02 9.878094014039753290e-01
-2.815547831935615308e-01 1.518394238365103647e-03 9.595439534173262341e-01
-4.103148613012710388e-01 2.192678407784245942e-02 9.116802787903511840e-01
-5.019039323669094443e-01 1.275048786792571665e-01 8.554735230196256479e-01
-4.638173828759064032e-01 3.452354631939420493e-01 8.158957717106518626e-01
-2.024100729008565525e-01 4.550577435746464561e-01 8.671520122798750396e-01
-4.231157425100983555e-02 4.774060349081565291e-01 8.776634938959972931e-01
6.475269661099378182e-02 4.179882495465798153e-01 9.061417723085686271e-01
1.042549680812913937e-01 3.294411235164738661e-01 9.384026043051383326e-01
9.030979809319804319e-02 2.411574638411046190e-01 9.662749184378858214e-01
3.936460584440287791e-02 1.643610385434096655e-01 9.856144666225675754e-01
-3.636759869551087210e-02 1.040750146519874714e-01 9.939043158626089669e-01
-1.280354200355353356e-01 6.585703786263071013e-02 9.895806090361334295e-01
-2.266160676559394460e-01 5.867197981565770715e-02 9.722153859431604817e-01
-3.168162553032790041e-01 9.528783722852236793e-02 9.436883428610115532e-01
-3.688052738477423653e-01 1.872498663798284058e-01 9.104505244782857831e-01
-3.375263255298845411e-01 3.264917068251740884e-01 8.828811612831944933e-01
-1.386864840624536521e-01 3.092186529368924353e-01 9.408240450871803162e-01
-4.098485270275409320e-02 3.268602564240988273e-01 9.441835704031673604e-01
3.471303153398098279e-02 2.981863243849477429e-01 9.538762610482542925e-01
6.955713368216354109e-02 2.460829221006442802e-01 9.667497093893293592e-01
6.486232728677428228e-02 1.886518028552132686e-01 9.798996763844274316e-01
2.960372193973657279e-02 1.357124314436567170e-01 9.903058899142984650e-01
-2.625271004706364320e-02 9.358967117316151219e-02 9.952646726699931889e-01
-9.325799386021019211e-02 6.869442645130281744e-02 9.932693604233115980e-01
-1.613021302141408320e-01 6.829773823486877393e-02 9.845389996035760483e-01
-2.170018608610637112e-01 9.881088393481053667e-02 9.711573516165907805e-01
-2.417926225854486466e-01 1.609877939325859708e-01 9.568799600096109526e-01
-2.164526898692568369e-01 2.418847856957951903e-01 9.458541026486778636e-01
-5.296972414542141377e-02 1.678510438718458508e-01 9.843882543971064214e-01
8.766007628925428369e-03 1.836890110570313928e-01 9.829453211278305069e-01
5.584165653794472689e-02 1.772891150530262749e-01 9.825732945072954694e-01
7.568516226153675086e-02 1.555436999699682243e-01 9.849253340295228698e-01
6.744055525671244222e-02 1.257014653712560381e-01 9.897731624520366145e-01
3.696912855115527807e-02 9.343189864530680733e-02 9.949390754461648889e-01
-7.299378513703883714e-03 6.427678024914947053e-02 9.979054136511713580e-01
-5.621870439080757509e-02 4.446855712164947405e-02 9.974276939729473934e-01
-1.002716237880696276e-01 4.011111148016507227e-02 9.941512461384456323e-01
-1.293724115973753919e-01 5.510240651306069770e-02 9.900638888041537466e-01
-1.335549618828321128e-01 8.832949957745886427e-02 9.870972452908978179e-01
-1.066286491571534767e-01 1.311810248804966827e-01 9.856073609151793091e-01
4.099307003027088253e-02 3.137301247304700308e-02 9.986667623876250843e-01
8.521468344906382719e-02 5.385373493543230139e-02 9.949061427884501319e-01
1.110537713231726231e-01 6.866179139673289633e-02 9.914396695094417344e-01
1.128953977780357554e-01 7.254979513634127186e-02 9.909546691883207581e-01
9.291364733192254699e-02 6.478061233407855779e-02 9.935645557310198717e-01
5.777795991453444496e-02 4.721168742482089592e-02 9.972124968724600524e-01
1.605068539966307550e-02 2.420651079338120154e-02 9.995781211758635321e-01
-2.315791836797917100e-02 1.713192002390433221e-03 9.997303515398400231e-01
-5.094938043325804300e-02 -1.429691510433220639e-02 9.985988978824399398e-01
-5.961359906087232430e-02 -1.939978196756797155e-02 9.980329990869767354e-01
-4.459235151812963871e-02 -1.180747337661096873e-02 9.989354862845435390e-01
-7.642320953033107482e-03 6.957416963681937322e-03 9.999465932137178159e-01
1.410286518145680845e-01 -1.007656021761957343e-01 9.848640580229410801e-01
1.811388429392718213e-01 -6.039345550358429099e-02 9.816014212047124987e-01
1.913341876103720474e-01 -2.027809673364767973e-02 9.813154576609839363e-01
1.730160841552799145e-01 7.300998626896145621e-03 9.848919382564842451e-01
1.345146419511041302e-01 1.625667547478230890e-02 9.907782454229260294e-01
8.611982006169793813e-02 6.587240541132181881e-03 9.962630098797462530e-01
3.797597906251047595e-02 -1.758470971044166081e-02 9.991239177391914028e-01
-1.984857457120093758e-04 -5.017302271190834939e-02 9.987405210540508671e-01
-1.922788412118829962e-02 -8.461977800695293095e-02 9.962277759841436930e-01
-1.171795684056322305e-02 -1.141502919901210555e-01 9.933943830755035398e-01
2.460138322383432358e-02 -1.310066634676140540e-01 9.910761958954750206e-01
8.187340804405175698e-02 -1.272317899752340720e-01 9.884881469573378876e-01
2.480756875348918700e-01 -2.268969091093857582e-01 9.417941632282462727e-01
2.957078530451139331e-01 -1.533214663270461853e-01 9.428941582228829166e-01
2.924264510575027010e-01 -8.031002035630327440e-02 9.529097918231380637e-01
2.496202330561169969e-01 -2.989901772332191621e-02 9.678821147165437289e-01
1.854343417951166972e-01 -1.009691024366727793e-02 9.826047818357865893e-01
1.157044472017880882e-01 -1.935852694264000862e-02 9.930950248250948187e-01
5.262795855363678471e-02 -5.203296170638108120e-02 9.972576742620667956e-01
6.674548877293512775e-03 -1.015236955011470932e-01 9.948107305658540067e-01
-1.169070453636531642e-02 -1.608750513879026456e-01 9.869055401954730522e-01
7.522257421696950004e-03 -2.206199886362884832e-01 9.753308342595475855e-01
6.885299625134128076e-02 -2.646180212877417559e-01 9.618921809210022600e-01
1.604704358055415447e-01 -2.704658530151813900e-01 9.492615348707413858e-01
3.623147754508883045e-01 -3.391716700981138866e-01 8.681535473018392457e-01
4.294234568275265285e-01 -2.100871395684668630e-01 8.783273242443754292e-01
4.096757259147958963e-01 -9.562543747521923265e-02 9.072053655616175716e-01
3.348630218116837587e-01 -2.647383446896919845e-02 9.418948416419278269e-01
2.380560882801826816e-01 -5.055567161999833213e-03 9.712382509319603674e-01
1.407495489764876984e-01 -2.285933321646044236e-02 9.897812967255976702e-01
5.576629860860665006e-02 -7.075543277244980556e-02 9.959336266401503934e-01
-6.791600852616817494e-03 -1.419188562991808567e-01 9.898549956355954249e-01
-3.494107180519241684e-02 -2.305565766342052569e-01 9.724313787984103508e-01
-1.290895131225692181e-02 -3.266087200224544462e-01 9.450714803555604338e-01
7.413269311435917441e-02 -4.053275241363998305e-01 9.111607662696178389e-01
2.189248722814043924e-01 -4.206126296255780495e-01 8.804299609259008674e-01
4.800131821781524755e-01 -4.147788277912934363e-01 7.730109112756632372e-01
5.765693199682043746e-01 -1.983717464786226847e-01 7.926010783934068771e-01
5.279082628983396974e-01 -4.162594972283892997e-02 8.482807001656424983e-01
4.125783529412875295e-01 3.034093119904540323e-02 9.104166796462839217e-01
2.810525290384022767e-01 3.712033271482402530e-02 9.589742211447989106e-01
1.556819853300209222e-01 2.465029582286799490e-04 9.878071971189554823e-01
4.605428969743553119e-02 -6.735641014222128187e-02 9.966654987573624336e-01
-4.049027107274295184e-02 -1.600166887180309028e-01 9.862835278357350299e-01
-9.198965527182594026e-02 -2.755344521069779673e-01 9.568796523206254401e-01
-8.607114242776919832e-02 -4.081933067218367350e-01 9.088289073243961402e-01
1.249387442152922155e-02 -5.318113167579907596e-01 8.467707047778847418e-01
2.286140630846487665e-01 -5.686903677028383175e-01 7.901435792575594030e-01
5.930014964230053698e-01 -3.845956956053595555e-01 7.074145716352133739e-01
7.027919276561015449e-01 -5.654877790070603899e-02 7.091443732691514734e-01
6.028157383234366007e-01 1.062076439090073460e-01 7.907800718308874988e-01
4.509848793548402179e-01 1.420321622457128841e-01 8.811580468230981733e-01
2.975861241422242398e-01 1.114584000580329803e-01 9.481664008888505135e-01
1.548772456160707744e-01 4.663114391053981012e-02 9.868325973578669918e-01
2.570606381243334751e-02 -4.002167213300566323e-02 9.988680914129584032e-01
-8.711335457939185789e-02 -1.459028990278656290e-01 9.854560403737409047e-01
-1.749483007569782589e-01 -2.729314379681628822e-01 9.459923478712110034e-01
-2.148905491498486753e-01 -4.227170714941445029e-01 8.804159978973048473e-01
-1.528435352335457131e-01 -5.835896612045003984e-01 7.975349278072438874e-01
1.177060346693178799e-01 -6.733205425497296170e-01 7.299210480476615581e-01
6.205634383341450677e-01 -7.364404758586395698e-03 7.841216643769370886e-01
6.725947760104550310e-01 2.803772616871275658e-01 6.848392938582915646e-01
5.525031116984057133e-01 3.265948328403391887e-01 7.668612173826793166e-01
4.130670857511151151e-01 2.765729404885888254e-01 8.676883030551194587e-01
2.729576830897825213e-01 1.947931690200289945e-01 9.420985747497070406e-01
1.352715773370238572e-01 1.026616462889795578e-01 9.854756144856301470e-01
4.079254495270195663e-04 5.246407152835679683e-03 9.999861543086095983e-01
-1.314782623179084065e-01 -9.784444966689488654e-02 9.864785503026644031e-01
-2.573500086736034143e-01 -2.079117331676103575e-01 9.436862212869676636e-01
-3.645698068585294660e-01 -3.233638998563370115e-01 8.732265709406910048e-01
-4.099480943658949106e-01 -4.359588813590683509e-01 8.011756447183273622e-01
-2.304152131390858060e-01 -5.185094197399018334e-01 8.234420509028316237e-01
-5.946156393158097409e-01 7.297783126345536164e-01 -3.374253337987596080e-01
-9.525280729839132043e-02 9.836346825693700335e-01 1.529369607014219590e-01
1.134912709820657117e-01 8.324666310557357063e-01 5.423274283950656471e-01
1.553067119186300193e-01 6.106356652561242271e-01 7.765332636469191030e-01
1.177980844793899001e-01 3.985306024005056957e-01 9.095586678402436398e-01
4.109601154597219280e-02 2.070518163097193609e-01 9.774664511879330719e-01
-5.978020888516742681e-02 2.985854372607463572e-02 9.977648991582502846e-01
-1.827610178744976110e-01 -1.424312681389575952e-01 9.727855592070582258e-01
-3.321347272108385873e-01 -3.154089593467452324e-01 8.889340309293422004e-01
-5.157269152343293417e-01 -4.783253335172530929e-01 7.107957682896198781e-01
-7.426211706950713864e-01 -5.571198540109847386e-01 3.716601473150464297e-01
-9.523879533522602303e-01 -2.588059699875759900e-01 -1.611727526856462089e-01
-7.407384490077379979e-01 5.863952182518294975e-01 3.277913942938311398e-01
-3.717954747408531158e-01 7.877428816510742005e-01 4.911509720751594532e-01
-1.098215661937469445e-01 7.159072493143152638e-01 6.895041943149883279e-01
7.937928187048108250e-03 5.491025827936023562e-01 8.357172625149397183e-01
2.856447406704562542e-02 3.721303524573609245e-01 9.277408429088831454e-01
-1.010740770901501565e-02 2.089596438119821209e-01 9.778720302613217452e-01
-8.925445336915398264e-02 6.247586724177826151e-02 9.940474880839463845e-01
-2.036909042247823098e-01 -6.770240003932533057e-02 9.766915585614243112e-01
-3.558990406647070115e-01 -1.754374073521171029e-01 9.179093577012701344e-01
-5.485787230280102511e-01 -2.352644472218116123e-01 8.023166609976660757e-01
-7.652161191359605485e-01 -1.797258796595649355e-01 6.181770775393268247e-01
-9.082864252862710153e-01 1.048323411889254125e-01 4.050011726916558641e-01
-5.747983709035482391e-01 4.313756739513257554e-01 6.953573618865026562e-01
-3.676945341072331841e-01 5.548672335879173412e-01 7.462727937411887114e-01
-1.759839020816462984e-01 5.325351318632215447e-01 8.279106229173850418e-01
-6.197535544209106101e-02 4.313711941382500359e-01 9.000433035057873177e-01
-2.239933453000281932e-02 3.074649015091765469e-01 9.512957500969544400e-01
-3.831681143180044186e-02 1.863819957861161392e-01 9.817298883137270948e-01
-9.541104522835540391e-02 7.810826661412302585e-02 9.923687979451204511e-01
-1.866644096737811731e-01 -1.038812698757001461e-02 9.823688131138786916e-01
-3.087729825915965232e-01 -6.769203511272722795e-02 9.487238974558888094e-01
-4.537956684576829880e-01 -7.226616244933041500e-02 8.881706441072023672e-01
-5.935097122277722681e-01 8.418863041453580540e-03 8.047827932035283016e-01
-6.613956609163217371e-01 1.954396199525250954e-01 7.241264631773967064e-01
-3.707284802893376363e-01 2.915415349373055021e-01 8.817958535333979553e-01
-2.574650362537065917e-01 3.615345994107566630e-01 8.961051771615868855e-01
-1.405925835133837176e-01 3.592888628854830069e-01 9.225753294270777616e-01
-6.144532601271299188e-02 3.063059072901488378e-01 9.499479791391018946e-01
-2.945432087774937924e-02 2.302049089982591279e-01 9.726963261237920877e-01
-3.827104086859978160e-02 1.490689168204391013e-01 9.880859200842876389e-01
-7.892023236072998049e-02 7.429617204464074309e-02 9.941084828847929211e-01
-1.441989257913810496e-01 1.591845566818051588e-02 9.894206752286039963e-01
-2.275768667508500098e-01 -1.450031079699218642e-02 9.736521507739280823e-01
-3.183244545544412496e-01 -3.561477188477474905e-03 9.479751354929325524e-01
-3.945926314275535751e-01 5.965206010217767585e-02 9.169178190811716478e-01
-4.218002671543747417e-01 1.705441625440776710e-01 8.905050383072178333e-01
-1.760622304403000327e-01 1.639331460322895062e-01 9.706327908351000122e-01
-1.134292336178934213e-01 2.090113503366214098e-01 9.713125472222361445e-01
-5.174536227364696928e-02 2.195073486913511895e-01 9.742376205801361877e-01
-1.167944311704153387e-02 1.992607915949955733e-01 9.798768940746410694e-01
2.290556884829317253e-04 1.583338919595818906e-01 9.873856015714391754e-01
-1.305079237784128113e-02 1.068060759771048973e-01 9.941942159118285494e-01
-4.512831621003759314e-02 5.452325376209033597e-02 9.974921803579039903e-01
-8.919458591208766218e-02 1.187142297496077310e-02 9.959434698618858661e-01
-1.382600104730537793e-01 -1.068657431548555685e-02 9.903383091819769612e-01
-1.836238504673045613e-01 -4.506009686188303283e-03 9.829862549477912381e-01
-2.131871307083296752e-01 3.369561318222765584e-02 9.764301577442715541e-01
-2.130942914135398325e-01 9.676304849607572645e-02 9.722282321618923584e-01
1.025541989810032674e-02 4.613621153094721317e-02 9.988825137864252302e-01
4.542922900354207094e-02 8.965427552441512793e-02 9.949363276272562562e-01
6.701513750177788553e-02 1.162027663404849448e-01 9.909621024238677300e-01
6.987530715440770646e-02 1.201891374872737783e-01 9.902888531535061212e-01
5.554523254592015624e-02 1.023113937426290421e-01 9.932004358899085839e-01
2.928647165834313143e-02 6.775930249776504488e-02 9.972717681268142842e-01
-2.344251073949138366e-03 2.490931773241599270e-02 9.996869661934462137e-01
-3.256852358048613338e-02 -1.607988034866738095e-02 9.993401466566660396e-01
-5.477877879424586371e-02 -4.508367796843135850e-02 9.974801989886997733e-01
-6.304671150905895305e-02 -5.400359844573004303e-02 9.965484050074253641e-01
-5.348729814543072558e-02 -3.881058156279248994e-02 9.978140346256580973e-01
-2.675059426126731241e-02 -1.877065281056924722e-03 9.996403765017979337e-01
1.993073763602384585e-01 -6.387912305741579033e-02 9.778527636438300030e-01
2.194606649963390388e-01 4.718012554419350922e-05 9.756213478052346844e-01
2.071626991645365012e-01 5.084412889801168817e-02 9.769843860734739316e-01
1.716721222854705742e-01 7.502087919854828757e-02 9.822935152561153016e-01
1.253063569722488169e-01 6.958631222139477490e-02 9.896747253788676923e-01
7.849095731809653531e-02 3.910810936716146297e-02 9.961474415973602392e-01
3.941403936133527214e-02 -7.757186372139555398e-03 9.991928540381054269e-01
1.535448613684529083e-02 -6.064194893263503278e-02 9.980414789902743999e-01
1.324178556254115499e-02 -1.087549996371592748e-01 9.939803847004298198e-01
3.802018451070868221e-02 -1.411627395357301362e-01 9.892560571138868664e-01
8.802701527361810052e-02 -1.470498240005618518e-01 9.852043411614657131e-01
1.494933146941132274e-01 -1.194343020234386460e-01 9.815228965041945530e-01
4.029401024177439727e-01 -1.638637460358835229e-01 9.004376417046273673e-01
4.137981767099302433e-01 -5.324617772277016187e-02 9.088101636257192029e-01
3.646965159104071375e-01 3.229052183649817193e-02 9.305663724218132815e-01
2.841688265613391273e-01 7.250768321682789230e-02 9.560286156204751418e-01
1.985074880046688306e-01 6.776938223737259681e-02 9.777535926996784310e-01
1.240089787613190137e-01 2.763757077970009635e-02 9.918961326005589774e-01
7.005484336175345217e-02 -3.672107583782658474e-02 9.968670330142961333e-01
4.431501757000334829e-02 -1.146891337048133175e-01 9.924125058803620059e-01
5.555359095827260008e-02 -1.949543195412617724e-01 9.792377708319777163e-01
1.117709776392114829e-01 -2.616801234402857390e-01 9.586609210527714531e-01
2.107207235334814244e-01 -2.906549579597660915e-01 9.333362052802109954e-01
3.245413590448585905e-01 -2.569886905799880217e-01 9.102910079657694498e-01
6.276904009723496269e-01 -2.396070767544104529e-01 7.406707833419136078e-01
6.271613825636478401e-01 -4.589939153518982767e-02 7.775357522824876133e-01
5.283650261905333823e-01 8.164173532396941380e-02 8.450828516494508502e-01
3.926909185282386194e-01 1.257058856608205544e-01 9.110388975316395799e-01
2.622382628501336299e-01 1.042246180683119999e-01 9.593582868177182865e-01
1.559415426047518205e-01 3.890221726772843253e-02 9.869999254213014384e-01
8.133993638460219888e-02 -5.547351029987905580e-02 9.951414494451852333e-01
4.517600762630734346e-02 -1.697540872612607610e-01 9.844504447624554677e-01
5.943023711162088996e-02 -2.946728444442148764e-01 9.537483743965511351e-01
1.414443116607143336e-01 -4.104434561364200817e-01 9.008494191670191054e-01
3.000898886280309319e-01 -4.722734438084744135e-01 8.287966294674155021e-01
4.968936470724861221e-01 -4.168464060367178536e-01 7.611411020784968340e-01
8.590693370755159153e-01 -2.511850733909993805e-01 4.459887139852177773e-01
8.281157338892433106e-01 7.446677006588521552e-02 5.555889050737974344e-01
6.594249871906699978e-01 2.297714425184662901e-01 7.157959000103881753e-01
4.670710520449310454e-01 2.447073816129907153e-01 8.496840175769283521e-01
2.985215441605487130e-01 1.803167358672211618e-01 9.372143631198777136e-01
1.653934674800132398e-01 7.420084200639745498e-02 9.834323748791496955e-01
6.886114187360765915e-02 -5.831619545463367915e-02 9.959203605146653704e-01
1.272299219910571176e-02 -2.135580842967123860e-01 9.768475162998982997e-01
1.164402022533920882e-02 -3.892979288788988579e-01 9.210382941895405295e-01
9.722851100260357371e-02 -5.687600964977210793e-01 8.167365360262623941e-01
3.107581018849997490e-01 -6.869295811550693021e-01 6.569300972302506425e-01
6.337478141591860181e-01 -6.010341364599437464e-01 4.869514091346275886e-01
9.921110940414205048e-01 -1.027259569714644022e-01 -7.185370445660714533e-02
8.930859161404316460e-01 3.819668478070389339e-01 2.376949170004464817e-01
6.674119859828404611e-01 4.859168862557635138e-01 5.643102166521137830e-01
4.589187974065775388e-01 4.134015306853551786e-01 7.864430760161816858e-01
2.862731234609617870e-01 2.802154994541320998e-01 9.162570450749778495e-01
1.461665039741873451e-01 1.259935929602499227e-01 9.812038359326835657e-01
3.412194120675551834e-02 -4.216707101225811161e-02 9.985277318384753187e-01
-4.940803660590332991e-02 -2.298014437099714369e-01 9.719825833766867484e-01
-9.157126786415981101e-02 -4.452029856953744202e-01 8.907350921736053584e-01
-5.413413129679935792e-02 -6.855390341457424652e-01 7.260204738788378354e-01
1.446452375265923629e-01 -8.903879465980233388e-01 4.316098467524910332e-01
5.928715884049594598e-01 -8.048946004039424507e-01 2.545509581050647840e-02
5.581567765359645161e-01 3.874243600450474334e-01 -7.337324976111347929e-01
5.534152701743906277e-01 8.327678245977593319e-01 -1.514229350110232221e-02
4.540085931485438597e-01 7.524768700176904801e-01 4.771318030016744038e-01
3.380276643072786524e-01 5.632412027473974181e-01 7.539871654681737922e-01
2.178494160178176819e-01 3.657559251438056713e-01 9.048559195601009186e-01
1.000330860050599180e-01 1.766438396182438419e-01 9.791783982652244589e-01
-1.381587383398111442e-02 -9.545902949788805103e-03 9.998589887414516264e-01
-1.239283709063470768e-01 -2.050346801286361820e-01 9.708772006949136779e-01
-2.260574062753827884e-01 -4.233329798903876506e-01 8.773182074966974220e-01
-3.010287866594116846e-01 -6.719675174845474164e-01 6.766397306159972480e-01
-2.923692758810218506e-01 -9.171019094979653286e-01 2.710060776367944624e-01
-4.362445518095275226e-02 -8.728480147000833300e-01 -4.860383216829937125e-01
-6.705018872950202491e-01 3.629615792104983196e-01 -6.470595885626257981e-01
-4.156159026867097817e-01 8.856496020873558805e-01 -2.070946734136280276e-01
-1.843508720950374768e-01 9.320292780594332527e-01 3.119874689755761654e-01
-6.049007636902788837e-02 7.365847309542977728e-01 6.736348304429722322e-01
-2.162221622558371456e-02 4.807061593817154033e-01 8.766151197064503409e-01
-3.341671198254715647e-02 2.289364007531897727e-01 9.728676414448290677e-01
-7.811032045995061623e-02 -1.308337140947530251e-02 9.968588682607797402e-01
-1.526532344725142765e-01 -2.577762842359949125e-01 9.540693776086390798e-01
-2.614400389470533659e-01 -5.119310413530153703e-01 8.182760627896703554e-01
-4.079277079899361058e-01 -7.432602270807584510e-01 5.302444906776417888e-01
-5.804206093394761456e-01 -8.134753387547176695e-01 3.701066727032854831e-02
-7.197919912641459472e-01 -4.541829013950682281e-01 -5.249927441331393441e-01
-9.480430238210814098e-01 3.179657008416980624e-01 1.059424713293595673e-02
-6.914464003013558457e-01 6.852241894582262738e-01 2.288442389302732527e-01
-4.037072545695313264e-01 7.450644868413508481e-01 5.309419582738852394e-01
-2.084802391502381669e-01 6.104354316397939684e-01 7.641364889092377988e-01
-1.130056725741111906e-01 4.112952475020677512e-01 9.044699759241480175e-01
-8.999434402367854913e-02 2.061621049290356389e-01 9.743706710153877681e-01
-1.205005734280225060e-01 8.310416319648756406e-03 9.926784720059703693e-01
-2.006460953613454501e-01 -1.834933828873998030e-01 9.623259961431694931e-01
-3.374600320541696896e-01 -3.643420776564192942e-01 8.679721062425456157e-01
-5.385255639892375656e-01 -4.983446554091843783e-01 6.794430228910111058e-01
-7.844105480446039724e-01 -4.864771745431967775e-01 3.847597312153050453e-01
-9.769019956742830413e-01 -1.966505632154247896e-01 8.361248013734329243e-02
-8.131109561095870575e-01 2.495555090798938502e-01 5.259017217525742138e-01
-6.409105578181317764e-01 4.652817070141269107e-01 6.105297617604228400e-01
-4.204838346133283333e-01 5.183730411757054846e-01 7.446359748300397374e-01
-2.472754602579909367e-01 4.448809419128650910e-01 8.607762742297376812e-01
-1.479533228070373796e-01 3.140093375300311851e-01 9.378208518764281632e-01
-1.135455485297893058e-01 1.679122370759660310e-01 9.792409759855769114e-01
-1.323447887582804017e-01 2.388438679335660314e-02 9.909159363719930447e-01
-2.006182042185958581e-01 -1.096746945161472808e-01 9.735110669730359101e-01
-3.211431552891093610e-01 -2.200979697211961073e-01 9.210993201254875640e-01
-4.928796412458834042e-01 -2.778679984296647532e-01 8.245356479218750589e-01
-6.879422264527484954e-01 -2.306244927010771550e-01 6.881481209954359857e-01
-8.274185614346232231e-01 -3.669491920066662860e-02 5.603855878752131980e-01
-5.497533718073026598e-01 1.741561495641305857e-01 8.169705415469771248e-01
-4.517076864379229728e-01 2.929007079056727969e-01 8.427154569137239593e-01
-3.172376307864521183e-01 3.322631654250841060e-01 8.882350333749780003e-01
-2.016501178415066875e-01 2.990814594736599386e-01 9.326776026975878153e-01
-1.293273605141827542e-01 2.226517887863087020e-01 9.662818505863258745e-01
-1.016153155566684174e-01 1.275314589645589469e-01 9.866154542772278546e-01
-1.135508302516201884e-01 2.971734753937673237e-02 9.930876538375149609e-01
-1.620301389090536004e-01 -5.816079533568524473e-02 9.850703304694145013e-01
-2.458110930643956638e-01 -1.217658473869754204e-01 9.616392176573584916e-01
-3.588860681098783867e-01 -1.417102793254495785e-01 9.225611019601951401e-01
-4.784048973921709025e-01 -9.619977092861770052e-02 8.728541448744169262e-01
-5.580659788075968963e-01 2.100330250155305750e-02 8.295307255200182750e-01
-2.786859685883131821e-01 1.040056391647653095e-01 9.547339723367563868e-01
-2.298291519600152988e-01 1.744442030436983704e-01 9.574694673637621500e-01
-1.643493227298808979e-01 2.063395890542301936e-01 9.645793249427875304e-01
-1.074761148538172506e-01 1.967266390247080499e-01 9.745499034087343748e-01
-7.229426313853759556e-02 1.550266621419124635e-01 9.852615254552400392e-01
-6.092215978814996546e-02 9.386732468613337432e-02 9.937189823099289443e-01
-7.104473163802124680e-02 2.614676069116879040e-02 9.971303791439684039e-01
-9.999282483461875704e-02 -3.492012924653960931e-02 9.943751905367350652e-01
-1.451312485864893476e-01 -7.590921210009263231e-02 9.864961795171987013e-01
-2.011023376826285847e-01 -8.433466295284346159e-02 9.759331505811303931e-01
-2.554192635415080126e-01 -5.203506218089688773e-02 9.654291025837629103e-01
-2.875625198632998369e-01 1.776445358279582498e-02 9.575971080568390637e-01
-2.002306618066976643e-02 4.311414700767982749e-02 9.988694845417087631e-01
-3.562128420523818801e-03 1.011265220258459052e-01 9.948671960538927328e-01
8.103393754600106760e-03 1.364301467239544818e-01 9.906165504747681538e-01
1.165554821146474150e-02 1.413275217828199870e-01 9.898942770734120433e-01
7.287176342664628687e-03 1.172475484463669088e-01 9.930759837214767627e-01
-2.754818600027917133e-03 7.162462093151580889e-02 9.974278543588120938e-01
-1.567259199196403135e-02 1.555368524687351928e-02 9.997561966477239714e-01
-2.875063199369410835e-02 -3.799376718836369043e-02 9.988642924917074950e-01
-3.941147794787197567e-02 -7.611904696987933927e-02 9.963195401548019525e-01
-4.517500073233731567e-02 -8.822185673542487505e-02 9.950759384605278868e-01
-4.396859051258077133e-02 -6.868121569917239044e-02 9.966692799812516546e-01
-3.508513409026945556e-02 -2.032527392593368176e-02 9.991776201486226583e-01
2.392129508957697992e-01 -8.479013288566785572e-03 9.709301058559330899e-01
2.303763389735039857e-01 6.781240277927064186e-02 9.707359169571173618e-01
1.923621277868344526e-01 1.189827240625181415e-01 9.740841458354707605e-01
1.424144598588572286e-01 1.332502697767298794e-01 9.807968633858539231e-01
9.538683265318832760e-02 1.119421898477812732e-01 9.891260275052752293e-01
5.974878933480455567e-02 6.379610657506491755e-02 9.961727455411042431e-01
3.975176322902750775e-02 7.141165603635545945e-04 9.992093311002261391e-01
3.842909941655707484e-02 -6.411457495816906549e-02 9.972023493734928357e-01
5.859074720992719920e-02 -1.170335387944255456e-01 9.913981415851850221e-01
1.007203574221128967e-01 -1.444766051475652457e-01 9.843687927630265788e-01
1.578111689967781617e-01 -1.348761109822539939e-01 9.782147359481470072e-01
2.114506452393789537e-01 -8.503425534688310861e-02 9.736825971770012300e-01
5.134814079360785488e-01 -4.685695380922565156e-02 8.568204418568328151e-01
4.779479304796178107e-01 8.155106598518488403e-02 8.745943055993964377e-01
3.831918745405888949e-01 1.610267514435245184e-01 9.095242561941668802e-01
2.726554749670011546e-01 1.776741535100238578e-01 9.455637932709647364e-01
1.780433775902573179e-01 1.425448257583275535e-01 9.736434297758590484e-01
1.131634098763490831e-01 7.304612748625205487e-02 9.908876353676284721e-01
8.228722680251115973e-02 -1.568525479095405836e-02 9.964852156892323176e-01
8.844591541655646982e-02 -1.105371128976235656e-01 9.899287179986945295e-01
1.364264308508998380e-01 -1.968433732175636497e-01 9.708967583556565861e-01
2.286355689918587730e-01 -2.536804376753883372e-01 9.398787220342091908e-01
3.519742388173907055e-01 -2.531722659276737231e-01 9.011203798461430159e-01
4.646567960653208984e-01 -1.771335811502988966e-01 8.675930822103563589e-01
7.918896751423735170e-01 -5.506753816118042932e-02 6.081762151249983095e-01
7.209508596679705672e-01 1.674221142233980608e-01 6.724579493268003638e-01
5.570965596189846325e-01 2.815577815589582200e-01 7.812609288223096859e-01
3.803233623191609736e-01 2.834536003070046717e-01 8.803454983966508829e-01
2.382230948677540039e-01 2.117911561618039118e-01 9.478366226535777095e-01
1.448481412964266468e-01 1.008443740597493726e-01 9.843014925232468348e-01
1.008902008881255724e-01 -3.076715885440356804e-02 9.944217160243611353e-01
1.084259303142593861e-01 -1.728428120819284763e-01 9.789633189997767326e-01
1.766440725083909258e-01 -3.122202124523061895e-01 9.334427730631619236e-01
3.170765388761204728e-01 -4.180248827970090564e-01 8.513035098346901641e-01
5.191420369795001211e-01 -4.310461106890868810e-01 7.380317038586329259e-01
7.125781973406929426e-01 -2.972092376822092485e-01 6.355304726848983732e-01
9.871748672718584361e-01 1.974191132238367532e-03 1.596304607402134201e-01
8.724648989861994997e-01 3.620648384079570570e-01 3.281981913805776530e-01
6.458561937496160033e-01 4.958602168535806709e-01 5.805104842611039651e-01
4.232312844724910872e-01 4.487816364277849579e-01 7.870643700796869924e-01
2.540489194474440104e-01 3.133082643618898544e-01 9.150393860430705573e-01
1.443213746827016752e-01 1.441117272840559127e-01 9.789806693029418083e-01
8.872651170124473685e-02 -4.098258699678302558e-02 9.952125570371656016e-01
8.772378311485114211e-02 -2.399767788899901944e-01 9.668069525348017557e-01
1.555513485645338423e-01 -4.466754888840157589e-01 8.810702500878966337e-01
3.193242589499406536e-01 -6.230120179921562196e-01 7.140644530316230254e-01
5.883469039357247521e-01 -6.636864814031930848e-01 4.619179310568813368e-01
8.731295642859208117e-01 -4.362581079811719276e-01 2.175399438962016541e-01
8.710883884826295942e-01 1.531362126397074197e-01 -4.666415324734169423e-01
7.452812971342609449e-01 6.579708900747540667e-01 -1.078429226050517109e-01
5.395956562083914498e-01 7.644033829774937727e-01 3.528795770422801237e-01
3.507409757550064566e-01 6.328588561245985789e-01 6.902683797994885184e-01
2.065778321571220266e-01 4.198543993408519470e-01 8.837691342287498086e-01
1.070055714235089439e-01 1.913196467376380994e-01 9.756775084302030665e-01
4.623400415940583791e-02 -4.233427074083082747e-02 9.980331789976382151e-01
2.417533243410925625e-02 -2.906307164824975531e-01 9.565298426806071452e-01
5.545895071070305188e-02 -5.584527867332369500e-01 8.276803669146125531e-01
1.761946273900094340e-01 -8.095469397226913166e-01 5.599903621175589263e-01
4.254005743185403920e-01 -8.975364111069114026e-01 1.160290571657478370e-01
7.407615278139928483e-01 -5.661482768270136301e-01 -3.615916032716088302e-01
1.972457221379387837e-01 3.327405065261840877e-01 -9.221593573862232329e-01
2.160243940552641073e-01 9.008634965329268551e-01 -3.765347550856644188e-01
2.049526570930455815e-01 9.515558171088203121e-01 2.292071885367965856e-01
1.609662022642581181e-01 7.505200697532590226e-01 6.409442305115984340e-01
1.012852306385440548e-01 4.863066111178006579e-01 8.678981403585084298e-01
4.060094407386544146e-02 2.242098071640208357e-01 9.736947805712918846e-01
-1.590216168282643922e-02 -3.234540713679071727e-02 9.993502368494097121e-01
-6.691080493460661860e-02 -2.997678267468079083e-01 9.516628574397367757e-01
-1.059350915428018819e-01 -5.898051678418572141e-01 8.005670617549628387e-01
-1.111652276868282663e-01 -8.726341478458988776e-01 4.755543461756390755e-01
-4.419729248361338458e-02 -9.943556204419884414e-01 -9.645464961597428888e-02
1.017291268779027397e-01 -6.213145523153077443e-01 -7.769294767389125500e-01
-6.646720714007627873e-01 1.535819790508616556e-01 -7.311796039349713894e-01
-6.047766624339984132e-01 7.147591089160122424e-01 -3.512329779459618107e-01
-4.432592254286963351e-01 8.762929543930855214e-01 1.887641839794767240e-01
-2.870651553563245417e-01 7.362230304932012581e-01 6.128370468172668062e-01
-1.760191249271723934e-01 4.811937233329340868e-01 8.587606583238122093e-01
-1.065779261305837278e-01 2.103689520439794847e-01 9.717952714835329520e-01
-7.057077406311351719e-02 -5.804815601024732735e-02 9.958163371986501478e-01
-6.852673396770324332e-02 -3.370264073749566491e-01 9.389980231415062661e-01
-1.099569391527242396e-01 -6.305066000939294479e-01 7.683559713897448740e-01
-2.083318629290341617e-01 -8.826872515549749609e-01 4.212612619633285260e-01
-3.670233877019880020e-01 -9.232652857982059924e-01 -1.134682551180461463e-01
-5.519168298622568747e-01 -5.486952695238745958e-01 -6.279500888740048303e-01
-9.897767312013570074e-01 5.922914932913462410e-02 -1.297456366971164177e-01
-8.717244491370902404e-01 4.804263320078603905e-01 9.636920820555078260e-02
-6.366385474055449301e-01 6.341031514559946070e-01 4.388673527058117307e-01
-4.108361406773944902e-01 5.569527168702451680e-01 7.218153064906396299e-01
-2.504899476415413662e-01 3.738442638498507553e-01 8.930258968905016026e-01
-1.561970932771677145e-01 1.629051563159193972e-01 9.741993523389037568e-01
-1.184796616741413677e-01 -5.394836757683593720e-02 9.914898604652421232e-01
-1.379706030965069108e-01 -2.785523469961483367e-01 9.504592062072350078e-01
-2.278963858747524440e-01 -5.063714559756767875e-01 8.316556895003505145e-01
-4.048307263870613015e-01 -6.903360149798765111e-01 5.996234396640840458e-01
-6.571174637924969142e-01 -7.088300398752565012e-01 2.564305234353713159e-01
-8.984190262369817770e-01 -4.347844972492952986e-01 -6.169030918271178887e-02
-9.036514249064788729e-01 1.249272263198372701e-02 4.280864797510850472e-01
-8.029030590026504655e-01 2.747703148403699558e-01 5.290065707782619642e-01
-6.052910806217720596e-01 3.918528250448105044e-01 6.928737772670275907e-01
-4.061211401993584102e-01 3.652179173455711303e-01 8.376643076632093177e-01
-2.574539051516834265e-01 2.560846405556584382e-01 9.317393109629079628e-01
-1.682577992341929007e-01 1.132216678361270823e-01 9.792191618474052062e-01
-1.350563849601483513e-01 -4.191650673959335105e-02 9.899508974409760853e-01
-1.596754116432924364e-01 -2.011954711847657173e-01 9.664492461020965930e-01
-2.521336240228848613e-01 -3.525510499744413662e-01 9.011861033099719531e-01
-4.207616720649106634e-01 -4.605767677049809605e-01 7.815552804323079306e-01
-6.437761335794686124e-01 -4.560748891007214700e-01 6.144493350677509014e-01
-8.397272800949197036e-01 -2.817320579128365088e-01 4.642037727213105258e-01
-6.320631474375624226e-01 -1.729647575673793312e-03 7.749149540243636114e-01
-5.717280539491275126e-01 1.460959775559719509e-01 8.073307857808443844e-01
-4.476789249268352533e-01 2.241625714140147996e-01 8.656412199943560593e-01
-3.154901081424247855e-01 2.231666749780579773e-01 9.223137355821195982e-01
-2.106347514072169080e-01 1.656074147868128177e-01 9.634350967590931125e-01
-1.445291523924766286e-01 7.660039631606072041e-02 9.865311466918007532e-01
-1.189677845590293576e-01 -2.648885256392745705e-02 9.925447128099367244e-01
-1.366676911678821327e-01 -1.309207211556697170e-01 9.819275466971937316e-01
-2.030908028803534993e-01 -2.221366355421673378e-01 9.536296141245003133e-01
-3.193948993652975799e-01 -2.769580571989952444e-01 9.062456249891386317e-01
-4.660378630543718925e-01 -2.632008758192698750e-01 8.447094229186891123e-01
-5.906849919952865680e-01 -1.617871926993759701e-01 7.905163783944595401e-01
-3.305416057807313290e-01 5.692464751973987797e-03 9.437742540952164250e-01
-3.074025935368458473e-01 8.995877126197945883e-02 9.473178267929944774e-01
-2.515918275903929469e-01 1.405683343243102623e-01 9.575709350617037652e-01
-1.874701606162905709e-01 1.475111612154874074e-01 9.711309881757752560e-01
-1.325616062301179232e-01 1.163822341597141180e-01 9.843183408459066364e-01
-9.467661780436369134e-02 5.914990434498602206e-02 9.937492776637544267e-01
-7.696000843244367451e-02 -1.092398169957950124e-02 9.969743345372270582e-01
-8.221459550275060646e-02 -8.034099668650138137e-02 9.933710709184745413e-01
-1.134828671551110779e-01 -1.351725833636585328e-01 9.843017888681175886e-01
-1.704912353514134726e-01 -1.609259454126488742e-01 9.721294043292204590e-01
-2.427570730332689330e-01 -1.447097599692178105e-01 9.592330732735809828e-01
-3.056379154189624026e-01 -8.351812586395346294e-02 9.484778264728205288e-01
-4.095733930583395771e-02 2.811366558990621364e-02 9.987652968361349082e-01
-4.933315595869231657e-02 8.945092192849753154e-02 9.947687029100189537e-01
-5.193082875258022563e-02 1.271620093266396523e-01 9.905215860389333660e-01
-4.894510686484917356e-02 1.328282396903224527e-01 9.899298132972136344e-01
-4.151558617689071751e-02 1.080081824025330844e-01 9.932827838226429007e-01
-3.123431783885177379e-02 6.066811476404700143e-02 9.976691822644396801e-01
-2.016590865809008912e-02 2.388851074306877920e-03 9.997937934986826924e-01
-1.082264379026688303e-02 -5.350761746317111295e-02 9.985087907749488068e-01
-5.818379321441947104e-03 -9.377452436896331622e-02 9.955764586616761003e-01
-7.187405047702503415e-03 -1.073222104624004802e-01 9.941983123854720716e-01
-1.537488504921920296e-02 -8.794774001964461574e-02 9.960064296655741778e-01
-2.823648964530160038e-02 -3.816829059811464864e-02 9.988723052750191345e-01
2.476475834049334801e-01 6.143460909777125750e-02 9.669004412236970047e-01
2.066698412193612722e-01 1.348129982321522868e-01 9.690784448320228783e-01
1.453357825667459524e-01 1.741106428995143618e-01 9.739419871505534676e-01
8.749537328134854297e-02 1.725987950221965495e-01 9.810984739624167839e-01
4.829377134181228604e-02 1.368854167635079055e-01 9.894089621218640218e-01
3.225348950898821593e-02 7.872027109950585633e-02 9.963748447911263684e-01
3.826745909224511799e-02 1.104294490711816949e-02 9.992065126601505920e-01
6.389026622633579844e-02 -5.265338532387343201e-02 9.965669344782397410e-01
1.064973286631585719e-01 -9.846886380320869769e-02 9.894251875957719156e-01
1.610439846998620306e-01 -1.130555289760111215e-01 9.804505506958887118e-01
2.156024056903601271e-01 -8.705072885041062469e-02 9.725933236801403980e-01
2.503001329346126180e-01 -2.246990809226902600e-02 9.679075093640917560e-01
5.492751236871115106e-01 1.055672277109657858e-01 8.289465597563635546e-01
4.662003404296402032e-01 2.287487710414957409e-01 8.545941974587424328e-01
3.348145264636574470e-01 2.832518532801344135e-01 8.987032994722596868e-01
2.095129887781181921e-01 2.661045849961671816e-01 9.408999188953444115e-01
1.226748031912712755e-01 2.006242970619609156e-01 9.719571925194768758e-01
8.207351028466242093e-02 1.105886902530267141e-01 9.904716454788943247e-01
8.501360678240013624e-02 1.247252673248476842e-02 9.963017227421238076e-01
1.285048660599173720e-01 -8.072716445062805279e-02 9.884177377601018888e-01
2.113175340623924536e-01 -1.537856675799496309e-01 9.652434243468223096e-01
3.277593666116362936e-01 -1.849786195761593532e-01 9.264754221769178066e-01
4.542538373220414427e-01 -1.496428948118956881e-01 8.782143561287257816e-01
5.433358254916643704e-01 -4.124289088905121192e-02 8.385017618874944789e-01
8.343913063007802888e-01 1.652544385663449189e-01 5.258156697016063141e-01
6.959070019165776166e-01 3.832098257218218840e-01 6.073414806794047438e-01
4.845747770755488015e-01 4.623611794360211746e-01 7.425694749804387929e-01
2.918460998782287930e-01 4.133814361884700084e-01 8.625205169737822919e-01
1.639318477836950727e-01 2.952717682481573735e-01 9.412443530550145265e-01
1.054470763649694026e-01 1.525253957513523495e-01 9.826580879110521360e-01
1.083435273547867783e-01 4.742386322508927027e-03 9.941022029209262145e-01
1.685873166408804191e-01 -1.390490362501952126e-01 9.758297403675278980e-01
2.890322415909650777e-01 -2.641742958852877354e-01 9.201479797915124159e-01
4.687646782857062822e-01 -3.346214097457809733e-01 8.174889531556048805e-01
6.751342230572576764e-01 -2.917532665568749461e-01 6.775498596488978009e-01
8.249789896836871028e-01 -1.037276253161796141e-01 5.555629994220152579e-01
9.704230635480474154e-01 2.411943072193760973e-01 1.021684388551999563e-02
7.778921173844218773e-01 5.956884565045179603e-01 2.000977673499449994e-01
5.133409730649640679e-01 6.983954804184229204e-01 4.987231680039570514e-01
2.900175554432063985e-01 5.964656298242737575e-01 7.484106960573564393e-01
1.514728388766342915e-01 4.059905843717586671e-01 9.012367194496206935e-01
9.285226956161866940e-02 1.968423427375088353e-01 9.760284566255441607e-01
1.002014010631002844e-01 -1.182268273065813224e-02 9.948969310426443169e-01
1.688457642352728660e-01 -2.203433742780407101e-01 9.606976138783139829e-01
3.066968762824324179e-01 -4.193395984875512572e-01 8.544538180726707344e-01
5.222866966283287171e-01 -5.563970547788453791e-01 6.462498928111479746e-01
7.830282091163391911e-01 -5.175167849104865825e-01 3.450263773450893412e-01
9.737102390996246193e-01 -2.157150764784648567e-01 7.318043490280255747e-02
7.356065892136369744e-01 3.012895897630922804e-01 -6.067186572093388186e-01
5.414672825649191612e-01 7.979065414234129960e-01 -2.648741834636139103e-01
3.263398198766002123e-01 9.156103793595989915e-01 2.348615659743487627e-01
1.647356291556907604e-01 7.575796675456598628e-01 6.316131884374782679e-01
7.376191896816901294e-02 4.986193196021951324e-01 8.636769960057034679e-01
4.292911760272373478e-02 2.298334341324735908e-01 9.722827178432748019e-01
5.948014691427713080e-02 -3.288159219716246806e-02 9.976877833358740455e-01
1.195201586790185094e-01 -3.012559652034533797e-01 9.460231366614355597e-01
2.312130733710546227e-01 -5.748852646717156345e-01 7.848869008752408227e-01
4.072919175649845624e-01 -7.909103267296643258e-01 4.566991886993153615e-01
6.267568473761094827e-01 -7.781400016073781734e-01 -4.091444934948922085e-02
7.795843451935428048e-01 -3.671881947941245117e-01 -5.073668084660880595e-01
6.647363673466695488e-02 2.733087799914444282e-01 -9.596267849527297944e-01
-2.085189427053412911e-02 8.564794915558262556e-01 -5.157597105721650754e-01
-5.546213932334109753e-02 9.935763417878963333e-01 9.864078335578416179e-02
-6.078943874994095775e-02 8.168803300341305196e-01 5.735949533772487507e-01
-5.154983081475034146e-02 5.303375735566037141e-01 8.462178638017193721e-01
-3.184701835241172257e-02 2.362138325028442787e-01 9.711790734753137366e-01
-4.094899390503019612e-03 -5.058231080167151922e-02 9.987115007012865586e-01
2.970365251603019133e-02 -3.474478041086105362e-01 9.372287428623168326e-01
7.001725395948341091e-02 -6.602525846191226178e-01 7.477727653851485856e-01
1.191816834743743142e-01 -9.265152829530020062e-01 3.568825532001477230e-01
1.669420300711740024e-01 -9.533611040854973462e-01 -2.514616547561269178e-01
1.642047439670621667e-01 -5.133825881490258203e-01 -8.423034609000336070e-01
-6.543336933269131572e-01 -5.380690397418843446e-02 -7.542892249408367222e-01
-7.822447754776867823e-01 4.848605181951579080e-01 -3.911564765325762361e-01
-7.041926795594423139e-01 6.904791574505825258e-01 1.653819917073504064e-01
-5.186563363645098068e-01 5.960119487981705433e-01 6.129970323245255148e-01
-3.278753218061449259e-01 3.798221040110780766e-01 8.650045911179619074e-01
-1.669899813694325774e-01 1.469101831310390960e-01 9.749521753473873176e-01
-3.721743590436209226e-02 -8.770486785792423745e-02 9.954510126665191416e-01
6.135070550915706911e-02 -3.444911972747986550e-01 9.367827421199050875e-01
1.153178660876360284e-01 -6.365884838372452004e-01 7.625332071501746967e-01
8.793722073188252331e-02 -9.115637064299704218e-01 4.016449356453852260e-01
-7.250752064584835288e-02 -9.859519665982182657e-01 -1.504705253892926198e-01
-3.615448541885006306e-01 -6.649125181797268525e-01 -6.535875316877756136e-01
-9.544783707957865682e-01 -2.493146203784646908e-01 -1.637475488321564476e-01
-9.819569679450153021e-01 1.760096606090883475e-01 6.914558898733198788e-02
-8.163147389488994987e-01 3.861619666729517175e-01 4.295453206241501287e-01
-5.762478879137497012e-01 3.746339662113404301e-01 7.263523683693028365e-01
-3.592037940272113650e-01 2.477213305035783075e-01 8.997815161304766329e-01
-1.939558326540815059e-01 8.183825277056042125e-02 9.775907299902643066e-01
-7.971201172036801452e-02 -1.033698454882946566e-01 9.914437302394890628e-01
-1.883931020837817383e-02 -3.155532616771042353e-01 9.487208332464083238e-01
-2.972367210160121315e-02 -5.592548538685715442e-01 8.284627401042778949e-01
-1.482444631789189282e-01 -7.939958672098821335e-01 5.895711509143090057e-01
-3.989008376143475254e-01 -8.872519809504344490e-01 2.316506940419323091e-01
-7.194766153343098436e-01 -6.879316536874033883e-01 -9.541194810863264097e-02
-8.636164911620354268e-01 -2.866667546277593126e-01 4.147152372220251348e-01
-8.531708755738883765e-01 -1.314012889791590748e-02 5.214660047260869513e-01
-7.040555960399185187e-01 1.524833219607056034e-01 6.935809644220884973e-01
-5.044969263074702281e-01 1.860973029041415316e-01 8.431195912788045366e-01
-3.238454691781558203e-01 1.311368343605075482e-01 9.369777173266848891e-01
-1.869754997957410736e-01 3.020867835183637176e-02 9.818999940057356879e-01
-9.816050202766023192e-02 -9.829269033498889974e-02 9.903045303685023004e-01
-6.332993117871531241e-02 -2.508866748963288762e-01 9.659426464217885089e-01
-9.892104260732513532e-02 -4.223866724512992943e-01 9.010017348845769103e-01
-2.283362573717315491e-01 -5.821509350124327575e-01 7.803607130253988888e-01
-4.536599504125469751e-01 -6.516482701683763423e-01 6.079039244636251782e-01
-7.062396891593284431e-01 -5.454195785790341144e-01 4.513789812993130868e-01
-5.928787624989428906e-01 -2.223600890340820257e-01 7.739836973621376792e-01
-5.862383921475309290e-01 -6.886592542127470407e-02 8.072063130874382875e-01
-4.957026617445166594e-01 3.987245282067964497e-02 8.675765433928469550e-01
-3.699876389736692084e-01 8.026864406345332603e-02 9.255625812374667083e-01
-2.494757116235396810e-01 6.264685081329046668e-02 9.663525450854357768e-01
-1.534709856097717373e-01 5.802137167972243499e-03 9.881361200665693678e-01
-9.003092378616976699e-02 -7.656415003312390388e-02 9.929916231730014919e-01
-6.701280355616490159e-02 -1.756382195384766920e-01 9.821713190665189996e-01
-9.624891042191272006e-02 -2.813570403475337822e-01 9.547640352933103314e-01
-1.889961485249357642e-01 -3.726437872137817742e-01 9.085246632281669399e-01
-3.383503297880599003e-01 -4.104526262935206948e-01 8.467866885474143457e-01
-4.970671108464903010e-01 -3.571249037465012433e-01 7.908135623766617828e-01
-3.084595678065295554e-01 -1.163057027127650106e-01 9.441004599856451796e-01
-3.187239691102894956e-01 -3.467436524980471724e-02 9.472131333070362702e-01
-2.852584630262146037e-01 2.766291859401394729e-02 9.580513411121230893e-01
-2.271532915152810472e-01 5.480673168567501419e-02 9.723155888474723785e-01
-1.628939280347775076e-01 4.631524267713149623e-02 9.855559174928768540e-01
-1.044651850575914337e-01 9.923276703170219940e-03 9.944790363252636878e-01
-5.997490288201812875e-02 -4.440294827445404741e-02 9.972118075959871542e-01
-3.733796477668656355e-02 -1.065291907199156923e-01 9.936082768933011122e-01
-4.515019493805268180e-02 -1.657506316387218348e-01 9.851335889149530622e-01
-8.942862514689216280e-02 -2.089793489549731098e-01 9.738224441419999211e-01
-1.655294018180023807e-01 -2.201041283358406708e-01 9.613293867470138476e-01
-2.501718292008523470e-01 -1.871317790321343766e-01 9.499451316526282829e-01
-4.873313108721756548e-02 6.153431122819209668e-03 9.987928800406763452e-01
-8.206992741743025788e-02 5.568184597637829830e-02 9.950698764621223047e-01
-9.963788898935359295e-02 8.674081095004326780e-02 9.912357554050451602e-01
-9.827155974982126896e-02 9.231903749985914676e-02 9.908682535329370600e-01
-8.022322929416438042e-02 7.361263081862506885e-02 9.940550357326879416e-01
-5.073318339455782505e-02 3.694169078206717416e-02 9.980287849480015128e-01
-1.651835077675124427e-02 -8.652550737798251485e-03 9.998261236101296801e-01
1.492493732784716184e-02 -5.289981126150225532e-02 9.984882854667765928e-01
3.599783645822524775e-02 -8.556875653178327990e-02 9.956817481885940069e-01
4.017820853047024410e-02 -9.786310463165831530e-02 9.943885177893158067e-01
2.420188051273838153e-02 -8.438103664529973680e-02 9.961396034865287463e-01
-8.941762577996349368e-03 -4.627518430420553969e-02 9.988887086155765482e-01
2.059821735638623919e-01 1.396039687264281626e-01 9.685463727100063203e-01
1.375224602634286530e-01 1.899449281086418584e-01 9.721154752440429592e-01
6.342948208201207305e-02 2.026177407673255271e-01 9.772014899339015459e-01
9.869619690199898585e-03 1.802909585794256198e-01 9.835638061975354729e-01
-1.176678014716692026e-02 1.350420103483769008e-01 9.907700027383082864e-01
-2.758084883960959174e-03 7.917110125204947224e-02 9.968572263340083062e-01
3.020229567024384013e-02 2.334407297555291666e-02 9.992711722016062170e-01
7.946575525165182341e-02 -2.213910520717888089e-02 9.965917186907545799e-01
1.372985945661331919e-01 -4.672389318045400836e-02 9.894270936941930161e-01
1.939133855794063499e-01 -4.088114683519527420e-02 9.801664811278599787e-01
2.346463485700249207e-01 -3.497236958949416865e-04 9.720807419119890103e-01
2.417801088183635927e-01 6.715262854200541864e-02 9.680045988836051274e-01
4.780512389232098314e-01 2.839887905589110195e-01 8.311542454928984025e-01
3.521900259978181791e-01 3.698353527930074991e-01 8.597581040106593298e-01
2.035111342619709829e-01 3.738839753630848195e-01 9.048723618268151858e-01
8.915307116577181334e-02 3.130018650910248446e-01 9.455588624465011138e-01
3.203778357388748638e-02 2.228577472308088947e-01 9.743243838285015057e-01
2.902945350684889639e-02 1.288174646818808777e-01 9.912433362308450402e-01
6.990268927047488257e-02 4.399558198306701556e-02 9.965831640153394178e-01
1.462383125707934772e-01 -2.256615661667240799e-02 9.889919739370750529e-01
2.511414526630424415e-01 -5.926462489822421909e-02 9.661343979954479799e-01
3.717912125972300252e-01 -4.939451330453328848e-02 9.270013356467918797e-01
4.782396415355522068e-01 2.205489405160580146e-02 8.779524058354506444e-01
5.244929878051117766e-01 1.478680433539581729e-01 8.384760864198289587e-01
7.412476002384031926e-01 4.289298899231083761e-01 5.163052824359902759e-01
5.306000357144793345e-01 5.938311956610301534e-01 6.048372617155007847e-01
2.914899744115487801e-01 5.974163284952902497e-01 7.470791961129612524e-01
1.183703058387703122e-01 4.821338304462819413e-01 8.680641913100621831e-01
3.768222915355147473e-02 3.270633076667887051e-01 9.442508365811369542e-01
3.516972134604753886e-02 1.774246937210331998e-01 9.835057543087737386e-01
9.321411248553193585e-02 4.656704099910247141e-02 9.945565041394247574e-01
2.030468698234211278e-01 -6.187281827331449213e-02 9.772122200493341682e-01
3.617364922783610770e-01 -1.367139319160947941e-01 9.222017192427065524e-01
5.566480608467746505e-01 -1.466904125039178441e-01 8.176948448137593140e-01
7.384927007784857222e-01 -4.644901255707135912e-02 6.726596614406715746e-01
8.200693759706837449e-01 1.722265610107735490e-01 5.457327462022831810e-01
8.511395418748781694e-01 5.241835572436174262e-01 -2.816165074215402214e-02
5.526391282917696435e-01 8.151645767919075691e-01 1.734840241193162658e-01
2.524489242383213816e-01 8.331218148408250368e-01 4.921154156163775606e-01
6.177495301290619745e-02 6.565091391535052834e-01 7.517842811526284086e-01
-8.484820058036992435e-03 4.268945321963930617e-01 9.042616138094704548e-01
9.952878644098368463e-03 2.140160020463376667e-01 9.767794485322074394e-01
9.278800423502892025e-02 2.759833363424343822e-02 9.953033297696791681e-01
2.327545238432402741e-01 -1.399350801305671299e-01 9.624154534188106291e-01
4.329144012429915755e-01 -2.827732602735927303e-01 8.559348132133806075e-01
6.834563160728763798e-01 -3.509462546057581789e-01 6.400970163954329273e-01
9.147310181457524170e-01 -2.430650043755672174e-01 3.227794418637976448e-01
9.950594407287577381e-01 9.190843736930444374e-02 3.754395499925707036e-02
5.946213328537519605e-01 4.752098580875347422e-01 -6.485376329032489506e-01
2.701674824014002607e-01 9.114988586731528342e-01 -3.101279769553732524e-01
1.507883207075184744e-02 9.769023060652086698e-01 2.131537314426419083e-01
-1.019365626760183052e-01 7.691309915951862752e-01 6.309092287782616104e-01
-1.071494842629090866e-01 4.868728432165739806e-01 8.668758980155872873e-01
-4.371510343283172700e-02 2.251975577057443167e-01 9.733319319405141501e-01
6.565744318582025785e-02 -9.524192843433622324e-03 9.977967678365332604e-01
2.169313903415149292e-01 -2.377210189598106815e-01 9.467996034162790009e-01
4.144343411894937379e-01 -4.639733906274440822e-01 7.829258391652194060e-01
6.455615979649576008e-01 -6.248798038280209965e-01 4.390620161213604211e-01
8.289855327087970460e-01 -5.533032553712965429e-01 -8.147695474835259244e-02
8.252084469776236331e-01 -1.298807586401282688e-01 -5.496926482788919710e-01
-1.775966071631792514e-02 2.454945876905387236e-01 -9.692352665198321615e-01
-2.702467554620703316e-01 7.843689634106405517e-01 -5.583296699982093214e-01
-3.676416118568953117e-01 9.273367624058793668e-01 6.990117539689223725e-02
-3.303657707622046913e-01 7.515432328016572461e-01 5.710001985453078133e-01
-2.304862584857118035e-01 4.724732696665168707e-01 8.506733180838840225e-01
-1.105543580818710708e-01 2.014143742271364834e-01 9.732471339612274175e-01
1.729117612777670079e-02 -5.301931349226644830e-02 9.984437728910492416e-01
1.520519749704164481e-01 -3.170310647946272820e-01 9.361471576963186214e-01
2.905732863057791104e-01 -6.038250897248975679e-01 7.422684327816994054e-01
4.078663167623517993e-01 -8.499926518692443311e-01 3.334029985152689446e-01
4.301105727256965272e-01 -8.540892185897940303e-01 -2.924662406470449061e-01
2.750935183330646683e-01 -4.352612517343207310e-01 -8.572462883616629448e-01
