-4.647597099077102611e-02 -8.134718865161549850e-02 9.956016367096915953e-01
-6.072390501838575289e-02 -4.767550844174828911e-02 9.970153726267592109e-01
-8.384210708857116334e-02 -1.394205716610634124e-02 9.963815133376043853e-01
-1.099376503177639380e-01 1.324095051952214018e-02 9.938502856428247378e-01
-1.333618646222183846e-01 2.794812833739431304e-02 9.906732635873896076e-01
-1.492754794203068613e-01 2.533031041583159657e-02 9.884711460726031129e-01
-1.536042472399657688e-01 3.312536098777533067e-03 9.881268958662450252e-01
-1.433363231933433846e-01 -3.448564618786816027e-02 9.890730198830243181e-01
-1.189048641231933989e-01 -7.672238368781868212e-02 9.899370228094706015e-01
-8.764479456554502557e-02 -1.079497755209782306e-01 9.902854315551974373e-01
-6.045194320677744343e-02 -1.183416171899945024e-01 9.911310832595667808e-01
-4.576614105109307051e-02 -1.075118482293924704e-01 9.931498692662407146e-01
-3.728001751651778550e-02 -9.170971361315534420e-02 9.950876990109324138e-01
-5.603095398698091506e-02 -5.203579755942817908e-02 9.970721177364501031e-01
-8.478675745912339634e-02 -1.221436030386179906e-02 9.963242520194341978e-01
-1.164682991774463050e-01 2.077114074189877896e-02 9.929771875520746471e-01
-1.445168033320911039e-01 4.038630762932907819e-02 9.886778240209975754e-01
-1.634001152966863546e-01 4.041272370936495328e-02 9.857318165116796260e-01
-1.683746344129729011e-01 1.662297305888115959e-02 9.855829032876342044e-01
-1.553866050562582590e-01 -2.898716020625593734e-02 9.874283505715867326e-01
-1.240342092775742339e-01 -8.301543018559592868e-02 9.887992482197572874e-01
-8.439814271577852911e-02 -1.232200163874002802e-01 9.887839911060142262e-01
-5.115977095519864959e-02 -1.362853613260375796e-01 9.893477538885832034e-01
-3.459844450432321417e-02 -1.229884646609452348e-01 9.918048120461957495e-01
-1.243957950294954408e-02 -9.107905190864998279e-02 9.957659680695275517e-01
-3.746273192671103341e-02 -4.730976983974984063e-02 9.981775039513146597e-01
-7.182275605033995591e-02 -2.058476517980338365e-03 9.974152868229704261e-01
-1.073766369188146885e-01 3.766365993957616898e-02 9.935047592055862298e-01
-1.367467855213062022e-01 6.478098339578938769e-02 9.884855794798942386e-01
-1.540023882578893943e-01 7.133433780770007115e-02 9.854920987305042512e-01
-1.547208127205007278e-01 4.977286172902773559e-02 9.867036699772329111e-01
-1.356050197751151043e-01 -1.641756952629497496e-03 9.907616177700129256e-01
-9.673907580599164224e-02 -6.888659168640878794e-02 9.929230527578751797e-01
-5.172937325570604872e-02 -1.201850180740041824e-01 9.914028612896301773e-01
-1.756993422614660030e-02 -1.380956378371038518e-01 9.902630419344985446e-01
-4.175264691106479915e-03 -1.248873833052321636e-01 9.921621382898555552e-01
2.218264980783643883e-02 -7.814998011571873404e-02 9.966947931315727205e-01
-9.394838340730089082e-03 -3.414553276140713800e-02 9.993727130581557816e-01
-4.763103641305119901e-02 1.386761010137084471e-02 9.987687288659348184e-01
-8.381825820503034652e-02 5.906558468064681405e-02 9.947289863565255130e-01
-1.099382373416634556e-01 9.399078515437132852e-02 9.894843688892704936e-01
-1.197314190801142958e-01 1.091791049983842632e-01 9.867848348635306355e-01
-1.097577476475358332e-01 9.387729695268105801e-02 9.895151792408432012e-01
-7.993586656019528724e-02 4.186733473764440994e-02 9.959203700693386452e-01
-3.461280963277395956e-02 -3.458718076109026929e-02 9.988021227131277380e-01
8.560141774936485051e-03 -9.509294440559508399e-02 9.954315927762988903e-01
3.506448584528853302e-02 -1.192676364292620250e-01 9.922427690504919129e-01
3.904409870629583362e-02 -1.099980234141600260e-01 9.931646354967410550e-01
5.565986492747174164e-02 -5.533800058334624461e-02 9.969150842110797717e-01
1.963059774494619811e-02 -1.569182244428277834e-02 9.996841532908271599e-01
-1.933710236099637353e-02 3.111772646215012553e-02 9.993286564350489787e-01
-5.263158303297531260e-02 7.835916479975714444e-02 9.955349103669982602e-01
-7.202647322507034489e-02 1.182775749577955338e-01 9.903648834731891837e-01
-7.113648565748857677e-02 1.406326391893938099e-01 9.875029423768301173e-01
-4.757340797390058329e-02 1.332770681157737780e-01 9.899363585444557190e-01
-5.419585851043318483e-03 8.796364437728040886e-02 9.961089425142387599e-01
4.281999334663545709e-02 1.436325806249783357e-02 9.989795518365719440e-01
7.650900905807185570e-02 -4.958281522442701400e-02 9.958352855604749587e-01
8.916765844798872631e-02 -8.113172558741903184e-02 9.927067904422735012e-01
8.094591596817464485e-02 -8.019208393838840598e-02 9.934872864619995747e-01
7.664419181516628210e-02 -2.974387431974497703e-02 9.966147549587458521e-01
4.025863559850518386e-02 2.702022067860031934e-03 9.991856390764932705e-01
4.016369966711635757e-03 4.483154907057718130e-02 9.989864868858140401e-01
-2.410896770629169725e-02 8.994889453037149818e-02 9.956545354935928405e-01
-3.648706125671561523e-02 1.301031398569891251e-01 9.908288789492775139e-01
-2.759847776180295031e-02 1.550406373194631315e-01 9.875225186318631332e-01
3.216846526271079434e-03 1.532149230118889094e-01 9.881876538719035485e-01
4.876791216920081662e-02 1.174974204513734022e-01 9.918750157806140999e-01
9.332989494510583739e-02 5.617448815072279000e-02 9.940492732206751558e-01
1.187911177631175152e-01 -2.700995628558141171e-03 9.929155930707728173e-01
1.217878010851322634e-01 -3.810314657677977418e-02 9.918245216406686993e-01
1.059313993874398951e-01 -4.563821038887431319e-02 9.933255721949026951e-01
7.935764124979119427e-02 -9.712578292285342987e-03 9.967988917520856917e-01
4.666148369823729103e-02 1.552195222742850517e-02 9.987901556073234266e-01
1.557297210362506949e-02 5.140241085087512984e-02 9.985565956413224864e-01
-6.909713085885898706e-03 9.144351208848777723e-02 9.957862923146634238e-01
-1.435376335515002252e-02 1.279098224911927040e-01 9.916819282349063069e-01
-2.691202269365314519e-03 1.514392565495128740e-01 9.884629021901163437e-01
2.728144228025383006e-02 1.524617514107134142e-01 9.879327594850109140e-01
6.775690542831198926e-02 1.259558300902544059e-01 9.897192180781563264e-01
1.046860635540305118e-01 7.842001784080133986e-02 9.914086588785152587e-01
1.244042800175960140e-01 2.877423266945210167e-02 9.918143065350606413e-01
1.239833167894259375e-01 -5.799234694602807029e-03 9.922673561267366660e-01
1.071271567052713147e-01 -1.835261838867405931e-02 9.940759295419244745e-01
6.496331826850954005e-02 -9.890248716820807060e-04 9.978871625135619094e-01
3.827644638491900508e-02 1.918520480776909551e-02 9.990830003400964499e-01
1.306055141023682725e-02 4.928905274069535214e-02 9.986991595454572934e-01
-4.755431379352234589e-03 8.324351544137577330e-02 9.965178889560047937e-01
-9.996955023260695530e-03 1.139506195245391235e-01 9.934361163154542540e-01
1.647691653258218471e-04 1.334833222347499571e-01 9.910510458781780496e-01
2.438870625329571384e-02 1.345975021034414854e-01 9.906001733469703696e-01
5.607121066810818316e-02 1.142189718395903580e-01 9.918719906348576476e-01
8.466662538963419526e-02 7.744121134515991045e-02 9.933954002966746133e-01
1.005700667638882717e-01 3.726537051907279074e-02 9.942318410869857015e-01
1.007834398402787934e-01 7.004135503240783989e-03 9.948837320712187182e-01
8.748513416606372439e-02 -6.082730737458293818e-03 9.961472540175260182e-01
3.904689252496786750e-02 -5.117568192763466070e-03 9.992242744649507680e-01
1.862551935355093516e-02 1.302324930210622435e-02 9.997417091462511562e-01
-1.602070206814992142e-03 3.915545638887162061e-02 9.992318467732994591e-01
-1.661888709951556825e-02 6.760465186589074971e-02 9.975737685191981008e-01
-2.214534096365789254e-02 9.206309259696963954e-02 9.955068914151773418e-01
-1.595508530835006503e-02 1.061170933837721764e-01 9.942256271816055646e-01
9.450294649498420900e-04 1.046796451915609910e-01 9.945055448824506872e-01
2.389683479416123205e-02 8.646652910270512249e-02 9.959681122565229305e-01
4.573206560925777153e-02 5.619222573799381726e-02 9.973720529180790662e-01
5.974025213959111708e-02 2.376043045312015503e-02 9.979311320020444187e-01
6.272999519357498610e-02 -5.258569907474416622e-04 9.980303959186939133e-01
5.500428238991208335e-02 -1.052155705900222407e-02 9.984306814975768551e-01
8.627530195989200137e-03 -1.992649212289370614e-02 9.997642225216579748e-01
-6.801583184159278907e-03 -8.791815081468933079e-04 9.999764824764368898e-01
-2.402030785635756588e-02 2.365481329279353270e-02 9.994315757561349489e-01
-3.855354802913230766e-02 4.818441663132257829e-02 9.980941267878395973e-01
-4.646742836956082451e-02 6.704736750220284536e-02 9.966671603958981995e-01
-4.545041391514152707e-02 7.509754499436079034e-02 9.961398589610409582e-01
-3.555910379841385749e-02 6.906893675851542846e-02 9.969779496619760595e-01
-1.940031333458121232e-02 4.945392351193924479e-02 9.985879717339670725e-01
-1.560780729145607067e-03 2.162772268021975752e-02 9.997648751458847460e-01
1.284950822095380814e-02 -5.582386466620367291e-03 9.999018587339514319e-01
2.003845765366657830e-02 -2.383017654016580597e-02 9.995151739222503107e-01
1.841102752693601560e-02 -2.863126074552574396e-02 9.994204745618812114e-01
-1.954943970387031105e-02 -4.097765756853086888e-02 9.989687938006943657e-01
-3.209760585068122118e-02 -1.859398816774203780e-02 9.993117668188364888e-01
-4.882653175300705889e-02 6.817331689763565968e-03 9.987840075739836676e-01
-6.529823658381068985e-02 2.961817388811707752e-02 9.974261396587661421e-01
-7.737356010564246100e-02 4.444867331013482165e-02 9.960108672287119047e-01
-8.210844753274317009e-02 4.696052712869969170e-02 9.955164045536931683e-01
-7.823097118458112453e-02 3.521437884544888208e-02 9.963131348476504945e-01
-6.637803354633858843e-02 1.138752699538434464e-02 9.977295630035661889e-01
-4.934133110719273602e-02 -1.765614098216517283e-02 9.986259027934897281e-01
-3.186363456554822116e-02 -4.260175625927437731e-02 9.985838969038569601e-01
-1.909532627354362452e-02 -5.595756053153756737e-02 9.982505296437118592e-01
-1.467475107875673701e-02 -5.487961438097320455e-02 9.983851359099983336e-01
-3.954775958437915795e-02 -6.307699971755696688e-02 9.972247824930914328e-01
-5.167622569257394882e-02 -3.555880155497331135e-02 9.980306304567739817e-01
-7.049768788963897692e-02 -6.940050157746736371e-03 9.974878002792688658e-01
-9.107334615965298474e-02 1.670521080334555139e-02 9.957040632393557855e-01
-1.086277727783757086e-01 2.990679814954654708e-02 9.936325228199466286e-01
-1.192741050263343011e-01 2.845700956630844644e-02 9.924534681671300929e-01
-1.202544900188859678e-01 1.094981339746693358e-02 9.926827082290502480e-01
-1.103024255399755321e-01 -1.918874962474404269e-02 9.937128190819104478e-01
-9.092522914249086263e-02 -5.300384717335025059e-02 9.944461749590272071e-01
-6.763946435442805272e-02 -7.912256425585302566e-02 9.945675053445723890e-01
-4.796134798031089636e-02 -8.964824494530018728e-02 9.948180242024318165e-01
-3.786084925333296769e-02 -8.309591737040770976e-02 9.958220848175451945e-01
8.478914724764233593e-03 -1.153135240493549374e-01 9.932929573779902821e-01
-2.856644266239360269e-02 -8.550579723239218333e-02 9.959280681821182091e-01
-7.510802860737873787e-02 -6.348676513512002684e-02 9.951523575270271316e-01
-1.213243523102788546e-01 -5.227634729383505430e-02 9.912353832719457136e-01
-1.581191992333026708e-01 -5.451881640116303107e-02 9.859137982057210037e-01
-1.772271539037094390e-01 -7.237723649383037694e-02 9.815050033273475805e-01
-1.714733345088743088e-01 -1.052580891444830219e-01 9.795497078872302810e-01
-1.369934486122319772e-01 -1.458035472697023771e-01 9.797826905189742641e-01
-7.984638542800155669e-02 -1.785586483334717922e-01 9.806841305126551278e-01
-2.137201786033416859e-02 -1.892900198536311973e-01 9.816886090997727354e-01
1.713049945968158488e-02 -1.762936150322842455e-01 9.841885527109127674e-01
2.636035924052287233e-02 -1.481590682744397536e-01 9.886121696341139131e-01
2.805351420131692655e-02 -1.223682549193676194e-01 9.920882070305280243e-01
-1.976328953231985819e-02 -8.773063518366498725e-02 9.959481653364441467e-01
-7.820303461303768078e-02 -6.209642719913859021e-02 9.950016678912345647e-01
-1.362595061856406164e-01 -4.788737537921265719e-02 9.895151066322354083e-01
-1.838633276571794151e-01 -4.780693608275840556e-02 9.817885585019205941e-01
-2.111434491904313482e-01 -6.534808467385645747e-02 9.752682050048990803e-01
-2.077564406453610846e-01 -1.026559969989172816e-01 9.727790127517393914e-01
-1.646639128506318384e-01 -1.542386412391872630e-01 9.742157037089178573e-01
-8.542477873203295491e-02 -1.995744650034191325e-01 9.761519554338368154e-01
-5.030161872077799738e-03 -2.145024642758898425e-01 9.767104946149963718e-01
4.445691618172969983e-02 -1.971535758836182595e-01 9.793641049783469166e-01
5.337509237297569792e-02 -1.617157650554044146e-01 9.853928713192657840e-01
5.791758819654352353e-02 -1.078373860912980459e-01 9.924800507510562753e-01
-1.789491273697044020e-03 -7.225558196737517924e-02 9.973845439927908618e-01
-7.177555211226804843e-02 -4.379293706450276130e-02 9.964589548909840167e-01
-1.404112562487854765e-01 -2.386221443362480932e-02 9.898056747872152616e-01
-1.969068245201463507e-01 -1.496144347335551933e-02 9.803080422330283650e-01
-2.299688961639535234e-01 -2.225390796036761862e-02 9.729435083176276589e-01
-2.265129952077246100e-01 -5.316777788629176854e-02 9.725559368986027575e-01
-1.722120579476475732e-01 -1.104809087383480937e-01 9.788447149072097009e-01
-6.535019046612909610e-02 -1.731730436463529421e-01 9.827209418548769060e-01
3.640681682221753174e-02 -1.984156742873666723e-01 9.794415571569525802e-01
9.109677393317552885e-02 -1.831311635123252790e-01 9.788587000837806196e-01
9.400888608846538763e-02 -1.474653923843498582e-01 9.845894004026223278e-01
8.958835085289544586e-02 -7.266535834337597977e-02 9.933245557663353820e-01
2.067561147005474512e-02 -4.194793200002004674e-02 9.989058464596461961e-01
-5.657698815869220688e-02 -1.284932531416241135e-02 9.983155509405816641e-01
-1.305721822228082252e-01 1.398629608571515075e-02 9.913401478560647240e-01
-1.897943870375149722e-01 3.662616530096819700e-02 9.811404663269829296e-01
-2.212855315544614010e-01 4.924334922409624032e-02 9.739649922260686932e-01
-2.097940906521505167e-01 3.958450316031481009e-02 9.769439628950514765e-01
-1.393087439613260592e-01 -7.974150694187458546e-03 9.902168887554574361e-01
-6.897651103677455812e-03 -8.491300087130869423e-02 9.963644938937922246e-01
1.010600104481298861e-01 -1.265681350038642961e-01 9.867965248670500511e-01
1.467267363157549742e-01 -1.257690161974786280e-01 9.811490301756625731e-01
1.370211728808476137e-01 -1.028105669750840334e-01 9.852183440744227694e-01
1.110637360212443636e-01 -2.610895770274395886e-02 9.934702657195493281e-01
3.988802548587212782e-02 -5.152866430866904525e-03 9.991908693489908178e-01
-3.724999857993876312e-02 2.177959604211596872e-02 9.990686096570075003e-01
-1.089714669264650188e-01 5.386729683116128070e-02 9.925842703408644940e-01
-1.629667236063048752e-01 8.944540840352541156e-02 9.825687588726704780e-01
-1.846231043548396122e-01 1.230361705469379119e-01 9.750776431012028178e-01
-1.572582420216142307e-01 1.415067120450464733e-01 9.773667150881263366e-01
-6.830437107822212583e-02 1.232707273752367549e-01 9.900196163026109275e-01
6.698678166249932842e-02 5.775750252876962754e-02 9.960807406953404719e-01
1.574355655900707418e-01 -5.886451482890604249e-03 9.875117175893359800e-01
1.853060923315109909e-01 -3.548105691860659050e-02 9.820400942652836029e-01
1.642869551349391277e-01 -3.838249380261918309e-02 9.856655520723373032e-01
1.144763155945129895e-01 1.558650096101302923e-02 9.933036968396020683e-01
4.912825226187680916e-02 2.653996216209642336e-02 9.984398055156983309e-01
-2.056294061550990523e-02 4.949060255424492932e-02 9.985628902238119498e-01
-8.348639280559759512e-02 8.284944048979261955e-02 9.930589068260583518e-01
-1.272683254919779461e-01 1.241143687432079284e-01 9.840723534363020608e-01
-1.378554944980401320e-01 1.668960486404108823e-01 9.762896965475577060e-01
-1.018620857132789548e-01 1.975005263366045316e-01 9.749962346547323966e-01
-1.584062926014899106e-02 1.955797628606568139e-01 9.805598558089579919e-01
9.474950400936940631e-02 1.505527914896764852e-01 9.840510090764857942e-01
1.673351712050943074e-01 8.896680102108101007e-02 9.818777158046720910e-01
1.867972307687914835e-01 4.287809352463889390e-02 9.814623088395872941e-01
1.644588706158711389e-01 1.956648565677409149e-02 9.861898562219465481e-01
1.005340109005133514e-01 3.909384579948628480e-02 9.941652698986558345e-01
4.622780296078014828e-02 4.370880811957403994e-02 9.979742132571602919e-01
-1.181495644378156504e-02 6.259371931165091940e-02 9.979691543865175651e-01
-6.312512505954546993e-02 9.348507554497370586e-02 9.936175115387247958e-01
-9.643747379247082085e-02 1.328591276571796931e-01 9.864320888163709000e-01
-1.003845282755254087e-01 1.736952859092774359e-01 9.796697883142908569e-01
-6.676993230111105682e-02 2.036882806519959288e-01 9.767562953294113282e-01
1.914483928614907219e-03 2.075278963345020544e-01 9.782272266678881945e-01
8.328296454495011381e-02 1.779303568921715706e-01 9.805124863624626874e-01
1.399053445467178525e-01 1.283017599457368374e-01 9.818172706577940057e-01
1.575071235884761001e-01 8.187229817601975046e-02 9.841180990157155639e-01
1.410317455447217261e-01 5.125789126787443084e-02 9.886772351638873912e-01
7.594887202918547409e-02 3.940968731530291452e-02 9.963325977721710913e-01
3.359469600658056276e-02 4.245026078071627990e-02 9.985336107311918452e-01
-1.254139448792420362e-02 5.845690415819893015e-02 9.982111519013631140e-01
-5.302968816159255722e-02 8.483061939105028537e-02 9.949832250782922882e-01
-7.828968700012844950e-02 1.176089135535297453e-01 9.899691249539707139e-01
-7.991903848230717811e-02 1.501838214559445550e-01 9.854226337267609770e-01
-5.357590235561155573e-02 1.728857307323583836e-01 9.834836789677799951e-01
-3.473148070507069488e-03 1.755549437032398186e-01 9.844635082031999440e-01
5.441280254209288764e-02 1.541799531859515404e-01 9.865433538142424075e-01
9.786354618007246653e-02 1.167303557114809515e-01 9.883302840571421832e-01
1.149313458184355596e-01 7.866067065814631720e-02 9.902541515389365889e-01
1.056844105978756720e-01 5.140739428445920134e-02 9.930700303449928601e-01
4.858219341982125683e-02 1.901315571170426183e-02 9.986382079573384862e-01
1.581894589134725040e-02 2.438398565605257723e-02 9.995775018449238880e-01
-2.112911339136420985e-02 3.910821338522994101e-02 9.990115656052848125e-01
-5.389347369112229558e-02 6.045333297359956753e-02 9.967150485599065579e-01
-7.437323343889279403e-02 8.461745270245979444e-02 9.936339913901919285e-01
-7.625118339630203301e-02 1.061748874849387098e-01 9.914195127685031528e-01
-5.711763210218864101e-02 1.184595801993634234e-01 9.913147350674990088e-01
-2.083146369496068073e-02 1.158487301340217351e-01 9.930483985419303883e-01
2.168430498089310085e-02 9.757056214996212562e-02 9.949923498798635135e-01
5.622137282069413627e-02 6.991475085862502992e-02 9.959674115404061334e-01
7.303723964981201355e-02 4.313435242081255921e-02 9.963960002256189163e-01
6.958654041459454154e-02 2.511344464444249108e-02 9.972597596870654835e-01
2.461217974211474604e-02 -1.521069672527332849e-02 9.995813500228025728e-01
-2.561712131773973954e-03 -4.992868149768779108e-03 9.999842543252823734e-01
-3.466322612173278889e-02 9.909117856884070916e-03 9.993499237696833459e-01
-6.395712341839866755e-02 2.664580648645501273e-02 9.975968561302130944e-01
-8.314091066499045002e-02 4.186978262177128846e-02 9.956578279090878558e-01
-8.680418540681643369e-02 5.162789473168968857e-02 9.948867241457600707e-01
-7.297395430304544350e-02 5.220601295316659035e-02 9.959665326731106383e-01
-4.451083004404756543e-02 4.207461949532548262e-02 9.981224936866478492e-01
-9.418442669275118792e-03 2.377459784765687326e-02 9.996729772455090757e-01
2.150260700216086174e-02 3.585404849750636978e-03 9.997623631464999105e-01
3.934971765001185617e-02 -1.166181491205523293e-02 9.991574459483175685e-01
4.008892871577664913e-02 -1.805742105097192518e-02 9.990329360634765399e-01
8.161784289618974689e-03 -5.464496592105173856e-02 9.984724898446482033e-01
-1.793507284218131409e-02 -3.819107335781440904e-02 9.991094910358025993e-01
-5.014966400937106994e-02 -2.189759083079530558e-02 9.985016308026986032e-01
-8.067709977191343806e-02 -8.778380706655949592e-03 9.967016331904229309e-01
-1.021910003104287701e-01 -1.732760668311699673e-03 9.947632869159748203e-01
-1.090861419474600524e-01 -3.393137391931931850e-03 9.940265088285363815e-01
-9.867755290739577134e-02 -1.487871407737656644e-02 9.950082232923881387e-01
-7.252039581224761777e-02 -3.393194952431854289e-02 9.967895540145345068e-01
-3.740643375298585011e-02 -5.442286247044703790e-02 9.978170727917382576e-01
-4.099094074871572659e-03 -6.908525597563099085e-02 9.976023380257077466e-01
1.730383987266409171e-02 -7.350763289236021680e-02 9.971445256491751064e-01
2.134958919741692870e-02 -6.770675783796765990e-02 9.974768117527218481e-01
2.078732614834363779e-03 -9.061672394111441875e-02 9.958836720286047273e-01
-2.742413915255467391e-02 -6.734533373911885668e-02 9.973527573607480212e-01
-6.467675322980009911e-02 -4.861494600114973225e-02 9.967213776262058289e-01
-1.010902151510721381e-01 -3.756690870486936035e-02 9.941677402586612811e-01
-1.286233909449529811e-01 -3.685277855290162302e-02 9.910085246932361924e-01
-1.405949392817511523e-01 -4.837381741531037588e-02 9.888847439600596534e-01
-1.325525348875699894e-01 -7.152025982521778569e-02 9.885922708221324129e-01
-1.040558101070499786e-01 -1.007530243768090944e-01 9.894550098219996315e-01
-6.164184037509839315e-02 -1.257201661881433563e-01 9.901488389775648935e-01
-1.928449841827437061e-02 -1.369182122704283022e-01 9.903946240107703858e-01
9.044186650542152331e-03 -1.316819906807558394e-01 9.912507533506118573e-01
1.603767300281028207e-02 -1.140527041752330134e-01 9.933452439685885871e-01
9.179199729576875688e-02 -1.158413869869922286e-01 9.890171900899641377e-01
2.850553200651767191e-02 -1.014437926655064465e-01 9.944327989234090781e-01
-3.848220429306216384e-02 -1.051557246747466118e-01 9.937109204999529100e-01
-9.789529361670586127e-02 -1.247288490130018940e-01 9.873495965014147391e-01
-1.390418013963119759e-01 -1.584064883562637804e-01 9.775350438276524390e-01
-1.508921677568095254e-01 -2.038021502511244698e-01 9.673139290130732260e-01
-1.230042826675930429e-01 -2.536041281655614932e-01 9.594555188349971342e-01
-5.198413482139239289e-02 -2.901561768260854657e-01 9.555663466114544535e-01
4.388200612729270533e-02 -2.904804899390283635e-01 9.558741834065345166e-01
1.214810914008326720e-01 -2.534424428977454236e-01 9.596922801450803453e-01
1.529637631162490130e-01 -1.992063419154612713e-01 9.679457218842549837e-01
1.384120550556321994e-01 -1.494393391461621423e-01 9.790352327322240367e-01
1.260191853516304250e-01 -1.113377008391376877e-01 9.857601540410524388e-01
4.246878354314035514e-02 -9.819209237894947762e-02 9.942608890118959097e-01
-4.408372495544584518e-02 -1.058747990620385326e-01 9.934018079899933351e-01
-1.225092619984503584e-01 -1.309856333399048722e-01 9.837856700435432256e-01
-1.818575814741950347e-01 -1.720975067073915454e-01 9.681478545373664035e-01
-2.083574782328213859e-01 -2.284634984497061205e-01 9.509950531630865234e-01
-1.834066313293727657e-01 -2.946654612089704139e-01 9.378348860832043110e-01
-8.879298749044040040e-02 -3.489323327976071587e-01 9.329319549147269131e-01
6.145328860930211745e-02 -3.484329041934972060e-01 9.353170609981590333e-01
1.793845693827056387e-01 -2.901650401116623867e-01 9.400135242453095952e-01
2.189226782316422149e-01 -2.126547939405476761e-01 9.522871413445030964e-01
1.920664609803401368e-01 -1.492108338776005627e-01 9.699724746711365642e-01
1.588554852813020557e-01 -7.563723034477372320e-02 9.844002967197819087e-01
5.607020677857706831e-02 -7.076355380054412392e-02 9.959159860978513690e-01
-4.922510688758942321e-02 -8.351781269615725367e-02 9.952897386259832446e-01
-1.475306255242083975e-01 -1.094144006369726502e-01 9.829868785826743061e-01
-2.288575013345526266e-01 -1.470113050836768520e-01 9.622951315789104454e-01
-2.780158913389229602e-01 -1.974619914466620441e-01 9.400616607951992609e-01
-2.679794845439552042e-01 -2.621548156485821179e-01 9.270716522987402231e-01
-1.545872607267340937e-01 -3.289903492653906691e-01 9.315944015026880187e-01
8.143492441661970282e-02 -3.325132505455361542e-01 9.395761232049247846e-01
2.502246900682109088e-01 -2.562617357240619675e-01 9.336581426217707147e-01
2.904790598505246346e-01 -1.666345482333159989e-01 9.422604964252297988e-01
2.454376587762865658e-01 -1.050676117453211156e-01 9.637017965202732128e-01
1.770916603312282789e-01 -1.445151213231445769e-02 9.840882570370198534e-01
6.440316087285992419e-02 -2.487254631389804876e-02 9.976139480327282927e-01
-5.175723385060911064e-02 -4.260321054999260254e-02 9.977505475794434808e-01
-1.637652960987587836e-01 -6.297715919166887999e-02 9.844870772203194731e-01
-2.628195328009905185e-01 -8.294323593437340214e-02 9.612732768525761307e-01
-3.334616349339268870e-01 -1.012520944899472919e-01 9.373107016291584159e-01
-3.433592089061139330e-01 -1.219983886153210156e-01 9.312469311812742179e-01
-2.242978276323702169e-01 -1.580341555135464648e-01 9.616213861029486720e-01
1.157671405125654945e-01 -1.657613004181087979e-01 9.793473135007686459e-01
3.112657028645781643e-01 -1.030638688253883717e-01 9.447176833121814221e-01
3.361446310839533158e-01 -4.538485426309812193e-02 9.407162175687648897e-01
2.751742415914263384e-01 -1.797350168432356246e-02 9.612263469141604233e-01
1.698439681452535432e-01 5.242001268636443945e-02 9.840757942123582458e-01
6.288396471617839489e-02 2.544666705496448703e-02 9.976963837347258002e-01
-5.102804901192656978e-02 4.796604510697476814e-03 9.986857017095662759e-01
-1.641054572247138688e-01 -5.669155688101674972e-03 9.864265099757194566e-01
-2.670095841709212992e-01 -4.796123378330500293e-04 9.636937542254321309e-01
-3.428148073955180619e-01 2.800542812839329487e-02 9.389854651833918764e-01
-3.556291475112672851e-01 8.646504945708975709e-02 9.306189900614976196e-01
-2.338763252205991183e-01 1.635089713706756043e-01 9.584188441295347083e-01
9.011719878365519187e-02 2.017243107950311420e-01 9.752877487787143806e-01
2.781335889008831330e-01 1.569867011732632434e-01 9.476269742783511862e-01
3.091935555934705593e-01 1.170518189979480733e-01 9.437680948456979024e-01
2.588467038184015245e-01 8.336013557274446484e-02 9.623146427856416052e-01
1.407058339071184105e-01 9.939731598695990267e-02 9.850492586054573341e-01
5.164179369752261439e-02 6.336946062754390818e-02 9.966531174905671753e-01
-4.807698091973787446e-02 4.328638408620728156e-02 9.979052524455666040e-01
-1.489194870031124440e-01 4.221048372907744428e-02 9.879480054406558631e-01
-2.393213662292147936e-01 6.544025718721593887e-02 9.687326031497381917e-01
-3.001360691575313822e-01 1.191918502949955716e-01 9.464204365998107882e-01
-2.979152232608062167e-01 2.038674518164563798e-01 9.325688080990932605e-01
-1.879912896265463484e-01 2.963645518413384750e-01 9.363905848717495317e-01
2.888316197405069174e-02 3.384926767166207551e-01 9.405256353569120265e-01
1.837787371171717699e-01 2.899228608073686764e-01 9.392391125612743474e-01
2.317167279260594071e-01 2.164982636938678762e-01 9.483859234599304466e-01
2.070424250552720946e-01 1.506876941760673938e-01 9.666574641781217059e-01
1.027897179537171496e-01 1.130951505128579004e-01 9.882528830282875099e-01
3.526656496668167246e-02 7.812733613796193910e-02 9.963194210410144525e-01
-4.466235229359361708e-02 6.170350877774417181e-02 9.970947554230138454e-01
-1.262177896381853903e-01 6.635878540955351956e-02 9.897805722370462966e-01
-1.968497562103637133e-01 9.539560788069217923e-02 9.757816617855895602e-01
-2.392002850987725582e-01 1.503850221675139265e-01 9.592536519171362963e-01
-2.302282394157348089e-01 2.250614420016745776e-01 9.467535609121198181e-01
-1.506956473008626007e-01 2.966801667579307411e-01 9.430120362632362641e-01
-1.638825681413311197e-02 3.276078986002259330e-01 9.446716306808522479e-01
9.715474449936148393e-02 2.948400049309924387e-01 9.505947228517062086e-01
1.495148002809650323e-01 2.302665662803788926e-01 9.615729992830380768e-01
1.458407966528533772e-01 1.651231652037342956e-01 9.754305727957991445e-01
6.911060708206911984e-02 9.483161601602674295e-02 9.930914804753747660e-01
1.972523142474887775e-02 6.799611899541076199e-02 9.974905729113606734e-01
-4.151523091573118551e-02 5.674507330478457956e-02 9.975251787587706698e-01
-1.038876297779940533e-01 6.319168080450165981e-02 9.925795544218343203e-01
-1.556186859933709754e-01 8.883407985366324755e-02 9.838146831726980457e-01
-1.832336285175685253e-01 1.322536270855878826e-01 9.741326477965045472e-01
-1.731654955949514796e-01 1.855243939428403432e-01 9.672612937504745378e-01
-1.189618832004088189e-01 2.317474794201542510e-01 9.654745859564294319e-01
-3.422368041834322749e-02 2.496073006480934442e-01 9.677421842421124465e-01
4.466325827247507457e-02 2.286084899317906427e-01 9.724933684563402680e-01
8.993794066563884360e-02 1.836780998745441706e-01 9.788633829372876960e-01
9.591023422636492379e-02 1.350409934110299026e-01 9.861871815578854283e-01
4.736865513368745256e-02 5.387826270078606428e-02 9.974233521023775362e-01
9.414310002827419241e-03 3.797567293780196307e-02 9.992343163803433237e-01
-3.844570658258622542e-02 3.171689903298186008e-02 9.987572107179053527e-01
-8.623422808018772756e-02 3.679881300529062871e-02 9.955950508459121551e-01
-1.236251044107580660e-01 5.388306775606856169e-02 9.908650001733712021e-01
-1.406700028056321050e-01 8.093961004630460809e-02 9.867424840536076491e-01
-1.298097515019496218e-01 1.117281481840282920e-01 9.852239589649286478e-01
-9.008429919699352528e-02 1.360529578921607086e-01 9.865973908777784240e-01
-3.199089200705851344e-02 1.436371870021888597e-01 9.891132095662630297e-01
2.380842419808129606e-02 1.310359949605205410e-01 9.910916844379961121e-01
5.899306727860790384e-02 1.055582330076271225e-01 9.926617135042686835e-01
6.621347242207217820e-02 7.752155214153809426e-02 9.947895179500756413e-01
3.993463933309597536e-02 1.665029187979781859e-03 9.992009068546626738e-01
6.000279548009052055e-03 -3.485860873568003872e-03 9.999759224198456753e-01
-3.557800270027199063e-02 -6.126873313945398886e-03 9.993481211006175480e-01
-7.535705084220389871e-02 -4.898943230892805097e-03 9.971445809127315041e-01
-1.040774849493214249e-01 8.713016563834945390e-04 9.945688100680756261e-01
-1.139334877072171182e-01 1.014347934127997168e-02 9.934365959666683343e-01
-1.004803302660669390e-01 1.998709332866738936e-02 9.947382667464842454e-01
-6.530776975006467866e-02 2.670418051793296485e-02 9.975077854098217678e-01
-1.800514896167256657e-02 2.778119706074723416e-02 9.994518596214052586e-01
2.612581111995699104e-02 2.335884816854259458e-02 9.993857144294914230e-01
5.347431602068290074e-02 1.604731319565404907e-02 9.984402742604168157e-01
5.773220573900227082e-02 8.386824172170849814e-03 9.982968764855580934e-01
4.606199577255702671e-02 -5.071263060447434717e-02 9.976505007478954079e-01
8.961684600435114098e-03 -4.674025303726409702e-02 9.988668764930578314e-01
-3.390995843526794368e-02 -4.771505576423377276e-02 9.982852238576527260e-01
-7.292992693084486555e-02 -5.238718536477046661e-02 9.959602444712006841e-01
-9.901531755525075362e-02 -5.960800366325839234e-02 9.932989745231369794e-01
-1.048452227053800756e-01 -6.872219690795668134e-02 9.921112533017363289e-01
-8.675789487910984255e-02 -7.865290487271196784e-02 9.931197250237172591e-01
-4.749881837826045589e-02 -8.653798403365774161e-02 9.951155910606319654e-01
1.862286477095879836e-03 -8.841769990922676570e-02 9.960817447537634317e-01
4.505549726504880226e-02 -8.270633140845067011e-02 9.955549532352078179e-01
6.888920597143385893e-02 -7.163654805415438365e-02 9.950489848663528480e-01
6.837405159860608650e-02 -5.966651337411243289e-02 9.958739359225449173e-01
6.400065416666797513e-02 -9.300626355563758330e-02 9.936064367773487227e-01
1.689354801904696668e-02 -8.222904551207849133e-02 9.964702665455434927e-01
-3.472573330998918878e-02 -8.360806348053195780e-02 9.958934758131497977e-01
-8.041108442738267859e-02 -9.563062795723654974e-02 9.921637165799496172e-01
-1.104087126434045718e-01 -1.166512002207677062e-01 9.870169267340243024e-01
-1.162089977559598586e-01 -1.445227661125430274e-01 9.826538754392942776e-01
-9.238975294768414503e-02 -1.742458985853426179e-01 9.803583530406178026e-01
-4.094321715039474924e-02 -1.957563268513398125e-01 9.797974859465400366e-01
2.352565344920056964e-02 -1.977009015170382300e-01 9.799800493730395079e-01
7.709560807774085145e-02 -1.784507065151309524e-01 9.809238566572615614e-01
1.023923388036734744e-01 -1.471149551946247802e-01 9.838053663772490243e-01
9.589260937141237673e-02 -1.158153640712041993e-01 9.886310782657257157e-01
1.786489147930859223e-01 -6.466134158006291155e-02 9.817858606378836450e-01
9.255632510708022842e-02 -8.115960781461664664e-02 9.923942990273970643e-01
1.659399605914197579e-02 -1.231419322156657725e-01 9.922503231670365409e-01
-3.935612363540778175e-02 -1.836202565741359150e-01 9.822090902185757200e-01
-6.432926516722028976e-02 -2.567877235283552717e-01 9.643245359775282077e-01
-4.516355821851562174e-02 -3.340680134033915949e-01 9.414663113620835855e-01
2.922578141197447119e-02 -3.961469865906303012e-01 9.177218634838198996e-01
1.516903863828380494e-01 -4.079934182819858202e-01 9.002951723282057728e-01
2.749530361986600724e-01 -3.429351207361738818e-01 8.982184204585212939e-01
3.373173357765831271e-01 -2.361996289510547298e-01 9.112775374538842899e-01
3.250642712434396731e-01 -1.400027384556983279e-01 9.352713257584032158e-01
2.626622386363843820e-01 -8.186612586926740598e-02 9.614085946307329156e-01
2.252630602464484877e-01 -3.442719722259180576e-02 9.736895407571548589e-01
1.101356658543065359e-01 -6.718821050101574099e-02 9.916430201824451007e-01
9.613083308860933054e-03 -1.275549519888797279e-01 9.917849176370853170e-01
-6.860747411881118474e-02 -2.090595541946437264e-01 9.754932687081205867e-01
-1.133163437205381152e-01 -3.085961429599720085e-01 9.444193066620273358e-01
-1.054042255405836931e-01 -4.205029542520198893e-01 9.011477208002135475e-01
-1.718165834241823162e-02 -5.227837998526132512e-01 8.522921384292518887e-01
1.681027740484565824e-01 -5.540651499759898790e-01 8.153240257339888775e-01
3.850850293083415976e-01 -4.326435724545073525e-01 8.151865181762854018e-01
4.813396849700999902e-01 -2.473728908041376018e-01 8.409035382064232733e-01
4.461492571295435638e-01 -1.074141545238292417e-01 8.884891894507395138e-01
3.448167564166620402e-01 -4.141230689754180072e-02 9.377560585417741290e-01
2.520592437291985788e-01 3.210719493543634506e-02 9.671790246298691551e-01
1.142332314104123059e-01 -2.756644619248591055e-02 9.930714273837459860e-01
-8.964352644269544049e-03 -1.079326531725433025e-01 9.941177911900931363e-01
-1.141453049259197744e-01 -2.050570618366073794e-01 9.720712169148296722e-01
-1.927274062735641891e-01 -3.197215359583762129e-01 9.277037707778096332e-01
-2.238906837559415941e-01 -4.526373402328753848e-01 8.631294224820527106e-01
-1.620346213877580932e-01 -5.923056927206707956e-01 7.892520179527332536e-01
7.521368356528682075e-02 -6.688185636327730332e-01 7.396111348165088639e-01
4.860092926058008356e-01 -4.455438027510861820e-01 7.518548312879124174e-01
6.226494997395891628e-01 -1.445547768273676148e-01 7.690328451830132916e-01
5.432806356780932600e-01 1.774027004375687555e-02 8.393637076476425651e-01
4.003563575724845558e-01 5.807341517079318144e-02 9.145175041526886206e-01
2.412476914655206917e-01 1.178650897797609703e-01 9.632794879855208769e-01
1.004832596824855873e-01 2.762641197798694492e-02 9.945551246084460839e-01
-3.417271349244344752e-02 -6.739132502846398309e-02 9.971412312022320812e-01
-1.625038993995798209e-01 -1.668672443113105586e-01 9.724956583224402262e-01
-2.811075247951378975e-01 -2.722848454726091161e-01 9.202388398832203054e-01
-3.774593950996003033e-01 -3.834478252802221987e-01 8.429069760887007989e-01
-4.118832124907571557e-01 -4.952459157573184667e-01 7.649076429176295822e-01
-2.414270093311199905e-01 -5.851726923581146433e-01 7.741355948952259869e-01
5.306054665892048217e-01 -1.874443255732509139e-01 8.266332098555307928e-01
6.520113644254259544e-01 1.639019645406296910e-01 7.402819237829423304e-01
5.344784771625165076e-01 2.385713757082928432e-01 8.108122200253845557e-01
3.874656855371059749e-01 1.970787464572206493e-01 9.005722126661285243e-01
1.900057769874366753e-01 1.886918620030015592e-01 9.634797278225065709e-01
7.066206274904712759e-02 7.943056854362176566e-02 9.943327700869483143e-01
-5.835014640665123903e-02 -1.776493305927559496e-02 9.981381004489099373e-01
-1.952367658123595195e-01 -1.035613649581815093e-01 9.752731150623328293e-01
-3.396569494032141145e-01 -1.743815187437106340e-01 9.242425237149420880e-01
-4.888620055287312138e-01 -2.141529262204961703e-01 8.456668751592318900e-01
-6.258928955712786957e-01 -1.732880830095865077e-01 7.604139159433944695e-01
-6.481323877445864801e-01 6.684602153437238514e-02 7.585881737554749371e-01
-5.836683984036301898e-02 5.955002791354996328e-01 8.012320073213869964e-01
3.059888853886972848e-01 5.727118625346889758e-01 7.605076755237033526e-01
3.525444677558321471e-01 4.446032713667658620e-01 8.234320429426446042e-01
2.915112538471983927e-01 3.115437557064308360e-01 9.044123380188587857e-01
1.221427500634382629e-01 2.173689275618569949e-01 9.684172127432429944e-01
3.523246524553711595e-02 1.102769788346179558e-01 9.932762260982241909e-01
-7.408427835359240876e-02 2.432206898236687065e-02 9.969553433635989226e-01
-1.998268730474688226e-01 -3.858050438170997076e-02 9.790713791596947768e-01
-3.378173851494394864e-01 -7.021006853788047675e-02 9.385893460756176143e-01
-4.778491627886280457e-01 -4.989761567598883368e-02 8.770236060518667998e-01
-5.854493880220764668e-01 6.152506784089945696e-02 8.083710039899812960e-01
-5.629193985226091934e-01 3.015684734462815153e-01 7.695311602462916456e-01
-2.683106759946418118e-01 5.922376215810861710e-01 7.597789025311014743e-01
2.578771740339248081e-02 6.103012599333706989e-01 7.917495599964733399e-01
1.573119462591265338e-01 4.885278969967352669e-01 8.582502230818936928e-01
1.724011374977828248e-01 3.456937973171634315e-01 9.223739189103977720e-01
6.425718609588620955e-02 2.013838859611686016e-01 9.774024475671367895e-01
6.452144002015079878e-03 1.130636692541280713e-01 9.935667952043826245e-01
-7.793260691936507167e-02 4.595866794610126843e-02 9.958987446620226613e-01
-1.797893019878966103e-01 4.968498298733580419e-03 9.836925947242820545e-01
-2.902956432032425260e-01 -1.176787218220362021e-03 9.569362856058645228e-01
-3.938995578538120879e-01 4.131161749574983194e-02 9.182246394987479965e-01
-4.583031135436281822e-01 1.466131864611648072e-01 8.766201170812789600e-01
-4.304512159012578443e-01 3.082369385853022670e-01 8.483523680763267460e-01
-2.775474360495224779e-01 4.612909890871671470e-01 8.427206204487289742e-01
-8.883985183809785247e-02 4.886703992415434294e-01 8.679335928689015933e-01
3.634203474703076586e-02 4.144866889735319138e-01 9.093294458963510074e-01
8.104960383918621836e-02 3.062742744893366398e-01 9.484867054965975264e-01
3.125528402005268991e-02 1.543233075960976919e-01 9.875259105226509293e-01
-7.592252954420567607e-03 9.085897923522033570e-02 9.958348274626753760e-01
-6.994700728277523927e-02 4.309927279568610825e-02 9.966192195901906192e-01
-1.458560257052682330e-01 1.735775654467637888e-02 9.891535411922867116e-01
-2.247767523907975851e-01 2.080136725855357555e-02 9.741882337129700309e-01
-2.920149534718325945e-01 6.009156054541938546e-02 9.545241072387556924e-01
-3.258023074678605413e-01 1.360827888060381352e-01 9.355930370835865428e-01
-3.016551107271315257e-01 2.338122701005833082e-01 9.243029895670161755e-01
-2.134145864711314011e-01 3.150331731001844160e-01 9.247747369645605842e-01
-9.809883590879046877e-02 3.345197726348689837e-01 9.372689795942398261e-01
-7.509368242912974230e-03 2.948079479008310910e-01 9.555270185834497942e-01
3.496507147183585545e-02 2.265401017409874596e-01 9.733740422263843506e-01
2.601648504266799652e-02 9.253270350393950905e-02 9.953697008087215581e-01
-4.729513865432925269e-03 5.192115578921586982e-02 9.986399878234862859e-01
-5.234905096863934348e-02 1.918582744758182829e-02 9.984445307014828686e-01
-1.073230750338200201e-01 7.070949219902260448e-04 9.942239473992284804e-01
-1.595970977820858061e-01 2.261066673396032022e-03 9.871796462433338748e-01
-1.977929838866786805e-01 2.704585398075360497e-02 9.798706329447987029e-01
-2.094226056575423933e-01 7.248730428210593824e-02 9.751347409242393516e-01
-1.849091316318664524e-01 1.270370596012625752e-01 9.745102352092452902e-01
-1.265528107467350227e-01 1.708040087778182059e-01 9.771439897360582050e-01
-5.471771372635467895e-02 1.852881030858840317e-01 9.811596662417690906e-01
3.119635068729236654e-03 1.693422574889856813e-01 9.855523668002774684e-01
3.071079469976524534e-02 1.344622610545640473e-01 9.904427027551396812e-01
4.454228383569364125e-02 2.947219054745984362e-02 9.985726688303405707e-01
1.236942307297763527e-02 5.910909224493478276e-03 9.999060248468425449e-01
-2.924471104767025625e-02 -1.834947898237239416e-02 9.994038440475432328e-01
-7.118891430797123776e-02 -3.724776686988749003e-02 9.967671454972778511e-01
-1.043485683288518651e-01 -4.542724729734732431e-02 9.935027637056382810e-01
-1.202878961468673430e-01 -3.989306005647273723e-02 9.919371783534741693e-01
-1.127948665365095249e-01 -2.131154239732584513e-02 9.933897202224768463e-01
-8.099553490099950515e-02 5.448182331182030783e-03 9.966995739115066533e-01
-3.276386153180500110e-02 3.207231432277174443e-02 9.989483950794005862e-01
1.609430403997464190e-02 4.992292744266623589e-02 9.986233898186738234e-01
4.944783156223277187e-02 5.481124358457867274e-02 9.972715976756059142e-01
5.885327545034810259e-02 4.709717912560386355e-02 9.971550269076432382e-01
8.046255403632708580e-02 -2.414786322010829822e-02 9.964650812245218203e-01
3.828803806545836436e-02 -3.757683082409576936e-02 9.985599671157185941e-01
-6.261866505725689237e-03 -6.059192334660772061e-02 9.981429796641999586e-01
-4.384401468997223272e-02 -8.713734705293894878e-02 9.952310209818090447e-01
-6.558069639700671305e-02 -1.114278435259867389e-01 9.916062766780401327e-01
-6.422546777268324514e-02 -1.286074159520352311e-01 9.896136730318555452e-01
-3.683289309449157278e-02 -1.343507966246221819e-01 9.902490603038216488e-01
1.124734829628305788e-02 -1.250113764585858156e-01 9.920915547025966896e-01
6.478961950593933872e-02 -1.007799780775238685e-01 9.927969083466854361e-01
1.052882418913784202e-01 -6.912735155890156746e-02 9.920361865304188065e-01
1.211126784288528990e-01 -4.094295320718621678e-02 9.917940278639272300e-01
1.109365257145580319e-01 -2.482009341482643502e-02 9.935175137990566174e-01
1.273387670237062508e-01 -5.867214179298446686e-02 9.901224258596539318e-01
6.689098373303760392e-02 -6.936060402067684150e-02 9.953465240333581043e-01
1.060322274512761655e-02 -9.840911379603872744e-02 9.950895527486559589e-01
-3.156423993496652175e-02 -1.393047415167525671e-01 9.897463754662014779e-01
-4.993534921518549829e-02 -1.857050180827505559e-01 9.813358788702596369e-01
-3.583017547516764018e-02 -2.301948095337474354e-01 9.724847290260950627e-01
1.439682238471545056e-02 -2.612365081516962451e-01 9.651674560997138830e-01
9.119544652881435287e-02 -2.630601599965197712e-01 9.604596518100005920e-01
1.670492523514085781e-01 -2.272124849283803094e-01 9.594107743721945747e-01
2.116962572252864272e-01 -1.680796151095546309e-01 9.627740844358970707e-01
2.137855039089718578e-01 -1.102519994169523648e-01 9.706390961334805390e-01
1.808277075941442658e-01 -7.170361981248460359e-02 9.808975130318746682e-01
2.356133985527016916e-01 3.133904385401473092e-02 9.713414388115332310e-01
1.402709172089361411e-01 -2.731752825194929193e-02 9.897362388211756734e-01
7.310845572110635793e-02 -1.116435781452340820e-01 9.910554299135024836e-01
4.074484373824455857e-02 -2.115175821138652046e-01 9.765245363867546269e-01
5.357724514734098220e-02 -3.171881848477474120e-01 9.468479995203101796e-01
1.253077894101993495e-01 -4.114653070094849152e-01 9.027703246345751831e-01
2.613870465297174484e-01 -4.592499290148432389e-01 8.489795725495000722e-01
4.297044168408137854e-01 -4.126903649040229993e-01 8.031443063751974032e-01
5.460022740725765100e-01 -2.663595903682965949e-01 7.943135938194402224e-01
5.516533326340394838e-01 -1.010577943597376349e-01 8.279286942682096972e-01
4.693716020812221390e-01 1.086596401170708201e-02 8.829338763383430821e-01
3.513327848063988457e-01 5.039942587879937819e-02 9.348931341020966235e-01
2.816516248677596868e-01 9.707209295524864279e-02 9.545938251311765210e-01
1.561191280456532826e-01 6.679857239425045310e-04 9.877380075978354768e-01
6.636693813936365982e-02 -1.201273224493794589e-01 9.905376600226372119e-01
1.618782866799623604e-02 -2.593526772840734629e-01 9.656470074455378860e-01
1.856172681492103405e-02 -4.127016942104970165e-01 9.106770963922949935e-01
9.975212822987247763e-02 -5.641792705709138822e-01 8.196043335485341252e-01
2.912628437631694100e-01 -6.603710876692547860e-01 6.921531495366194386e-01
5.747008019307554560e-01 -5.907352198953252920e-01 5.663487337634679486e-01
7.833288438912853202e-01 -3.027131107870913440e-01 5.429186816509904423e-01
7.699679840392363861e-01 -1.341943287651881089e-02 6.379413941547061873e-01
6.200784488246252613e-01 1.342796853020247205e-01 7.729629249959372173e-01
4.407752370947334852e-01 1.534871831554521504e-01 8.843974643626560939e-01
2.856960913484801745e-01 1.951057611465467079e-01 9.382491595284000452e-01
1.451241124182741926e-01 4.894975387137354833e-02 9.882018587266104825e-01
3.647409833084291203e-02 -1.099346617477014038e-01 9.932693543531806446e-01
-4.021786291925723983e-02 -2.843238349163125789e-01 9.578843773654536209e-01
-7.265713938886762813e-02 -4.795958518771690771e-01 8.744762769554906834e-01
-2.581032957522684523e-02 -6.907496815062383888e-01 7.226331741528747576e-01
1.705656523225043686e-01 -8.641319416854537083e-01 4.734800371789906204e-01
5.850723097641565840e-01 -7.962701104174626510e-01 1.537670432924408415e-01
9.734189436547200369e-01 -2.165311826140363938e-01 7.463114021641226170e-02
9.065350852423378347e-01 2.554057447705631589e-01 3.360982665275013548e-01
6.796731986361452815e-01 3.788670590955713902e-01 6.280956094322294181e-01
4.629854252413151960e-01 3.195619296560689437e-01 8.267555074679032723e-01
2.323349042025134037e-01 2.920289244804679107e-01 9.277605292078063837e-01
1.058465168121496547e-01 1.024973376720310220e-01 9.890858459450716511e-01
-9.524214404919840310e-03 -8.154532370293213206e-02 9.966241265001125615e-01
-1.146801683830373925e-01 -2.715013747105490260e-01 9.555812171186034432e-01
-2.039719242596624293e-01 -4.796968145274232986e-01 8.533969886552761341e-01
-2.548227298011598863e-01 -7.121976000555090280e-01 6.540947598412145680e-01
-2.049594226791363882e-01 -9.381258909257738088e-01 2.791262220388641135e-01
1.034245939890233168e-01 -9.189938264720225458e-01 -3.804651104429415676e-01
7.281785149767165954e-01 1.728123086846250211e-01 -6.632435120629972536e-01
6.791023714174400094e-01 7.339426557249518757e-01 1.217157519048803725e-02
5.203115866473772000e-01 6.820813712796085504e-01 5.138490593100476511e-01
3.704789169035209162e-01 4.923668915082985986e-01 7.876040986919385922e-01
1.366708184669931658e-01 3.430292579911918827e-01 9.293287984031737281e-01
4.888938516625752906e-02 1.407355139179818082e-01 9.888393919844388202e-01
-5.761671062737853954e-02 -4.266198957249370260e-02 9.974268240337901270e-01
-1.808115661406413943e-01 -2.184909895120210332e-01 9.589415336982721749e-01
-3.234342329314183750e-01 -3.943502525858770258e-01 8.601617145942115350e-01
-4.897805433079160387e-01 -5.630357238477493587e-01 6.656619209991242458e-01
-6.858502967197103173e-01 -6.600228903329716790e-01 3.065601975566071835e-01
-8.742363897362227521e-01 -4.038356327709629046e-01 -2.694949286454752513e-01
-5.544042384144444169e-01 6.661884742041712659e-01 -4.988274824684105768e-01
-3.080257101017510116e-02 9.952718862436696901e-01 9.211446179790105937e-02
1.667507907723855543e-01 8.221671674578913125e-01 5.442750430903618986e-01
1.899525488122957295e-01 5.733870278358981221e-01 7.969600651909630740e-01
4.158004573077549171e-02 3.311497417891178796e-01 9.426616298068544175e-01
-5.545408939471765941e-03 1.513148795737870311e-01 9.884700580489216293e-01
-9.222238890134776268e-02 -6.377142037732446214e-03 9.957180138194977603e-01
-2.128166104638267719e-01 -1.449891912348334477e-01 9.662749219221008490e-01
-3.698428557495978541e-01 -2.608607909661398438e-01 8.917218791684426993e-01
-5.669192534228348901e-01 -3.301439148426812409e-01 7.547234961166988665e-01
-7.919919947072301403e-01 -2.827253926702294473e-01 5.411238607372350629e-01
-9.554679989602241630e-01 1.431539450910130143e-02 2.947473026899818382e-01
-7.962379469299667445e-01 5.657841193091313059e-01 2.142275944087910500e-01
-3.848700249047221633e-01 8.164625245892842553e-01 4.304230591765906278e-01
-9.536085633109608883e-02 7.291881944775997493e-01 6.776362476387376432e-01
2.680154707732645969e-02 5.324903696769561767e-01 8.460116330615576885e-01
-1.987205153200525057e-02 2.731335206500917212e-01 9.617708570471393825e-01
-4.003713838214838922e-02 1.352412102697620466e-01 9.900034558498714832e-01
-1.042200646608708037e-01 1.533374356934649220e-02 9.944360484365101227e-01
-2.047424801344749357e-01 -8.126594632662463569e-02 9.754364985974004476e-01
-3.386830877212352320e-01 -1.443120473188433950e-01 9.297676048831903239e-01
-4.987889745373025874e-01 -1.513071236263013597e-01 8.534141510543610254e-01
-6.564617282454536795e-01 -6.457897310478780128e-02 7.515900182823957998e-01
-7.393744018369990956e-01 1.456701126299485838e-01 6.573474820781284311e-01
-6.488587091125893602e-01 4.224740000649555016e-01 6.328491880993465379e-01
-4.115810931156597130e-01 5.727520584832000994e-01 7.089119009389230897e-01
-1.901740224735467277e-01 5.430663504140120779e-01 8.178708823672218298e-01
-6.170240894658586550e-02 4.192366420720597953e-01 9.057778152916723391e-01
-3.747549465931533652e-02 1.960904126021960903e-01 9.798694491539463591e-01
-4.687485372193862798e-02 1.013984134048693531e-01 9.937409671777601705e-01
-9.262684696588004141e-02 1.755392729350551892e-02 9.955461450169132975e-01
-1.668926621483400874e-01 -4.588294895800163614e-02 9.849068962678785288e-01
-2.630207028178931927e-01 -7.767827545625051455e-02 9.616580449469298575e-01
-3.695383573099324526e-01 -6.348363362024884993e-02 9.270443520884452671e-01
-4.616001863206046774e-01 1.000164054693329120e-02 8.870316990811961677e-01
-4.980708278737401296e-01 1.394817426625547530e-01 8.558447837575218209e-01
-4.422367417071161877e-01 2.827314814208689020e-01 8.511695328769238733e-01
-3.095411750930650019e-01 3.652349725162722383e-01 8.779451439428325177e-01
-1.701540736344144544e-01 3.578106437113456328e-01 9.181607345516590302e-01
-7.571187735228313009e-02 2.891410933295215924e-01 9.542877657059274377e-01
-1.652836147128780575e-02 1.207073286012546182e-01 9.925505297409661365e-01
-2.749395903120251464e-02 5.985897730607434714e-02 9.978281340253755127e-01
-6.199344016980918443e-02 2.212594894595402550e-03 9.980741043628785780e-01
-1.128371106876294161e-01 -4.176392599728877969e-02 9.927353932126802283e-01
-1.726203546110180453e-01 -6.186605578268050687e-02 9.830436431389701912e-01
-2.313678716119330903e-01 -4.952156471444808111e-02 9.716051268977886624e-01
-2.738649017521077034e-01 -1.534079548829223863e-03 9.617669479598232041e-01
-2.812469814326348239e-01 7.358403509901478845e-02 9.568100779223108754e-01
-2.419844218120167367e-01 1.513992309325702112e-01 9.583954363798171672e-01
-1.674380803742644697e-01 2.002193164549455617e-01 9.653376168774365773e-01
-8.984064665458925403e-02 2.051428024705365949e-01 9.745999634738700124e-01
-3.634885600401252526e-02 1.735968250395893142e-01 9.841457732487576271e-01
3.217497617162072554e-02 5.899539669700776950e-02 9.977396023396870595e-01
1.090237100702264039e-02 1.917489947603053663e-02 9.997567011711109286e-01
-2.024034267178658961e-02 -2.512558773434589096e-02 9.994793811628394087e-01
-5.445488851382007667e-02 -6.363027141003414766e-02 9.964867553946618051e-01
-8.487875015133791723e-02 -8.674598568158985168e-02 9.926080453738745923e-01
-1.045937604554689204e-01 -8.750828079550278249e-02 9.906575826520260808e-01
-1.071993626401808314e-01 -6.371029603557229470e-02 9.921941820172385240e-01
-8.913477750235926367e-02 -2.016798681508350649e-02 9.958153662941805484e-01
-5.345641851416051138e-02 3.035273378820542434e-02 9.981087730660100910e-01
-1.144084699421173308e-02 7.112081878985614114e-02 9.974020935182831282e-01
2.205084950489357570e-02 9.032972128729524486e-02 9.956677666211938282e-01
3.719327702830130256e-02 8.508799880776228564e-02 9.956790108276171170e-01
9.749579878216330098e-02 1.859463298300196091e-02 9.950622135544805458e-01
5.844694286752098733e-02 -1.335805529986288862e-02 9.982011406665309838e-01
2.276117199570615660e-02 -5.773293507329418928e-02 9.980725611182984514e-01
-2.555017118670808995e-03 -1.041534163277771236e-01 9.945579609830285106e-01
-1.081231268211277699e-02 -1.425714550701983885e-01 9.897254538979729510e-01
3.057088338913985324e-03 -1.641091779139181861e-01 9.864374445118968548e-01
3.910230871651885348e-02 -1.615609685692357689e-01 9.860877561799367141e-01
8.811387575246126813e-02 -1.318243930292157529e-01 9.873491147017673386e-01
1.324641608783022340e-01 -8.124135475535973483e-02 9.878527665397365265e-01
1.564077474201401030e-01 -2.668352372811223783e-02 9.873320647625549729e-01
1.548604790038241308e-01 1.376649638794902840e-02 9.878404302415225713e-01
1.324189290515450645e-01 2.934768550123627653e-02 9.907592747910204389e-01
1.690383151045604104e-01 6.755620722756499989e-03 9.855863278350643908e-01
1.047900510595906193e-01 -3.090551676215476037e-02 9.940140312049747795e-01
5.678550840848345382e-02 -8.878857650857918671e-02 9.944304876241086832e-01
3.236471477499392596e-02 -1.561029647358500305e-01 9.872104079871206750e-01
3.936383616369805438e-02 -2.220508183110102007e-01 9.742401770045991949e-01
8.437217602698085517e-02 -2.735165013077677232e-01 9.581597254241678296e-01
1.653351837463330476e-01 -2.925014316412994364e-01 9.418636788322523046e-01
2.601993215488497824e-01 -2.614187058162075750e-01 9.294926429590343320e-01
3.285414171716383169e-01 -1.830011108493926897e-01 9.265911345522046538e-01
3.423943559848622864e-01 -9.017434517202725652e-02 9.352190612164841266e-01
3.057255378009074986e-01 -1.864470325048837862e-02 9.519371148228369384e-01
2.407305903626841270e-01 1.367126724553559269e-02 9.704956874275415535e-01
2.410256809181459126e-01 1.443723121643415985e-01 9.597204054401836659e-01
1.559729797256720063e-01 4.410604738027932431e-02 9.867761074224277174e-01
1.160338504191769232e-01 -7.486712175056833840e-02 9.904196381522789583e-01
1.229512452454725735e-01 -2.006179932222792173e-01 9.719235628834598240e-01
1.838742877087122529e-01 -3.195276241621186619e-01 9.295656747732642389e-01
3.070425665644210822e-01 -4.052929529684289323e-01 8.610821590252848434e-01
4.821908492643913191e-01 -4.118196115995189643e-01 7.732377334220675857e-01
6.516782433948097308e-01 -2.980867910905887763e-01 6.974666530114675966e-01
7.264446370641836070e-01 -9.297072083101405593e-02 6.809072141993351979e-01
6.698628482504117576e-01 1.005356491222700738e-01 7.356468906952305931e-01
5.273188352403651580e-01 2.036597221309164318e-01 8.248985171414382478e-01
3.695684707375933020e-01 2.077531115536049300e-01 9.056808433860388252e-01
2.704291511083706245e-01 2.406358268589363913e-01 9.321815665752227753e-01
1.638273116165131493e-01 8.402838409287605170e-02 9.829037809650138513e-01
1.109307185603449486e-01 -8.691653192204608358e-02 9.900201473497072246e-01
1.114036610039043779e-01 -2.669520197137728590e-01 9.572491021074583939e-01
1.769884880302173003e-01 -4.478886408491205007e-01 8.763965087237247653e-01
3.297028166348036082e-01 -5.961486740662627071e-01 7.320538307475542572e-01
5.754036669420056205e-01 -6.265684830348831058e-01 5.256639193791500242e-01
8.385032614111656013e-01 -4.335196167731703576e-01 3.301106215736800964e-01
9.569080003454666361e-01 -5.577071681992740171e-02 2.849854487872444109e-01
8.622793033593916245e-01 2.709040412339221437e-01 4.278848016012704591e-01
6.502180766009599822e-01 4.016514897700227404e-01 6.448973047136398185e-01
4.352141072260085064e-01 3.640230339134937210e-01 8.234536487573144159e-01
2.403908785415311000e-01 3.532891850618634089e-01 9.041011985570512888e-01
1.355743488591897306e-01 1.324696243117707561e-01 9.818713737379860529e-01
7.484468321526240031e-02 -9.079998770356487170e-02 9.930526852224188517e-01
5.667937850140720296e-02 -3.227704317975775283e-01 9.447786494251751988e-01
9.450064443901233513e-02 -5.656975885496645651e-01 8.191799964047069560e-01
2.214393666035797958e-01 -7.863468529437775967e-01 5.767349770767149497e-01
4.718850684857765487e-01 -8.605844208859314559e-01 1.916218585353370307e-01
7.895771622158918035e-01 -5.728986648705748363e-01 -2.198977596450500949e-01
9.435966110415759944e-01 7.010663844498239705e-02 -3.235900104711179059e-01
8.270571062443079491e-01 5.620017459480758371e-01 -1.142718522642655055e-02
6.041079598979890442e-01 6.809325781090652674e-01 4.139859863057293587e-01
3.962978962509715597e-01 5.591708658402186893e-01 7.282004670572301830e-01
1.465001885545273719e-01 4.380517134788548539e-01 8.869320103997732074e-01
7.486779977766065686e-02 1.718059981520272950e-01 9.822817882643051224e-01
1.581839686977713419e-02 -8.349076914520736636e-02 9.963829935260081205e-01
-3.035560636439074006e-02 -3.434389628664642480e-01 9.386843004693137260e-01
-5.579510188872830595e-02 -6.188408076472620145e-01 7.835323614220803812e-01
-3.599627896435945995e-02 -8.821401468882344998e-01 4.696094432065596735e-01
6.880617404401888348e-02 -9.954171531269312423e-01 -6.641085509392016806e-02
2.604460182577297278e-01 -6.558463224230858257e-01 -7.085432047081221540e-01
3.864131715493647756e-01 2.502619180046375957e-01 -8.877239623045867223e-01
3.671917545789845083e-01 8.537697299603040912e-01 -3.691171407189088871e-01
3.067093224151725694e-01 9.190258052389301824e-01 2.476306944798090104e-01
2.273449217405675848e-01 7.111763987351621408e-01 6.652386161679207932e-01
2.180066519402481043e-02 4.528088203651116639e-01 8.913410700717560031e-01
2.519760912759085991e-04 1.849139350609065313e-01 9.827546861391521782e-01
-4.829965370784473216e-02 -6.592550661159125858e-02 9.966548906365143567e-01
-1.203576987649141589e-01 -3.143340833210548912e-01 9.416517978589991067e-01
-2.178802344538606772e-01 -5.691272128401994035e-01 7.928571239758018807e-01
-3.402051870730244953e-01 -8.011994722253256151e-01 4.922802417268370423e-01
-4.753278325750482924e-01 -8.796851742868924129e-01 -1.474604080447680134e-02
-5.853023195751306806e-01 -5.366716600330373454e-01 -6.077867422190214031e-01
-5.549998692634732222e-01 3.123486409422557841e-01 -7.709821474061656632e-01
-3.230306191942347582e-01 8.990061423473612034e-01 -2.957011584092485990e-01
-1.100348784870555513e-01 9.522849755771185531e-01 2.846851784102114036e-01
-2.977043833569875415e-03 7.329536578570069461e-01 6.802720578150218689e-01
-8.101460808833588212e-02 3.950155632145601614e-01 9.150952617595106142e-01
-6.228000666974327360e-02 1.682877012544282402e-01 9.837684942992032111e-01
-9.669912935425153955e-02 -4.418078218720791067e-02 9.943326087721481299e-01
-1.790746228079400926e-01 -2.468612752331834637e-01 9.523611658695985138e-01
-3.154275228967073352e-01 -4.380129002040658581e-01 8.418136237042562753e-01
-5.130795134977915728e-01 -5.834544478267639223e-01 6.295477107732321276e-01
-7.567101069565721483e-01 -5.807406586637285928e-01 3.002167573682176793e-01
-9.590587706733297857e-01 -2.801710190020952895e-01 -4.135788324024441964e-02
-9.487161492133289187e-01 2.886682242463101122e-01 -1.288732886678553013e-01
-6.867103837924061205e-01 7.152130738750300809e-01 1.299965682247245236e-01
-3.809700625638134386e-01 7.828897829109001671e-01 4.918794560091525048e-01
-1.762832295230560564e-01 6.228922664529560338e-01 7.621872784178751470e-01
-1.292157150670874555e-01 2.984581031195351342e-01 9.456352677760789804e-01
-9.391082762208885493e-02 1.323502558975047372e-01 9.867442253284872677e-01
-1.158735734333701251e-01 -2.640801769543249522e-02 9.929128519568819478e-01
-1.900944511217094457e-01 -1.715916336374186391e-01 9.666542354525150538e-01
-3.194873932928405380e-01 -2.925393944556443637e-01 9.013037824275510479e-01
-5.041052974883419857e-01 -3.589345197202541415e-01 7.855213934689703192e-01
-7.170178855746598412e-01 -3.116244558536065967e-01 6.235186847880680450e-01
-8.757484037043975489e-01 -9.722207903959242947e-02 4.728769403942163496e-01
-8.694370085098656054e-01 2.316458900051568681e-01 4.363707940239809902e-01
-6.813240426790478921e-01 4.858818068286335778e-01 5.474636231387269847e-01
-4.323781271366034518e-01 5.452591255502405865e-01 7.181515447160136123e-01
-2.377523196700317976e-01 4.533136201908446461e-01 8.590579702445856336e-01
-1.210019705869866402e-01 2.011821391473761211e-01 9.720515778506879645e-01
-8.944448235040837469e-02 9.126282086012245387e-02 9.918017856939854715e-01
-1.033712656916349198e-01 -1.774710755286003361e-02 9.944845004336709815e-01
-1.588416853657136640e-01 -1.139533280421951150e-01 9.807058468359346470e-01
-2.546784309389235612e-01 -1.837369170122434281e-01 9.494101548546524105e-01
-3.848364629441187179e-01 -2.063963875915558743e-01 8.996118207193575245e-01
-5.242135170773738473e-01 -1.558132377149474557e-01 8.372110985086150814e-01
-6.196616644343936331e-01 -2.158263610295751284e-02 7.845722474376455313e-01
-6.139823759658876723e-01 1.572127318645908933e-01 7.735048797149445265e-01
-5.011004864454321472e-01 2.964145460938534815e-01 8.130416467488329468e-01
-3.421651951116440604e-01 3.388072951072658157e-01 8.764317406600348193e-01
-2.054051103046256044e-01 2.940478638016713608e-01 9.334584053156981254e-01
-7.097264182841429847e-02 1.253468043735830595e-01 9.895711509260156635e-01
-5.426908067221334481e-02 5.517822951228312095e-02 9.970006167855188783e-01
-6.497316932113152144e-02 -1.891353278660614506e-02 9.977077555806798115e-01
-1.000427266732037135e-01 -8.370716324879294568e-02 9.914557799824530449e-01
-1.565814660345306586e-01 -1.260738448120843902e-01 9.795854379016342151e-01
-2.282408858500052096e-01 -1.330845584078989841e-01 9.644659653611307171e-01
-2.993884073469638696e-01 -9.520444656348535373e-02 9.493696302816868604e-01
-3.435578152412378516e-01 -1.508911540067551724e-02 9.390103014253615710e-01
-3.360699279701425124e-01 8.348446960913216697e-02 9.381297068360585634e-01
-2.762882845357281791e-01 1.622565300690266277e-01 9.472790519578839774e-01
-1.925538142891527194e-01 1.939644498498779845e-01 9.619255796561548832e-01
-1.181036909125966622e-01 1.770360305583998373e-01 9.770925043603084781e-01
4.237586354034752686e-03 7.890137304978038502e-02 9.968734203462211729e-01
8.002133919298646788e-04 2.951297577349427936e-02 9.995640769453891794e-01
-1.113300823891378612e-02 -2.796556173827300859e-02 9.995468890872366563e-01
-2.882736881234253951e-02 -8.044497500718632288e-02 9.963421043012397060e-01
-4.944201633401190676e-02 -1.154879467023333800e-01 9.920776286094007412e-01
-6.937189509568475465e-02 -1.232700190221830833e-01 9.899454745495296359e-01
-8.349094063220674489e-02 -9.906732404555503024e-02 9.915719480395789320e-01
-8.583806061549448252e-02 -4.672287819019342592e-02 9.952129420396221837e-01
-7.308992462192794026e-02 1.902811342846683074e-02 9.971438180213597624e-01
-4.873360313560113483e-02 7.666012845076360105e-02 9.958655836161456332e-01
-2.243279881955405688e-02 1.085756289575526140e-01 9.938350478493366280e-01
-3.369017714193012214e-03 1.082444264728512906e-01 9.941186015043712576e-01
9.034263254427339629e-02 6.444235551989198341e-02 9.938236219572186281e-01
6.285096498688753919e-02 1.739123065527068551e-02 9.978713851475586871e-01
4.541068597697241194e-02 -4.216809256204995249e-02 9.980780137688037845e-01
4.086942688723083084e-02 -1.009470082140971614e-01 9.940520064254367849e-01
5.188391458653288796e-02 -1.459902574707656608e-01 9.879245437435594246e-01
7.946204959943005408e-02 -1.658090501042776277e-01 9.829512406915364986e-01
1.194001585322445325e-01 -1.521225085442528546e-01 9.811230017365712985e-01
1.593520738079316490e-01 -1.042966777836632220e-01 9.816970610001576336e-01
1.829284648270097791e-01 -3.486607751578081615e-02 9.825077777782077471e-01
1.811057530874154997e-01 3.282994951270022665e-02 9.829155104146569677e-01
1.577676147977960519e-01 7.701839425282665241e-02 9.844681542171238586e-01
1.241081654878026796e-01 8.713220636826443655e-02 9.884357044708628193e-01
1.742664077639836662e-01 8.500159156625698709e-02 9.810229092922032601e-01
1.187081772779135097e-01 2.153114579543977114e-02 9.926957128989882806e-01
9.160607380977998926e-02 -5.876968364046711996e-02 9.940595814768428129e-01
9.574299558557577972e-02 -1.422777060042005326e-01 9.851854308557591589e-01
1.349202982217549140e-01 -2.148513772357200091e-01 9.672824814022120687e-01
2.106111699281994487e-01 -2.590253764057474650e-01 9.426286593773227640e-01
3.119493827137759245e-01 -2.539618165322556909e-01 9.155277048610864776e-01
4.058860215070823618e-01 -1.872583592461339042e-01 8.945338699219355094e-01
4.489521049176033451e-01 -7.618393606722825839e-02 8.903022045212649616e-01
4.224416900880334502e-01 3.394808354055255106e-02 9.057541311521660754e-01
3.456187099149085062e-01 1.029567829498538728e-01 9.327098199340982942e-01
2.539850919104084115e-01 1.172004250045070445e-01 9.600810556750050129e-01
1.870900039199037135e-01 2.435690657305837059e-01 9.516677154616779433e-01
1.328380258371381073e-01 1.136963252826473647e-01 9.845949443852490823e-01
1.353541933765944338e-01 -2.093013364760315173e-02 9.905761817453030416e-01
1.899481018019864575e-01 -1.490575723249664697e-01 9.704130866566063052e-01
2.974603312730910165e-01 -2.558366733517485891e-01 9.198178884361215557e-01
4.554783020053890796e-01 -3.111355614810774051e-01 8.341068149729272685e-01
6.360966196069425260e-01 -2.695709878101135160e-01 7.229886396449385355e-01
7.704333963019497356e-01 -1.074487610898558210e-01 6.284004659474782262e-01
7.847862489254330276e-01 1.239946203417936488e-01 6.072362617826031483e-01
6.669339680746764198e-01 3.156103387902320923e-01 6.749734782026247659e-01
4.794325740469014829e-01 3.893265517701050005e-01 7.864917310623137370e-01
3.046977215623862256e-01 3.488735356330919801e-01 8.862542268501281129e-01
1.884790671744571433e-01 3.549358993852797517e-01 9.156943532448612588e-01
1.282574861792968590e-01 1.590398007569101269e-01 9.789056946479355314e-01
1.335794030210680494e-01 -3.535281631175384021e-02 9.904073512789693945e-01
1.983165519304093405e-01 -2.248767055151015548e-01 9.539921449085552174e-01
3.279444178307893143e-01 -3.988805387868301078e-01 8.563566865451439636e-01
5.286929559209411211e-01 -5.124541790231194049e-01 6.766642245318719162e-01
7.719522371939864236e-01 -4.730165545075715738e-01 4.246705577893993833e-01
9.578147686396989435e-01 -2.090800517405263237e-01 1.971709941649739950e-01
9.705592127912563427e-01 1.948203691365075763e-01 1.416327583423028780e-01
7.995189067493961854e-01 5.192453799410111648e-01 3.019167984066303267e-01
5.471325750603250881e-01 6.210032590102383399e-01 5.612494076669521936e-01
3.273525344479295551e-01 5.313673236080694862e-01 7.813380098215823022e-01
1.250894672860264345e-01 4.598493603980985389e-01 8.791423041324986087e-01
8.575317493537329416e-02 1.975007707413325431e-01 9.765448471755130422e-01
9.901580519751211618e-02 -5.526579534241416597e-02 9.935499797124272003e-01
1.590030771562050138e-01 -3.067533514755504953e-01 9.384137695139983526e-01
2.730156887562662504e-01 -5.551738076825051271e-01 7.856490800327378121e-01
4.536992989226512063e-01 -7.451231482772975312e-01 4.888235264984050477e-01
6.825347490718978172e-01 -7.293498776467858269e-01 4.685159854397744766e-02
8.557493299634115758e-01 -3.579839991352999351e-01 -3.735512556934219019e-01
8.389041891892955460e-01 2.596842588868068513e-01 -4.783344510350714951e-01
6.486461542565633565e-01 7.401441254483761556e-01 -1.773269300823256955e-01
4.142222953440899968e-01 8.636873438138574777e-01 2.871655657901774905e-01
2.310454130316773325e-01 7.131121187442049925e-01 6.618830132412941714e-01
5.373296348965287718e-03 5.130360861916324344e-01 8.583502210352734751e-01
1.409608092127491615e-02 2.125675556473073657e-01 9.770446943660738848e-01
3.884413340290696764e-02 -7.380010812219693628e-02 9.965162704849629405e-01
7.637704975510919980e-02 -3.625306707447696897e-01 9.288369388864238241e-01
1.288440228135357968e-01 -6.597794111765301617e-01 7.403312409810850481e-01
2.019923361423947294e-01 -9.089250246781810372e-01 3.647662205488977905e-01
2.868927594185219365e-01 -9.335133184828842134e-01 -2.150475036083278058e-01
3.253434914956426227e-01 -5.170126212734181825e-01 -7.917383166081227719e-01
2.473720657747970342e-01 2.508201032686657173e-01 -9.358933362677480661e-01
1.327814013572052865e-01 8.469623879883059203e-01 -5.148046355528583806e-01
5.563366551470136367e-02 9.930873573891241257e-01 1.033556764537102296e-01
1.686534844506999697e-02 8.101294663906948301e-01 5.860083682909810188e-01
-1.266329536456739235e-01 4.833743466007833778e-01 8.662062895749966795e-01
-6.364375207099583209e-02 1.943446126928279893e-01 9.788665099693292238e-01
-2.883425364113362602e-02 -8.384761036197932449e-02 9.960613254480896739e-01
-2.226574356455857800e-02 -3.661413503667670932e-01 9.302928292828276380e-01
-5.072427656090672254e-02 -6.590920025243854896e-01 7.503497717570634107e-01
-1.241285134222768205e-01 -9.108228210433991778e-01 3.936926476609453607e-01
-2.480463379623220888e-01 -9.561494454336010307e-01 -1.557281356097365843e-01
-4.075011042902600966e-01 -5.858886995210150772e-01 -7.004836056439418535e-01
-5.300048998415940460e-01 1.395259239745109403e-01 -8.364372795871202193e-01
-5.005183038653739924e-01 7.439436899779631185e-01 -4.427518646353462151e-01
-3.655496604235613511e-01 9.195391454970618383e-01 1.442955496977572916e-01
-2.266426560567050830e-01 7.627267503782164670e-01 6.057070337325979326e-01
-2.161144486215314520e-01 3.834107788530981553e-01 8.979369241524975953e-01
-1.204645870869775204e-01 1.496876634360926328e-01 9.813673556182226365e-01
-8.194308227939657574e-02 -8.260856229761379121e-02 9.932075093864515258e-01
-9.949226729127354230e-02 -3.184830229031250237e-01 9.426928730353193453e-01
-1.847624895040219095e-01 -5.570526606922238111e-01 8.096636064982837278e-01
-3.540743763211929851e-01 -7.529556095968380491e-01 5.546973823712786356e-01
-6.007314558682360639e-01 -7.798973100202600817e-01 1.757324777992225473e-01
-8.493941677564408321e-01 -4.946181527312072390e-01 -1.840718087329681341e-01
-9.615350525810217874e-01 4.352268395560168757e-02 -2.712123128462810007e-01
-8.558953167501902604e-01 5.168881683489201517e-01 -1.642644775289420558e-02
-6.166302035910307122e-01 6.883805542196967941e-01 3.819678057001711369e-01
-3.816492819180874463e-01 5.940668623711841123e-01 7.081160841585938392e-01
-2.363668240305466239e-01 2.605384781272353512e-01 9.360824888399511545e-01
-1.402776464259125888e-01 9.790095811362461986e-02 9.852601607260166316e-01
-1.052186674955238738e-01 -7.245367086303436399e-02 9.918061794467695202e-01
-1.313478984789129000e-01 -2.446627394358140972e-01 9.606705332719502888e-01
-2.285054016955804512e-01 -4.092961476767302820e-01 8.833243712776492895e-01
-4.066305085524752339e-01 -5.304249095212857368e-01 7.438420832902803426e-01
-6.464476564505982070e-01 -5.308944890964222285e-01 5.479566305070668886e-01
-8.645359530172673779e-01 -3.400029385687294847e-01 3.701021314514689742e-01
-9.449168249708995715e-01 -6.228549502904784547e-03 3.272512781609043797e-01
-8.414299570838850162e-01 2.965608848746023041e-01 4.517159161288201163e-01
-6.229600216114312694e-01 4.288706643535069030e-01 6.542100310533324192e-01
-4.003319336091484826e-01 3.910502775833958333e-01 8.287424348583440903e-01
-1.971305645972001586e-01 1.590915326652010131e-01 9.673827705390634080e-01
-1.225220382027320393e-01 5.667651456576526525e-02 9.908461650785338470e-01
-9.501309573789237795e-02 -5.772456102796276467e-02 9.938009794181484891e-01
-1.163625982907838252e-01 -1.722223775012745040e-01 9.781611311061098046e-01
-1.921558939023315371e-01 -2.733621849216966160e-01 9.425227998798634266e-01
-3.243231827810752477e-01 -3.366123329790732810e-01 8.840286253266759209e-01
-4.924136520725775901e-01 -3.239810186140807402e-01 8.078150127539442948e-01
-6.376608324494050795e-01 -2.095870118824480488e-01 7.412570048304769621e-01
-6.886751771884562778e-01 -2.438383507905651781e-02 7.246598711887780597e-01
-6.203559997664178649e-01 1.476670532043599382e-01 7.702940185096325276e-01
-4.745331685901469920e-01 2.357698811493652846e-01 8.480747815203608653e-01
-3.187550126125711092e-01 2.294917192801157191e-01 9.196351410837969587e-01
-1.222378181504875649e-01 9.847915305539041431e-02 9.876030438527683142e-01
-7.630384077274354748e-02 3.422471025874636308e-02 9.964970612557068064e-01
-5.691550293471213384e-02 -4.205387415838880705e-02 9.974929058363943835e-01
-6.654529428333454122e-02 -1.169322233351400564e-01 9.909079568530227977e-01
-1.080980682769498435e-01 -1.768394593394246872e-01 9.782855479129560772e-01
-1.807866953599979731e-01 -2.064656762659309863e-01 9.616070378823678988e-01
-2.715726546351947546e-01 -1.901837232014073065e-01 9.434396878887723048e-01
-3.497302747671616752e-01 -1.222850413992790652e-01 9.288353479284668923e-01
-3.797868153526908208e-01 -2.107153537533174026e-02 9.248340203957418071e-01
-3.485898579297849187e-01 7.467177940984691398e-02 9.342961181061659737e-01
-2.751526752253020125e-01 1.305575890136655981e-01 9.524944730901532264e-01
-1.918147944461597310e-01 1.356774897041084227e-01 9.720075634578483337e-01
-3.196199101353607713e-02 8.000432679288703441e-02 9.962819574923643673e-01
-1.423436942679316523e-02 3.119474960620063908e-02 9.994119622678486747e-01
-1.733550577415365022e-03 -2.811913001765872430e-02 9.996030758903245994e-01
3.029189088102351643e-03 -8.452406307349417947e-02 9.964168338476420139e-01
-2.286733549577013667e-03 -1.251272675966731140e-01 9.921380638568214616e-01
-1.858364494927826349e-02 -1.391556215752378645e-01 9.900961373141936583e-01
-4.317087691879822886e-02 -1.201608937794253484e-01 9.918153230275061905e-01
-6.836283800510542519e-02 -6.992800500994235391e-02 9.952068109168221710e-01
-8.414595331285858182e-02 -2.036358075973762269e-03 9.964513594687191000e-01
-8.471985334938411660e-02 6.137152006032089296e-02 9.945129878357265030e-01
-7.204691916453745404e-02 1.004040751483702421e-01 9.923347535647000228e-01
-5.247260440194803643e-02 1.060058070194355301e-01 9.929800575366179993e-01
5.892658610347845105e-02 9.976681289822957044e-02 9.932644363382456820e-01
5.015851950141751725e-02 4.524789577184679806e-02 9.977157665636491313e-01
5.739165586258657137e-02 -1.837223647101175750e-02 9.981826780526448228e-01
7.805057154097541638e-02 -7.741858904637247130e-02 9.939388665065325146e-01
1.095055159143437234e-01 -1.185749500222282593e-01 9.868883033106727876e-01
1.477258993196635950e-01 -1.302727164667080162e-01 9.804111780342892324e-01
1.844151575547283428e-01 -1.054863736789000417e-01 9.771712616691754505e-01
2.063073641323888707e-01 -4.697627057629372160e-02 9.773589420001453920e-01
2.015782784087812585e-01 2.856236225373298340e-02 9.790558661977493138e-01
1.701721869278339794e-01 9.546074720993405482e-02 9.807796248588701582e-01
1.256004235668183588e-01 1.325516665732363875e-01 9.831859383089170956e-01
8.500901432217954079e-02 1.324044186492537023e-01 9.875436888593603912e-01
1.372157248366782656e-01 1.550889614640809655e-01 9.783247205756171461e-01
1.033916136917891471e-01 7.375078587511679773e-02 9.919027148873252875e-01
1.070609983506110446e-01 -1.531442356646962530e-02 9.941345035068065439e-01
1.449773864468227591e-01 -9.831655741112255154e-02 9.845381719151251598e-01
2.150776081829814945e-01 -1.605664245898434928e-01 9.633068284575259099e-01
3.117689022296235013e-01 -1.840137260085580317e-01 9.321690298668727781e-01
4.158008195781716654e-01 -1.504073801123095577e-01 8.969321593332252318e-01
4.895307835593115109e-01 -5.643363449055380926e-02 8.701579493665484444e-01
4.951331359899845408e-01 6.946693608020250432e-02 8.660355203086345099e-01
4.263451843448732848e-01 1.764934454079328252e-01 8.871752067737463943e-01
3.163080910639547438e-01 2.259422546551851929e-01 9.213573080455472741e-01
2.106120037053905159e-01 2.127266482342819731e-01 9.541435725436611115e-01
7.310880647315884384e-02 2.952721356154510701e-01 9.526119190652108104e-01
6.958674947594518934e-02 1.585907377447779987e-01 9.848891623928616168e-01
1.225668363874652944e-01 3.894943761188215947e-02 9.916956750574900115e-01
2.220631960499918622e-01 -5.762810043415867584e-02 9.733277654522769495e-01
3.631869029912328517e-01 -1.199348914871792154e-01 9.239647695121507853e-01
5.335813433411904505e-01 -1.223277117898299710e-01 8.368553524752305739e-01
6.922484192495742539e-01 -3.058443091724318691e-02 7.210109004946306799e-01
7.672873408589803157e-01 1.593488915451743426e-01 6.211908461342714460e-01
7.043286474568922761e-01 3.812778709175868030e-01 5.987890626256308080e-01
5.219974906103231893e-01 5.268037490679996493e-01 6.708177321483268507e-01
3.080793180820191601e-01 5.340091881583014510e-01 7.873508244313836002e-01
1.490746624342736137e-01 4.343502608336615167e-01 8.883223491131858607e-01
3.819407405170038849e-02 4.006361753532721171e-01 9.154408051345731545e-01
5.009370350716149667e-02 1.995312055394595774e-01 9.786101976195032970e-01
1.261061000911317953e-01 2.495035208626128487e-02 9.917029451658309069e-01
2.565811309318841160e-01 -1.268787291200061396e-01 9.581586044839186522e-01
4.421046471781266973e-01 -2.490104207482184417e-01 8.617060353174230691e-01
6.732966585250599323e-01 -2.990534356780032432e-01 6.761942414928542311e-01
8.911148578946100907e-01 -1.953355027681804301e-01 4.095831434492646639e-01
9.804629813183025622e-01 1.031875527617947541e-01 1.674654329093544225e-01
8.655111139218052418e-01 4.894372709394422261e-01 1.064972745792220898e-01
5.945646504665543786e-01 7.555357920878000844e-01 2.750609810384940790e-01
3.060021773092118647e-01 7.767546970696516118e-01 5.504678083795974119e-01
1.142245052383210474e-01 6.156374685874397290e-01 7.797071691822771156e-01
-5.200666340271339894e-02 4.764743243813976958e-01 8.776488621121716349e-01
3.874170472131081865e-04 2.187219050742685855e-01 9.757871582207934269e-01
1.033081598346328317e-01 -8.179849810978743682e-03 9.946157620753260931e-01
2.499294745224011349e-01 -2.212777547425197888e-01 9.426406595415637302e-01
4.440386471357532505e-01 -4.236212708342076416e-01 7.895408151239544647e-01
6.762970572636083366e-01 -5.593460837369990113e-01 4.793268706684628011e-01
8.747354778559606192e-01 -4.844258137079775484e-01 1.301824847801422158e-02
9.040379280568666687e-01 -9.181091782376796240e-02 -4.174759633835596340e-01
7.062197258862994431e-01 4.754671055619731357e-01 -5.245805279436651647e-01
3.875985423339715630e-01 8.938943266282345368e-01 -2.252116844268250984e-01
1.124333430671682621e-01 9.590404518823042457e-01 2.600002981156275261e-01
-2.904609694693440977e-02 7.554701364698132027e-01 6.545389195107900182e-01
-1.770161424309964204e-01 4.835921943821805957e-01 8.572070198333535673e-01
-6.685773300651408346e-02 2.040961317375390993e-01 9.766651486292758921e-01
5.788338665904654151e-02 -5.084474019869619082e-02 9.970277458240489610e-01
1.946154440846077638e-01 -3.067339135060085376e-01 9.316861785114448624e-01
3.426017854717999245e-01 -5.768349937190000443e-01 7.415425858390379821e-01
4.825955503331026963e-01 -8.032707266088394693e-01 3.490811862189588388e-01
5.439094263016698294e-01 -8.001237303196137018e-01 -2.529121431630781958e-01
4.301377188789754502e-01 -3.932791187052482873e-01 -8.125965035538741388e-01
1.538339447051286779e-01 2.775768713817931554e-01 -9.483070167043340382e-01
-1.213907687984212835e-01 8.198463806773302887e-01 -5.595678630344174120e-01
-2.606999371303326818e-01 9.630628622039121289e-01 6.742007285660697735e-02
-2.573006127628834072e-01 7.762966567287057362e-01 5.754649384833556702e-01
-2.875990094224473159e-01 4.066537243719479666e-01 8.671329530317005707e-01
-1.283987093296133086e-01 1.552644637663851412e-01 9.794930922339455392e-01
3.294165828408120687e-03 -8.845893463182270822e-02 9.960743774213848267e-01
1.080270698664322349e-01 -3.472458796038230266e-01 9.315312400956994310e-01
1.759958258144066201e-01 -6.368065784337723079e-01 7.506682695833649666e-01
1.749000534652651873e-01 -9.080222313658511402e-01 3.806646800573387224e-01
4.973630101609363002e-02 -9.806331230376814645e-01 -1.894333084822472923e-01
-2.164556405675494566e-01 -6.549991831249668550e-01 -7.239634146641319434e-01
-5.197629873246076837e-01 -2.357302030546370303e-02 -8.539852163364131110e-01
-6.836153170574652549e-01 5.451418712821558543e-01 -4.852735707408590837e-01
-6.398579515954004870e-01 7.603345219741174388e-01 1.116835550766178964e-01
-4.719409857504151540e-01 6.480696199278147551e-01 5.977269223444950930e-01
-3.354832933689338437e-01 2.759008108019440630e-01 9.007384206690044470e-01
-1.623245017960065206e-01 8.950339591394179672e-02 9.826697808706844617e-01
-4.221363577883092966e-02 -1.091414772120975901e-01 9.931294713713023636e-01
2.478009538289144276e-02 -3.309391333513435618e-01 9.433266861959690441e-01
2.275966291162992775e-02 -5.843614836044860317e-01 8.111742440583590286e-01
-8.374891607454312825e-02 -8.309742257802765764e-01 5.499708675423696791e-01
-3.260641039228170945e-01 -9.327919777282395186e-01 1.535621256002668578e-01
-6.555654913745579959e-01 -7.228834865629942819e-01 -2.183422803159265346e-01
-9.186613957988003509e-01 -2.467981062699447226e-01 -3.084670721657707948e-01
-9.734066248005043276e-01 2.232167124251755730e-01 -5.151545485199337387e-02
-8.143857365214337563e-01 4.520696906530663473e-01 3.638802920513168337e-01
-5.642302281486176740e-01 4.273145798157454434e-01 7.064322327868143292e-01
-3.103787211290988113e-01 1.488762151006009782e-01 9.388828052785234135e-01
-1.607979873379905000e-01 3.230342657537287054e-02 9.864585626876247737e-01
-6.499114314438388107e-02 -1.088660935038266719e-01 9.919295967949467441e-01
-2.669943189593992211e-02 -2.733418567193279247e-01 9.615463429817892038e-01
-6.157260625312460656e-02 -4.590329544086278468e-01 8.862830027288315371e-01
-1.952184117500102845e-01 -6.358355438657968817e-01 7.467281519206487861e-01
-4.352587779963417169e-01 -7.173562429952344832e-01 5.440126991283465996e-01
-7.144717479425737316e-01 -6.020867427139565686e-01 3.564010039829120235e-01
-8.989607922306369625e-01 -3.094600885722855188e-01 3.100063670520546433e-01
-8.984576977931290065e-01 3.301044547712149013e-03 4.390476834938012440e-01
-7.357155958974448406e-01 1.891402840442154010e-01 6.503449199502689959e-01
-5.116384777558271590e-01 2.190505759483369341e-01 8.308085900233713739e-01
-2.383184710673044993e-01 6.676563796499743186e-02 9.688893930347475258e-01
-1.301101573541872669e-01 9.569306062260268851e-04 9.914990828220432428e-01
-6.085188834305768624e-02 -9.045619108501101735e-02 9.940395994021331560e-01
-3.727288219003390551e-02 -1.994834324581019613e-01 9.791920610521988033e-01
-7.117045588774556508e-02 -3.174772215089852190e-01 9.455913388095728012e-01
-1.754598234346340935e-01 -4.226104281543643371e-01 8.891649320433193671e-01
-3.448854415383252325e-01 -4.696416882856183639e-01 8.127057996835089781e-01
-5.279746639811780939e-01 -4.111273088637389383e-01 7.431131072053092090e-01
-6.410713207314147066e-01 -2.554460066260191842e-01 7.237229438359880085e-01
-6.344982135879506657e-01 -7.683259165618085140e-02 7.690960732010307943e-01
-5.270895797421730755e-01 4.770809318955055583e-02 8.484695119869808400e-01
-3.782056840212570936e-01 9.056355787691722226e-02 9.212810117215078920e-01
-1.497655123503543184e-01 3.867439451966947495e-02 9.879648690712760084e-01
-8.181401771065775763e-02 -9.612532860098292305e-04 9.966471504489418098e-01
-3.357381922534394963e-02 -5.995660890940481685e-02 9.976362080993118608e-01
-1.264334425236208689e-02 -1.283080822031733570e-01 9.916537610917648404e-01
-2.753165863706720159e-02 -1.957061967077418085e-01 9.802760286485490138e-01
-8.438402869651820404e-02 -2.481619154016572459e-01 9.650362684609705699e-01
-1.774595764429234002e-01 -2.659507151150973248e-01 9.475116441809087187e-01
-2.786523852632906140e-01 -2.321120771384549419e-01 9.319210437765593769e-01
-3.457674417833891400e-01 -1.519200755269926317e-01 9.259401529549310395e-01
-3.524438643941835148e-01 -5.721653101915233353e-02 9.340822185595684113e-01
-3.048502696797261713e-01 1.558350044067018103e-02 9.522727905333361331e-01
-2.290366413850139504e-01 4.748499333392578597e-02 9.722589121788818289e-01
-6.370787536823813157e-02 5.679031738277737912e-02 9.963514271921123377e-01
-2.728975037578851986e-02 2.156014134280395331e-02 9.993950319216774458e-01
8.545044720215506928e-03 -2.438682740065059584e-02 9.996660766776727103e-01
3.629174506251472282e-02 -7.073732021348763666e-02 9.968345603806879618e-01
4.861470882642473373e-02 -1.074535975357090306e-01 9.930208127034129140e-01
3.992264367644269424e-02 -1.255462570548973866e-01 9.912841771467255647e-01
9.505897555444960123e-03 -1.181893850499471654e-01 9.929455711029973042e-01
-3.490619493517495286e-02 -8.390604088270568750e-02 9.958621058451949670e-01
-7.803141777977129490e-02 -3.105706257958417565e-02 9.964670374393493901e-01
-1.050595050923706503e-01 2.295963963537659552e-02 9.942008626718842335e-01
-1.094922640859710972e-01 6.045448008187496308e-02 9.921475192446684854e-01
-9.352703645701564150e-02 7.182750064014611913e-02 9.930224084095001791e-01
8.921533777133099780e-03 1.108963420768016850e-01 9.937919337311595935e-01
2.283474976356162853e-02 6.080070075713588096e-02 9.978886956924221119e-01
5.533615209920155625e-02 8.839670440280826547e-03 9.984286506793316196e-01
9.865553019566852821e-02 -3.447258988585215345e-02 9.945243722041987589e-01
1.451786005387626921e-01 -5.895515367656194855e-02 9.876474390190295161e-01
1.864656992872343322e-01 -5.617779347154773506e-02 9.808540148817714854e-01
2.117086431028124549e-01 -2.271313450827420685e-02 9.770688634668133199e-01
2.093005648587332457e-01 3.508979468212392733e-02 9.772215612945820418e-01
1.743931194460386913e-01 9.919549019429331482e-02 9.796669304487397589e-01
1.169410323167552196e-01 1.468480463409780612e-01 9.822221980011350828e-01
5.887603089342004214e-02 1.634656498300593730e-01 9.847906347604442612e-01
2.021781556852974074e-02 1.486429236132761345e-01 9.886842373545573492e-01
5.859700332783272791e-02 1.931154114331762317e-01 9.794247439532202115e-01
5.828561903927673843e-02 1.090656359641586359e-01 9.923242784820712759e-01
9.647078496553292137e-02 3.220621645965675989e-02 9.948146296017443824e-01
1.643258638927871385e-01 -2.750281584607987273e-02 9.860226192011507518e-01
2.543056825447169156e-01 -5.891707284987458132e-02 9.653276119288997092e-01
3.546771567943583503e-01 -4.840765916558611992e-02 9.337348729603215380e-01
4.412170110072936025e-01 1.452518634006481554e-02 8.972828807904037474e-01
4.777753408679142888e-01 1.223212811967092084e-01 8.699242655685509584e-01
4.376447290313782990e-01 2.386759398386214259e-01 8.668915081447111648e-01
3.308462036252040050e-01 3.140177173243069442e-01 8.899065472020497580e-01
2.042318833216245633e-01 3.211026387122541403e-01 9.247607437856467660e-01
1.065715317224489173e-01 2.712394413610535460e-01 9.565937873918054501e-01
