Step    Position
0    2039
1    2040
2    2040
3    2040
4    1840
5    1840
6    1840
7    1840
8    1840
9    1840
10    1840
11    1840
12    1840
13    1840
14    1840
15    1840
16    1841
17    1841
18    1841
19    1841
20    1841
21    1841
22    1841
23    1841
24    1841
25    1841
26    1841
27    1841
28    1841
29    1841
30    1841
31    1841
32    1841
33    1841
34    1841
35    1841
36    1841
37    1841
38    1841
39    1841
40    1841
41    1842
42    1842
43    1842
44    1842
45    1842
46    1842
47    1842
48    1842
49    1842
50    1842
51    1842
52    1842
53    1842
54    1842
55    1842
56    1842
57    1842
58    1842
59    1842
60    1842
61    1842
62    1842
63    1842
64    1842
65    1842
66    1842
67    1842
68    1842
69    1842
70    1842
71    1842
72    1842
73    1842
74    1842
75    1842
76    1842
77    1842
78    1842
79    1842
80    1842
81    1842
82    1842
83    1842
84    1842
85    1842
86    1842
87    1842
88    1842
89    1842
90    1842
91    1842
92    1842
93    1842
94    1842
95    1842
96    1842
97    1842
98    1842
99    1842
100    1843
101    1843
102    1843
103    1843
104    1843
105    1843
106    1843
107    1843
108    1843
109    1843
110    1843
111    1843
112    1843
113    1843
114    1843
115    1843
116    1843
117    1843
118    1843
119    1843
120    1843
121    1843
122    1843
123    1843
124    1843
125    1843
126    1843
127    1843
128    1843
129    1843
130    1843
131    1843
132    1843
133    1843
134    1843
135    1843
136    1843
137    1843
138    1843
139    1843
140    1843
141    1843
142    1843
143    1843
144    1843
145    1843
146    1843
147    1843
148    1843
149    1843
150    1843
151    1843
152    1843
153    1843
154    1843
155    1843
156    1843
157    1843
158    1843
159    1843
160    1843
161    1843
162    1843
163    1843
164    1843
165    1843
166    1843
167    1843
168    1843
169    1843
170    1843
171    1843
172    1843
173    1843
174    1843
175    1843
176    1843
177    1843
178    1843
179    1843
180    1843
181    1843
182    1843
183    1843
184    1843
185    1843
186    1843
187    1843
188    1843
189    1843
190    1843
191    1843
192    1843
193    1843
194    1843
195    1843
196    1843
197    1843
198    1843
199    1843
200    1843
201    1843
202    1843
203    1843
204    1843
205    1843
206    1843
207    1843
208    1843
209    1843
210    1843
211    1843
212    1843
213    1843
214    1843
215    1843
216    1843
217    1843
218    1843
219    1843
220    1843
221    1843
222    1843
223    1843
224    1843
225    1843
226    1843
227    1843
228    1843
229    1843
230    1843
231    1843
232    1843
233    1843
234    1843
235    1843
236    1843
237    1843
238    1843
239    1843
240    1843
241    1843
242    1843
243    1843
244    1843
245    1843
246    1843
247    1843
248    1843
249    1843
250    1843
251    1843
252    1843
253    1843
254    1843
255    1843
256    1843
257    1843
258    1843
259    1843
260    1843
261    1843
262    1843
263    1843
264    1843
265    1843
266    1843
267    1843
268    1843
269    1843
270    1843
271    1843
272    1843
273    1843
274    1843
275    1843
276    1843
277    1843
278    1843
279    1843
280    1843
281    1843
282    1843
283    1843
284    1843
285    1843
286    1843
287    1843
288    1843
289    1843
290    1843
291    1843
292    1843
293    1843
294    1843
295    1843
296    1843
297    1843
298    1843
299    1843
300    1843
301    1843
302    1843
303    1843
304    1843
305    1843
306    1843
307    1843
308    1843
309    1843
310    1843
311    1843
312    1843
313    1843
314    1843
315    1843
316    1843
317    1843
318    1843
319    1843
320    1843
321    1843
322    1843
323    1843
324    1843
325    1843
326    1843
327    1843
328    1843
329    1843
330    1843
331    1843
332    1843
333    1843
334    1843
335    1843
336    1843
337    1843
338    1843
339    1843
340    1843
341    1843
342    1843
343    1843
344    1843
345    1843
346    1843
347    1843
348    1843
349    1843
350    1843
351    1843
352    1843
353    1843
354    1843
355    1843
356    1843
357    1843
358    1843
359    1843
360    1843
361    1843
362    1843
363    1843
364    1843
365    1843
366    1843
367    1843
368    1843
369    1843
370    1843
371    1843
372    1843
373    1843
374    1843
375    1843
376    1843
377    1843
378    1843
379    1843
380    1843
381    1843
382    1843
383    1843
384    1843
385    1843
386    1843
387    1843
388    1843
389    1843
390    1843
391    1843
392    1843
393    1843
394    1843
395    1843
396    1843
397    1843
398    1843
399    1843
400    1843
401    1843
402    1843
403    1843
404    1843
405    1843
406    1843
407    1843
408    1843
409    1843
410    1843
411    1843
412    1843
413    1843
414    1843
415    1843
416    1843
417    1843
418    1843
419    1843
420    1843
421    1843
422    1843
423    1843
424    1843
425    1843
426    1843
427    1843
428    1843
429    1843
430    1843
431    1843
432    1843
433    1843
434    1843
435    1843
436    1843
437    1843
438    1843
439    1843
440    1843
441    1843
442    1843
443    1843
444    1843
445    1843
446    1843
447    1843
448    1843
449    1843
450    1843
451    1843
452    1843
453    1843
454    1843
455    1843
456    1843
457    1843
458    1843
459    1843
460    1843
461    1843
462    1843
463    1843
464    1843
465    1843
466    1843
467    1843
468    1843
469    1843
470    1843
471    1843
472    1843
473    1843
474    1843
475    1843
476    1843
477    1843
478    1843
479    1843
480    1843
481    1843
482    1843
483    1843
484    1843
485    1843
486    1843
487    1843
488    1843
489    1843
490    1843
491    1843
492    1843
493    1843
494    1843
495    1843
496    1843
497    1843
498    1843
499    1843