Step    Position
0    233
1    234
2    235
3    236
4    238
5    239
6    240
7    242
8    243
9    245
10    247
11    248
12    250
13    252
14    254
15    255
16    257
17    259
18    261
19    263
20    265
21    267
22    269
23    272
24    274
25    276
26    278
27    280
28    283
29    285
30    288
31    290
32    292
33    295
34    297
35    300
36    303
37    305
38    308
39    310
40    313
41    316
42    319
43    321
44    324
45    327
46    330
47    333
48    335
49    338
50    341
51    344
52    347
53    350
54    353
55    356
56    359
57    362
58    365
59    368
60    371
61    375
62    378
63    381
64    384
65    387
66    390
67    394
68    397
69    400
70    403
71    407
72    410
73    413
74    417
75    420
76    423
77    427
78    430
79    433
80    437
81    440
82    444
83    447
84    450
85    454
86    457
87    461
88    464
89    468
90    471
91    475
92    478
93    482
94    485
95    489
96    492
97    496
98    499
99    503
100    506
101    510
102    513
103    517
104    520
105    524
106    527
107    531
108    535
109    538
110    542
111    545
112    549
113    553
114    556
115    560
116    563
117    567
118    571
119    574
120    578
121    581
122    585
123    589
124    592
125    596
126    599
127    603
128    607
129    610
130    614
131    618
132    621
133    625
134    628
135    632
136    636
137    639
138    643
139    646
140    650
141    654
142    657
143    661
144    664
145    668
146    671
147    675
148    679
149    682
150    686
151    689
152    693
153    696
154    700
155    703
156    707
157    711
158    714
159    718
160    721
161    725
162    728
163    732
164    735
165    738
166    742
167    745
168    749
169    752
170    756
171    759
172    762
173    766
174    769
175    773
176    776
177    779
178    783
179    786
180    789
181    793
182    796
183    799
184    803
185    806
186    809
187    812
188    815
189    819
190    822
191    825
192    828
193    831
194    834
195    837
196    841
197    844
198    847
199    850
200    853
201    856
202    859
203    862
204    865
205    867
206    870
207    873
208    876
209    879
210    882
211    884
212    887
213    890
214    893
215    895
216    898
217    901
218    903
219    906
220    908
221    911
222    913
223    916
224    918
225    920
226    923
227    925
228    927
229    930
230    932
231    934
232    936
233    938
234    940
235    942
236    944
237    946
238    948
239    950
240    952
241    954
242    955
243    957
244    959
245    960
246    962
247    963
248    965
249    966
250    968
251    969
252    970
253    971
254    973
255    974
256    975
257    976
258    977
259    978
260    978
261    979
262    980
263    981
264    981
265    982
266    982
267    983
268    983
269    983
270    984
271    984
272    984
273    984
274    984
275    984
276    984
277    984
278    984
279    983
280    983
281    983
282    982
283    982
284    981
285    980
286    980
287    979
288    978
289    977
290    977
291    976
292    975
293    974
294    973
295    971
296    970
297    969
298    968
299    967
300    965
301    964
302    963
303    962
304    960
305    959
306    957
307    956
308    955
309    953
310    952
311    950
312    949
313    948
314    946
315    945
316    943
317    942
318    941
319    939
320    938
321    937
322    935
323    934
324    933
325    932
326    931
327    930
328    929
329    928
330    927
331    926
332    925
333    924
334    923
335    922
336    922
337    921
338    921
339    920
340    920
341    919
342    919
343    919
344    918
345    918
346    918
347    918
348    918
349    918
350    918
351    919
352    919
353    919
354    919
355    920
356    920
357    921
358    922
359    922
360    923
361    924
362    925
363    925
364    926
365    927
366    928
367    930
368    931
369    932
370    933
371    935
372    936
373    937
374    939
375    940
376    942
377    943
378    945
379    947
380    949
381    950
382    952
383    954
384    956
385    958
386    960
387    962
388    964
389    966
390    968
391    970
392    973
393    975
394    977
395    980
396    982
397    984
398    987
399    989
400    992
401    994
402    997
403    999
404    1002
405    1004
406    1007
407    1010
408    1012
409    1015
410    1018
411    1021
412    1023
413    1026
414    1029
415    1032
416    1035
417    1038
418    1041
419    1044
420    1047
421    1050
422    1053
423    1056
424    1059
425    1062
426    1065
427    1068
428    1071
429    1074
430    1077
431    1081
432    1084
433    1087
434    1090
435    1093
436    1097
437    1100
438    1103
439    1106
440    1110
441    1113
442    1116
443    1120
444    1123
445    1126
446    1130
447    1133
448    1137
449    1140
450    1143
451    1147
452    1150
453    1154
454    1157
455    1161
456    1164
457    1168
458    1171
459    1174
460    1178
461    1181
462    1185
463    1188
464    1192
465    1196
466    1199
467    1203
468    1206
469    1210
470    1213
471    1217
472    1220
473    1224
474    1227
475    1231
476    1235
477    1238
478    1242
479    1245
480    1249
481    1253
482    1256
483    1260
484    1263
485    1267
486    1271
487    1274
488    1278
489    1281
490    1285
491    1289
492    1292
493    1296
494    1299
495    1303
496    1307
497    1310
498    1314
499    1318
500    1321
501    1325
502    1328
503    1332
504    1336
505    1339
506    1343
507    1346
508    1350
509    1354
510    1357
511    1361
512    1364
513    1368
514    1371
515    1375
516    1379
517    1382
518    1386
519    1389
520    1393
521    1396
522    1400
523    1403
524    1407
525    1410
526    1414
527    1417
528    1421
529    1424
530    1428
531    1431
532    1435
533    1438
534    1442
535    1445
536    1449
537    1452
538    1456
539    1459
540    1462
541    1466
542    1469
543    1472
544    1476
545    1479
546    1483
547    1486
548    1489
549    1492
550    1496
551    1499
552    1502
553    1506
554    1509
555    1512
556    1515
557    1518
558    1522
559    1525
560    1528
561    1531
562    1534
563    1537
564    1540
565    1543
566    1546
567    1549
568    1552
569    1555
570    1558
571    1561
572    1564
573    1567
574    1570
575    1573
576    1575
577    1578
578    1581
579    1584
580    1587
581    1589
582    1592
583    1595
584    1597
585    1600
586    1602
587    1605
588    1607
589    1610
590    1612
591    1615
592    1617
593    1620
594    1622
595    1624
596    1626
597    1629
598    1631
599    1633
600    1635
601    1637
602    1639
603    1641
604    1643
605    1645
606    1647
607    1649
608    1651
609    1652
610    1654
611    1656
612    1657
613    1659
614    1660
615    1662
616    1663
617    1665
618    1666
619    1667
620    1668
621    1670
622    1671
623    1672
624    1673
625    1674
626    1675
627    1675
628    1676
629    1677
630    1678
631    1678
632    1679
633    1679
634    1680
635    1680
636    1681
637    1681
638    1681
639    1681
640    1681
641    1681
642    1681
643    1681
644    1681
645    1681
646    1681
647    1680
648    1680
649    1679
650    1679
651    1678
652    1678
653    1677
654    1676
655    1676
656    1675
657    1674
658    1673
659    1672
660    1671
661    1670
662    1669
663    1668
664    1667
665    1665
666    1664
667    1663
668    1662
669    1660
670    1659
671    1658
672    1656
673    1655
674    1654
675    1652
676    1651
677    1649
678    1648
679    1646
680    1645
681    1644
682    1642
683    1641
684    1640
685    1638
686    1637
687    1635
688    1634
689    1633
690    1632
691    1630
692    1629
693    1628
694    1627
695    1626
696    1625
697    1624
698    1623
699    1622
700    1621
701    1621
702    1620
703    1619
704    1619
705    1618
706    1617
707    1617
708    1617
709    1616
710    1616
711    1616
712    1616
713    1615
714    1615
715    1615
716    1615
717    1616
718    1616
719    1616
720    1616
721    1617
722    1617
723    1618
724    1618
725    1619
726    1619
727    1620
728    1621
729    1622
730    1622
731    1623
732    1624
733    1625
734    1627
735    1628
736    1629
737    1630
738    1631
739    1633
740    1634
741    1636
742    1637
743    1639
744    1640
745    1642
746    1644
747    1645
748    1647
749    1649
750    1651
751    1653
752    1655
753    1657
754    1659
755    1661
756    1663
757    1665
758    1667
759    1669
760    1672
761    1674
762    1676
763    1679
764    1681
765    1683
766    1686
767    1688
768    1691
769    1693
770    1696
771    1698
772    1701
773    1704
774    1706
775    1709
776    1712
777    1715
778    1717
779    1720
780    1723
781    1726
782    1729
783    1731
784    1734
785    1737
786    1740
787    1743
788    1746
789    1749
790    1752
791    1755
792    1758
793    1761
794    1765
795    1768
796    1771
797    1774
798    1777
799    1780
800    1784
801    1787
802    1790
803    1793
804    1796
805    1800
806    1803
807    1806
808    1810
809    1813
810    1816
811    1820
812    1823
813    1826
814    1830
815    1833
816    1836
817    1840
818    1843
819    1847
820    1850
821    1854
822    1857
823    1860
824    1864
825    1867
826    1871
827    1874
828    1878
829    1881
830    1885
831    1888
832    1892
833    1895
834    1899
835    1903
836    1906
837    1910
838    1913
839    1917
840    1920
841    1924
842    1928
843    1931
844    1935
845    1938
846    1942
847    1945
848    1949
849    1953
850    1956
851    1960
852    1963
853    1967
854    1971
855    1974
856    1978
857    1981
858    1985
859    1989
860    1992
861    1996
862    2000
863    2003
864    2007
865    2010
866    2014
867    2018
868    2021
869    2025
870    2028
871    2032
872    2036
873    2039
874    2043
875    2046
876    2050
877    2054
878    2057
879    2061
880    2064
881    2068
882    2071
883    2075
884    2079
885    2082
886    2086
887    2089
888    2093
889    2096
890    2100
891    2103
892    2107
893    2110
894    2114
895    2117
896    2121
897    2124
898    2128
899    2131
900    2135
901    2138
902    2142
903    2145
904    2149
905    2152
906    2155
907    2159
908    2162
909    2166
910    2169
911    2172
912    2176
913    2179
914    2182
915    2186
916    2189
917    2192
918    2196
919    2199
920    2202
921    2205
922    2208
923    2212
924    2215
925    2218
926    2221
927    2224
928    2227
929    2231
930    2234
931    2237
932    2240
933    2243
934    2246
935    2249
936    2252
937    2255
938    2258
939    2261
940    2264
941    2266
942    2269
943    2272
944    2275
945    2278
946    2280
947    2283
948    2286
949    2289
950    2291
951    2294
952    2296
953    2299
954    2302
955    2304
956    2307
957    2309
958    2311
959    2314
960    2316
961    2319
962    2321
963    2323
964    2325
965    2328
966    2330
967    2332
968    2334
969    2336
970    2338
971    2340
972    2342
973    2344
974    2346
975    2347
976    2349
977    2351
978    2352
979    2354
980    2356
981    2357
982    2359
983    2360
984    2362
985    2363
986    2364
987    2365
988    2367
989    2368
990    2369
991    2370
992    2371
993    2372
994    2373
995    2373
996    2374
997    2375
998    2375
999    2376
1000    2377
1001    2377
1002    2377
1003    2378
1004    2378
1005    2378
1006    2378
1007    2378
1008    2379
1009    2378
1010    2378
1011    2378
1012    2378
1013    2378
1014    2378
1015    2377
1016    2377
1017    2376
1018    2376
1019    2375
1020    2374
1021    2374
1022    2373
1023    2372
1024    2371
1025    2370
1026    2369
1027    2369
1028    2367
1029    2366
1030    2365
1031    2364
1032    2363
1033    2362
1034    2360
1035    2359
1036    2358
1037    2357
1038    2355
1039    2354
1040    2352
1041    2351
1042    2350
1043    2348
1044    2347
1045    2345
1046    2344
1047    2343
1048    2341
1049    2340
1050    2338
1051    2337
1052    2336
1053    2334
1054    2333
1055    2332
1056    2330
1057    2329
1058    2328
1059    2327
1060    2326
1061    2325
1062    2323
1063    2322
1064    2321
1065    2321
1066    2320
1067    2319
1068    2318
1069    2317
1070    2317
1071    2316
1072    2315
1073    2315
1074    2314
1075    2314
1076    2314
1077    2313
1078    2313
1079    2313
1080    2313
1081    2313
1082    2313
1083    2313
1084    2313
1085    2313
1086    2313
1087    2313
1088    2314
1089    2314
1090    2315
1091    2315
1092    2316
1093    2316
1094    2317
1095    2318
1096    2319
1097    2320
1098    2320
1099    2321
1100    2322
1101    2324
1102    2325
1103    2326
1104    2327
1105    2328
1106    2330
1107    2331
1108    2333
1109    2334
1110    2336
1111    2337
1112    2339
1113    2341
1114    2342
1115    2344
1116    2346
1117    2348
1118    2350
1119    2351
1120    2353
1121    2355
1122    2358
1123    2360
1124    2362
1125    2364
1126    2366
1127    2368
1128    2371
1129    2373
1130    2375
1131    2378
1132    2380
1133    2382
1134    2385
1135    2387
1136    2390
1137    2392
1138    2395
1139    2398
1140    2400
1141    2403
1142    2406
1143    2408
1144    2411
1145    2414
1146    2417
1147    2420
1148    2422
1149    2425
1150    2428
1151    2431
1152    2434
1153    2437
1154    2440
1155    2443
1156    2446
1157    2449
1158    2452
1159    2455
1160    2458
1161    2461
1162    2464
1163    2467
1164    2470
1165    2474
1166    2477
1167    2480
1168    2483
1169    2486
1170    2490
1171    2493
1172    2496
1173    2499
1174    2503
1175    2506
1176    2509
1177    2513
1178    2516
1179    2519
1180    2523
1181    2526
1182    2530
1183    2533
1184    2536
1185    2540
1186    2543
1187    2547
1188    2551
1189    2557
1191    2556
1192    2553
1193    2552
1194    2555