1.000000000000000000e+00 0.000000000000000000e+00 0.000000000000000000e+00
1.000000000000000000e+00 -3.115369945369852335e-12 -8.374739331176960654e-12
1.000000000000000000e+00 -1.946981347272650944e-13 -3.940692782809395028e-12
1.000000000000000000e+00 -1.351248810044249642e-12 -4.096174598338289604e-12
1.000000000000000000e+00 5.470492176549842119e-12 -1.963155493728466557e-11
1.000000000000000000e+00 2.181314911311388444e-12 -3.151981087314869190e-11
1.000000000000000000e+00 -4.831602640332402974e-12 -3.126549267364888673e-11
1.000000000000000000e+00 -1.127283994637147837e-11 -2.095702283955383324e-11
1.000000000000000000e+00 -5.275486069338171180e-12 -1.314245372746990773e-11
1.000000000000000000e+00 8.766313843212759148e-12 -1.300296409893541098e-11
1.000000000000000000e+00 4.101718455001663824e-12 -9.754227339400812385e-12
1.000000000000000000e+00 4.212842537524160198e-12 -4.995100459249033028e-12
1.000000000000000000e+00 1.566512869829246816e-11 -8.018664741285779878e-12
1.000000000000000000e+00 2.293721434687224255e-11 -8.191633341533626109e-12
1.000000000000000000e+00 3.717307374629836494e-11 -2.228746208982787246e-12
1.000000000000000000e+00 5.191260125348456201e-11 -8.883052113707933915e-12
1.000000000000000000e+00 4.852000115182476680e-11 -1.995734662635757186e-11
1.000000000000000000e+00 3.043393543651263964e-11 -1.759257684178583837e-11
1.000000000000000000e+00 2.562988725567891558e-11 -1.119995045582532537e-11
1.000000000000000000e+00 3.074751343530628802e-11 -3.535676703599708524e-12
1.000000000000000000e+00 3.975320447134478666e-11 -3.707984729892931671e-12
1.000000000000000000e+00 4.982623372243288410e-11 -1.222746280882134333e-12
1.000000000000000000e+00 6.357587384270565922e-11 -3.989227026569303547e-13
1.000000000000000000e+00 8.570094543972812292e-11 -1.390503591724098200e-12
1.000000000000000000e+00 8.724072800443639666e-11 -6.808908105287183407e-12
1.000000000000000000e+00 8.298560282911308425e-11 -1.254299994540430664e-11
1.000000000000000000e+00 9.115943238414649591e-11 -1.014610201446937982e-11
1.000000000000000000e+00 1.117704892904085955e-10 -1.310212615350879497e-11
1.000000000000000000e+00 1.438982507448297418e-10 -1.465072656621417479e-11
1.000000000000000000e+00 1.616977214357716366e-10 -1.244662016063923926e-11
1.000000000000000000e+00 1.788281567240957229e-10 -1.630691786727236415e-11
1.000000000000000000e+00 2.180409460185040246e-10 -1.173259278254548114e-11
1.000000000000000000e+00 2.475357223948414867e-10 -6.513741873597034172e-12
1.000000000000000000e+00 2.644956482382800119e-10 -1.634253210948548025e-11
1.000000000000000000e+00 2.904812540534097354e-10 -2.278143752829676357e-11
1.000000000000000000e+00 3.318695183147445041e-10 -2.519723840129727089e-11
1.000000000000000000e+00 3.790935252695456097e-10 -2.426650336902104723e-11
1.000000000000000000e+00 4.280748106791588901e-10 -2.711000944617311796e-11
1.000000000000000000e+00 4.673085081481023504e-10 -3.328850790872471689e-11
1.000000000000000000e+00 5.103050389749561301e-10 -4.272544424828618777e-11
1.000000000000000000e+00 5.650692448189525402e-10 -4.495357066127853196e-11
1.000000000000000000e+00 6.368016918463392928e-10 -4.787512722613502852e-11
1.000000000000000000e+00 7.058415238867223099e-10 -5.360568870616797444e-11
1.000000000000000000e+00 7.845910782031910662e-10 -5.913975959097872199e-11
1.000000000000000000e+00 8.711701614673439509e-10 -5.810359876234895010e-11
1.000000000000000000e+00 9.759739002315411854e-10 -6.035000597617376741e-11
1.000000000000000000e+00 1.092069625465870001e-09 -6.483581546535619982e-11
1.000000000000000000e+00 1.228411434106660844e-09 -7.170093682590632076e-11
1.000000000000000000e+00 1.378924254092003079e-09 -6.933912427948085913e-11
1.000000000000000000e+00 1.537813195881341661e-09 -7.424049384889880879e-11
1.000000000000000000e+00 1.715592698012482374e-09 -9.013156720394303086e-11
1.000000000000000000e+00 1.924641594663399794e-09 -1.089573950552872978e-10
1.000000000000000000e+00 2.147978899950176762e-09 -1.149017266545829799e-10
1.000000000000000000e+00 2.386850661537546703e-09 -1.271546841076070061e-10
1.000000000000000000e+00 2.650777104925016541e-09 -1.474530695172596114e-10
1.000000000000000000e+00 2.958585664538416922e-09 -1.645124527402776662e-10
1.000000000000000000e+00 3.299985885137087472e-09 -1.795676750659664539e-10
1.000000000000000000e+00 3.690496400663040801e-09 -1.840606272927065861e-10
1.000000000000000000e+00 4.110820644064890056e-09 -1.895998837266861687e-10
1.000000000000000000e+00 4.584066175589628291e-09 -2.057239255346062085e-10
1.000000000000000000e+00 5.103813482228454525e-09 -2.217637085892012544e-10
1.000000000000000000e+00 5.677372999536332939e-09 -2.547294178279860037e-10
1.000000000000000000e+00 6.317683313307476411e-09 -2.850820754209851475e-10
1.000000000000000000e+00 7.029813721433713042e-09 -3.180934256657361954e-10
1.000000000000000000e+00 7.825059462940198947e-09 -3.367421356324748753e-10
1.000000000000000000e+00 8.708915005893089258e-09 -3.494981101137764082e-10
1.000000000000000000e+00 9.688311440975952169e-09 -3.586780307320200579e-10
1.000000000000000000e+00 1.078164437896253981e-08 -3.765802994614841201e-10
1.000000000000000000e+00 1.198688038146079797e-08 -4.005709786083003266e-10
1.000000000000000000e+00 1.332337584356667173e-08 -4.394536774998418132e-10
1.000000000000000000e+00 1.481119289266303836e-08 -4.884091173902942611e-10
1.000000000000000000e+00 1.645677044615428200e-08 -5.187392255918571071e-10
1.000000000000000000e+00 1.828258185851848351e-08 -5.600455644797828426e-10
1.000000000000000000e+00 2.031263414731986168e-08 -6.043233986761066174e-10
1.000000000000000000e+00 2.257105753238231198e-08 -6.478059662679423290e-10
1.000000000000000000e+00 2.507460908828170681e-08 -7.091198970496481703e-10
1.000000000000000000e+00 2.784706759029767055e-08 -7.749718702949347829e-10
1.000000000000000000e+00 3.093193004501002668e-08 -8.410434238727578408e-10
1.000000000000000000e+00 3.435452914133615349e-08 -9.062181841697098913e-10
1.000000000000000000e+00 3.813515803966213355e-08 -9.738985773458795416e-10
1.000000000000000000e+00 4.232354379460126925e-08 -1.054107317829131532e-09
1.000000000000000000e+00 4.697537716480572469e-08 -1.129500609348192126e-09
1.000000000000000000e+00 5.213291542527604270e-08 -1.217818900266289601e-09
1.000000000000000000e+00 5.786059048025586177e-08 -1.314934669122614123e-09
1.000000000000000000e+00 6.419885769251050223e-08 -1.413405535203650674e-09
1.000000000000000000e+00 7.120557437959539235e-08 -1.503661294921632118e-09
1.000000000000000000e+00 7.896607179412355032e-08 -1.605542781653167394e-09
1.000000000000000000e+00 8.757094264860013863e-08 -1.729823034638214469e-09
1.000000000000000000e+00 9.711722114945434755e-08 -1.872520289674430305e-09
1.000000000000000000e+00 1.076878516515266191e-07 -2.022800409077227140e-09
1.000000000000000000e+00 1.193848150928517754e-07 -2.170271343227696765e-09
1.000000000000000000e+00 1.323462772623320975e-07 -2.320486840729100673e-09
1.000000000000000000e+00 1.467042236757984107e-07 -2.488800521392328779e-09
1.000000000000000000e+00 1.626046748991235689e-07 -2.675278273770239845e-09
1.000000000000000000e+00 1.802127084962995266e-07 -2.859318902390789441e-09
1.000000000000000000e+00 1.996993844874563012e-07 -3.055303411863171884e-09
1.000000000000000000e+00 2.212650025221817536e-07 -3.269062142291814212e-09
1.000000000000000000e+00 2.451390031321049193e-07 -3.503638584876300841e-09
1.000000000000000000e+00 2.715676581807581714e-07 -3.742850429405506749e-09
1.000000000000090594e+00 3.008285967379983303e-07 -3.991550726533633137e-09
1.000000000000090150e+00 3.332148370390144705e-07 -4.261790884441250391e-09
1.000000000000035749e+00 3.690722043198936490e-07 -4.578742116330898308e-09
1.000000000000090594e+00 4.087251838821852158e-07 -4.899129774002192859e-09
1.000000000000000000e+00 4.526129208084207705e-07 -5.224686094727305595e-09
1.000000000000000000e+00 5.011808278281012058e-07 -5.575881538621814753e-09
1.000000000000090150e+00 5.549178448468138929e-07 -5.961696653364530637e-09
1.000000000000022427e+00 6.143732184538261067e-07 -6.368268862573440633e-09
1.000000000000050404e+00 6.801485982169985737e-07 -6.799357604000727730e-09
1.000000000000007550e+00 7.529204817370963219e-07 -7.259629082418459927e-09
1.000000000000089262e+00 8.334179976162054522e-07 -7.753368666269427583e-09
9.999999999999935607e-01 9.224643636762984888e-07 -8.277164526057300790e-09
1.000000000000088818e+00 1.020970393750929978e-06 -8.836094088733097678e-09
1.000000000000019540e+00 1.129911386652344948e-06 -9.426056131654576648e-09
1.000000000000050182e+00 1.250398994874156931e-06 -1.005241979960365253e-08
1.000000000000065725e+00 1.383674273985988640e-06 -1.071350093876038043e-08
1.000000000000060396e+00 1.531080762745487177e-06 -1.141870299622208333e-08
1.000000000000084821e+00 1.694095397008660423e-06 -1.217782591148136353e-08
1.000000000000264899e+00 1.874367828319423090e-06 -1.299001612090969588e-08
1.000000000000352163e+00 2.073718445559378481e-06 -1.384505818682221834e-08
1.000000000000307532e+00 2.294169698124306715e-06 -1.474669117171389105e-08
1.000000000000347944e+00 2.537941317263888178e-06 -1.571952407637069904e-08
1.000000000000397904e+00 2.807483342227196832e-06 -1.674736184662120349e-08
1.000000000000423883e+00 3.105529033868433157e-06 -1.784447077638310548e-08
1.000000000000792477e+00 3.435072321563723948e-06 -1.902450808033488968e-08
1.000000000000867750e+00 3.799445717387875577e-06 -2.030265364402249130e-08
1.000000000001215916e+00 4.202313110334816771e-06 -2.165462124772685826e-08
1.000000000001384448e+00 4.647713468971168728e-06 -2.308376753081724282e-08
1.000000000001776357e+00 5.140145367964700285e-06 -2.461260548124106745e-08
1.000000000002093214e+00 5.684555102812772730e-06 -2.624594965183094135e-08
1.000000000002551737e+00 6.286405049442647204e-06 -2.797816687903252597e-08
1.000000000003021361e+00 6.951762284491204637e-06 -2.983129233469230209e-08
1.000000000003733014e+00 7.687306275964103137e-06 -3.182136804681716771e-08
1.000000000004772405e+00 8.500427446561907043e-06 -3.395804172195611354e-08
1.000000000005623502e+00 9.399297705473197906e-06 -3.624328540000486780e-08
9.999999999069749679e-01 1.039295231723503724e-05 -3.869930111716183679e-08
9.999999999084283608e-01 1.149135930210622446e-05 -4.133297308015102692e-08
9.999999999103730275e-01 1.270554490477100496e-05 -4.414928760377010345e-08
9.999999999127295869e-01 1.404767274264364403e-05 -4.718587786002957625e-08
9.999999999155155805e-01 1.553121770034449073e-05 -5.045021196269370425e-08
9.999999998189654793e-01 1.717106009017930129e-05 -5.396014388526628473e-08
9.999999998231188236e-01 1.898365715471252776e-05 -5.774270097324059166e-08
9.999999998282812497e-01 2.098717755239248403e-05 -6.181148383580650675e-08
9.999999997345757619e-01 2.320171504044535516e-05 -6.619103547876139991e-08
9.999999996422778148e-01 2.564945756531040701e-05 -7.091502185537154339e-08
9.999999995517506735e-01 2.835492877043602054e-05 -7.601098119004724918e-08
9.999999994632478018e-01 3.134524706380605128e-05 -8.151858628852272580e-08
9.999999993773261986e-01 3.465036493043969644e-05 -8.748739756777504397e-08
9.999999992944992311e-01 3.830339558630770482e-05 -9.393453712380152994e-08
9.999999991154758794e-01 4.234095158402565210e-05 -1.009139037637095139e-07
9.999999989410880419e-01 4.680346726722556911e-05 -1.084805818556366373e-07
9.999999986724431578e-01 5.173562983824706664e-05 -1.166916181013828699e-07
9.999999984107333928e-01 5.718680830805119328e-05 -1.256040790769931637e-07
9.999999979574671904e-01 6.321160887014484254e-05 -1.352898769944105814e-07
9.999999975145725806e-01 6.987035903265910583e-05 -1.458158472373056648e-07
9.999999969844620695e-01 7.722968577281571969e-05 -1.572798431875233296e-07
9.999999963697675520e-01 8.536327224773099405e-05 -1.697583872852301970e-07
9.999999955739529156e-01 9.435254707158222945e-05 -1.833456525334998515e-07
9.999999946012809726e-01 1.042874818737837947e-04 -1.981580241832988043e-07
9.999999933568469723e-01 1.152675194584412607e-04 -2.143091915612170530e-07
9.999999918468451821e-01 1.274025310915565673e-04 -2.319531969909416303e-07
9.999999900789828811e-01 1.408139524087422803e-04 -2.512252006853408284e-07
9.999999878625586147e-01 1.556359739415431333e-04 -2.722874644160083444e-07
9.999999852089707097e-01 1.720169336382639370e-04 -2.953485493302386496e-07
9.999999819321565564e-01 1.901207431565024575e-04 -3.205767074480003796e-07
9.999999779491074436e-01 2.101285330253974658e-04 -3.481940412324690303e-07
9.999999730805460008e-01 2.322404640536489544e-04 -3.784559431147484162e-07
9.999999670518843198e-01 2.566777714932500583e-04 -4.116371311238083383e-07
9.999999597940928409e-01 2.836849240511850464e-04 -4.480238091098904125e-07
9.999999508449886054e-01 3.135320968963175138e-04 -4.879226647709743316e-07
9.999999399508102682e-01 3.465178882731634823e-04 -5.317321864620409080e-07
9.999999266679483467e-01 3.829722618355939833e-04 -5.798595489866568595e-07
9.999999104653931603e-01 4.232598702503373900e-04 -6.327293809403782572e-07
9.999998906273195320e-01 4.677837041398024993e-04 -6.908383152974157006e-07
9.999998663565747847e-01 5.169891279144509834e-04 -7.547264312238330154e-07
9.999998367787619191e-01 5.713683099431755581e-04 -8.249925715521985527e-07
9.999998006472562428e-01 6.314651487871759386e-04 -9.022797915066382385e-07
9.999997564494272906e-01 6.978807406315731127e-04 -9.873351121269858584e-07
9.999997025141658114e-01 7.712793923064028981e-04 -1.080967863521454342e-06
9.999996367208180414e-01 8.523952016651781954e-04 -1.184063783929813730e-06
9.999995563108536878e-01 9.420394471810234231e-04 -1.297627356451489946e-06
9.999994580011841716e-01 1.041108699830862105e-03 -1.422736678523483103e-06
9.999993381008527304e-01 1.150593789732627052e-03 -1.560594510576568473e-06
9.999991915318590108e-01 1.271589700178046671e-03 -1.712536042233193461e-06
9.999990125535969110e-01 1.405306514822071088e-03 -1.880030745401431608e-06
9.999987939938608239e-01 1.553081526909135890e-03 -2.064699540366013873e-06
9.999985269851224823e-01 1.716392604109908977e-03 -2.268362899196845744e-06
9.999982009114795067e-01 1.896872978054024023e-03 -2.492994428189247708e-06
9.999978026626924477e-01 2.096327538206059840e-03 -2.740779415140350875e-06
9.999973163026237843e-01 2.316750939114493434e-03 -3.014160197174084129e-06
9.999967222518993948e-01 2.560347509892444817e-03 -3.315826734234827044e-06
9.999959967889149315e-01 2.829553272895695033e-03 -3.648734480847719502e-06
9.999951107736535505e-01 3.127060322580677097e-03 -4.016153469743331826e-06
9.999940284976197580e-01 3.455843708507061723e-03 -4.421709272826764421e-06
9.999927068691722987e-01 3.819191196791627257e-03 -4.869412747116424775e-06
9.999910926377908460e-01 4.220736133906096386e-03 -5.363670094377508326e-06
9.999891211673692659e-01 4.664493740856156395e-03 -5.909378201928828092e-06
9.999867133747110115e-01 5.154901213753357823e-03 -6.511970734421900765e-06
9.999837727358313888e-01 5.696862081254325770e-03 -7.177390223482205578e-06
9.999801812880002583e-01 6.295795109258253350e-03 -7.912227223154366245e-06
9.999757949412290126e-01 6.957688504201433276e-03 -8.723784188534825120e-06
9.999704379205778260e-01 7.689159586563218234e-03 -9.620093887370142357e-06
9.999638953832856725e-01 8.497520819453626209e-03 -1.061009702037190851e-05
9.999559049239661324e-01 9.390852812518000678e-03 -1.170370774333565892e-05
9.999461461363241543e-01 1.037808480686600900e-02 -1.291183220242162792e-05
9.999342277717517824e-01 1.146908356365888490e-02 -1.424642511808656035e-05
9.999196719613133721e-01 1.267475141621554960e-02 -1.572060872485661181e-05
9.999018950942747397e-01 1.400713446568903169e-02 -1.734890647452200821e-05
9.998801845311856562e-01 1.547954206318357707e-02 -1.914754279334884688e-05
9.998536697925509698e-01 1.710667885840255059e-02 -2.113481402924195711e-05
9.998212882369089671e-01 1.890479047357274470e-02 -2.333118892229241246e-05
9.997817416484562347e-01 2.089182384501209883e-02 -2.575908263689942755e-05
9.997334453189251624e-01 2.308760331522854287e-02 -2.844250563553984312e-05
9.996744638249439596e-01 2.551402386007879663e-02 -3.140689103042098619e-05
9.996024339060057828e-01 2.819526331124871596e-02 -3.467966982891271824e-05
9.995144704394741675e-01 3.115801565246593269e-02 -3.829163266583232388e-05
9.994070506477810145e-01 3.443174780674496810e-02 -4.227877607041012891e-05
9.992758742762722912e-01 3.804898159080412345e-02 -4.668388528835589482e-05
9.991156913374699133e-01 4.204560216956367696e-02 -5.155695546990907607e-05
9.989200940255958949e-01 4.646119348211553979e-02 -5.695387659653223454e-05
9.986812614544096078e-01 5.133940008848143777e-02 -6.293362164037201998e-05
9.983896500858491230e-01 5.672831520696964419e-02 -6.955486123234285226e-05
9.980336164754497474e-01 6.268089425326252295e-02 -7.687357337640007772e-05
9.975989591151599445e-01 6.925539318428096391e-02 -8.494332381067250617e-05
9.970683621798895890e-01 7.651583029913257283e-02 -9.381913563779581259e-05
9.964207199845590557e-01 8.453246778657656779e-02 -1.035650004509410714e-04
9.956303188113561076e-01 9.338230676434437771e-02 -1.142638729634153544e-04
9.946658472030039944e-01 1.031495832660039996e-01 -1.260278781291904746e-04
9.934892003498347890e-01 1.139262458264654887e-01 -1.390064682348204678e-04
9.920540409141338500e-01 1.258123859812829981e-01 -1.533901295417169192e-04
9.903040719790450197e-01 1.389165805282319144e-01 -1.694080788833878469e-04
9.881709743626112541e-01 1.533560897765806064e-01 -1.873197549481479959e-04
9.855719558551120363e-01 1.692568367800289797e-01 -2.074009484434067110e-04
9.824068599298751980e-01 1.867530688060816679e-01 -2.299262232910603452e-04
9.785547850119046265e-01 2.059865715090756222e-01 -2.551500588698582019e-04
9.738701745315725411e-01 2.271052682111553978e-01 -2.832888182400037226e-04
9.681783606915794760e-01 2.502609895682405550e-01 -3.145056903297274351e-04
9.612705823167505548e-01 2.756061427506059647e-01 -3.488996251941029847e-04
9.528985599565625852e-01 3.032889463033817123e-01 -3.864985023787208024e-04
9.427688095852123640e-01 3.334468310959501913e-01 -4.272561962316571613e-04
9.305370137875954573e-01 3.661975478929875294e-01 -4.710522640812870730e-04
9.158029768636851697e-01 4.016274886092667251e-01 -5.176926725644853764e-04
8.981069510801340527e-01 4.397767422700058493e-01 -5.669100834142620478e-04
8.769284670875273635e-01 4.806205168318338217e-01 -6.183622248513557552e-04
8.516891958967867104e-01 5.240468131910940297e-01 -6.716274843304081889e-04
8.217617847915310580e-01 5.698307132802382657e-01 -7.261975943885759423e-04
7.864869454168481600e-01 6.176064070680338247e-01 -7.814681986173854572e-04
7.452011810823120364e-01 6.668391857193987082e-01 -8.367292550670003218e-04
6.972771838156673896e-01 7.168010426249653566e-01 -8.911578042932685479e-04
6.421778438467329320e-01 7.665551031084538725e-01 -9.438170360615002552e-04
5.795227231182855654e-01 8.149554748857505970e-01 -9.936655806552230352e-04
5.091626705052549884e-01 8.606696778000225700e-01 -1.039580906074756474e-03
4.312542754742144102e-01 9.022297837071192594e-01 -1.080399319207133715e-03
3.463219294401055914e-01 9.381150665233471964e-01 -1.114972782832208877e-03
2.552928294582850199e-01 9.668631063682395776e-01 -1.142239331131896614e-03
1.594910278402301707e-01 9.871986950287340301e-01 -1.161300122482406688e-03
6.058180589795186116e-02 9.981625480841066489e-01 -1.171493225718023713e-03
-3.953299596598043586e-02 9.992175777229447275e-01 -1.172452728373097990e-03
-1.388567346291966764e-01 9.903117953243202320e-01 -1.164143113971410947e-03
-2.354552477206353633e-01 9.718845152796226072e-01 -1.146862689297193988e-03
-3.276038596881803433e-01 9.448145077099264766e-01 -1.121215376641387191e-03
-4.139011301166204970e-01 9.103211909381215827e-01 -1.088056105678675452e-03
-4.933351106174166945e-01 8.698387031382839307e-01 -1.048419188276773382e-03
-5.652991755718765887e-01 8.248853467141449292e-01 -1.003441023852434015e-03
-6.295645012165930199e-01 7.769476353548077086e-01 -9.542876220194673525e-04
-6.862223958719705363e-01 7.273912356101185361e-01 -9.020945284257859704e-04
-7.356113033744425822e-01 6.774033447136130759e-01 -8.479231868948566798e-04
-7.782413987593298499e-01 6.279647258675361554e-01 -7.927341369558344938e-04
-8.147259403079952778e-01 5.798457539499599633e-01 -7.373750719095840478e-04
-8.457244836079176320e-01 5.336193698422742049e-01 -6.825798577481153716e-04
-8.718996776182785791e-01 4.896841395910978001e-01 -6.289747030561367719e-04
-8.938870496997353143e-01 4.482918796874871825e-01 -5.770875389139276971e-04
-9.122759020318211842e-01 4.095758787670643608e-01 -5.273575865714086319e-04
-9.275989612495475489e-01 3.735772163741340468e-01 -4.801431316018772233e-04
-9.403284533276882184e-01 3.402678502341511257e-01 -4.357265056238607010e-04
-9.508765820692715032e-01 3.095699763660962889e-01 -3.943163056240765263e-04
-9.595987925095061932e-01 2.813716946841491873e-01 -3.560474597110595447e-04
-9.667986125123140262e-01 2.555393115741351751e-01 -3.209804827577899676e-04
-9.727332121032683521e-01 2.319267438326768904e-01 -2.891016133061470204e-04
-9.776191110499041770e-01 2.103825229256939822e-01 -2.603252402131247265e-04
-9.816376745330849252e-01 1.907548713062524604e-01 -2.344999246736997704e-04
-9.849401918696893965e-01 1.728952679363601475e-01 -2.114188171604442651e-04
-9.876524389188808817e-01 1.566608550435548974e-01 -1.908340395351584818e-04
-9.898786929777141363e-01 1.419159734852382948e-01 -1.724742336074944757e-04
-9.917052129759067469e-01 1.285330549830804303e-01 -1.560633736201546846e-04
-9.932032210020770302e-01 1.163930488368273147e-01 -1.413386655349093497e-04
-9.944314335980672936e-01 1.053855183631388914e-01 -1.280652088648255691e-04
-9.954381965222803830e-01 9.540850846895231052e-02 -1.160454241045737027e-04
-9.962632748444431030e-01 8.636825860233643404e-02 -1.051223392577442940e-04
-9.969393480559791687e-01 7.817881533497650359e-02 -9.517699219379207687e-05
-9.974932535596511274e-01 7.076158361105118477e-02 -8.612099059051588719e-05
-9.979470185387863124e-01 6.404484449102360033e-02 -7.788655771290743798e-05
-9.983187143453909895e-01 5.796326053224876151e-02 -7.041654269086849213e-05
-9.986231615711065324e-01 5.245738378162357468e-02 -6.365650374499312190e-05
-9.988725114141565609e-01 4.747317796193858963e-02 -5.755029003582492938e-05
-9.990767245207864411e-01 4.296156308634650062e-02 -5.203924232751755711e-05
-9.992439640972494708e-01 3.887798772061912267e-02 -4.706413243286195391e-05
-9.993809197942360445e-01 3.518203181643271560e-02 -4.256839344509471732e-05
-9.994930721791936978e-01 3.183704022306892839e-02 -3.850099657107298616e-05
-9.995849113791206442e-01 2.880978574221180338e-02 -3.481792123737881668e-05
-9.996601150922392875e-01 2.607015971833385667e-02 -3.148195874125865043e-05
-9.997216958275646492e-01 2.359088769688534939e-02 -2.846130144906113143e-05
-9.997721208006179472e-01 2.134726836858944626e-02 -2.572772381526733192e-05
-9.998134102979278071e-01 1.931693437079667203e-02 -2.325523508208468521e-05
-9.998472193114551487e-01 1.747963387973362412e-02 -2.101942280686574456e-05
-9.998749027099040898e-01 1.581703195908647219e-02 -1.899748538130197235e-05
-9.998975703167644058e-01 1.431253037376973777e-02 -1.716855548006603014e-05
-9.999161307864632420e-01 1.295110429930613864e-02 -1.551388238258687743e-05
-9.999313282478002884e-01 1.171915423570953595e-02 -1.401681878023025080e-05
-9.999437720131092444e-01 1.060437163088449007e-02 -1.266251385247497304e-05
-9.999539609645512472e-01 9.595616877071550324e-03 -1.143754269297611785e-05
-9.999623036450041580e-01 8.682808591466861792e-03 -1.032965336215288223e-05
-9.999691346317005625e-01 7.856823193404301880e-03 -9.327682549460785690e-06
-9.999747278656648808e-01 7.109404090445880543e-03 -8.421527655526235963e-06
-9.999793075134235654e-01 6.433079452622020127e-03 -7.602024610804912892e-06
-9.999830572894826686e-01 5.821087684194405955e-03 -6.860928909343990641e-06
-9.999861276016331901e-01 5.267310110793161845e-03 -6.190816849477623782e-06
-9.999886415403604900e-01 4.766209842687966700e-03 -5.584912248711139271e-06
-9.999906999418224363e-01 4.312776502155044912e-03 -5.037098188771770058e-06
-9.999923852536802826e-01 3.902476169274563759e-03 -4.541861867671320552e-06
-9.999937653107447977e-01 3.531206091739646103e-03 -4.094187142741630561e-06
-9.999948951464618929e-01 3.195253712442202784e-03 -3.689540437289774669e-06
-9.999958202471576074e-01 2.891259598073370532e-03 -3.323829810094629863e-06
-9.999965777589863158e-01 2.616183826269801935e-03 -2.993349779187267595e-06
-9.999971979589505899e-01 2.367275621729109016e-03 -2.694733171712271228e-06
-9.999977057939724023e-01 2.142045850331353914e-03 -2.424932513183482960e-06
-9.999981215951926350e-01 1.938242110585832118e-03 -2.181212826794538625e-06
-9.999984620714160721e-01 1.753826280345888644e-03 -1.961097679309263484e-06
-9.999987407850485788e-01 1.586954098848386953e-03 -1.762311755806990546e-06
-9.999989690161859013e-01 1.435956734208833222e-03 -1.582827005971191600e-06
-9.999991559124185025e-01 1.299324092146059801e-03 -1.420806353994662618e-06
-9.999993088317907786e-01 1.175689724814893812e-03 -1.274578251372621470e-06
-9.999994341766594852e-01 1.063817165029342293e-03 -1.142632123367083360e-06
-9.999995367223347698e-01 9.625875516922697672e-04 -1.023610657672538065e-06
-9.999996206398008569e-01 8.709884547383869770e-04 -9.162584537279233597e-07
-9.999996894145656290e-01 7.881037466307147868e-04 -8.194647304818979145e-07
-9.999997457625062758e-01 7.131044772912662920e-04 -7.322216417874559304e-07
-9.999997918420969745e-01 6.452405234438773765e-04 -6.536023579875854154e-07
-9.999998295650166513e-01 5.838331008845995757e-04 -5.827979343069767845e-07
-9.999998605046624967e-01 5.282680111520183597e-04 -5.190529620032697361e-07
-9.999998858029640614e-01 4.779894951806493673e-04 -4.616846708234258100e-07
-9.999999064760913825e-01 4.324946472415099096e-04 -4.100693348911194618e-07
-9.999999234192459285e-01 3.913283979179118144e-04 -3.636633317654759316e-07
-9.999999373102897993e-01 3.540789649875632390e-04 -3.219574370599682644e-07
-9.999999487130656339e-01 3.203737554400742015e-04 -2.844710938200186842e-07
-9.999999579797523852e-01 2.898755982533312452e-04 -2.508254339842036135e-07
-9.999999656531678438e-01 2.622793889167047499e-04 -2.206572798690247761e-07
-9.999999718683421079e-01 2.373090721386574345e-04 -1.936157617879340934e-07
-9.999999769539054117e-01 2.147148276752834173e-04 -1.693872536503409363e-07
-9.999999811333802890e-01 1.942706139032567025e-04 -1.476968795448996700e-07
-9.999999845259904818e-01 1.757718968277922000e-04 -1.283224702783001262e-07
-9.999999873474462175e-01 1.590336060995120712e-04 -1.110069632786475493e-07
-9.999999896106598340e-01 1.438882378695731346e-04 -9.554750754902252467e-08
-9.999999915261560401e-01 1.301842424233529702e-04 -8.177724526963090961e-08
-9.999999931026398725e-01 1.177844841015987694e-04 -6.951149959850149281e-08
-9.999999943471565844e-01 1.065648953038486412e-04 -5.861139892834972056e-08
-9.999999953653997409e-01 9.641319263687819655e-05 -4.893974987682707596e-08
-9.999999961622966227e-01 8.722777790799844417e-05 -4.037596778392415180e-08
-9.999999968416171114e-01 7.891671835882484599e-05 -3.281748764866164435e-08
-9.999999974065993946e-01 7.139679059051695404e-05 -2.614275733746633683e-08
-9.999999979597160582e-01 6.459273174566572320e-05 -2.026739272126029524e-08
-9.999999983032931139e-01 5.843645190782469290e-05 -1.510715652297565568e-08
-9.999999986389664919e-01 5.286629099627727772e-05 -1.059152195422192865e-08
-9.999999988681779195e-01 4.782647776639613980e-05 -6.651405407694518090e-09
-9.999999990920400705e-01 4.326654876545717041e-05 -3.225424533213120979e-09
-9.999999992115793379e-01 3.914085601563146066e-05 -2.539595597902967116e-10
-9.999999993276439403e-01 3.540807119292262086e-05 2.289979080881754290e-09
-9.999999994407731130e-01 3.203078741445424037e-05 4.467209311075277670e-09
-9.999999995514498030e-01 2.897517815613600550e-05 6.324356424092402505e-09
-9.999999996602393360e-01 2.621062520904476453e-05 7.888886567009680318e-09
-9.999999997674580143e-01 2.370942270194129292e-05 9.194630138117311619e-09
-9.999999997733343138e-01 2.144651909072879306e-05 1.026918726067847171e-08
-9.999999997782347272e-01 1.939922810677892367e-05 1.113149059119254456e-08
-9.999999998821776925e-01 1.754703409092614041e-05 1.181423808771480345e-08
-9.999999998854292027e-01 1.587135793518554063e-05 1.234158740109387499e-08
-9.999999998880498842e-01 1.435539885968094081e-05 1.272347764482523260e-08
-9.999999998901368814e-01 1.298393276176543577e-05 1.299633322963977696e-08
-9.999999998920332533e-01 1.174321182924610213e-05 1.316345881379394725e-08
-9.999999999934571226e-01 1.062078848679925772e-05 1.323088488301266411e-08
-9.999999999946989071e-01 9.605408627918079985e-06 1.322357764387579135e-08
-9.999999999955712093e-01 8.686879355326473145e-06 1.314571646173653864e-08
-9.999999999963639086e-01 7.855973074886186399e-06 1.300872405762614014e-08
-9.999999999970380360e-01 7.104333765175585994e-06 1.282614582272859918e-08
-9.999999999977020604e-01 6.424424091098810729e-06 1.261180507632287954e-08
-9.999999999980807575e-01 5.809399561344248817e-06 1.235480814918696882e-08
-9.999999999984556798e-01 5.253071414567003440e-06 1.205931809357114845e-08
-9.999999999986457500e-01 4.749864831472782502e-06 1.174419944761748726e-08
-9.999999999987807531e-01 4.294705886769859041e-06 1.141036810393165808e-08
-9.999999999991139310e-01 3.883013317874310640e-06 1.104081437458065686e-08
-9.999999999991899813e-01 3.510660804177502341e-06 1.066212582013521742e-08
-9.999999999993566258e-01 3.173887982490592205e-06 1.028800810761255986e-08
-9.999999999995682343e-01 2.869313494841276754e-06 9.924401999691085255e-09
-9.999999999995633493e-01 2.593857375639750771e-06 9.548649510689526792e-09
-9.999999999996663780e-01 2.344737474423462223e-06 9.180158786488333393e-09
-9.999999999998864242e-01 2.119452173653605599e-06 8.817495308303645499e-09
-9.999999999997924993e-01 1.915724062324938325e-06 8.448587390695084249e-09
-9.999999999996884714e-01 1.731495713878311200e-06 8.078078923003573488e-09
-9.999999999997741806e-01 1.564898504131458577e-06 7.718170071052746288e-09
-9.999999999997826183e-01 1.414251412060043295e-06 7.373837549965060604e-09
-9.999999999999402700e-01 1.278049583649995358e-06 7.036159331127179936e-09
-9.999999999998651079e-01 1.154913646033816838e-06 6.706387425272424951e-09
-9.999999999999420464e-01 1.043569699130627449e-06 6.380116708420400717e-09
-1.000000000000037303e+00 9.429004878523881798e-07 6.063705096285672050e-09
-1.000000000000054401e+00 8.518953773427185405e-07 5.754919248204361274e-09
-1.000000000000052180e+00 7.696204158868496918e-07 5.457791686066952964e-09
-1.000000000000048850e+00 6.952483174557396895e-07 5.173833919901875078e-09
-1.000000000000089706e+00 6.280204897628266046e-07 4.904315585957979742e-09
-1.000000000000074385e+00 5.672548812167526323e-07 4.637713912902205727e-09
-1.000000000000000000e+00 5.123311554424013809e-07 4.383365302619725753e-09
-1.000000000000030420e+00 4.626853756077396023e-07 4.151619433396037490e-09
-1.000000000000035305e+00 4.178411281808587432e-07 3.935966912630950191e-09
-1.000000000000090150e+00 3.772961589992313310e-07 3.699504923435690426e-09
-1.000000000000090150e+00 3.406558006463797283e-07 3.479006341744643228e-09
-1.000000000000030420e+00 3.075477811909669877e-07 3.283940784144284362e-09
-1.000000000000000000e+00 2.776400470737378726e-07 3.106476034669643530e-09
-1.000000000000000000e+00 2.506233943722107154e-07 2.926857844212438215e-09
-1.000000000000000000e+00 2.262208282690589397e-07 2.752623206805549638e-09
-1.000000000000000000e+00 2.041768493409884892e-07 2.588959714850400864e-09
-1.000000000000000000e+00 1.842556988392425953e-07 2.444057226889780012e-09
-1.000000000000000000e+00 1.662588639801798423e-07 2.296264133002766211e-09
-1.000000000000000000e+00 1.500045964044222226e-07 2.149180733404694386e-09
-1.000000000000000000e+00 1.353240032256619242e-07 2.017582294028679819e-09
-1.000000000000000000e+00 1.220777531337023445e-07 1.898479498890318276e-09
-1.000000000000000000e+00 1.101180309272502861e-07 1.777495736359548925e-09
-1.000000000000000000e+00 9.930857063964641422e-08 1.652403979627867726e-09
-1.000000000000000000e+00 8.955167571295487690e-08 1.531666489125427753e-09
-1.000000000000000000e+00 8.075259663813459689e-08 1.426744136101878910e-09
-1.000000000000000000e+00 7.281958310905126573e-08 1.345856223583469310e-09
-1.000000000000000000e+00 6.565593253421738722e-08 1.267694376630616946e-09
-1.000000000000000000e+00 5.917255924209853173e-08 1.185340221088942446e-09
-1.000000000000000000e+00 5.332280656531300322e-08 1.099681730288883652e-09
-1.000000000000000000e+00 4.804472461220434780e-08 1.030049540627847035e-09
-1.000000000000000000e+00 4.328943599074177576e-08 9.581234259846063718e-10
-1.000000000000000000e+00 3.900861586995222460e-08 8.917475319876043820e-10
-1.000000000000000000e+00 3.513956723713606516e-08 8.321756744117612414e-10
-1.000000000000000000e+00 3.163937579088808308e-08 7.744792334568783355e-10
-1.000000000000000000e+00 2.848923390834660441e-08 7.172764348012522486e-10
-1.000000000000000000e+00 2.565189196398764217e-08 6.531746472152326334e-10
-1.000000000000000000e+00 2.308976123300263729e-08 6.028814349463278410e-10
-1.000000000000000000e+00 2.078107692002015869e-08 5.622100670743123904e-10
-1.000000000000000000e+00 1.870408617883808051e-08 5.168380760083936051e-10
-1.000000000000000000e+00 1.683795102031531685e-08 4.906286166124876090e-10
-1.000000000000000000e+00 1.515197452369667225e-08 4.547987276193915674e-10
-1.000000000000000000e+00 1.363194016436941684e-08 4.110909142710844801e-10
-1.000000000000000000e+00 1.226739287898926943e-08 3.776671832091896685e-10
-1.000000000000000000e+00 1.102981155718664821e-08 3.515908294117376847e-10
-1.000000000000000000e+00 9.915511121684550260e-09 3.381901211860827148e-10
-1.000000000000000000e+00 8.912444745190554526e-09 3.285395876841381153e-10
-1.000000000000000000e+00 8.007483666935913892e-09 3.225091373820581481e-10
-1.000000000000000000e+00 7.195547310453911891e-09 3.012056020130248057e-10
-1.000000000000000000e+00 6.465250179073778735e-09 2.773459796867853824e-10
-1.000000000000000000e+00 5.811146603300920781e-09 2.415113597949703457e-10
-1.000000000000000000e+00 5.225642610880385701e-09 2.168326645235524163e-10
-1.000000000000000000e+00 4.688633522733174456e-09 1.953102453670471551e-10
-1.000000000000000000e+00 4.213560872493176985e-09 1.810828286383578846e-10
-1.000000000000000000e+00 3.774236113859458710e-09 1.783730335289342190e-10
-1.000000000000000000e+00 3.382675564797191174e-09 1.712327315780812902e-10
-1.000000000000000000e+00 3.026600497791952224e-09 1.606189939321756983e-10
-1.000000000000000000e+00 2.715437308225819279e-09 1.427305223411645290e-10
-1.000000000000000000e+00 2.443609120849653673e-09 1.223619524667756355e-10
-1.000000000000000000e+00 2.200569890230794669e-09 1.157596839728004480e-10
-1.000000000000000000e+00 1.967881093984263204e-09 1.049171878333346257e-10
-1.000000000000000000e+00 1.758182854963946322e-09 8.726230201892792342e-11
-1.000000000000000000e+00 1.577282702456660026e-09 7.122506797638218932e-11
-1.000000000000000000e+00 1.413047106026612021e-09 6.975902308208738599e-11
-1.000000000000000000e+00 1.257052196118288707e-09 6.665607643952910274e-11
-1.000000000000000000e+00 1.120739639572591278e-09 6.304924973173979372e-11
-1.000000000000000000e+00 9.983473550080479248e-10 5.850303491725760702e-11
-1.000000000000000000e+00 8.959129070171137104e-10 5.798240300704680406e-11
-1.000000000000000000e+00 8.014049012836809691e-10 5.470004071306822264e-11
-1.000000000000000000e+00 7.229504245122940022e-10 5.144055584717913468e-11
-1.000000000000000000e+00 6.471869774036240947e-10 4.959969690126920991e-11
-1.000000000000000000e+00 5.818030071212169412e-10 4.907271853780466187e-11
-1.000000000000000000e+00 5.253885285948568671e-10 3.870890649554389413e-11
-1.000000000000000000e+00 4.790193876658870159e-10 2.818608694421619459e-11
-1.000000000000000000e+00 4.296652493406600326e-10 2.513086218082340226e-11
-1.000000000000000000e+00 3.851304051042986736e-10 3.167695656949884099e-11
-1.000000000000000000e+00 3.459305236255893425e-10 3.114166942900554961e-11
-1.000000000000000000e+00 3.060492220818988640e-10 2.010301249209719823e-11
-1.000000000000000000e+00 2.712211721561862265e-10 3.287941182000128313e-12
-1.000000000000000000e+00 2.472990773012572844e-10 5.957559306789751622e-12
-1.000000000000000000e+00 2.140526049393426112e-10 1.932764307380703106e-11
-1.000000000000000000e+00 1.883648980382469248e-10 1.743992946348305012e-11
-1.000000000000000000e+00 1.747097161323874146e-10 1.320422020410471917e-11
-1.000000000000000000e+00 1.451410191431336813e-10 1.355022490347998276e-11
-1.000000000000000000e+00 1.174828437786174697e-10 1.406653261360954418e-11
-1.000000000000000000e+00 1.022706628173079344e-10 1.209137715480777940e-11
-1.000000000000000000e+00 8.849704212895037785e-11 -1.128354828482429866e-12
-1.000000000000000000e+00 7.970022080232661824e-11 -3.490218132720204868e-12
-1.000000000000000000e+00 6.732126220924670786e-11 9.022979024575502696e-12
-1.000000000000000000e+00 6.286507279027780783e-11 1.644844864961502162e-11
-1.000000000000000000e+00 6.367251562928209319e-11 1.567276881323957640e-11
-1.000000000000000000e+00 5.672480139314947595e-11 1.707140587732767201e-12
-1.000000000000000000e+00 4.290353374954153635e-11 -1.938830201607036481e-12
-1.000000000000000000e+00 3.270821395275355571e-11 -2.588005390747034243e-12
-1.000000000000000000e+00 3.041873899668400006e-11 -3.378398879317589952e-12
-1.000000000000000000e+00 2.466752761872417165e-11 4.285981499334225364e-12
-1.000000000000000000e+00 2.354529955626952295e-11 1.880978874431218015e-11
-1.000000000000000000e+00 3.035412883012053734e-11 3.072869604680174681e-11
-1.000000000000000000e+00 3.971973344509950982e-11 2.691487262040961117e-11
-1.000000000000000000e+00 3.192954070272552425e-11 1.057299684747684395e-11
-1.000000000000000000e+00 1.561656226541232113e-11 8.543679065707132581e-13
-1.000000000000000000e+00 1.479663123405426045e-11 4.549213204299747417e-12
-1.000000000000000000e+00 9.997718351148364778e-12 7.252609769125664600e-12
-1.000000000000000000e+00 -1.435919041349353698e-12 8.158069540539268293e-12
-1.000000000000000000e+00 -1.700248303534971876e-12 1.386816766673041948e-11
-1.000000000000000000e+00 -4.795449840794497645e-12 1.074071559495517669e-11
-1.000000000000000000e+00 -1.722944877408597265e-11 1.804298631616722400e-11
-1.000000000000000000e+00 -1.984372611173265072e-11 2.715541026840269244e-11
-1.000000000000000000e+00 -3.539353652955250106e-12 2.141541278547720001e-11
-1.000000000000000000e+00 5.725844648133764644e-12 1.686727492777051090e-11
-1.000000000000000000e+00 9.265475865444114576e-13 3.900524300612975248e-12
-1.000000000000000000e+00 -5.226645019007291037e-12 -1.757198277541262661e-12
-1.000000000000000000e+00 0.000000000000000000e+00 0.000000000000000000e+00
