Step    Position
0    1841
1    1840
2    1841
3    1842
4    1842
5    1843
6    1843
7    1844
8    1844
9    1845
10    1845
11    1846
12    1846
13    1847
14    1847
15    1848
16    1848
17    1849
18    1849
19    1849
20    1850
21    1850
22    1851
23    1851
24    1852
25    1852
26    1852
27    1853
28    1853
29    1854
30    1854
31    1854
32    1855
33    1855
34    1856
35    1856
36    1856
37    1857
38    1857
39    1857
40    1858
41    1858
42    1859
43    1859
44    1859
45    1860
46    1860
47    1860
48    1861
49    1861
50    1861
51    1862
52    1862
53    1862
54    1863
55    1863
56    1863
57    1864
58    1864
59    1864
60    1865
61    1865
62    1865
63    1866
64    1866
65    1866
66    1867
67    1867
68    1867
69    1868
70    1868
71    1868
72    1868
73    1869
74    1869
75    1869
76    1870
77    1870
78    1870
79    1871
80    1871
81    1871
82    1871
83    1872
84    1872
85    1872
86    1873
87    1873
88    1873
89    1874
90    1874
91    1874
92    1874
93    1875
94    1875
95    1875
96    1875
97    1876
98    1876
99    1876
100    1877
101    1877
102    1877
103    1877
104    1878
105    1878
106    1878
107    1879
108    1879
109    1879
110    1879
111    1880
112    1880
113    1880
114    1880
115    1881
116    1881
117    1881
118    1881
119    1882
120    1882
121    1882
122    1883
123    1883
124    1883
125    1883
126    1884
127    1884
128    1884
129    1884
130    1885
131    1885
132    1885
133    1885
134    1886
135    1886
136    1886
137    1886
138    1887
139    1887
140    1887
141    1887
142    1888
143    1888
144    1888
145    1889
146    1889
147    1889
148    1889
149    1890
150    1890
151    1890
152    1890
153    1891
154    1891
155    1891
156    1891
157    1892
158    1892
159    1892
160    1892
161    1893
162    1893
163    1893
164    1893
165    1894
166    1894
167    1894
168    1894
169    1895
170    1895
171    1895
172    1895
173    1896
174    1896
175    1896
176    1896
177    1897
178    1897
179    1897
180    1897
181    1898
182    1898
183    1898
184    1898
185    1899
186    1899
187    1899
188    1899
189    1900
190    1900
191    1900
192    1900
193    1900
194    1901
195    1901
196    1901
197    1901
198    1902
199    1902
200    1902
201    1902
202    1903
203    1903
204    1903
205    1903
206    1904
207    1904
208    1904
209    1904
210    1905
211    1905
212    1905
213    1905
214    1906
215    1906
216    1906
217    1906
218    1907
219    1907
220    1907
221    1907
222    1908
223    1908
224    1908
225    1908
226    1909
227    1909
228    1909
229    1909
230    1910
231    1910
232    1910
233    1910
234    1911
235    1911
236    1911
237    1911
238    1911
239    1912
240    1912
241    1912
242    1912
243    1913
244    1913
245    1913
246    1913
247    1914
248    1914
249    1914
250    1914
251    1915
252    1915
253    1915
254    1915
255    1916
256    1916
257    1916
258    1916
259    1917
260    1917
261    1917
262    1917
263    1918
264    1918
265    1918
266    1918
267    1919
268    1919
269    1919
270    1919
271    1920
272    1920
273    1920
274    1920
275    1920
276    1921
277    1921
278    1921
279    1921
280    1922
281    1922
282    1922
283    1922
284    1923
285    1923
286    1923
287    1923
288    1924
289    1924
290    1924
291    1924
292    1925
293    1925
294    1925
295    1925
296    1926
297    1926
298    1926
299    1926
300    1927
301    1927
302    1927
303    1927
304    1927
305    1928
306    1928
307    1928
308    1928
309    1929
310    1929
311    1929
312    1929
313    1930
314    1930
315    1930
316    1930
317    1931
318    1931
319    1931
320    1931
321    1932
322    1932
323    1932
324    1932
325    1933
326    1933
327    1933
328    1933
329    1934
330    1934
331    1934
332    1934
333    1934
334    1935
335    1935
336    1935
337    1935
338    1936
339    1936
340    1936
341    1936
342    1937
343    1937
344    1937
345    1937
346    1938
347    1938
348    1938
349    1938
350    1939
351    1939
352    1939
353    1939
354    1940
355    1940
356    1940
357    1940
358    1941
359    1941
360    1941
361    1941
362    1942
363    1942
364    1942
365    1942
366    1942
367    1943
368    1943
369    1943
370    1943
371    1944
372    1944
373    1944
374    1944
375    1945
376    1945
377    1945
378    1945
379    1946
380    1946
381    1946
382    1946
383    1947
384    1947
385    1947
386    1947
387    1948
388    1948
389    1948
390    1948
391    1949
392    1949
393    1949
394    1949
395    1949
396    1950
397    1950
398    1950
399    1950
400    1951
401    1951
402    1951
403    1951
404    1952
405    1952
406    1952
407    1952
408    1953
409    1953
410    1953
411    1953
412    1954
413    1954
414    1954
415    1954
416    1955
417    1955
418    1955
419    1955
420    1955
421    1956
422    1956
423    1956
424    1956
425    1957
426    1957
427    1957
428    1957
429    1958
430    1958
431    1958
432    1958
433    1959
434    1959
435    1959
436    1959
437    1960
438    1960
439    1960
440    1960
441    1961
442    1961
443    1961
444    1961
445    1962
446    1962
447    1962
448    1962
449    1962
450    1963
451    1963
452    1963
453    1963
454    1964
455    1964
456    1964
457    1964
458    1965
459    1965
460    1965
461    1965
462    1966
463    1966
464    1966
465    1966
466    1967
467    1967
468    1967
469    1967
470    1968
471    1968
472    1968
473    1968
474    1969
475    1969
476    1969
477    1969
478    1969
479    1970
480    1970
481    1970
482    1970
483    1971
484    1971
485    1971
486    1971
487    1972
488    1972
489    1972
490    1972
491    1973
492    1973
493    1973
494    1973
495    1974
496    1974
497    1974
498    1974
499    1975