Step    Position
0    233
1    235
2    237
3    239
4    241
5    242
6    244
7    246
8    248
9    250
10    252
11    253
12    255
13    257
14    259
15    261
16    262
17    264
18    266
19    268
20    270
21    272
22    273
23    275
24    277
25    279
26    281
27    283
28    284
29    286
30    288
31    290
32    292
33    293
34    295
35    297
36    299
37    301
38    303
39    304
40    306
41    308
42    310
43    312
44    314
45    315
46    317
47    319
48    321
49    323
50    324
51    326
52    328
53    330
54    332
55    334
56    335
57    337
58    339
59    341
60    343
61    344
62    346
63    348
64    350
65    352
66    354
67    355
68    357
69    359
70    361
71    363
72    365
73    366
74    368
75    370
76    372
77    374
78    375
79    377
80    379
81    381
82    383
83    385
84    386
85    388
86    390
87    392
88    394
89    395
90    397
91    399
92    401
93    403
94    405
95    406
96    408
97    410
98    412
99    414
100    415
101    417
102    419
103    421
104    423
105    425
106    426
107    428
108    430
109    432
110    434
111    436
112    437
113    439
114    441
115    443
116    445
117    446
118    448
119    450
120    452
121    454
122    456
123    457
124    459
125    461
126    463
127    465
128    466
129    468
130    470
131    472
132    474
133    476
134    477
135    479
136    481
137    483
138    485
139    486
140    488
141    490
142    492
143    494
144    496
145    497
146    499
147    501
148    503
149    505
150    506
151    508
152    510
153    512
154    514
155    516
156    517
157    519
158    521
159    523
160    525
161    526
162    528
163    530
164    532
165    534
166    536
167    537
168    539
169    541
170    543
171    545
172    547
173    548
174    550
175    552
176    554
177    556
178    557
179    559
180    561
181    563
182    565
183    567
184    568
185    570
186    572
187    574
188    576
189    577
190    579
191    581
192    583
193    585
194    587
195    588
196    590
197    592
198    594
199    596
200    597
201    599
202    601
203    603
204    605
205    607
206    608
207    610
208    612
209    614
210    616
211    617
212    619
213    621
214    623
215    625
216    627
217    628
218    630
219    632
220    634
221    636
222    637
223    639
224    641
225    643
226    645
227    647
228    648
229    650
230    652
231    654
232    656
233    657
234    659
235    661
236    663
237    665
238    667
239    668
240    670
241    672
242    674
243    676
244    677
245    679
246    681
247    683
248    685
249    687
250    688
251    690
252    692
253    694
254    696
255    697
256    699
257    701
258    703
259    705
260    707
261    708
262    710
263    712
264    714
265    716
266    718
267    719
268    721
269    723
270    725
271    727
272    728
273    730
274    732
275    734
276    736
277    738
278    739
279    741
280    743
281    745
282    747
283    748
284    750
285    752
286    754
287    756
288    758
289    759
290    761
291    763
292    765
293    767
294    768
295    770
296    772
297    774
298    776
299    778
300    779
301    781
302    783
303    785
304    787
305    788
306    790
307    792
308    794
309    796
310    798
311    799
312    801
313    803
314    805
315    807
316    808
317    810
318    812
319    814
320    816
321    818
322    819
323    821
324    823
325    825
326    827
327    828
328    830
329    832
330    834
331    836
332    838
333    839
334    841
335    843
336    845
337    847
338    848
339    850
340    852
341    854
342    856
343    858
344    859
345    861
346    863
347    865
348    867
349    868
350    870
351    872
352    874
353    876
354    878
355    879
356    881
357    883
358    885
359    887
360    888
361    890
362    892
363    894
364    896
365    898
366    899
367    901
368    903
369    905
370    907
371    908
372    910
373    912
374    914
375    916
376    918
377    919
378    921
379    923
380    925
381    927
382    928
383    930
384    932
385    934
386    936
387    938
388    939
389    941
390    943
391    945
392    947
393    949
394    950
395    952
396    954
397    956
398    958
399    959
400    961
401    963
402    965
403    967
404    969
405    970
406    972
407    974
408    976
409    978
410    979
411    981
412    983
413    985
414    987
415    989
416    990
417    992
418    994
419    996
420    998
421    999
422    1001
423    1003
424    1005
425    1007
426    1009
427    1010
428    1012
429    1014
430    1016
431    1018
432    1019
433    1021
434    1023
435    1025
436    1027
437    1029
438    1030
439    1032
440    1034
441    1036
442    1038
443    1039
444    1041
445    1043
446    1045
447    1047
448    1049
449    1050
450    1052
451    1054
452    1056
453    1058
454    1059
455    1061
456    1063
457    1065
458    1067
459    1069
460    1070
461    1072
462    1074
463    1076
464    1078
465    1079
466    1081
467    1083
468    1085
469    1087
470    1089
471    1090
472    1092
473    1094
474    1096
475    1098
476    1099
477    1101
478    1103
479    1105
480    1107
481    1109
482    1110
483    1112
484    1114
485    1116
486    1118
487    1119
488    1121
489    1123
490    1125
491    1127
492    1129
493    1130
494    1132
495    1134
496    1136
497    1138
498    1139
499    1141
500    1143
501    1145
502    1147
503    1149
504    1150
505    1152
506    1154
507    1156
508    1158
509    1159
510    1161
511    1163
512    1165
513    1167
514    1169
515    1170
516    1172
517    1174
518    1176
519    1178
520    1179
521    1181
522    1183
523    1185
524    1187
525    1189
526    1190
527    1192
528    1194
529    1196
530    1198
531    1199
532    1201
533    1203
534    1205
535    1207
536    1209
537    1210
538    1212
539    1214
540    1216
541    1218
542    1219
543    1221
544    1223
545    1225
546    1227
547    1229
548    1230
549    1232
550    1234
551    1236
552    1238
553    1240
554    1241
555    1243
556    1245
557    1247
558    1249
559    1250
560    1252
561    1254
562    1256
563    1258
564    1260
565    1261
566    1263
567    1265
568    1267
569    1269
570    1270
571    1272
572    1274
573    1276
574    1278
575    1280
576    1281
577    1283
578    1285
579    1287
580    1289
581    1290
582    1292
583    1294
584    1296
585    1298
586    1300
587    1301
588    1303
589    1305
590    1307
591    1309
592    1310
593    1312
594    1314
595    1316
596    1318
597    1320
598    1321
599    1323
600    1325
601    1327
602    1329
603    1330
604    1332
605    1334
606    1336
607    1338
608    1340
609    1341
610    1343
611    1345
612    1347
613    1349
614    1350
615    1352
616    1354
617    1356
618    1358
619    1360
620    1361
621    1363
622    1365
623    1367
624    1369
625    1370
626    1372
627    1374
628    1376
629    1378
630    1380
631    1381
632    1383
633    1385
634    1387
635    1389
636    1390
637    1392
638    1394
639    1396
640    1398
641    1400
642    1401
643    1403
644    1405
645    1407
646    1409
647    1410
648    1412
649    1414
650    1416
651    1418
652    1420
653    1421
654    1423
655    1425
656    1427
657    1429
658    1430
659    1432
660    1434
661    1436
662    1438
663    1440
664    1441
665    1443
666    1445
667    1447
668    1449
669    1450
670    1452
671    1454
672    1456
673    1458
674    1460
675    1461
676    1463
677    1465
678    1467
679    1469
680    1470
681    1472
682    1474
683    1476
684    1478
685    1480
686    1481
687    1483
688    1485
689    1487
690    1489
691    1490
692    1492
693    1494
694    1496
695    1498
696    1500
697    1501
698    1503
699    1505
700    1507
701    1509
702    1510
703    1512
704    1514
705    1516
706    1518
707    1520
708    1521
709    1523
710    1525
711    1527
712    1529
713    1531
714    1532
715    1534
716    1536
717    1538
718    1540
719    1541
720    1543
721    1545
722    1547
723    1549
724    1551
725    1552
726    1554
727    1556
728    1558
729    1560
730    1561
731    1563
732    1565
733    1567
734    1569
735    1571
736    1572
737    1574
738    1576
739    1578
740    1580
741    1581
742    1583
743    1585
744    1587
745    1589
746    1591
747    1592
748    1594
749    1596
750    1598
751    1600
752    1601
753    1603
754    1605
755    1607
756    1609
757    1611
758    1612
759    1614
760    1616
761    1618
762    1620
763    1621
764    1623
765    1625
766    1627
767    1629
768    1631
769    1632
770    1634
771    1636
772    1638
773    1640
774    1641
775    1643
776    1645
777    1647
778    1649
779    1651
780    1652
781    1654
782    1656
783    1658
784    1660
785    1661
786    1663
787    1665
788    1667
789    1669
790    1671
791    1672
792    1674
793    1676
794    1678
795    1680
796    1681
797    1683
798    1685
799    1687
800    1689
801    1691
802    1692
803    1694
804    1696
805    1698
806    1700
807    1701
808    1703
809    1705
810    1707
811    1709
812    1711
813    1712
814    1714
815    1716
816    1718
817    1720
818    1721
819    1723
820    1725
821    1727
822    1729
823    1731
824    1732
825    1734
826    1736
827    1738
828    1740
829    1741
830    1743
831    1745
832    1747
833    1749
834    1751
835    1752
836    1754
837    1756
838    1758
839    1760
840    1761
841    1763
842    1765
843    1767
844    1769
845    1771
846    1772
847    1774
848    1776
849    1778
850    1780
851    1781
852    1783
853    1785
854    1787
855    1789
856    1791
857    1792
858    1794
859    1796
860    1798
861    1800
862    1801
863    1803
864    1805
865    1807
866    1809
867    1811
868    1812
869    1814
870    1816
871    1818
872    1820
873    1821
874    1823
875    1825
876    1827
877    1829
878    1831
879    1832
880    1834
881    1836
882    1838
883    1840
884    1842
885    1843
886    1845
887    1847
888    1849
889    1851
890    1852
891    1854
892    1856
893    1858
894    1860
895    1862
896    1863
897    1865
898    1867
899    1869
900    1871
901    1872
902    1874
903    1876
904    1878
905    1880
906    1882
907    1883
908    1885
909    1887
910    1889
911    1891
912    1892
913    1894
914    1896
915    1898
916    1900
917    1902
918    1903
919    1905
920    1907
921    1909
922    1911
923    1912
924    1914
925    1916
926    1918
927    1920
928    1922
929    1923
930    1925
931    1927
932    1929
933    1931
934    1932
935    1934
936    1936
937    1938
938    1940
939    1942
940    1943
941    1945
942    1947
943    1949
944    1951
945    1952
946    1954
947    1956
948    1958
949    1960
950    1962
951    1963
952    1965
953    1967
954    1969
955    1971
956    1972
957    1974
958    1976
959    1978
960    1980
961    1982
962    1983
963    1985
964    1987
965    1989
966    1991
967    1992
968    1994
969    1996
970    1998
971    2000
972    2002
973    2003
974    2005
975    2007
976    2009
977    2011
978    2012
979    2014
980    2016
981    2018
982    2020
983    2022
984    2023
985    2025
986    2027
987    2029
988    2031
989    2032
990    2034
991    2036
992    2038
993    2040
994    2042
995    2043
996    2045
997    2047
998    2049
999    2051
1000    2052
1001    2054
1002    2056
1003    2058
1004    2060
1005    2062
1006    2063
1007    2065
1008    2067
1009    2069
1010    2071
1011    2072
1012    2074
1013    2076
1014    2078
1015    2080
1016    2082
1017    2083
1018    2085
1019    2087
1020    2089
1021    2091
1022    2092
1023    2094
1024    2096
1025    2098
1026    2100
1027    2102
1028    2103
1029    2105
1030    2107
1031    2109
1032    2111
1033    2112
1034    2114
1035    2116
1036    2118
1037    2120
1038    2122
1039    2123
1040    2125
1041    2127
1042    2129
1043    2131
1044    2133
1045    2134
1046    2136
1047    2138
1048    2140
1049    2142
1050    2143
1051    2145
1052    2147
1053    2149
1054    2151
1055    2153
1056    2154
1057    2156
1058    2158
1059    2160
1060    2162
1061    2163
1062    2165
1063    2167
1064    2169
1065    2171
1066    2173
1067    2174
1068    2176
1069    2178
1070    2180
1071    2182
1072    2183
1073    2185
1074    2187
1075    2189
1076    2191
1077    2193
1078    2194
1079    2196
1080    2198
1081    2200
1082    2202
1083    2203
1084    2205
1085    2207
1086    2209
1087    2211
1088    2213
1089    2214
1090    2216
1091    2218
1092    2220
1093    2222
1094    2223
1095    2225
1096    2227
1097    2229
1098    2231
1099    2233
1100    2234
1101    2236
1102    2238
1103    2240
1104    2242
1105    2243
1106    2245
1107    2247
1108    2249
1109    2251
1110    2253
1111    2254
1112    2256
1113    2258
1114    2260
1115    2262
1116    2263
1117    2265
1118    2267
1119    2269
1120    2271
1121    2273
1122    2274
1123    2276
1124    2278
1125    2280
1126    2282
1127    2283
1128    2285
1129    2287
1130    2289
1131    2291
1132    2293
1133    2294
1134    2296
1135    2298
1136    2300
1137    2302
1138    2303
1139    2305
1140    2307
1141    2309
1142    2311
1143    2313
1144    2314
1145    2316
1146    2318
1147    2320
1148    2322
1149    2323
1150    2325
1151    2327
1152    2329
1153    2331
1154    2333
1155    2334
1156    2336
1157    2338
1158    2340
1159    2342
1160    2343
1161    2345
1162    2347
1163    2349
1164    2351
1165    2353
1166    2354
1167    2356
1168    2358
1169    2360
1170    2362
1171    2363
1172    2365
1173    2367
1174    2369
1175    2371
1176    2373
1177    2374
1178    2376
1179    2378
1180    2380
1181    2382
1182    2383
1183    2385
1184    2387
1185    2389
1186    2391
1187    2393
1188    2394
1189    2396
1190    2398
1191    2400
1192    2402
1193    2403
1194    2405
1195    2407
1196    2409
1197    2411
1198    2413
1199    2414
1200    2416
1201    2418
1202    2420
1203    2422
1204    2424
1205    2425
1206    2427
1207    2429
1208    2431
1209    2433
1210    2434
1211    2436
1212    2438
1213    2440
1214    2442
1215    2444
1216    2445
1217    2447
1218    2449
1219    2451
1220    2453
1221    2454
1222    2456
1223    2458
1224    2460
1225    2462
1226    2464
1227    2465
1228    2467
1229    2469
1230    2471
1231    2473
1232    2474
1233    2476
1234    2478
1235    2480
1236    2482
1237    2484
1238    2485
1239    2487
1240    2489
1241    2491
1242    2493
1243    2494
1244    2496
1245    2498
1246    2500
1247    2502
1248    2504
1249    2505
1250    2507
1251    2509
1252    2511
1253    2513
1254    2514
1255    2516
1256    2518
1257    2520
1258    2522
1259    2524
1260    2525
1261    2527
1262    2529
1263    2531
1264    2533
1265    2535
1266    2537
1267    2539
1268    2541
1269    2543
1270    2546
1271    2550