1.000000000000000000e+00 0.000000000000000000e+00 0.000000000000000000e+00
9.999999999963310460e-01 1.255983369736476082e-13 -4.261360113204092557e-13
9.999999999973991915e-01 2.663241689229499188e-13 -8.475750412184946922e-13
9.999999999976332266e-01 4.217408137119954872e-13 -1.263849491962231892e-12
9.999999999961985964e-01 5.912823012818259119e-13 -1.674489133453757150e-12
9.999999999976447729e-01 7.742711540156673818e-13 -2.079029077002116102e-12
9.999999999967161823e-01 9.699365796288587304e-13 -2.477018638334094015e-12
9.999999999975418552e-01 1.177431512453464655e-12 -2.868032407060591586e-12
9.999999999997393196e-01 1.395846822192785623e-12 -3.251680366027257208e-12
9.999999999989100941e-01 1.624222748341455911e-12 -3.627614194307902957e-12
9.999999999964268582e-01 1.861558885280853505e-12 -3.995530740049913144e-12
9.999999999953275154e-01 2.106823723171463773e-12 -4.355175712576395437e-12
9.999999999969233500e-01 2.358963856706591058e-12 -4.706348299321553835e-12
9.999999999959812147e-01 2.616912690775193302e-12 -5.048903813401320516e-12
9.999999999951866281e-01 2.879598972378287987e-12 -5.382751569154236619e-12
9.999999999990270005e-01 3.145955743682628222e-12 -5.707849142975676419e-12
9.999999999964075403e-01 3.414929151679360603e-12 -6.024197171236253192e-12
9.999999999966159292e-01 3.685484944452561077e-12 -6.331837789211058381e-12
9.999999999966292519e-01 3.956611351078597083e-12 -6.630856851301255350e-12
9.999999999956082908e-01 4.227320756359206054e-12 -6.921388206231959778e-12
9.999999999958925079e-01 4.496654892758089708e-12 -7.203617781936343507e-12
9.999999999961706187e-01 4.763695587921562689e-12 -7.477785358803367340e-12
9.999999999959403585e-01 5.027577791341960519e-12 -7.744182436829406959e-12
9.999999999958236740e-01 5.287498865883169904e-12 -8.003145157655543149e-12
9.999999999948910867e-01 5.542719941859427215e-12 -8.255042488162413903e-12
9.999999999976165732e-01 5.792560072014065145e-12 -8.500263102706802893e-12
9.999999999962094765e-01 6.036389225561028633e-12 -8.739207186021069192e-12
9.999999999971309617e-01 6.273627351603221311e-12 -8.972286762562455852e-12
9.999999999969306774e-01 6.503751058469615211e-12 -9.199931245130475251e-12
9.999999999957154273e-01 6.726301993183614193e-12 -9.422591454131954335e-12
9.999999999960096364e-01 6.940890484273030098e-12 -9.640738891981446999e-12
9.999999999948316898e-01 7.147194558548623414e-12 -9.854862169593654063e-12
9.999999999972113418e-01 7.344959042132609760e-12 -1.006546332436185894e-11
9.999999999974881204e-01 7.533997023087023570e-12 -1.027305429636109132e-11
9.999999999966986408e-01 7.714191575529371732e-12 -1.047815253690865067e-11
9.999999999969974018e-01 7.885495666998890145e-12 -1.068127584040990742e-11
9.999999999977774445e-01 8.047931241237328757e-12 -1.088293719342384433e-11
9.999999999978705922e-01 8.201589197105783425e-12 -1.108363922106413911e-11
9.999999999987042587e-01 8.346629672822485168e-12 -1.128386731118700721e-11
9.999999999963948838e-01 8.483280683929756170e-12 -1.148408264593802296e-11
9.999999999959292563e-01 8.611834380083724182e-12 -1.168471835152045831e-11
9.999999999969191311e-01 8.732641660836372966e-12 -1.188618060033049510e-11
9.999999999945005102e-01 8.846106370836571457e-12 -1.208885314366882980e-11
9.999999999964912512e-01 8.952680825030217384e-12 -1.229310155227114461e-11
9.999999999944640949e-01 9.052864637493022391e-12 -1.249927329405581166e-11
9.999999999980410115e-01 9.147206917199279290e-12 -1.270769166022368993e-11
9.999999999964543917e-01 9.236308638058378288e-12 -1.291864562960368338e-11
9.999999999963979924e-01 9.320821252636089484e-12 -1.313238174989213778e-11
9.999999999973465670e-01 9.401441259557972912e-12 -1.334910327155104258e-11
9.999999999961615149e-01 9.478904595098468740e-12 -1.356897512961194734e-11
9.999999999974582554e-01 9.553983846198718405e-12 -1.379212759442888238e-11
9.999999999954543028e-01 9.627486388875570804e-12 -1.401865368064867539e-11
9.999999999988098409e-01 9.700249592242310619e-12 -1.424860280059200655e-11
9.999999999960823560e-01 9.773132441740890148e-12 -1.448197614109314520e-11
9.999999999970538012e-01 9.847006269704032607e-12 -1.471872577791008341e-11
9.999999999956653562e-01 9.922747757719177800e-12 -1.495875597644435677e-11
9.999999999957127628e-01 1.000123623020600633e-11 -1.520192434091887923e-11
9.999999999947067897e-01 1.008335407302611661e-11 -1.544804084028020186e-11
9.999999999957445151e-01 1.016998524672475903e-11 -1.569686512392386746e-11
9.999999999973461229e-01 1.026200845871029558e-11 -1.594810608018197972e-11
9.999999999961963759e-01 1.036028850102949132e-11 -1.620142661560502642e-11
9.999999999959725550e-01 1.046567198024173257e-11 -1.645645099463272267e-11
9.999999999960313968e-01 1.057898856015498771e-11 -1.671276923305099216e-11
9.999999999959361396e-01 1.070105322226804758e-11 -1.696993555826760938e-11
9.999999999956784569e-01 1.083266406307386052e-11 -1.722746184891007165e-11
9.999999999951744156e-01 1.097459261088806559e-11 -1.748481076382862506e-11
9.999999999949659157e-01 1.112756890474368228e-11 -1.774139602436491476e-11
9.999999999948590013e-01 1.129226979206903974e-11 -1.799659361170861618e-11
9.999999999952413621e-01 1.146931873814844651e-11 -1.824975682044899057e-11
9.999999999953600449e-01 1.165929516150108716e-11 -1.850022207157921123e-11
9.999999999967175146e-01 1.186274109900660680e-11 -1.874730163711991377e-11
9.999999999963292696e-01 1.208015664664218973e-11 -1.899027461031660372e-11
9.999999999962614350e-01 1.231198958854969633e-11 -1.922838855601098236e-11
9.999999999962256858e-01 1.255863017349857820e-11 -1.946086944000726656e-11
9.999999999956947772e-01 1.282041211637724666e-11 -1.968692726643344257e-11
9.999999999978637089e-01 1.309761090941714843e-11 -1.990575250936786194e-11
9.999999999970304865e-01 1.339043462283122752e-11 -2.011651157002318785e-11
9.999999999957709385e-01 1.369901356456422341e-11 -2.031835043857145618e-11
9.999999999968517406e-01 1.402339767633277504e-11 -2.051040568410468448e-11
9.999999999951635354e-01 1.436356207136816318e-11 -2.069181530785406648e-11
9.999999999948541163e-01 1.471941355047460236e-11 -2.086172534525592082e-11
9.999999999961414199e-01 1.509079272683842276e-11 -2.101929378726232165e-11
9.999999999967922326e-01 1.547747252390434933e-11 -2.116369356534658082e-11
9.999999999959909847e-01 1.587915598320935648e-11 -2.129411388285510969e-11
9.999999999958150143e-01 1.629547503768289770e-11 -2.140975958058539290e-11
9.999999999960745845e-01 1.672599088181312805e-11 -2.150984967194010371e-11
9.999999999952242646e-01 1.717019487195023108e-11 -2.159361623483281153e-11
9.999999999972516429e-01 1.762750742745089052e-11 -2.166030595999967324e-11
9.999999999978834708e-01 1.809727542980995913e-11 -2.170918742251848769e-11
9.999999999966411313e-01 1.857877259029282013e-11 -2.173956268967378445e-11
9.999999999939602757e-01 1.907120451884455642e-11 -2.175077674019471096e-11
9.999999999961616259e-01 1.957371497106022583e-11 -2.174222094084740966e-11
9.999999999953760321e-01 2.008539121242848623e-11 -2.171333301526050330e-11
9.999999999958356645e-01 2.060527036024630130e-11 -2.166359559555588551e-11
9.999999999961172170e-01 2.113234570280307201e-11 -2.159253214248078234e-11
9.999999999947265517e-01 2.166556755145890097e-11 -2.149970198160084645e-11
9.999999999954629626e-01 2.220383777535934975e-11 -2.138470124384413103e-11
9.999999999954909402e-01 2.274600627863244229e-11 -2.124717266819478970e-11
9.999999999972791764e-01 2.329087700752786066e-11 -2.108681660009105698e-11
9.999999999968142150e-01 2.383721903774064769e-11 -2.090339267164019731e-11
9.999999999948452345e-01 2.438377091269848228e-11 -2.069671278144981820e-11
9.999999999951750818e-01 2.492923528499943121e-11 -2.046663718281580313e-11
9.999999999960967889e-01 2.547227434430746879e-11 -2.021308102564359612e-11
9.999999999951579843e-01 2.601151583906580346e-11 -1.993602522611155292e-11
9.999999999966939779e-01 2.654556724726097232e-11 -1.963552137781022972e-11
9.999999999991330268e-01 2.707302856067191770e-11 -1.931168818365338058e-11
9.999999999953913532e-01 2.759249806070791553e-11 -1.896470504221378630e-11
9.999999999979339860e-01 2.810257345231693880e-11 -1.859480911048391437e-11
9.999999999954308771e-01 2.860185405585867397e-11 -1.820229611361073663e-11
9.999999999968033348e-01 2.908894505473344728e-11 -1.778752026087562758e-11
9.999999999952059460e-01 2.956245959197768314e-11 -1.735089203152049084e-11
9.999999999980252463e-01 3.002101794257671768e-11 -1.689287826460393027e-11
9.999999999958152364e-01 3.046324903940336775e-11 -1.641400645129346069e-11
9.999999999968255393e-01 3.088779743490086104e-11 -1.591486884668450598e-11
9.999999999987583266e-01 3.129333265195520841e-11 -1.539612245444694138e-11
9.999999999972678522e-01 3.167855773901187833e-11 -1.485848540218270891e-11
9.999999999954206631e-01 3.204221667241795012e-11 -1.430273081969951272e-11
9.999999999978734788e-01 3.238309910613579748e-11 -1.372967885302433333e-11
9.999999999968955944e-01 3.270004046595559340e-11 -1.314019078596390301e-11
9.999999999964499509e-01 3.299192105189696712e-11 -1.253516956101891771e-11
9.999999999982913668e-01 3.325767024814636028e-11 -1.191556258865178160e-11
9.999999999968927078e-01 3.349627290342394397e-11 -1.128235826392435110e-11
9.999999999989305222e-01 3.370676874429320649e-11 -1.063657811246242631e-11
9.999999999994083622e-01 3.388824609456262931e-11 -9.979275809605779724e-12
9.999999999976361131e-01 3.403984183367591730e-11 -9.311545195730397304e-12
1.000000000010836887e+00 3.416075206256048011e-11 -8.634526794558934506e-12
1.000000000024415359e+00 3.425024606446260307e-11 -7.949405244509712918e-12
1.000000000022942315e+00 3.430767665093928011e-11 -7.257398412612655342e-12
1.000000000025068836e+00 3.433248369013773402e-11 -6.559740633023415292e-12
1.000000000020583979e+00 3.432418737957149956e-11 -5.857665664092176408e-12
1.000000000030426106e+00 3.428237407579008490e-11 -5.152400300954471823e-12
1.000000000023140601e+00 3.420668769705419154e-11 -4.445172657204540425e-12
1.000000000022895907e+00 3.409683552677565161e-11 -3.737223785428833721e-12
1.000000000054993343e+00 3.395260100879913893e-11 -3.029809461342074859e-12
9.999999999470985390e-01 3.377385054198779756e-11 -2.324191993384552731e-12
9.999999999638876647e-01 3.356053042352022884e-11 -1.621630389321594132e-12
9.999999999949574780e-01 3.331265868814206785e-11 -9.233755372583747050e-13
1.000000000023369751e+00 3.303032007966876833e-11 -2.306725572125551286e-13
1.000000000031870728e+00 3.271367105633896341e-11 4.552347787899932354e-13
9.999999999756853386e-01 3.236295194079474465e-11 1.133107899512349367e-12
9.999999999960856867e-01 3.197849343935005947e-11 1.801728101357069718e-12
1.000000000040244252e+00 3.156070971026119302e-11 2.459912172318007228e-12
9.999999999918295357e-01 3.111008245219074631e-11 3.106518585297782239e-12
9.999999999554229912e-01 3.062714563102787627e-11 3.740441519773274553e-12
9.999999999618186530e-01 3.011247950399085551e-11 4.360597437298728896e-12
9.999999999501837378e-01 2.956671650451886411e-11 4.965914172215204559e-12
9.999999999826103547e-01 2.899055334296698349e-11 5.555328960669122274e-12
1.000000000031209701e+00 2.838476461787203255e-11 6.127794717117843588e-12
1.000000000000061284e+00 2.775021528296394647e-11 6.682296665093738309e-12
1.000000000047656989e+00 2.708785998227052019e-11 7.217879780276435088e-12
1.000000000018305801e+00 2.639871977848558309e-11 7.733669601460370281e-12
1.000000000059239502e+00 2.568385241108969345e-11 8.228867447015394213e-12
9.999999999475713830e-01 2.494433986313936279e-11 8.702728468698249251e-12
9.999999999573963017e-01 2.418129379722580871e-11 9.154543782274184751e-12
9.999999999735716960e-01 2.339586691022098613e-11 9.583633690299508911e-12
1.000000000005051293e+00 2.258926358076032288e-11 9.989353141162336744e-12
1.000000000017065460e+00 2.176273827171447338e-11 1.037110835350051574e-11
1.000000000043857140e+00 2.091757489017980840e-11 1.072836536439902332e-11
9.999999999919761962e-01 2.005507054325972444e-11 1.106063347433316791e-11
9.999999999631633552e-01 1.917655108908217046e-11 1.136744628902758274e-11
9.999999999898474545e-01 1.828340019698677363e-11 1.164837678989882242e-11
9.999999999705520004e-01 1.737705725891789709e-11 1.190307715968865481e-11
1.000000000005899947e+00 1.645897933334840942e-11 1.213129552236639593e-11
1.000000000016636914e+00 1.553061145073334027e-11 1.233285081287102763e-11
1.000000000020612179e+00 1.459339587178059492e-11 1.250760212449366869e-11
1.000000000033979486e+00 1.364879612377318770e-11 1.265545020253570952e-11
9.999999999835187392e-01 1.269829756857787871e-11 1.277635860282022211e-11
1.000000000038365089e+00 1.174338808633061159e-11 1.287035913102957434e-11
9.999999999944255702e-01 1.078554852864606732e-11 1.293753934726842248e-11
9.999999999798491190e-01 9.826256761995410461e-12 1.297803617347966921e-11
1.000000000013884005e+00 8.866986039104072541e-12 1.299203936245076264e-11
1.000000000036579850e+00 7.909196021939722934e-12 1.297978919318848705e-11
1.000000000047567061e+00 6.954330708559020273e-12 1.294156771767568126e-11
9.999999999922273286e-01 6.003823859368623343e-12 1.287769530903663887e-11
1.000000000011606049e+00 5.059102607578571830e-12 1.278853268982993208e-11
1.000000000017772228e+00 4.121589765352505558e-12 1.267448226670786336e-11
9.999999999738726775e-01 3.192709013005156806e-12 1.253599285394266573e-11
9.999999999537435569e-01 2.273884639595092438e-12 1.237357474068127773e-11
1.000000000006245005e+00 1.366521797074790820e-12 1.218781523639610621e-11
1.000000000046789683e+00 4.719737001308476870e-13 1.197937140092195507e-11
9.999999999542655837e-01 -4.084739262823088446e-13 1.174893672794776388e-11
1.000000000048490989e+00 -1.273585569207982294e-12 1.149721186138236742e-11
1.000000000001979306e+00 -2.122148581041247955e-12 1.122490427241308554e-11
1.000000000011835422e+00 -2.952963778251302594e-12 1.093274540509923689e-11
1.000000000021509017e+00 -3.764852753231962704e-12 1.062150129882014830e-11
9.999999999852257071e-01 -4.556666666129102570e-12 1.029197256420992620e-11
9.999999999701710829e-01 -5.327293504588914516e-12 9.944989361083458908e-12
9.999999999539735951e-01 -6.075662299241197596e-12 9.581397973061010278e-12
9.999999999842967835e-01 -6.800731323167201013e-12 9.202044162126424370e-12
9.999999999598382372e-01 -7.501464887378672052e-12 8.807776920714181861e-12
9.999999999864560563e-01 -8.176830655250167427e-12 8.399472764057395637e-12
1.000000000035386805e+00 -8.825823322224974189e-12 7.978045343376737835e-12
9.999999999514972426e-01 -9.447480561800826769e-12 7.544429826038807476e-12
1.000000000003214096e+00 -1.004087964393545155e-11 7.099570452880472374e-12
9.999999999903173009e-01 -1.060513856801898516e-11 6.644418824311670825e-12
9.999999999996510569e-01 -1.113942591992691463e-11 6.179920231994935633e-12
9.999999999801922890e-01 -1.164295631354301153e-11 5.706983705038236849e-12
1.000000000001964873e+00 -1.211496091730967846e-11 5.226457856298132078e-12
1.000000000024594549e+00 -1.255464712891363339e-11 4.739133190568208019e-12
9.999999999858562028e-01 -1.296117578412169936e-11 4.245772821390716150e-12
9.999999999850540666e-01 -1.333367757471743058e-11 3.747143415212544218e-12
1.000000000007865930e+00 -1.367128882331749821e-11 3.244007980410695490e-12
1.000000000011102452e+00 -1.397315923836058426e-11 2.737086200730546520e-12
9.999999999884021662e-01 -1.423842375777326862e-11 2.227026954904388496e-12
9.999999999809413564e-01 -1.446617384609392647e-11 1.714407613776674311e-12
9.999999999637779746e-01 -1.465544501794632807e-11 1.199736644479243495e-12
9.999999999711902676e-01 -1.480521065777841677e-11 6.834452130794864106e-13
1.000000000000101474e+00 -1.491437277518104752e-11 1.658659521886895971e-13
9.999999999599809009e-01 -1.498173700817979583e-11 -3.527963706785017192e-13
1.000000000037964520e+00 -1.500597102056279146e-11 -8.724805484783264904e-13
9.999999999467685807e-01 -1.498557166528066828e-11 -1.393265704827688710e-12
9.999999999677267049e-01 -1.491884642227021426e-11 -1.915373894984457378e-12
1.000000000000792033e+00 -1.480388889929291488e-11 -2.439181228444566280e-12
9.999999999717891219e-01 -1.463855455196853301e-11 -2.965226383672853625e-12
1.000000000002217337e+00 -1.442044117560957937e-11 -3.494236442227339448e-12
9.999999999608579770e-01 -1.414684120501688900e-11 -4.027170454402554459e-12
1.000000000056365579e+00 -1.381466713061097016e-11 -4.565234772370753771e-12
1.000000000000089706e+00 -1.342040660162135743e-11 -5.109867605883180080e-12
1.000000000003713030e+00 -1.296011828743746601e-11 -5.662756649336966757e-12
9.999999999734502376e-01 -1.242940197780373743e-11 -6.225917028790014027e-12
9.999999999921713734e-01 -1.182329662855971036e-11 -6.801770872697210465e-12
1.000000000027053693e+00 -1.113615242372038648e-11 -7.393166938041130752e-12
9.999999999648523374e-01 -1.036155026877925703e-11 -8.003371666039619544e-12
9.999999999728074185e-01 -9.492251391283490661e-12 -8.636110849595890897e-12
1.000000000030010439e+00 -8.520097170325022767e-12 -9.295654785128115145e-12
1.000000000013898882e+00 -7.435863801553248852e-12 -9.986870545962561066e-12
1.000000000014103607e+00 -6.229148679869371959e-12 -1.071525246546207421e-11
1.000000000007550849e+00 -4.888269681504442603e-12 -1.148701599799375761e-11
1.000000000044330983e+00 -3.400080644667974546e-12 -1.230923305086558695e-11
9.999999999997393196e-01 -1.749724638668737737e-12 -1.318990359901916193e-11
9.999999999647516402e-01 7.956609521183266565e-14 -1.413798382491781114e-11
9.999999999960957897e-01 2.106642142552337211e-12 -1.516347649848934800e-11
9.999999999998198108e-01 4.352672093053216321e-12 -1.627756503546759587e-11
1.000000000011906476e+00 6.841408523327611633e-12 -1.749272530841602518e-11
9.999999999756455926e-01 9.599437034473441100e-12 -1.882287740914763164e-11
9.999999999605760914e-01 1.265650105584932474e-11 -2.028362228742380817e-11
1.000000000049855009e+00 1.604595049415760454e-11 -2.189245159009948312e-11
9.999999999462422240e-01 1.980518876682293801e-11 -2.366888400145802165e-11
1.000000000008538281e+00 2.397607117719264448e-11 -2.563466757420441712e-11
1.000000000008789192e+00 2.860539825108408791e-11 -2.781410157802134070e-11
1.000000000011367352e+00 3.374555611377170742e-11 -3.023434827265054102e-11
9.999999999992952304e-01 3.945518904245624073e-11 -3.292570078823057314e-11
9.999999999852233756e-01 4.579988665325552796e-11 -3.592191437718617501e-11
9.999999999573124798e-01 5.285297594035563398e-11 -3.926061429298162243e-11
1.000000000058613558e+00 6.069641790968293544e-11 -4.298372387481099080e-11
1.000000000020502711e+00 6.942177076744142692e-11 -4.713794608455014515e-11
1.000000000002128298e+00 7.913127072151763257e-11 -5.177535212109916398e-11
9.999999999648712112e-01 8.993909895388577154e-11 -5.695404673026160235e-11
1.000000000014711565e+00 1.019728291964159194e-10 -6.273885317650300899e-11
1.000000000020810464e+00 1.153750071099596390e-10 -6.920201750386113266e-11
1.000000000019104940e+00 1.303048385047506694e-10 -7.642398748254113578e-11
9.999999999991909805e-01 1.469400126996509391e-10 -8.449434266119662138e-11
1.000000000013732793e+00 1.654787585006673255e-10 -9.351293781274882256e-11
9.999999999728176325e-01 1.861422692271721022e-10 -1.035912132276376329e-10
1.000000000030758285e+00 2.091775003647586807e-10 -1.148535305295320429e-10
1.000000000000094369e+00 2.348601979161575177e-10 -1.274385315797230053e-10
1.000000000030424330e+00 2.634981352863431843e-10 -1.415006954288161905e-10
9.999999999739540568e-01 2.954347099670548173e-10 -1.572121943287735383e-10
1.000000000015501378e+00 3.310530273536235692e-10 -1.747650194710385248e-10
9.999999999984742205e-01 3.707805272787762406e-10 -1.943733396095087760e-10
1.000000000020234481e+00 4.150941835532946001e-10 -2.162760713926873637e-10
1.000000000022365221e+00 4.645262687769069417e-10 -2.407396795214986694e-10
1.000000000013769208e+00 5.196707127078522332e-10 -2.680613090987180114e-10
9.999999999638902182e-01 5.811901862976482021e-10 -2.985723410043085869e-10
1.000000000000587086e+00 6.498240441517083556e-10 -3.326423696438547627e-10
1.000000000022459146e+00 7.263971832241823630e-10 -3.706836211758884764e-10
1.000000000059113159e+00 8.118299177990605043e-10 -4.131559013278843430e-10
9.999999999583244481e-01 9.071490228786678306e-10 -4.605721201493775239e-10
9.999999999854687349e-01 1.013500058465661362e-09 -5.135044356768612595e-10
9.999999999998786526e-01 1.132161117957356858e-09 -5.725911096837637511e-10
1.000000000014199530e+00 1.264558177680548115e-09 -6.385441270195374992e-10
1.000000000007960299e+00 1.412282155523402453e-09 -7.121576772128060900e-10
1.000000000011596057e+00 1.577107914504614004e-09 -7.943177157792387325e-10
9.999999999442915621e-01 1.761015584630680879e-09 -8.860126678789554954e-10
1.000000000048641313e+00 1.966214389897174305e-09 -9.883452468427919535e-10
9.999999999606706824e-01 2.195169118885606757e-09 -1.102545611786298776e-09
9.999999999784190408e-01 2.450629657655475233e-09 -1.229986135007285039e-09
1.000000000013077983e+00 2.735663995991347998e-09 -1.372197848392514288e-09
9.999999999998964162e-01 3.053695000739943632e-09 -1.530888744191802735e-09
9.999999999957004393e-01 3.408541390218044072e-09 -1.707964256800985808e-09
9.999999999622003477e-01 3.804463498825377258e-09 -1.905550176506746249e-09
1.000000000001005862e+00 4.246214407699022551e-09 -2.126018196112549641e-09
1.000000000051854521e+00 4.739097003857263735e-09 -2.372014346350072684e-09
1.000000000011158630e+00 5.289027587303431013e-09 -2.646490686495968214e-09
1.000000000008869794e+00 5.902606802125048049e-09 -2.952740707608919812e-09
1.000000000014739765e+00 6.587198820858319699e-09 -3.294438852361487423e-09
1.000000000025048630e+00 7.351019707304803475e-09 -3.675684539058506571e-09
9.999999999751832958e-01 8.203235913056754627e-09 -4.101051254642497839e-09
9.999999999621258517e-01 9.154074126752007911e-09 -4.575641417391091630e-09
1.000000000021422641e+00 1.021494389840286591e-08 -5.105147650879841381e-09
9.999999999928058658e-01 1.139857452609851452e-08 -5.695921111128605740e-09
9.999999999717659183e-01 1.271916778456793336e-08 -6.355047653831817372e-09
9.999999999993718358e-01 1.419256826813299078e-08 -7.090432791647073876e-09
9.999999999999662492e-01 1.583645343478489286e-08 -7.910896508437490992e-09
1.000000000053828719e+00 1.767054566812449152e-08 -8.826279022487350325e-09
9.999999999633774062e-01 1.971684881333545039e-08 -9.847558733796728600e-09
1.000000000003619549e+00 2.199991203494002325e-08 -1.098698387596866865e-08
9.999999999746215229e-01 2.454712419437143423e-08 -1.225821944268359670e-08
1.000000000004309886e+00 2.738904235505924909e-08 -1.367651114330544482e-08
9.999999999665591943e-01 3.055975832836159235e-08 -1.525886831994383467e-08
9.999999999496610448e-01 3.409730772377533935e-08 -1.702426791773359277e-08
1.000000000035694558e+00 3.804412615078455706e-08 -1.899388190147131107e-08
9.999999999552866559e-01 4.244755799983521442e-08 -2.119133112497745541e-08
1.000000000000950129e+00 4.736042425449392567e-08 -2.364296880096684708e-08
9.999999999684761054e-01 5.284165611556235322e-08 -2.637819664028403944e-08
9.999999999661522976e-01 5.895700198746205662e-08 -2.942981742773230621e-08
9.999999999813754537e-01 6.577981608303742409e-08 -3.283442830501044864e-08
9.999999999911645121e-01 7.339193819040105520e-08 -3.663285958118283496e-08
1.000000000008535173e+00 8.188467515757538609e-08 -4.087066440626172553e-08
1.000000000006515899e+00 9.135989600749823883e-08 -4.559866516956271414e-08
9.999999999932355221e-01 1.019312538257375522e-07 -5.087356301843334190e-08
9.999999999952913221e-01 1.137255489104891056e-07 -5.675861785457568886e-08
1.000000000017814417e+00 1.268842496802326416e-07 -6.332440706405726284e-08
9.999999999950459628e-01 1.415651896165200591e-07 -7.064967182363055025e-08
9.999999999811710616e-01 1.579444602577571310e-07 -7.882226118961575975e-08
9.999999999952277063e-01 1.762185230085544121e-07 -8.794018571405759035e-08
9.999999999993005595e-01 1.966065656574908413e-07 -9.811279300673751514e-08
9.999999999925176519e-01 2.193531315080877281e-07 -1.094620788386612800e-07
9.999999999519972871e-01 2.447310521406396031e-07 -1.221241499660849104e-07
1.000000000003722134e+00 2.730447196253867991e-07 -1.362508566799223472e-07
9.999999999935512696e-01 3.046337376459380071e-07 -1.520116139479148598e-07
9.999999999566828723e-01 3.398769950831215683e-07 -1.695954327404031026e-07
9.999999999783870663e-01 3.791972100693752258e-07 -1.892131862750685247e-07
9.999999999717621435e-01 4.230659996056012745e-07 -2.111001389171204522e-07
9.999999999604649581e-01 4.720095362711043433e-07 -2.355187677676321397e-07
9.999999999728473865e-01 5.266148592856470109e-07 -2.627619102087355452e-07
1.000000000006300294e+00 5.875369155192815536e-07 -2.931562753150395578e-07
1.000000000011914025e+00 6.555064147382539981e-07 -3.270663612814092907e-07
9.999999999993109956e-01 7.313385932767198547e-07 -3.648988262888804491e-07
1.000000000046004978e+00 8.159429918116211300e-07 -4.071073652914622051e-07
9.999999999537648732e-01 9.103343643148610204e-07 -4.541981501899525812e-07
1.000000000046747717e+00 1.015644849240201624e-06 -5.067358993475145859e-07
1.000000000018627988e+00 1.133137546678277765e-06 -5.653506488474120324e-07
9.999999999394437733e-01 1.264221668642717949e-06 -6.307453079875611954e-07
9.999999999658983896e-01 1.410469440579149020e-06 -7.037040876162273058e-07
1.000000000035070391e+00 1.573634957679279262e-06 -7.851019032226818155e-07
9.999999999970232700e-01 1.755675222911643655e-06 -8.759148656775287161e-07
9.999999999800122108e-01 1.958773618689491177e-06 -9.772319856044418878e-07
1.000000000045050186e+00 2.185366092615737577e-06 -1.090268231367036340e-06
1.000000000046493698e+00 2.438170373041677625e-06 -1.216379097076543612e-06
9.999999999942573714e-01 2.720218564793562107e-06 -1.357076855451303919e-06
9.999999999708547582e-01 3.034893514007518187e-06 -1.514048690365479306e-06
9.999999999891191482e-01 3.385969379626303204e-06 -1.689176926603436868e-06
1.000000000031613157e+00 3.777656898490710734e-06 -1.884561598984547855e-06
9.999999999639455073e-01 4.214653885508142657e-06 -2.102545631365115058e-06
1.000000000002496003e+00 4.702201577443392693e-06 -2.345742928984756819e-06
1.000000000016153079e+00 5.246147489447802019e-06 -2.617069717406903670e-06
9.999999999961567410e-01 5.853015547534356111e-06 -2.919779508239300968e-06
9.999999999783211191e-01 6.530084331008874761e-06 -3.257502107123721721e-06
9.999999999382173099e-01 7.285474364745254875e-06 -3.634287132648002644e-06
9.999999999491797631e-01 8.128245510196910252e-06 -4.054652569050786093e-06
9.999999999149203900e-01 9.068505618623838414e-06 -4.523638932402384236e-06
9.999999999316917521e-01 1.011753175722580883e-05 -5.046869703383740457e-06
9.999999999630970748e-01 1.128790545170613445e-05 -5.630618746018321277e-06
9.999999999335574818e-01 1.259366357628306848e-05 -6.281885524789582462e-06
9.999999998854437466e-01 1.405046669831407102e-05 -7.008479020054878021e-06
9.999999998349505814e-01 1.567578689081307327e-05 -7.819111345603561999e-06
9.999999997672700536e-01 1.748911727029955505e-05 -8.723502194046185861e-06
9.999999997281279196e-01 1.951220577430958473e-05 -9.732495361247388676e-06
9.999999997412504227e-01 2.176931597652705908e-05 -1.085818874314975797e-05
9.999999996433570626e-01 2.428751806669467975e-05 -1.211407936456773980e-05
9.999999995582272705e-01 2.709701350235624426e-05 -1.351522518641509134e-05
9.999999994487076549e-01 3.023149719132897640e-05 -1.507842561263094433e-05
9.999999993332561177e-01 3.372856158224232413e-05 -1.682242287814120490e-05
9.999999991016852441e-01 3.763014748329534208e-05 -1.876812671899899285e-05
9.999999988663145212e-01 4.198304704370412480e-05 -2.093886503143305180e-05
9.999999985851156792e-01 4.683946488759870957e-05 -2.336066350222366981e-05
9.999999982734801840e-01 5.225764417361861960e-05 -2.606255758354503871e-05
9.999999978877407436e-01 5.830256505301986881e-05 -2.907694053579158066e-05
9.999999973971316347e-01 6.504672392501241115e-05 -3.243995171952711299e-05
9.999999967153722080e-01 7.257100281622582945e-05 -3.619190977994514550e-05
9.999999958680774181e-01 8.096563933026958734e-05 -4.037779592822055843e-05
9.999999949443356684e-01 9.033130877339485946e-05 -4.504779309769028179e-05
9.999999936647666621e-01 1.007803314073826503e-04 -5.025788742059878714e-05
9.999999921007919346e-01 1.124380194366201972e-04 -5.607053930101950861e-05
9.999999901523943802e-01 1.254441796757018075e-04 -6.255543202486225506e-05
9.999999877342203858e-01 1.399547900909163523e-04 -6.979030695990543192e-05
9.999999848273227743e-01 1.561438702405531479e-04 -7.786189531450355729e-05
9.999999810898619890e-01 1.742055679844668899e-04 -8.686695759458373822e-05
9.999999764459077678e-01 1.943564876943662219e-04 -9.691344331620581917e-05
9.999999706735123173e-01 2.168382875847574536e-04 -1.081217847203065472e-04
9.999999634827280159e-01 2.419205775303208633e-04 -1.206263401020941451e-04
9.999999545410438451e-01 2.699041520352761427e-04 -1.345770040056812669e-04
9.999999434064650305e-01 3.011245970990457702e-04 -1.501410035666398606e-04
9.999999295485612061e-01 3.359563142654991967e-04 -1.675049025441787309e-04
9.999999123059956085e-01 3.748170100646441047e-04 -1.868768370290600409e-04
9.999998908403822107e-01 4.181727046809426878e-04 -2.084890096157738777e-04
9.999998641244309816e-01 4.665433199142635730e-04 -2.326004719242233214e-04
9.999998308687751969e-01 5.205089133894582904e-04 -2.595002287789603137e-04
9.999997894803202003e-01 5.807166337842812427e-04 -2.895107012448777965e-04
9.999997379628693395e-01 6.478884804154699936e-04 -3.229915899777711301e-04
9.999996738372520788e-01 7.228299602386801560e-04 -3.603441851742456925e-04
9.999995940203977307e-01 8.064397460001040789e-04 -4.020161747187498791e-04
9.999994946747763347e-01 8.997204513090781199e-04 -4.485070081066055091e-04
9.999993710171729555e-01 1.003790651768603128e-03 -5.003738803629523800e-04
9.999992171000824381e-01 1.119898296243835049e-03 -5.582384076060368855e-04
9.999990255198322187e-01 1.249435668944697073e-03 -6.227940741516202559e-04
9.999987870595902217e-01 1.393956081608855322e-03 -6.948145402998210296e-04
9.999984902489819083e-01 1.555192495751934459e-03 -7.751629102208140070e-04
9.999981208089039342e-01 1.735078298017797647e-03 -8.648020708174090302e-04
9.999976609691701990e-01 1.935770477428704712e-03 -9.648062252423770689e-04
9.999970886074445175e-01 2.159675481972398847e-03 -1.076373758970384413e-03
9.999963761918122529e-01 2.409478063999542698e-03 -1.200841592237541578e-03
9.999954894524227811e-01 2.688173459444938556e-03 -1.339701190311650553e-03
9.999943857347869391e-01 2.999103285637466296e-03 -1.494616422797376363e-03
9.999930119487179248e-01 3.345995586604146813e-03 -1.667443485093236854e-03
9.999913020116114604e-01 3.733009503939861435e-03 -1.860253119525254574e-03
9.999891736744982440e-01 4.164785106045973059e-03 -2.075355400859467663e-03
9.999865245626864407e-01 4.646498969244366832e-03 -2.315327381020880048e-03
9.999832272564531666e-01 5.183926171864240012e-03 -2.583043921388802639e-03
9.999791231596516505e-01 5.783509437126837377e-03 -2.881712078121383743e-03
9.999740148741208534e-01 6.452436243646177648e-03 -3.214909447148473366e-03
9.999676567116946302e-01 7.198724813937200720e-03 -3.586626920896682572e-03
9.999597428732520665e-01 8.031319992237401922e-03 -4.001316358858984616e-03
9.999498927542939120e-01 8.960200134248304943e-03 -4.463943729329612059e-03
9.999376326458796482e-01 9.996496252667191537e-03 -4.980048339759394170e-03
9.999223729612427558e-01 1.115262479506416889e-02 -5.555808838954386618e-03
9.999033799053281824e-01 1.244243557407334090e-02 -6.198116745418525558e-03
9.998797402120558342e-01 1.388137652343656402e-02 -6.914658332266294082e-03
9.998503172710557774e-01 1.548667711683960647e-02 -7.714005780042531776e-03
9.998136965396914322e-01 1.727755245649418778e-02 -8.605718592976412812e-03
9.997681176292008143e-01 1.927543021196565301e-02 -9.600456360095736483e-03
9.997113898202447668e-01 2.150420276062592340e-02 -1.071010402710726069e-02
9.996407869813812574e-01 2.399050704037137757e-02 -1.194791092361357880e-02
9.995529168934164099e-01 2.676403475937908644e-02 -1.332864485633043945e-02
9.994435587650051245e-01 2.985787569657844670e-02 -1.486876262248139000e-02
9.993074612688367386e-01 3.330889684323723454e-02 -1.658659830509763219e-02
9.991380915673589991e-01 3.715816003782410060e-02 -1.850257066229703609e-02
9.989273235718481025e-01 4.145138047866721298e-02 -2.063941078861476069e-02
9.986650509016316013e-01 4.623942797889785822e-02 -2.302241096695315653e-02
9.983387066641286056e-01 5.157887194614850512e-02 -2.567969519024388900e-02
9.979326680611924072e-01 5.753256966665975386e-02 -2.864251113349174094e-02
9.974275189321148982e-01 6.417029533927305629e-02 -3.194554229507048926e-02
9.967991374101515811e-01 7.156940413863831230e-02 -3.562723745150539467e-02
9.960175689252600550e-01 7.981552099277890167e-02 -3.973015228590972420e-02
9.950456366668438690e-01 8.900323719007449674e-02 -4.430129478476074051e-02
9.938372324146582670e-01 9.923678866073258609e-02 -4.939246139125270246e-02
9.923352204687909683e-01 1.106306768407152863e-01 -5.506054447606459346e-02
9.904688768101536089e-01 1.233101751758023529e-01 -6.136778281950373143e-02
9.881507754115098630e-01 1.374116399555296297e-01 -6.838191469649824994e-02
9.852730255157853279e-01 1.530825113156543127e-01 -7.617617684258111421e-02
9.817027603515185996e-01 1.704808465730596467e-01 -8.482907089405933299e-02
9.772767836150635379e-01 1.897741710042469832e-01 -9.442379057225552819e-02
9.717953018505007812e-01 2.111373582943912863e-01 -1.050471667047311319e-01
9.650147186504024477e-01 2.347491625361795842e-01 -1.167879423386908311e-01
9.566395548718291675e-01 2.607869163835022097e-01 -1.297341369746942419e-01
9.463137075325416259e-01 2.894187907513973146e-01 -1.439691998139287776e-01
9.336114940330725309e-01 3.207928934374695285e-01 -1.595665933980214835e-01
9.180292774059609640e-01 3.550223940336683648e-01 -1.765824044434462226e-01
8.989789610068676939e-01 3.921658483276931895e-01 -1.950455717792402566e-01
8.757852936790107012e-01 4.322020343521231767e-01 -2.149453904522807546e-01
8.476897207878056895e-01 4.749990174781182906e-01 -2.362161524212312569e-01
8.138643644833234436e-01 5.202779801599832776e-01 -2.587191905961387928e-01
7.734404107581644983e-01 5.675737397924914829e-01 -2.822232819983082619e-01
7.255553438528006271e-01 6.161959398751521988e-01 -3.063853891519304207e-01
6.694225321050145672e-01 6.651975682377707644e-01 -3.307350430775007899e-01
6.044239475545457596e-01 7.133603195734053992e-01 -3.546670919021734925e-01
5.302217408279019661e-01 7.592084461463453060e-01 -3.774485936545941001e-01
4.468770499713726196e-01 8.010626431947913684e-01 -3.982455823796220429e-01
3.549560790478842320e-01 8.371414791144848877e-01 -4.161734324664734808e-01
2.555970310510061738e-01 8.657088281321572154e-01 -4.303700531042327082e-01
1.505109633648153422e-01 8.852525174712569944e-01 -4.400845716625494952e-01
4.189848270984150580e-02 8.946656068034882781e-01 -4.447673202339774146e-01
-6.771742205932583525e-02 8.933932857108403125e-01 -4.441427560975136357e-01
-1.757191120629824355e-01 8.815108280598447088e-01 -4.382481644762591944e-01
-2.796405659045491099e-01 8.597128425321550749e-01 -4.274283358447726888e-01
-3.773841191113181948e-01 8.292165979802594844e-01 -4.122875941308805636e-01
-4.673691605128853510e-01 7.916036276755189505e-01 -3.936111843555576417e-01
-5.485948724201961113e-01 7.486359024548380203e-01 -3.722740274401333260e-01
-6.206217192847633957e-01 7.020824196363388836e-01 -3.491546327731617771e-01
-6.834927754256133747e-01 6.535817906434373548e-01 -3.250668683168992379e-01
-7.376224506928263924e-01 6.045522687409535800e-01 -3.007152716283868488e-01
-7.836778899372857099e-01 5.561481804465284728e-01 -2.766733926601085414e-01
-8.224710866109404828e-01 5.092538684797757176e-01 -2.533807591837989870e-01
-8.548714434059058176e-01 4.645032833886502677e-01 -2.311525794100006970e-01
-8.817416461178194664e-01 4.223139423942183224e-01 -2.101965831256081552e-01
-9.038952330744463026e-01 3.829263890608660681e-01 -1.906326000000223009e-01
-9.220720010912150100e-01 3.464431675033126656e-01 -1.725119024594635453e-01
-9.369267707026351921e-01 3.128638719515668964e-01 -1.558346045153241877e-01
-9.490273655359240390e-01 2.821147330331993386e-01 -1.405643513398451283e-01
-9.588584180099974930e-01 2.540724432946331879e-01 -1.266401506852224690e-01
-9.668284622809651951e-01 2.285826312112404779e-01 -1.139855483309557688e-01
-9.732785409932955822e-01 2.054737234171925553e-01 -1.025155140618574240e-01
-9.784911673954427291e-01 1.845670290541315539e-01 -9.214145164860770842e-02
-9.826989410908606448e-01 1.656838423779051217e-01 -8.277472772778896037e-02
-9.860924350017133966e-01 1.486502597752254462e-01 -7.432906496035485144e-02
-9.888271824505598939e-01 1.333002872324949850e-01 -6.672208529585768599e-02
-9.910297255159860041e-01 1.194776970799137500e-01 -5.987623101834602807e-02
-9.928027629836602141e-01 1.070369892956180569e-01 -5.371923986383423527e-02
-9.942294768211895617e-01 9.584372647777091025e-02 -4.818430771316611211e-02
-9.953771333500170959e-01 8.577444261736971720e-02 -4.321003810390105365e-02
-9.963000584796675163e-01 7.671627213324039296e-02 -3.874025113189236147e-02
-9.970420816194718316e-01 6.856640473359891519e-02 -3.472370397403438252e-02
-9.976385340228994814e-01 6.123144100914341970e-02 -3.111376000012948048e-02
-9.981178769652832017e-01 5.462670100361190217e-02 -2.786803214366779038e-02
-9.985030245363946122e-01 4.867552144750311727e-02 -2.494801792436219384e-02
-9.988124158806628294e-01 4.330856538092120456e-02 -2.231873751506824322e-02
-9.990608827434470651e-01 3.846315934635018835e-02 -1.994838193257764472e-02
-9.992603503585503200e-01 3.408266730233597969e-02 -1.780797535801185646e-02
-9.994204029587691052e-01 3.011590621153601918e-02 -1.587105341756634910e-02
-9.995487395656882379e-01 2.651660539154681792e-02 -1.411335772834881701e-02
-9.996515409540205344e-01 2.324290980434182835e-02 -1.251254594627203807e-02
-9.997337648052955217e-01 2.025692623245005722e-02 -1.104791580829789753e-02
-9.997993827753920426e-01 1.752431054333065605e-02 -9.700141135909307044e-03
-9.998515706297605998e-01 1.501389384141252684e-02 -8.451017390026797221e-03
-9.998928603672622151e-01 1.269734513986517377e-02 -7.283214081314054976e-03
-9.999252615017473200e-01 1.054886818467603779e-02 -6.180031107309811970e-03
-9.999503572384668137e-01 8.544930178231427073e-03 -5.125155877789205200e-03
-9.999693800296879376e-01 6.664020342458864751e-03 -4.102417879420964565e-03
-9.999832700509204697e-01 4.886436511513543406e-03 -3.095537104102524546e-03
-9.999927192548415666e-01 3.194098232915134478e-03 -2.087862506821645207e-03
-9.999982029190295219e-01 1.570385176736897349e-03 -1.062096357849959304e-03
-1.000000000000000000e+00 0.000000000000000000e+00 0.000000000000000000e+00
