1.000000000000000000e+00 0.000000000000000000e+00 0.000000000000000000e+00
1.000000000000000000e+00 -5.490198683841283035e-12 -6.573753689563153684e-12
1.000000000000000000e+00 9.519524503840816058e-13 -3.563446660950627926e-12
1.000000000000000000e+00 1.380401236092281539e-12 -4.118620160415362449e-12
1.000000000000000000e+00 3.101722484999944399e-12 -2.081842008468513034e-11
1.000000000000000000e+00 -4.052785859088346247e-12 -3.189849829591048698e-11
1.000000000000000000e+00 -9.768615473176496742e-12 -2.938414726266548034e-11
1.000000000000000000e+00 -1.217751722641993550e-11 -1.747990631623526924e-11
1.000000000000000000e+00 -5.432286943216153185e-12 -1.191699143880763332e-11
1.000000000000000000e+00 7.021703206001922044e-12 -1.553154305546286961e-11
1.000000000000000000e+00 3.449060662375067683e-12 -9.936408395370848039e-12
1.000000000000000000e+00 4.088180006528852619e-12 -2.876150840854278874e-12
1.000000000000000000e+00 1.342957872325620703e-11 -6.877627886364106576e-12
1.000000000000000000e+00 2.029684018041496933e-11 -7.661165163240114394e-12
1.000000000000000000e+00 3.638972791984232884e-11 -3.857404613319208436e-12
1.000000000000000000e+00 5.040713834111566126e-11 -1.323609269772343976e-11
1.000000000000000000e+00 4.625880298532289260e-11 -2.334796715789735169e-11
1.000000000000000000e+00 2.930685101251397427e-11 -1.693368975713589224e-11
1.000000000000000000e+00 2.493359312053180012e-11 -9.566532608427704546e-12
1.000000000000000000e+00 2.949560909715091537e-11 -2.943072429401798096e-12
1.000000000000000000e+00 3.663275894899235679e-11 -3.530872377830663388e-12
1.000000000000000000e+00 4.585763137546245610e-11 -6.888633178603002572e-13
1.000000000000000000e+00 5.848376984975068706e-11 -5.189783378124581115e-13
1.000000000000000000e+00 8.121630075265485921e-11 -4.103360973185746291e-12
1.000000000000000000e+00 8.449850124614540114e-11 -7.778737997753645330e-12
1.000000000000000000e+00 7.889455657800182821e-11 -1.050595289039263094e-11
1.000000000000000000e+00 8.511784557258160856e-11 -7.000798588561831123e-12
1.000000000000000000e+00 1.018272530210942782e-10 -1.106822218628385580e-11
1.000000000000000000e+00 1.324147878349823367e-10 -1.642145757584727407e-11
1.000000000000000000e+00 1.519689008158672678e-10 -1.304978818824507530e-11
1.000000000000000000e+00 1.655518683443249987e-10 -1.482212198819089553e-11
1.000000000000000000e+00 2.030997923123416525e-10 -1.387739075221891132e-11
1.000000000000000000e+00 2.363542334090021657e-10 -8.314448852524751646e-12
1.000000000000000000e+00 2.528177375202368332e-10 -1.403791695002544093e-11
1.000000000000000000e+00 2.738825479396203512e-10 -1.944730569112473028e-11
1.000000000000000000e+00 3.116268084898328939e-10 -2.341593021195453829e-11
1.000000000000000000e+00 3.572534151421436416e-10 -2.408925252165085073e-11
1.000000000000000000e+00 4.070724978037280872e-10 -2.691590280827970236e-11
1.000000000000000000e+00 4.466195193547782735e-10 -3.118338271126296261e-11
1.000000000000000000e+00 4.864666717586521874e-10 -3.954703388562438168e-11
1.000000000000000000e+00 5.358565395627784275e-10 -4.294449072069957456e-11
1.000000000000000000e+00 6.042973202983288148e-10 -4.662228436788618295e-11
1.000000000000000000e+00 6.706836026839361976e-10 -5.228823617749886252e-11
1.000000000000000000e+00 7.450266562794451792e-10 -5.863612405586930596e-11
1.000000000000000000e+00 8.261512072518802870e-10 -5.825837392136206464e-11
1.000000000000000000e+00 9.243915655490549788e-10 -5.988498052030903558e-11
1.000000000000000000e+00 1.032786742202229893e-09 -6.339132970864080833e-11
1.000000000000000000e+00 1.160337673373158691e-09 -7.170917140186075277e-11
1.000000000000000000e+00 1.305181260985747479e-09 -7.047282803592910122e-11
1.000000000000000000e+00 1.458226965300693039e-09 -7.165865890145895202e-11
1.000000000000000000e+00 1.624361187342471237e-09 -8.370618117836079378e-11
1.000000000000000000e+00 1.821802671990647118e-09 -1.044618732804904535e-10
1.000000000000000000e+00 2.037686086403572941e-09 -1.127699102582853514e-10
1.000000000000000000e+00 2.267712790125054860e-09 -1.221228328468561573e-10
1.000000000000000000e+00 2.515995743187437138e-09 -1.410463520821334330e-10
1.000000000000000000e+00 2.805484377533614370e-09 -1.591963973149844945e-10
1.000000000000000000e+00 3.126935753540673663e-09 -1.774788871676808334e-10
1.000000000000000000e+00 3.498317100047806364e-09 -1.853207795127818537e-10
1.000000000000000000e+00 3.899088967131955320e-09 -1.890426851774727052e-10
1.000000000000000000e+00 4.348672473755317345e-09 -2.032675263865073205e-10
1.000000000000000000e+00 4.844573889998926847e-09 -2.158381297837354328e-10
1.000000000000000000e+00 5.389874508719441849e-09 -2.454422321204345797e-10
1.000000000000000000e+00 5.997537920632346274e-09 -2.756642889301476947e-10
1.000000000000000000e+00 6.673075874982126494e-09 -3.115753972254043101e-10
1.000000000000000000e+00 7.427578934890039179e-09 -3.359084571598818771e-10
1.000000000000000000e+00 8.267885355265595868e-09 -3.525108137558490319e-10
1.000000000000000000e+00 9.197671448539689753e-09 -3.621436888304272050e-10
1.000000000000000000e+00 1.023708997185702743e-08 -3.779985592768446221e-10
1.000000000000000000e+00 1.138480963730880650e-08 -3.984097734102095823e-10
1.000000000000000000e+00 1.265449826640990962e-08 -4.317584507210965479e-10
1.000000000000000000e+00 1.406889614272266938e-08 -4.831539548150886035e-10
1.000000000000000000e+00 1.563461109629443681e-08 -5.174554697872148942e-10
1.000000000000000000e+00 1.736978084207346550e-08 -5.574596511690071570e-10
1.000000000000000000e+00 1.929745595997527502e-08 -6.032701853871946868e-10
1.000000000000000000e+00 2.144323579249587495e-08 -6.454402343018889370e-10
1.000000000000000000e+00 2.382492891980139569e-08 -7.034353325812916335e-10
1.000000000000000000e+00 2.646020036695041657e-08 -7.701052133668179340e-10
1.000000000000000000e+00 2.939065284747648135e-08 -8.391755615151580630e-10
1.000000000000000000e+00 3.264763828781436342e-08 -9.076453753595424675e-10
1.000000000000000000e+00 3.624726777227257790e-08 -9.754325366999645534e-10
1.000000000000000000e+00 4.023002632369450629e-08 -1.057546984409856102e-09
1.000000000000000000e+00 4.465256832513251566e-08 -1.135824005462508597e-09
1.000000000000000000e+00 4.955507545112628360e-08 -1.223998958346949889e-09
1.000000000000000000e+00 5.500196766389720891e-08 -1.323343410034159451e-09
1.000000000000000000e+00 6.103661656175859268e-08 -1.429074751917681324e-09
1.000000000000000000e+00 6.770721329383427733e-08 -1.526143100038521409e-09
1.000000000000000000e+00 7.509021308816179424e-08 -1.628303952920880901e-09
1.000000000000000000e+00 8.327219850947304266e-08 -1.750849383947365168e-09
1.000000000000000000e+00 9.235173791970865628e-08 -1.895353426378435208e-09
1.000000000000000000e+00 1.024124049711801978e-07 -2.053565188583180490e-09
1.000000000000000000e+00 1.135437227002663291e-07 -2.212408601262216178e-09
1.000000000000000000e+00 1.258751122923040985e-07 -2.370966957295857072e-09
1.000000000000000000e+00 1.395365506641815853e-07 -2.544079803479133346e-09
1.000000000000000000e+00 1.546667055462627508e-07 -2.740973691237119738e-09
1.000000000000000000e+00 1.714246129045055987e-07 -2.939604469032739164e-09
1.000000000000000000e+00 1.899735960165374129e-07 -3.147579671140556313e-09
1.000000000000000000e+00 2.105001863295175469e-07 -3.372259349784757570e-09
1.000000000000000000e+00 2.332225060463571649e-07 -3.622420039155581936e-09
1.000000000000000000e+00 2.583751226376641391e-07 -3.883112803228717032e-09
1.000000000000090594e+00 2.862248517012781639e-07 -4.153385551509638216e-09
1.000000000000090150e+00 3.170475190196693723e-07 -4.438428646324017557e-09
1.000000000000037081e+00 3.511819975079043445e-07 -4.775248741106881602e-09
1.000000000000090594e+00 3.889331269177529322e-07 -5.129890853563650640e-09
1.000000000000000000e+00 4.307094247289748171e-07 -5.490616013269661346e-09
1.000000000000000000e+00 4.769433559234621879e-07 -5.873668918604484466e-09
1.000000000000090150e+00 5.281005178358091718e-07 -6.296096454347428767e-09
1.000000000000090150e+00 5.847036785126293052e-07 -6.747303856720246124e-09
9.999999999999920064e-01 6.473239786218424418e-07 -7.227501891489226666e-09
1.000000000000089706e+00 7.166074165747406069e-07 -7.741076337278589167e-09
1.000000000000089706e+00 7.932491633989959490e-07 -8.294852921718037519e-09
9.999999999999344968e-01 8.780285854580071626e-07 -8.886313147026936550e-09
1.000000000000088818e+00 9.718199047803470479e-07 -9.521431034029937201e-09
1.000000000000088374e+00 1.075552956580118408e-06 -1.019696521735981526e-08
1.000000000000038858e+00 1.190276113097175137e-06 -1.091902463529828119e-08
1.000000000000087041e+00 1.317173188889792446e-06 -1.168641476394454649e-08
1.000000000000311307e+00 1.457532262167751436e-06 -1.250650863128251289e-08
1.000000000000481837e+00 1.612759128109037291e-06 -1.339198430047243101e-08
1.000000000000351941e+00 1.784422248471776429e-06 -1.434866119162056395e-08
1.000000000000444089e+00 1.974253247562598661e-06 -1.536864081434466988e-08
1.000000000000526246e+00 2.184178931688216071e-06 -1.644861012969237307e-08
1.000000000000780265e+00 2.416318483288780508e-06 -1.761849240916256132e-08
1.000000000000845990e+00 2.673000856929012397e-06 -1.886827243756975074e-08
1.000000000000935696e+00 2.956829672848512147e-06 -2.020810503660889476e-08
1.000000000001243672e+00 3.270656981869972287e-06 -2.165229167235713231e-08
1.000000000001534328e+00 3.617655879288425561e-06 -2.322764376024449891e-08
1.000000000002065459e+00 4.001323543408312742e-06 -2.491840463739897801e-08
1.000000000002400524e+00 4.425502113975735962e-06 -2.672114206801182274e-08
1.000000000002898792e+00 4.894473602705313386e-06 -2.866009942163077811e-08
1.000000000003578027e+00 5.412956478434995869e-06 -3.075155079524735646e-08
1.000000000004396261e+00 5.986148484706633284e-06 -3.299237823267663191e-08
1.000000000005326406e+00 6.619827044435661208e-06 -3.540437639700003243e-08
1.000000000006489698e+00 7.320358224816155534e-06 -3.801156532808435533e-08
1.000000000008031353e+00 8.094779626707773512e-06 -4.083449227032282757e-08
1.000000000009756640e+00 8.950872725879423683e-06 -4.388041152744629311e-08
9.999999999119988381e-01 9.897246700488413889e-06 -4.717779345647900977e-08
9.999999999145686713e-01 1.094339786708407491e-05 -5.074757687707080289e-08
9.999999999178761367e-01 1.209983255625013784e-05 -5.459818898169215804e-08
9.999999999218958102e-01 1.337813505560801515e-05 -5.877650578877425461e-08
9.999999999267369377e-01 1.479113646571981725e-05 -6.330774494514085398e-08
9.999999998326785100e-01 1.635300961174388317e-05 -6.821940095326067802e-08
9.999999998398736434e-01 1.807943236343306152e-05 -7.355412700158537653e-08
9.999999998487617558e-01 1.998771184096004815e-05 -7.934362796552659235e-08
9.999999997595898638e-01 2.209698896656595813e-05 -8.562646694245061143e-08
9.999999996728475837e-01 2.442840263746804490e-05 -9.245564787409248098e-08
9.999999995891023508e-01 2.700530865984491260e-05 -9.988067527094593964e-08
9.999999995088882931e-01 2.985353824375654489e-05 -1.079603191428735349e-07
9.999999994330887043e-01 3.300162432778860964e-05 -1.167766544349135431e-07
9.999999993626296213e-01 3.648110203499971060e-05 -1.263783406666289694e-07
9.999999991987091885e-01 4.032684753240864758e-05 -1.368442356404965989e-07
9.999999990428000141e-01 4.457738148144262336e-05 -1.482650364410284127e-07
9.999999987966963211e-01 4.927527548899154848e-05 -1.607389108767696919e-07
9.999999985625250831e-01 5.446754961577383061e-05 -1.743654514632274774e-07
9.999999981429164020e-01 6.020621086527908083e-05 -1.892654325260431148e-07
9.999999977411402341e-01 6.654873757024343391e-05 -2.055552463423554796e-07
9.999999972612193533e-01 7.355859508746529678e-05 -2.233912471951390146e-07
9.999999967078476715e-01 8.130595881899294703e-05 -2.429202404716228937e-07
9.999999959869482202e-01 8.986839618812644185e-05 -2.643030214167529729e-07
9.999999951058011760e-01 9.933161027400591917e-05 -2.877347278816681155e-07
9.999999939731394338e-01 1.097903282842472704e-04 -3.134122835283356578e-07
9.999999925996848615e-01 1.213492104901622127e-04 -3.415854657003411250e-07
9.999999909986085900e-01 1.341239312192420065e-04 -3.725015772847591726e-07
9.999999889859173541e-01 1.482423068048270218e-04 -4.064299183036834279e-07
9.999999865811390887e-01 1.638456310312358106e-04 -4.437134962742493863e-07
9.999999836082411608e-01 1.810900440027199410e-04 -4.846714758759788840e-07
9.999999799963837921e-01 2.001480880260644466e-04 -5.296742176663936968e-07
9.999999755812435387e-01 2.212104217850292712e-04 -5.791487123483111522e-07
9.999999701063817525e-01 2.444877805383074824e-04 -6.335667032858944574e-07
9.999999635249821051e-01 2.702130371116987471e-04 -6.934356218328745182e-07
9.999999554020239101e-01 2.986435406456950086e-04 -7.592881607245420444e-07
9.999999455168991913e-01 3.300637205700574124e-04 -8.317732810889366395e-07
9.999999334664766426e-01 3.647878889133774651e-04 -9.115972806104287626e-07
9.999999187691921421e-01 4.031633952707406742e-04 -9.995040646862591538e-07
9.999999007696095399e-01 4.455741049119680153e-04 -1.096336975528919951e-06
9.999998787443469261e-01 4.924442500132548669e-04 -1.203024260809735628e-06
9.999998519090730342e-01 5.442426511249648293e-04 -1.320597654133877230e-06
9.999998191271839421e-01 6.014873975822668554e-04 -1.450171048557589836e-06
9.999997790204394610e-01 6.647510532523373192e-04 -1.593009051447334558e-06
9.999997300818140866e-01 7.346664074148679313e-04 -1.750504613095382173e-06
9.999996703910807305e-01 8.119327329745436002e-04 -1.924178946374849141e-06
9.999995974345177174e-01 8.973228108349004008e-04 -2.115742965772879263e-06
9.999995082279929948e-01 9.916906661192421632e-04 -2.327060666704398490e-06
9.999993994456604085e-01 1.095980113046912847e-03 -2.560194221433547213e-06
9.999992664554749888e-01 1.211234181181186859e-03 -2.817431208490332164e-06
9.999991040614476523e-01 1.338605537792026496e-03 -3.101297298784734100e-06
9.999989057565309425e-01 1.479368023213527023e-03 -3.414571602727415375e-06
9.999986634855710932e-01 1.634929380157048012e-03 -3.760361106554805071e-06
9.999983676247814479e-01 1.806845350579436207e-03 -4.142069871615253592e-06
9.999980062756586019e-01 1.996835183965062124e-03 -4.563448959560388997e-06
9.999975649819724532e-01 2.206798884144157459e-03 -5.028671286251522248e-06
9.999970259716736143e-01 2.438836193878018890e-03 -5.542350272763604121e-06
9.999963677305786502e-01 2.695267556187938476e-03 -6.109566198626480298e-06
9.999955638145039405e-01 2.978657338697461576e-03 -6.735930330153711782e-06
9.999945818073757708e-01 3.291839443183934826e-03 -7.427653210160740959e-06
9.999933826386164792e-01 3.637945647623270617e-03 -8.191611447320569118e-06
9.999919179686128645e-01 4.020436919364517303e-03 -9.035375266684838618e-06
9.999901291589077257e-01 4.443137996803654156e-03 -9.967324828433478550e-06
9.999879444511771132e-01 4.910275580591279450e-03 -1.099676567610367080e-05
9.999852762670620177e-01 5.426520608682402005e-03 -1.213392352873686170e-05
9.999820175690296020e-01 5.997034826332359354e-03 -1.339009479106336757e-05
9.999780376097827661e-01 6.627522423791285325e-03 -1.477778669346161782e-05
9.999731769093140876e-01 7.324286901081287007e-03 -1.631077832699125821e-05
9.999672405255093377e-01 8.094293941316272126e-03 -1.800436258932552712e-05
9.999599903566461778e-01 8.945241009358796333e-03 -1.987552616221637493e-05
9.999511356764918535e-01 9.885634105119325485e-03 -2.194302583001958055e-05
9.999403214814807095e-01 1.092487248295422736e-02 -2.422744839463927304e-05
9.999271141647223526e-01 1.207334205598045891e-02 -2.675133422147017649e-05
9.999109841680304811e-01 1.334251841192378614e-02 -2.953950646794167840e-05
9.998912848612502291e-01 1.474508059343138285e-02 -3.261958700689149358e-05
9.998672263737782284e-01 1.629503703132826817e-02 -3.602269238367846902e-05
9.998378444946325327e-01 1.800786473921280051e-02 -3.978384489055119329e-05
9.998019611877825286e-01 1.990066267464545013e-02 -4.394179594390679048e-05
9.997581384658814629e-01 2.199232003067346300e-02 -4.853841070208054121e-05
9.997046200209094291e-01 2.430370049065412943e-02 -5.361806709826076573e-05
9.996392612550225598e-01 2.685784422146284683e-02 -5.922803255146137999e-05
9.995594439916541951e-01 2.968018987190098809e-02 -6.542030303456206400e-05
9.994619713335790578e-01 3.279881958675630316e-02 -7.225471431119050907e-05
9.993429407955851662e-01 3.624472932338408671e-02 -7.980226223531560815e-05
9.991975877801514416e-01 4.005212604971179063e-02 -8.814701935128121946e-05
9.990200965764258756e-01 4.425875217603518486e-02 -9.738521637527420107e-05
9.988033682597117213e-01 4.890623593133741620e-02 -1.076212207290379579e-04
9.985387392622971925e-01 5.404046653455935045e-02 -1.189615089513925203e-04
9.982156383383918863e-01 5.971199302527339936e-02 -1.315090675042071165e-04
9.978211700099955950e-01 6.597644638874194944e-02 -1.453613322705156463e-04
9.973396087974070179e-01 7.289498525578815002e-02 -1.606140306426499071e-04
9.967517847284710353e-01 8.053476410959152509e-02 -1.773718629675895384e-04
9.960343386393699650e-01 8.896942135701998988e-02 -1.957649224299390638e-04
9.951588203569566859e-01 9.827957889021834981e-02 -2.159675124938302115e-04
9.940905975396543415e-01 1.085533378547158395e-01 -2.382152496180636140e-04
9.927875397531196189e-01 1.198867462550318036e-01 -2.628159649699006537e-04
9.911984356970462429e-01 1.323842018793761066e-01 -2.901508375144752844e-04
9.892610978550561152e-01 1.461587403409092267e-01 -3.206642633614378737e-04
9.869001035695235124e-01 1.613321407558251097e-01 -3.548430840032979470e-04
9.840241203003191606e-01 1.780347608827760053e-01 -3.931875138719391699e-04
9.805227641178778653e-01 1.964049867211370148e-01 -4.361777298146443139e-04
9.762629458747568156e-01 2.165881482616041076e-01 -4.842401496646487691e-04
9.710846762438046786e-01 2.387347112367803059e-01 -5.377174778067231710e-04
9.647963293288479569e-01 2.629975033526955053e-01 -5.968452217735947503e-04
9.571694144332868470e-01 2.895276741130825005e-01 -6.617358322196074559e-04
9.479329858578142698e-01 3.184690220395268168e-01 -7.323703829875509441e-04
9.367679344259595142e-01 3.499502581873578100e-01 -8.085961394450677650e-04
9.233015823631980368e-01 3.840747267440192680e-01 -8.901273964617754074e-04
9.071032298551500173e-01 4.209070880251477575e-01 -9.765468048254989002e-04
8.876816132107723245e-01 4.604565282292247264e-01 -1.067304371765713956e-03
8.644856039468021836e-01 5.026562353143180228e-01 -1.161712057903510620e-03
8.369098938233691110e-01 5.473392410674460251e-01 -1.258933057177611227e-03
8.043077982982137497e-01 5.942113442028382764e-01 -1.357966309214777428e-03
7.660135554858420459e-01 6.428227657320334520e-01 -1.457628821212235025e-03
7.213763958319105996e-01 6.925414591640701722e-01 -1.556539704969539572e-03
6.698079631271482981e-01 7.425325311201816936e-01 -1.653112085097775165e-03
6.108430841105394471e-01 7.917497582210182294e-01 -1.745559873223155069e-03
5.442112286250896380e-01 8.389462335165710494e-01 -1.831926754524493446e-03
4.699123415498787648e-01 8.827110187357161131e-01 -1.910143277043185699e-03
3.882866293918053047e-01 9.215365323801599784e-01 -1.978114715629502272e-03
3.000645168411109065e-01 9.539167412197201434e-01 -2.033837065865536260e-03
2.063820069993807793e-01 9.784692940507834225e-01 -2.075531886772207565e-03
1.087496425097116692e-01 9.940669483268482765e-01 -2.101784517842780579e-03
8.970750801082868001e-03 9.999575323698980389e-01 -2.111665865311138264e-03
-9.098457687762481760e-02 9.958500772965651615e-01 -2.104817895106964390e-03
-1.891323838525335588e-01 9.819493921789057556e-01 -2.081487747823759001e-03
-2.836300310246371859e-01 9.589316105247096544e-01 -2.042504132561860468e-03
-3.729084414981979068e-01 9.278660126278062137e-01 -1.989200456632217277e-03
-4.557623848626200513e-01 8.900994042778302973e-01 -1.923298357549940545e-03
-5.313903425004986580e-01 8.471250753896092389e-01 -1.846771019025630553e-03
-5.993865591254041725e-01 8.004577746956128559e-01 -1.761706428998947079e-03
-6.596960926430025518e-01 7.515306220241113611e-01 -1.670187063629660846e-03
-7.125474299413551149e-01 7.016221789856190716e-01 -1.574196496691563892e-03
-7.583768473345013916e-01 6.518146824549679863e-01 -1.475556605667818029e-03
-7.977556170276323133e-01 6.029793382228769705e-01 -1.375893781306178603e-03
-8.313270887355928007e-01 5.557820091676345386e-01 -1.276628370628361906e-03
-8.597568800536891098e-01 5.107021805442024665e-01 -1.178980428648281195e-03
-8.836965636942993862e-01 4.680589795498036887e-01 -1.083984479390122727e-03
-9.037594761861563741e-01 4.280395123528358825e-01 -9.925070679667677420e-04
-9.205064416682398054e-01 3.907263382335176005e-01 -9.052626165267300528e-04
-9.344390199012102549e-01 3.561222275335265142e-01 -8.228248962291882969e-04
-9.459980879477462024e-01 3.241713462206449736e-01 -7.456333454757532514e-04
-9.555659351899874476e-01 2.947766767578605673e-01 -6.739948183420852021e-04
-9.634704727590494011e-01 2.678138874309901052e-01 -6.080826594148261519e-04
-9.699905338771172003e-01 2.431420654027487416e-01 -5.479359175773038972e-04
-9.753615673593644120e-01 2.206118070862873592e-01 -4.934614739467850812e-04
-9.797812688765413780e-01 2.000711563676706717e-01 -4.444416428608799355e-04
-9.834148775126311248e-01 1.813698381213579847e-01 -4.005491990125876491e-04
-9.863999927185500560e-01 1.643621726541435457e-01 -3.613699817668083688e-04
-9.888508512141658269e-01 1.489089909440463044e-01 -3.264321482447407911e-04
-9.908620590471776124e-01 1.348788078132915902e-01 -2.952393830506717313e-04
-9.925118052463105522e-01 1.221484547512345364e-01 -2.673043769745350306e-04
-9.938646011671535829e-01 1.106033268294883826e-01 -2.421783934348750223e-04
-9.949735981874966440e-01 1.001373596207308647e-01 -2.194729423130188358e-04
-9.958825364968562077e-01 9.065282069198089820e-02 -1.988709715986953499e-04
-9.966273765471107549e-01 8.205997684130733605e-02 -1.801270315890774690e-04
-9.972376587956319760e-01 7.427668086980727946e-02 -1.630575618431011310e-04
-9.977376340932369025e-01 6.722790888575987112e-02 -1.475246590054139382e-04
-9.981472010829943731e-01 6.084527189637338462e-02 -1.334176962506772161e-04
-9.984826808074601656e-01 5.506651946422754657e-02 -1.206370130942944515e-04
-9.987574559902805404e-01 4.983504992879032869e-02 -1.090829507534512113e-04
-9.989824978423044177e-01 4.509943860771787466e-02 -9.865149408294346443e-05
-9.991667987087020641e-01 4.081299210056684584e-02 -8.923573031374602371e-05
-9.993177284286519635e-01 3.693333391765672713e-02 -8.073089583588085336e-05
-9.994413254408001102e-01 3.342202287371898173e-02 -7.304005479824031877e-05
-9.995425372779281892e-01 3.024420323446533332e-02 -6.607798915477692419e-05
-9.996254165331137642e-01 2.736828407763812823e-02 -5.977215839757208673e-05
-9.996932828768941848e-01 2.476564452907954045e-02 -5.406101725107416835e-05
-9.997488551283453262e-01 2.241036229391948215e-02 -4.889091236203215709e-05
-9.997943596442778746e-01 2.027896384327101606e-02 -4.421320860313790842e-05
-9.998316201929042801e-01 1.835019539597617863e-02 -3.998252233078175376e-05
-9.998621298804379887e-01 1.660481417310362418e-02 -3.615629918058665390e-05
-9.998871117575581779e-01 1.502539909570318154e-02 -3.269524371490336565e-05
-9.999075672174232432e-01 1.359617952047565033e-02 -2.956378347270962974e-05
-9.999243163402821155e-01 1.230288018245111366e-02 -2.673021033358164694e-05
-9.999380306359578752e-01 1.113258054915157967e-02 -2.416630233418987469e-05
-9.999492599176810215e-01 1.007358702624356825e-02 -2.184669009721732701e-05
-9.999584544327859703e-01 9.115316844229082519e-03 -1.974831062511224562e-05
-9.999659829082746532e-01 8.248192616091354692e-03 -1.785012806916789428e-05
-9.999721472491986951e-01 7.463546944042732598e-03 -1.613305128985892230e-05
-9.999771945204988244e-01 6.753536141939521856e-03 -1.457977335869600344e-05
-9.999813271867782349e-01 6.111062027663136109e-03 -1.317468325187538034e-05
-9.999847110090089863e-01 5.529701292170257319e-03 -1.190372777657312453e-05
-9.999874816489254803e-01 5.003641372538670563e-03 -1.075414321599362030e-05
-9.999897502362322665e-01 4.527622420236558469e-03 -9.714369532262872992e-06
-9.999916076470353188e-01 4.096884757760329600e-03 -8.773972162360365725e-06
-9.999931286175165468e-01 3.707121330033610971e-03 -7.923487535082497434e-06
-9.999943738319803099e-01 3.354434688183969768e-03 -7.154350228446115243e-06
-9.999953934037341119e-01 3.035298087911571328e-03 -6.458820920760726613e-06
-9.999962282674870195e-01 2.746520209530857633e-03 -5.829899652752948637e-06
-9.999969118023182002e-01 2.485213274413723087e-03 -5.261239039631955581e-06
-9.999974714951125332e-01 2.248764183039849221e-03 -4.747086310055552167e-06
-9.999979297567527237e-01 2.034808351257161307e-03 -4.282255921416318539e-06
-9.999983049989156214e-01 1.841206135860303222e-03 -3.862068255441760275e-06
-9.999986121783424053e-01 1.666021417665384217e-03 -3.482249474252141791e-06
-9.999988637167543937e-01 1.507502244321793890e-03 -3.138953406386468629e-06
-9.999990696965393999e-01 1.364063306570626952e-03 -2.828706392767768468e-06
-9.999992382411387881e-01 1.234270094267286020e-03 -2.548356712342644012e-06
-9.999993763795830271e-01 1.116824555010343658e-03 -2.295049087837632917e-06
-9.999994894003298995e-01 1.010552100537370377e-03 -2.066216225310479609e-06
-9.999995818945094372e-01 9.143898738753034354e-04 -1.859505745201151826e-06
-9.999996576916430069e-01 8.273761092749726438e-04 -1.672806596718154656e-06
-9.999997197892795953e-01 7.486405624246187740e-04 -1.504215586756686648e-06
-9.999997705765431011e-01 6.773957571117934133e-04 -1.351989183527475765e-06
-9.999998121539446228e-01 6.129291014556332955e-04 -1.214579637969076757e-06
-9.999998462495072182e-01 5.545957959090027246e-04 -1.090570340235488467e-06
-9.999998741317269735e-01 5.018123968608814234e-04 -9.786775758349753446e-07
-9.999998969204729748e-01 4.540509526537855607e-04 -8.777285308789869740e-07
-9.999999155957868258e-01 4.108337288011485421e-04 -7.866834619983301399e-07
-9.999999309050348062e-01 3.717284279188893853e-04 -7.045961636147368621e-07
-9.999999434689648137e-01 3.363438968021045436e-04 -6.305745981542594345e-07
-9.999999536863504179e-01 3.043261779270914629e-04 -5.638635253171497256e-07
-9.999999621381263637e-01 2.753549657858349385e-04 -5.037781257137788918e-07
-9.999999689905697542e-01 2.491404525943160457e-04 -4.496738284916683659e-07
-9.999999745979022414e-01 2.254203780504059691e-04 -4.009642258014660011e-07
-9.999999792045531910e-01 2.039574371249859466e-04 -3.571192317208959513e-07
-9.999999829468860790e-01 1.845369031489852145e-04 -3.177003434784057632e-07
-9.999999860546880948e-01 1.669644933812347077e-04 -2.822582996121370109e-07
-9.999999885523157550e-01 1.510643675486778969e-04 -2.503972107320819037e-07
-9.999999906597610844e-01 1.366774235091634273e-04 -2.217886709788151230e-07
-9.999999923933510226e-01 1.236596894257837719e-04 -1.961013775294193433e-07
-9.999999937664870719e-01 1.118809149124656052e-04 -1.730575730288596034e-07
-9.999999948900974989e-01 1.012232273842694839e-04 -1.524003524747423739e-07
-9.999999957731782185e-01 9.157996610531552405e-05 -1.338960590821754033e-07
-9.999999965231027854e-01 8.285462735815709906e-05 -1.173477534380744855e-07
-9.999999971458505277e-01 7.495984414811771111e-05 -1.025454147195748198e-07
-9.999999977462827871e-01 6.781658872947795842e-05 -8.931818928426338708e-08
-9.999999981285607742e-01 6.135338473039467135e-05 -7.750814193827700746e-08
-9.999999984959596633e-01 5.550550939058147148e-05 -6.697793792071019148e-08
-9.999999987510901356e-01 5.021440797595114907e-05 -5.759883213100521707e-08
-9.999999989962047309e-01 4.542709814551958814e-05 -4.925608673410437937e-08
-9.999999991331344207e-01 4.109565807447543154e-05 -4.183481311871212450e-08
-9.999999992634647228e-01 3.717670981850154091e-05 -3.526449033889753281e-08
-9.999999993882437987e-01 3.363098188183698733e-05 -2.945157301136719621e-08
-9.999999995084525306e-01 3.042295865814681759e-05 -2.430769117551568136e-08
-9.999999996250502621e-01 2.752049957296063353e-05 -1.977006337755649362e-08
-9.999999997386610495e-01 2.489451452632715950e-05 -1.577643863516536621e-08
-9.999999997497699411e-01 2.251870272185441070e-05 -1.226980231883841628e-08
-9.999999997589443801e-01 2.036924942235026048e-05 -9.208587118201249782e-09
-9.999999998663898770e-01 1.842461732075127492e-05 -6.541145565652516765e-09
-9.999999998725124239e-01 1.666530309740398732e-05 -4.218677732116856698e-09
-9.999999998774827814e-01 1.507367159185960816e-05 -2.216484694557562710e-09
-9.999999998814999014e-01 1.363374026774153676e-05 -4.822289295713084659e-10
-9.999999998849651295e-01 1.233107085661854383e-05 1.009637038534082396e-09
-9.999999999876448831e-01 1.115259478151881210e-05 2.273634057751686727e-09
-9.999999999899500391e-01 1.008649657487402913e-05 3.345748392456345104e-09
-9.999999999916846516e-01 9.122078857226297708e-06 4.244042786746808230e-09
-9.999999999932178696e-01 8.249657971418269191e-06 4.987590233615470935e-09
-9.999999999944580997e-01 7.460457959870822335e-06 5.597059415426350482e-09
-9.999999999955260233e-01 6.746564402358393361e-06 6.099434444800039167e-09
-9.999999999963699038e-01 6.100798159264628221e-06 6.494569659789617753e-09
-9.999999999970414777e-01 5.516655311553011974e-06 6.786326430847959073e-09
-9.999999999975589526e-01 4.988282074375861702e-06 6.998167405598352220e-09
-9.999999999979337639e-01 4.510358349579079629e-06 7.145309431998609967e-09
-9.999999999982290833e-01 4.078067776930376721e-06 7.211422236833148902e-09
-9.999999999986258770e-01 3.687078547356623769e-06 7.218841098478329921e-09
-9.999999999988865573e-01 3.333445200371685879e-06 7.187959621602076405e-09
-9.999999999991119326e-01 3.013617020163535961e-06 7.137740025673727247e-09
-9.999999999991630029e-01 2.724365466438461523e-06 7.047160743150681612e-09
-9.999999999993650635e-01 2.462765126899145244e-06 6.932266215238873922e-09
-9.999999999995975442e-01 2.226188044259072442e-06 6.801218435786353841e-09
-9.999999999996097566e-01 2.012246039506030837e-06 6.644346547388094757e-09
-9.999999999996335154e-01 1.818780213473194072e-06 6.462543381890819965e-09
-9.999999999997548628e-01 1.643829186635348225e-06 6.268495012790401066e-09
-9.999999999997817302e-01 1.485621723688108961e-06 6.073873813512785891e-09
-9.999999999997886135e-01 1.342575826183336306e-06 5.873004193890511391e-09
-9.999999999998189226e-01 1.213254499681901442e-06 5.667560797433988615e-09
-9.999999999997770672e-01 1.096321197747886378e-06 5.453107996997854450e-09
-9.999999999999404920e-01 9.905926807936722130e-07 5.236607282957046670e-09
-1.000000000000039080e+00 8.950113349481230873e-07 5.017412097087237529e-09
-9.999999999999735767e-01 8.085983372086219687e-07 4.799585953656360322e-09
-1.000000000000068612e+00 7.304827635712801845e-07 4.585695643879053154e-09
-1.000000000000089706e+00 6.598697306545669632e-07 4.381121796420273762e-09
-1.000000000000085043e+00 5.960427189848395384e-07 4.174183096308439657e-09
-1.000000000000000000e+00 5.383528309590077336e-07 3.969024550176976340e-09
-1.000000000000028200e+00 4.861996826574223032e-07 3.778402837728497039e-09
-1.000000000000035083e+00 4.390900627177312069e-07 3.609014012390550736e-09
-1.000000000000090150e+00 3.965036733762777305e-07 3.416825028398779407e-09
-1.000000000000090150e+00 3.580137229544278473e-07 3.225819826621059222e-09
-1.000000000000048184e+00 3.232308839006916806e-07 3.054156195186595645e-09
-1.000000000000000000e+00 2.918076223500838192e-07 2.902860519681679273e-09
-1.000000000000000000e+00 2.634211034522402508e-07 2.750465060914375615e-09
-1.000000000000000000e+00 2.377807408136159225e-07 2.598553603328945565e-09
-1.000000000000000000e+00 2.146209940966924419e-07 2.450836628558565681e-09
-1.000000000000000000e+00 1.936928184234642364e-07 2.321856522036411022e-09
-1.000000000000000000e+00 1.747839346930458092e-07 2.193194825557296228e-09
-1.000000000000000000e+00 1.577048585241968043e-07 2.060003510904901719e-09
-1.000000000000000000e+00 1.422761700800162950e-07 1.936950587872190741e-09
-1.000000000000000000e+00 1.283523225704732094e-07 1.828224553933195757e-09
-1.000000000000000000e+00 1.157854790543791360e-07 1.720750498770457471e-09
-1.000000000000000000e+00 1.044283973437193637e-07 1.607488207048638896e-09
-1.000000000000000000e+00 9.417211839510085655e-08 1.493285342283107457e-09
-1.000000000000000000e+00 8.491904815819147255e-08 1.388376904053785081e-09
-1.000000000000000000e+00 7.657771893663118780e-08 1.308285625697370630e-09
-1.000000000000000000e+00 6.905235849108531438e-08 1.236802078803104055e-09
-1.000000000000000000e+00 6.224263303877537074e-08 1.163245241938505399e-09
-1.000000000000000000e+00 5.609369600506059332e-08 1.081297666541946986e-09
-1.000000000000000000e+00 5.054369266683688546e-08 1.013680346237765094e-09
-1.000000000000000000e+00 4.554018019145148941e-08 9.459857817574384518e-10
-1.000000000000000000e+00 4.103770272661574998e-08 8.813533649209297628e-10
-1.000000000000000000e+00 3.697394496575433527e-08 8.234394759469380019e-10
-1.000000000000000000e+00 3.329563684389943384e-08 7.683401467708204805e-10
-1.000000000000000000e+00 2.998079443193669856e-08 7.160955743419451224e-10
-1.000000000000000000e+00 2.699670139763676244e-08 6.542209532329260646e-10
-1.000000000000000000e+00 2.430297844150868980e-08 6.009642577016804405e-10
-1.000000000000000000e+00 2.187392074219335219e-08 5.612799012958722304e-10
-1.000000000000000000e+00 1.968668622723439104e-08 5.148404996798368557e-10
-1.000000000000000000e+00 1.772265244709482109e-08 4.874248311834048755e-10
-1.000000000000000000e+00 1.595059691239933207e-08 4.572550808145858406e-10
-1.000000000000000000e+00 1.435068403217668802e-08 4.155628535070957040e-10
-1.000000000000000000e+00 1.291538073069457225e-08 3.799095898104171496e-10
-1.000000000000000000e+00 1.161547473362165520e-08 3.502782508943867260e-10
-1.000000000000000000e+00 1.044293424664655619e-08 3.337641591249658680e-10
-1.000000000000000000e+00 9.387691888679158636e-09 3.225981872111848679e-10
-1.000000000000000000e+00 8.435311614376873015e-09 3.195776094518297344e-10
-1.000000000000000000e+00 7.580056123205232298e-09 3.033163488997552982e-10
-1.000000000000000000e+00 6.810666764154039883e-09 2.842140106373757183e-10
-1.000000000000000000e+00 6.120263854236316280e-09 2.501899125383011139e-10
-1.000000000000000000e+00 5.505224090914945262e-09 2.230330993998613214e-10
-1.000000000000000000e+00 4.940773819797549766e-09 1.996968450158621451e-10
-1.000000000000000000e+00 4.441096042894309965e-09 1.813751805925009500e-10
-1.000000000000000000e+00 3.980959247382958162e-09 1.766207062675400018e-10
-1.000000000000000000e+00 3.569071082331650315e-09 1.712353515124237647e-10
-1.000000000000000000e+00 3.193564397035605582e-09 1.634732428668191101e-10
-1.000000000000000000e+00 2.861758057404418382e-09 1.489634007158625942e-10
-1.000000000000000000e+00 2.572100221608499424e-09 1.268995037514553294e-10
-1.000000000000000000e+00 2.318346251060713972e-09 1.176551944012349053e-10
-1.000000000000000000e+00 2.077848814276377861e-09 1.091080696555683091e-10
-1.000000000000000000e+00 1.856063105030119483e-09 9.366103203068715102e-11
-1.000000000000000000e+00 1.663361805987629259e-09 7.458148351273431244e-11
-1.000000000000000000e+00 1.492434072919152972e-09 6.966124505455967947e-11
-1.000000000000000000e+00 1.329846490774007366e-09 6.669284243719728197e-11
-1.000000000000000000e+00 1.185520875109472935e-09 6.369631385182014655e-11
-1.000000000000000000e+00 1.054754184076464667e-09 5.878440589885917898e-11
-1.000000000000000000e+00 9.454348512720352510e-10 5.795485976165144634e-11
-1.000000000000000000e+00 8.448822261272011593e-10 5.516232816596690078e-11
-1.000000000000000000e+00 7.611167091023255871e-10 5.177630463001874031e-11
-1.000000000000000000e+00 6.820211943893003464e-10 4.968828070127834745e-11
-1.000000000000000000e+00 6.129836611073870681e-10 5.108366302277601848e-11
-1.000000000000000000e+00 5.520205444736069396e-10 4.255014104531131419e-11
-1.000000000000000000e+00 5.020751558297160385e-10 3.066413528844860364e-11
-1.000000000000000000e+00 4.515489378208939440e-10 2.500178926604884981e-11
-1.000000000000000000e+00 4.062363671547505136e-10 3.095814965411374883e-11
-1.000000000000000000e+00 3.670099921238705064e-10 3.247398666774176189e-11
-1.000000000000000000e+00 3.252402086521126665e-10 2.464714221355986029e-11
-1.000000000000000000e+00 2.847791940426971611e-10 6.747488519636579806e-12
-1.000000000000000000e+00 2.597084085996204207e-10 3.670979394630074560e-12
-1.000000000000000000e+00 2.292410414943219205e-10 1.755114989613939130e-11
-1.000000000000000000e+00 2.005582744788489651e-10 1.823984578759947823e-11
-1.000000000000000000e+00 1.851104741675873059e-10 1.207170605589683105e-11
-1.000000000000000000e+00 1.571373814183822605e-10 1.284768939603605379e-11
-1.000000000000000000e+00 1.286865162223160880e-10 1.533376105889443249e-11
-1.000000000000000000e+00 1.115896363717475648e-10 1.453467047941001587e-11
-1.000000000000000000e+00 9.337615127636684532e-11 1.132950179563202872e-12
-1.000000000000000000e+00 8.212634616350269349e-11 -4.221171701232287923e-12
-1.000000000000000000e+00 7.150663357799181520e-11 7.822570598103784777e-12
-1.000000000000000000e+00 6.804128856192826829e-11 1.586166081888871103e-11
-1.000000000000000000e+00 6.847333244848799140e-11 1.524504094057979655e-11
-1.000000000000000000e+00 5.987874019807447286e-11 1.788235679403129646e-12
-1.000000000000000000e+00 4.569084106714871286e-11 -1.191687616707153262e-12
-1.000000000000000000e+00 3.453164557866357653e-11 -1.478619986572569386e-12
-1.000000000000000000e+00 3.002636113127747119e-11 -3.796166746547039255e-12
-1.000000000000000000e+00 2.415101245086787715e-11 3.457991666493697913e-12
-1.000000000000000000e+00 2.533617634449268753e-11 1.829156483680769307e-11
-1.000000000000000000e+00 3.470240376246751195e-11 2.883838027134488629e-11
-1.000000000000000000e+00 4.379841710735264108e-11 2.338688202516670775e-11
-1.000000000000000000e+00 3.339239078960156837e-11 9.797703278828317100e-12
-1.000000000000000000e+00 1.498299206444013692e-11 3.344058604800951620e-12
-1.000000000000000000e+00 1.501994057868201259e-11 4.358488101446670688e-12
-1.000000000000000000e+00 1.129755082686392522e-11 6.212219409473249227e-12
-1.000000000000000000e+00 5.545311208061566604e-14 9.142201804947294330e-12
-1.000000000000000000e+00 -2.730505443768436111e-13 1.358555980681161182e-11
-1.000000000000000000e+00 -5.182672445238780675e-12 1.040901646418044971e-11
-1.000000000000000000e+00 -1.487427587972618039e-11 2.173402293577539143e-11
-1.000000000000000000e+00 -1.445591828446590220e-11 3.209920774946115081e-11
-1.000000000000000000e+00 -5.638161604760782878e-13 2.101098096157692859e-11
-1.000000000000000000e+00 6.935234905167684585e-12 1.332691977329305040e-11
-1.000000000000000000e+00 -1.677115940776358054e-13 3.867573478813449879e-12
-1.000000000000000000e+00 -6.903262371669924707e-12 1.301405311213101570e-12
-1.000000000000000000e+00 0.000000000000000000e+00 0.000000000000000000e+00
