Step    Position
0    257
1    258
2    259
3    260
4    261
5    262
6    263
7    264
8    265
9    266
10    267
11    268
12    269
13    270
14    271
15    272
16    273
17    274
18    275
19    276
20    277
21    278
22    279
23    280
24    281
25    282
26    283
27    284
28    285
29    285
30    286
31    287
32    288
33    289
34    290
35    291
36    292
37    293
38    293
39    294
40    295
41    296
42    297
43    298
44    299
45    299
46    300
47    301
48    302
49    303
50    303
51    304
52    305
53    306
54    307
55    307
56    308
57    309
58    310
59    311
60    311
61    312
62    313
63    314
64    314
65    315
66    316
67    316
68    317
69    318
70    319
71    319
72    320
73    321
74    321
75    322
76    323
77    324
78    324
79    325
80    326
81    326
82    327
83    328
84    328
85    329
86    330
87    330
88    331
89    331
90    332
91    333
92    333
93    334
94    335
95    335
96    336
97    337
98    337
99    338
100    338
101    339
102    340
103    340
104    341
105    341
106    342
107    342
108    343
109    344
110    344
111    345
112    345
113    346
114    346
115    347
116    348
117    348
118    349
119    349
120    350
121    350
122    351
123    351
124    352
125    352
126    353
127    353
128    354
129    354
130    355
131    355
132    356
133    356
134    357
135    357
136    358
137    358
138    359
139    359
140    360
141    360
142    361
143    361
144    362
145    362
146    363
147    363
148    364
149    364
150    365
151    365
152    366
153    366
154    366
155    367
156    367
157    368
158    368
159    369
160    369
161    370
162    370
163    370
164    371
165    371
166    372
167    372
168    373
169    373
170    373
171    374
172    374
173    375
174    375
175    375
176    376
177    376
178    377
179    377
180    377
181    378
182    378
183    379
184    379
185    379
186    380
187    380
188    380
189    381
190    381
191    382
192    382
193    382
194    383
195    383
196    383
197    384
198    384
199    385
200    385
201    385
202    386
203    386
204    386
205    387
206    387
207    387
208    388
209    388
210    388
211    389
212    389
213    389
214    390
215    390
216    390
217    391
218    391
219    391
220    392
221    392
222    392
223    393
224    393
225    393
226    394
227    394
228    394
229    395
230    395
231    395
232    395
233    396
234    396
235    396
236    397
237    397
238    397
239    398
240    398
241    398
242    398
243    399
244    399
245    399
246    400
247    400
248    400
249    400
250    401
251    401
252    401
253    402
254    402
255    402
256    402
257    403
258    403
259    403
260    403
261    404
262    404
263    404
264    404
265    405
266    405
267    405
268    406
269    406
270    406
271    406
272    407
273    407
274    407
275    407
276    408
277    408
278    408
279    408
280    409
281    409
282    409
283    409
284    410
285    410
286    410
287    410
288    410
289    411
290    411
291    411
292    411
293    412
294    412
295    412
296    412
297    413
298    413
299    413
300    413
301    413
302    414
303    414
304    414
305    414
306    415
307    415
308    415
309    415
310    415
311    416
312    416
313    416
314    416
315    416
316    417
317    417
318    417
319    417
320    418
321    418
322    418
323    418
324    418
325    419
326    419
327    419
328    419
329    419
330    420
331    420
332    420
333    420
334    420
335    421
336    421
337    421
338    421
339    421
340    421
341    422
342    422
343    422
344    422
345    422
346    423
347    423
348    423
349    423
350    423
351    423
352    424
353    424
354    424
355    424
356    424
357    425
358    425
359    425
360    425
361    425
362    425
363    426
364    426
365    426
366    426
367    426
368    426
369    427
370    427
371    427
372    427
373    427
374    427
375    428
376    428
377    428
378    428
379    428
380    428
381    429
382    429
383    429
384    429
385    429
386    429
387    430
388    430
389    430
390    430
391    430
392    430
393    430
394    431
395    431
396    431
397    431
398    431
399    431
400    431
401    432
402    432
403    432
404    432
405    432
406    432
407    432
408    433
409    433
410    433
411    433
412    433
413    433
414    433
415    434
416    434
417    434
418    434
419    434
420    434
421    434
422    435
423    435
424    435
425    435
426    435
427    435
428    435
429    436
430    436
431    436
432    436
433    436
434    436
435    436
436    436
437    437
438    437
439    437
440    437
441    437
442    437
443    437
444    437
445    438
446    438
447    438
448    438
449    438
450    438
451    438
452    438
453    439
454    439
455    439
456    439
457    439
458    439
459    439
460    439
461    439
462    440
463    440
464    440
465    440
466    440
467    440
468    440
469    440
470    440
471    441
472    441
473    441
474    441
475    441
476    441
477    441
478    441
479    441
480    442
481    442
482    442
483    442
484    442
485    442
486    442
487    442
488    442
489    443
490    443
491    443
492    443
493    443
494    443
495    443
496    443
497    443
498    443
499    444
500    444
501    444
502    444
503    444
504    444
505    444
506    444
507    444
508    444
509    445
510    445
511    445
512    445
513    445
514    445
515    445
516    445
517    445
518    445
519    446
520    446
521    446
522    446
523    446
524    446
525    446
526    446
527    446
528    446
529    446
530    447
531    447
532    447
533    447
534    447
535    447
536    447
537    447
538    447
539    447
540    447
541    447
542    448
543    448
544    448
545    448
546    448
547    448
548    448
549    448
550    448
551    448
552    448
553    449
554    449
555    449
556    449
557    449
558    449
559    449
560    449
561    449
562    449
563    449
564    449
565    449
566    450
567    450
568    450
569    450
570    450
571    450
572    450
573    450
574    450
575    450
576    450
577    450
578    450
579    451
580    451
581    451
582    451
583    451
584    451
585    451
586    451
587    451
588    451
589    451
590    451
591    451
592    452
593    452
594    452
595    452
596    452
597    452
598    452
599    452
600    452
601    452
602    452
603    452
604    452
605    452
606    452
607    453
608    453
609    453
610    453
611    453
612    453
613    453
614    453
615    453
616    453
617    453
618    453
619    453
620    453
621    453
622    454
623    454
624    454
625    454
626    454
627    454
628    454
629    454
630    454
631    454
632    454
633    454
634    454
635    454
636    454
637    454
638    455
639    455
640    455
641    455
642    455
643    455
644    455
645    455
646    455
647    455
648    455
649    455
650    455
651    455
652    455
653    455
654    455
655    456
656    456
657    456
658    456
659    456
660    456
661    456
662    456
663    456
664    456
665    456
666    456
667    456
668    456
669    456
670    456
671    456
672    456
673    457
674    457
675    457
676    457
677    457
678    457
679    457
680    457
681    457
682    457
683    457
684    457
685    457
686    457
687    457
688    457
689    457
690    457
691    457
692    458
693    458
694    458
695    458
696    458
697    458
698    458
699    458
700    458
701    458
702    458
703    458
704    458
705    458
706    458
707    458
708    458
709    458
710    458
711    458
712    459
713    459
714    459
715    459
716    459
717    459
718    459
719    459
720    459
721    459
722    459
723    459
724    459
725    459
726    459
727    459
728    459
729    459
730    459
731    459
732    459
733    459
734    459
735    460
736    460
737    460
738    460
739    460
740    460
741    460
742    460
743    460
744    460
745    460
746    460
747    460
748    460
749    460
750    460
751    460
752    460
753    460
754    460
755    460
756    460
757    460
758    460
759    461
760    461
761    461
762    461
763    461
764    461
765    461
766    461
767    461
768    461
769    461
770    461
771    461
772    461
773    461
774    461
775    461
776    461
777    461
778    461
779    461
780    461
781    461
782    461
783    461
784    461
785    461
786    462
787    462
788    462
789    462
790    462
791    462
792    462
793    462
794    462
795    462
796    462
797    462
798    462
799    462
800    462
801    462
802    462
803    462
804    462
805    462
806    462
807    462
808    462
809    462
810    462
811    462
812    462
813    462
814    462
815    462
816    462
817    463
818    463
819    463
820    463
821    463
822    463
823    463
824    463
825    463
826    463
827    463
828    463
829    463
830    463
831    463
832    463
833    463
834    463
835    463
836    463
837    463
838    463
839    463
840    463
841    463
842    463
843    463
844    463
845    463
846    463
847    463
848    463
849    463
850    463
851    463
852    463
853    464
854    464
855    464
856    464
857    464
858    464
859    464
860    464
861    464
862    464
863    464
864    464
865    464
866    464
867    464
868    464
869    464
870    464
871    464
872    464
873    464
874    464
875    464
876    464
877    464
878    464
879    464
880    464
881    464
882    464
883    464
884    464
885    464
886    464
887    464
888    464
889    464
890    464
891    464
892    464
893    464
894    464
895    464
896    465
897    465
898    465
899    465
900    465
901    465
902    465
903    465
904    465
905    465
906    465
907    465
908    465
909    465
910    465
911    465
912    465
913    465
914    465
915    465
916    465
917    465
918    465
919    465
920    465
921    465
922    465
923    465
924    465
925    465
926    465
927    465
928    465
929    465
930    465
931    465
932    465
933    465
934    465
935    465
936    465
937    465
938    465
939    465
940    465
941    465
942    465
943    465
944    465
945    465
946    465
947    465
948    465
949    465
950    465
951    465
952    465
953    465
954    465
955    465
956    466
957    466
958    466
959    466
960    466
961    466
962    466
963    466
964    466
965    466
966    466
967    466
968    466
969    466
970    466
971    466
972    466
973    466
974    466
975    466
976    466
977    466
978    466
979    466
980    466
981    466
982    466
983    466
984    466
985    466
986    466
987    466
988    466
989    466
990    466
991    466
992    466
993    466
994    466
995    466
996    466
997    466
998    466
999    466
1000    466
1001    466
1002    466
1003    466
1004    466
1005    466
1006    466
1007    466
1008    466
1009    466
1010    466
1011    466
1012    466
1013    466
1014    466
1015    466
1016    466
1017    466
1018    466
1019    466
1020    466
1021    466
1022    466
1023    466
1024    466
1025    466
1026    466
1027    466
1028    466
1029    466
1030    466
1031    466
1032    466
1033    466
1034    466
1035    466
1036    466
1037    466
1038    466
1039    466
1040    466
1041    466
1042    466
1043    466
1044    466
1045    466
1046    466
1047    466
1048    466
1049    466
1050    466
1051    466
1052    466
1053    466
1054    466
1055    466
1056    466
1057    466
1058    466
1059    466
1060    466
1061    466
1062    466
1063    466
1064    466
1065    466
1066    466
1067    466
1068    466
1069    466
1070    466
1071    466
1072    466
1073    466
1074    466
1075    466
1076    466
1077    466
1078    466
1079    466
1080    466
1081    466
1082    466
1083    466
1084    466
1085    466
1086    466
1087    466
1088    466
1089    466
1090    466
1091    466
1092    466
1093    466
1094    466
1095    466
1096    466
1097    466
1098    466
1099    466
1100    466
1101    466
1102    466
1103    466
1104    466
1105    466
1106    466
1107    466
1108    466
1109    466
1110    466
1111    466
1112    466
1113    466
1114    466
1115    466
1116    466
1117    466
1118    466
1119    466
1120    466
1121    466
1122    466
1123    466
1124    466
1125    466
1126    466
1127    466
1128    466
1129    466
1130    466
1131    466
1132    466
1133    466
1134    466
1135    466
1136    466
1137    466
1138    466
1139    466
1140    466
1141    466
1142    466
1143    466
1144    466
1145    466
1146    466
1147    466
1148    466
1149    466
1150    466
1151    466
1152    466
1153    466
1154    466
1155    466
1156    466
1157    466
1158    466
1159    466
1160    466
1161    466
1162    466
1163    466
1164    466
1165    466
1166    466
1167    466
1168    466
1169    466
1170    466
1171    466
1172    466
1173    466
1174    466
1175    466
1176    466
1177    466
1178    466
1179    466
1180    466
1181    466
1182    466
1183    466
1184    466
1185    466
1186    466
1187    466
1188    466
1189    466
1190    466
1191    466
1192    466
1193    466
1194    466
1195    466
1196    466
1197    466
1198    466
1199    466
1200    466
1201    466
1202    466
1203    466
1204    466
1205    466
1206    466
1207    466
1208    466
1209    466
1210    466
1211    466
1212    466
1213    466
1214    466
1215    466
1216    466
1217    466
1218    466
1219    466
1220    466
1221    466
1222    466
1223    466
1224    466
1225    466
1226    466
1227    466
1228    466
1229    466
1230    466
1231    466
1232    466
1233    466
1234    466
1235    466
1236    466
1237    466
1238    466
1239    466
1240    466
1241    466
1242    466
1243    466
1244    466
1245    466
1246    466
1247    466
1248    466
1249    466
1250    466
1251    466
1252    465
1253    465
1254    465
1255    465
1256    465
1257    465
1258    465
1259    465
1260    465
1261    465
1262    465
1263    465
1264    465
1265    465
1266    465
1267    465
1268    465
1269    465
1270    465
1271    465
1272    465
1273    465
1274    465
1275    465
1276    465
1277    465
1278    465
1279    465
1280    465
1281    465
1282    465
1283    465
1284    465
1285    465
1286    465
1287    465
1288    465
1289    465
1290    465
1291    465
1292    465
1293    465
1294    465
1295    465
1296    465
1297    465
1298    465
1299    465
1300    465
1301    465
1302    465
1303    465
1304    465
1305    465
1306    465
1307    465
1308    465
1309    465
1310    465
1311    465
1312    465
1313    465
1314    465
1315    465
1316    465
1317    465
1318    465
1319    465
1320    465
1321    465
1322    465
1323    465
1324    465
1325    465
1326    465
1327    465
1328    465
1329    465
1330    465
1331    465
1332    465
1333    465
1334    465
1335    465
1336    465
1337    465
1338    465
1339    465
1340    465
1341    465
1342    465
1343    464
1344    464
1345    464
1346    464
1347    464
1348    464
1349    464
1350    464
1351    464
1352    464
1353    464
1354    464
1355    464
1356    464
1357    464
1358    464
1359    464
1360    464
1361    464
1362    464
1363    464
1364    464
1365    464
1366    464
1367    464
1368    464
1369    464
1370    464
1371    464
1372    464
1373    464
1374    464
1375    464
1376    464
1377    464
1378    464
1379    464
1380    464
1381    464
1382    464
1383    464
1384    464
1385    464
1386    464
1387    464
1388    464
1389    464
1390    464
1391    464
1392    464
1393    464
1394    464
1395    464
1396    464
1397    464
1398    464
1399    464
1400    464
1401    464
1402    464
1403    464
1404    464
1405    464
1406    464
1407    464
1408    464
1409    464
1410    464
1411    464
1412    464
1413    464
1414    464
1415    464
1416    464
1417    464
1418    464
1419    464
1420    464
1421    464
1422    464
1423    463
1424    463
1425    463
1426    463
1427    463
1428    463
1429    463
1430    463
1431    463
1432    463
1433    463
1434    463
1435    463
1436    463
1437    463
1438    463
1439    463
1440    463
1441    463
1442    463
1443    463
1444    463
1445    463
1446    463
1447    463
1448    463
1449    463
1450    463
1451    463
1452    463
1453    463
1454    463
1455    463
1456    463
1457    463
1458    463
1459    463
1460    463
1461    463
1462    463
1463    463
1464    463
1465    463
1466    463
1467    463
1468    463
1469    463
1470    463