Step    Position
0    2039
1    2040
2    2040
3    1840
4    1840
5    2040
6    1840
7    2041
8    1841
9    1841
10    1841
11    1841
12    1841
13    1841
14    1841
15    1842
16    1842
17    1842
18    1842
19    1842
20    1842
21    1842
22    1842
23    1842
24    1843
25    1843
26    1843
27    1843
28    1843
29    1843
30    1843
31    1843
32    1843
33    1843
34    1844
35    1844
36    1844
37    1844
38    1844
39    1844
40    1844
41    1844
42    1844
43    1844
44    1845
45    1845
46    1845
47    1845
48    1845
49    1845
50    1845
51    1845
52    1845
53    1845
54    1845
55    1846
56    1846
57    1846
58    1846
59    1846
60    1846
61    1846
62    1846
63    1846
64    1846
65    1846
66    1846
67    1846
68    1847
69    1847
70    1847
71    1847
72    1847
73    1847
74    1847
75    1847
76    1847
77    1847
78    1847
79    1847
80    1847
81    1848
82    1848
83    1848
84    1848
85    1848
86    1848
87    1848
88    1848
89    1848
90    1848
91    1848
92    1848
93    1848
94    1849
95    1849
96    1849
97    1849
98    1849
99    1849
100    1849
101    1849
102    1849
103    1849
104    1849
105    1849
106    1849
107    1849
108    1849
109    1850
110    1850
111    1850
112    1850
113    1850
114    1850
115    1850
116    1850
117    1850
118    1850
119    1850
120    1850
121    1850
122    1850
123    1850
124    1851
125    1851
126    1851
127    1851
128    1851
129    1851
130    1851
131    1851
132    1851
133    1851
134    1851
135    1851
136    1851
137    1851
138    1851
139    1852
140    1852
141    1852
142    1852
143    1852
144    1852
145    1852
146    1852
147    1852
148    1852
149    1852
150    1852
151    1852
152    1852
153    1852
154    1852
155    1853
156    1853
157    1853
158    1853
159    1853
160    1853
161    1853
162    1853
163    1853
164    1853
165    1853
166    1853
167    1853
168    1853
169    1853
170    1853
171    1854
172    1854
173    1854
174    1854
175    1854
176    1854
177    1854
178    1854
179    1854
180    1854
181    1854
182    1854
183    1854
184    1854
185    1854
186    1854
187    1855
188    1855
189    1855
190    1855
191    1855
192    1855
193    1855
194    1855
195    1855
196    1855
197    1855
198    1855
199    1855
200    1855
201    1855
202    1855
203    1856
204    1856
205    1856
206    1856
207    1856
208    1856
209    1856
210    1856
211    1856
212    1856
213    1856
214    1856
215    1856
216    1856
217    1856
218    1856
219    1857
220    1857
221    1857
222    1857
223    1857
224    1857
225    1857
226    1857
227    1857
228    1857
229    1857
230    1857
231    1857
232    1857
233    1857
234    1857
235    1857
236    1858
237    1858
238    1858
239    1858
240    1858
241    1858
242    1858
243    1858
244    1858
245    1858
246    1858
247    1858
248    1858
249    1858
250    1858
251    1858
252    1859
253    1859
254    1859
255    1859
256    1859
257    1859
258    1859
259    1859
260    1859
261    1859
262    1859
263    1859
264    1859
265    1859
266    1859
267    1859
268    1859
269    1860
270    1860
271    1860
272    1860
273    1860
274    1860
275    1860
276    1860
277    1860
278    1860
279    1860
280    1860
281    1860
282    1860
283    1860
284    1860
285    1861
286    1861
287    1861
288    1861
289    1861
290    1861
291    1861
292    1861
293    1861
294    1861
295    1861
296    1861
297    1861
298    1861
299    1861
300    1861
301    1861
302    1862
303    1862
304    1862
305    1862
306    1862
307    1862
308    1862
309    1862
310    1862
311    1862
312    1862
313    1862
314    1862
315    1862
316    1862
317    1862
318    1863
319    1863
320    1863
321    1863
322    1863
323    1863
324    1863
325    1863
326    1863
327    1863
328    1863
329    1863
330    1863
331    1863
332    1863
333    1863
334    1863
335    1864
336    1864
337    1864
338    1864
339    1864
340    1864
341    1864
342    1864
343    1864
344    1864
345    1864
346    1864
347    1864
348    1864
349    1864
350    1864
351    1865
352    1865
353    1865
354    1865
355    1865
356    1865
357    1865
358    1865
359    1865
360    1865
361    1865
362    1865
363    1865
364    1865
365    1865
366    1865
367    1865
368    1866
369    1866
370    1866
371    1866
372    1866
373    1866
374    1866
375    1866
376    1866
377    1866
378    1866
379    1866
380    1866
381    1866
382    1866
383    1866
384    1867
385    1867
386    1867
387    1867
388    1867
389    1867
390    1867
391    1867
392    1867
393    1867
394    1867
395    1867
396    1867
397    1867
398    1867
399    1867
400    1867
401    1868
402    1868
403    1868
404    1868
405    1868
406    1868
407    1868
408    1868
409    1868
410    1868
411    1868
412    1868
413    1868
414    1868
415    1868
416    1868
417    1868
418    1869
419    1869
420    1869
421    1869
422    1869
423    1869
424    1869
425    1869
426    1869
427    1869
428    1869
429    1869
430    1869
431    1869
432    1869
433    1869
434    1870
435    1870
436    1870
437    1870
438    1870
439    1870
440    1870
441    1870
442    1870
443    1870
444    1870
445    1870
446    1870
447    1870
448    1870
449    1870
450    1870
451    1871
452    1871
453    1871
454    1871
455    1871
456    1871
457    1871
458    1871
459    1871
460    1871
461    1871
462    1871
463    1871
464    1871
465    1871
466    1871
467    1872
468    1872
469    1872
470    1872
471    1872
472    1872
473    1872
474    1872
475    1872
476    1872
477    1872
478    1872
479    1872
480    1872
481    1872
482    1872
483    1872
484    1873
485    1873
486    1873
487    1873
488    1873
489    1873
490    1873
491    1873
492    1873
493    1873
494    1873
495    1873
496    1873
497    1873
498    1873
499    1873