Step    Position
0    2039
1    1840
2    1840
3    1840
4    2041
5    2041
6    2041
7    1841
8    2042
9    2042
10    2042
11    2042
12    2043
13    2043
14    2043
15    2043
16    2044
17    2044
18    2044
19    2044
20    2045
21    2045
22    2045
23    2045
24    2046
25    2046
26    2046
27    2047
28    2047
29    2047
30    2047
31    2048
32    2048
33    2048
34    2049
35    2049
36    2049
37    2049
38    2050
39    2050
40    2050
41    2051
42    2051
43    2051
44    2052
45    2052
46    2052
47    2052
48    2053
49    2053
50    2053
51    2054
52    2054
53    2054
54    2055
55    2055
56    2055
57    2056
58    2056
59    2056
60    2057
61    2057
62    2057
63    2057
64    2058
65    2058
66    2058
67    2059
68    2059
69    2059
70    2060
71    2060
72    2060
73    2061
74    2061
75    2061
76    2062
77    2062
78    2062
79    2063
80    2063
81    2063
82    2064
83    2064
84    2064
85    2065
86    2065
87    2065
88    2066
89    2066
90    2066
91    2067
92    2067
93    2067
94    2068
95    2068
96    2068
97    2069
98    2069
99    2070
100    2070
101    2070
102    2071
103    2071
104    2071
105    2072
106    2072
107    2072
108    2073
109    2073
110    2073
111    2074
112    2074
113    2074
114    2075
115    2075
116    2075
117    2076
118    2076
119    2076
120    2077
121    2077
122    2077
123    2078
124    2078
125    2079
126    2079
127    2079
128    2080
129    2080
130    2080
131    2081
132    2081
133    2081
134    2082
135    2082
136    2082
137    2083
138    2083
139    2083
140    2084
141    2084
142    2085
143    2085
144    2085
145    2086
146    2086
147    2086
148    2087
149    2087
150    2087
151    2088
152    2088
153    2088
154    2089
155    2089
156    2090
157    2090
158    2090
159    2091
160    2091
161    2091
162    2092
163    2092
164    2092
165    2093
166    2093
167    2093
168    2094
169    2094
170    2095
171    2095
172    2095
173    2096
174    2096
175    2096
176    2097
177    2097
178    2097
179    2098
180    2098
181    2098
182    2099
183    2099
184    2100
185    2100
186    2100
187    2101
188    2101
189    2101
190    2102
191    2102
192    2102
193    2103
194    2103
195    2103
196    2104
197    2104
198    2105
199    2105
200    2105
201    2106
202    2106
203    2106
204    2107
205    2107
206    2107
207    2108
208    2108
209    2109
210    2109
211    2109
212    2110
213    2110
214    2110
215    2111
216    2111
217    2111
218    2112
219    2112
220    2112
221    2113
222    2113
223    2114
224    2114
225    2114
226    2115
227    2115
228    2115
229    2116
230    2116
231    2116
232    2117
233    2117
234    2118
235    2118
236    2118
237    2119
238    2119
239    2119
240    2120
241    2120
242    2120
243    2121
244    2121
245    2121
246    2122
247    2122
248    2123
249    2123
250    2123
251    2124
252    2124
253    2124
254    2125
255    2125
256    2125
257    2126
258    2126
259    2127
260    2127
261    2127
262    2128
263    2128
264    2128
265    2129
266    2129
267    2129
268    2130
269    2130
270    2131
271    2131
272    2131
273    2132
274    2132
275    2132
276    2133
277    2133
278    2133
279    2134
280    2134
281    2135
282    2135
283    2135
284    2136
285    2136
286    2136
287    2137
288    2137
289    2137
290    2138
291    2138
292    2138
293    2139
294    2139
295    2140
296    2140
297    2140
298    2141
299    2141
300    2141
301    2142
302    2142
303    2142
304    2143
305    2143
306    2144
307    2144
308    2144
309    2145
310    2145
311    2145
312    2146
313    2146
314    2146
315    2147
316    2147
317    2148
318    2148
319    2148
320    2149
321    2149
322    2149
323    2150
324    2150
325    2150
326    2151
327    2151
328    2152
329    2152
330    2152
331    2153
332    2153
333    2153
334    2154
335    2154
336    2154
337    2155
338    2155
339    2155
340    2156
341    2156
342    2157
343    2157
344    2157
345    2158
346    2158
347    2158
348    2159
349    2159
350    2159
351    2160
352    2160
353    2161
354    2161
355    2161
356    2162
357    2162
358    2162
359    2163
360    2163
361    2163
362    2164
363    2164
364    2165
365    2165
366    2165
367    2166
368    2166
369    2166
370    2167
371    2167
372    2167
373    2168
374    2168
375    2169
376    2169
377    2169
378    2170
379    2170
380    2170
381    2171
382    2171
383    2171
384    2172
385    2172
386    2172
387    2173
388    2173
389    2174
390    2174
391    2174
392    2175
393    2175
394    2175
395    2176
396    2176
397    2176
398    2177
399    2177
400    2178
401    2178
402    2178
403    2179
404    2179
405    2179
406    2180
407    2180
408    2180
409    2181
410    2181
411    2182
412    2182
413    2182
414    2183
415    2183
416    2183
417    2184
418    2184
419    2184
420    2185
421    2185
422    2186
423    2186
424    2186
425    2187
426    2187
427    2187
428    2188
429    2188
430    2188
431    2189
432    2189
433    2189
434    2190
435    2190
436    2191
437    2191
438    2191
439    2192
440    2192
441    2192
442    2193
443    2193
444    2193
445    2194
446    2194
447    2195
448    2195
449    2195
450    2196
451    2196
452    2196
453    2197
454    2197
455    2197
456    2198
457    2198
458    2199
459    2199
460    2199
461    2000
462    2000
463    2000
464    2001
465    2001
466    2001
467    2002
468    2002
469    2003
470    2003
471    2003
472    2004
473    2004
474    2004
475    2005
476    2005
477    2005
478    2006
479    2006
480    2007
481    2007
482    2007
483    2008
484    2008
485    2008
486    2009
487    2009
488    2009
489    2010
490    2010
491    2010
492    2011
493    2011
494    2012
495    2012
496    2012
497    2013
498    2013
499    2013