Step    Position
0    257
1    258
2    259
3    260
4    261
5    262
6    263
7    265
8    266
9    267
10    268
11    269
12    270
13    271
14    272
15    273
16    274
17    275
18    276
19    277
20    278
21    279
22    280
23    281
24    282
25    283
26    284
27    285
28    286
29    287
30    288
31    289
32    290
33    291
34    292
35    293
36    294
37    295
38    296
39    296
40    297
41    298
42    299
43    300
44    301
45    302
46    303
47    304
48    304
49    305
50    306
51    307
52    308
53    309
54    309
55    310
56    311
57    312
58    313
59    314
60    314
61    315
62    316
63    317
64    318
65    318
66    319
67    320
68    321
69    321
70    322
71    323
72    324
73    324
74    325
75    326
76    327
77    327
78    328
79    329
80    329
81    330
82    331
83    332
84    332
85    333
86    334
87    334
88    335
89    336
90    336
91    337
92    338
93    338
94    339
95    340
96    340
97    341
98    342
99    342
100    343
101    344
102    344
103    345
104    345
105    346
106    347
107    347
108    348
109    349
110    349
111    350
112    350
113    351
114    352
115    352
116    353
117    353
118    354
119    354
120    355
121    356
122    356
123    357
124    357
125    358
126    358
127    359
128    360
129    360
130    361
131    361
132    362
133    362
134    363
135    363
136    364
137    364
138    365
139    365
140    366
141    366
142    367
143    367
144    368
145    368
146    369
147    369
148    370
149    370
150    371
151    371
152    372
153    372
154    373
155    373
156    374
157    374
158    375
159    375
160    376
161    376
162    377
163    377
164    377
165    378
166    378
167    379
168    379
169    380
170    380
171    381
172    381
173    381
174    382
175    382
176    383
177    383
178    384
179    384
180    384
181    385
182    385
183    386
184    386
185    386
186    387
187    387
188    388
189    388
190    389
191    389
192    389
193    390
194    390
195    390
196    391
197    391
198    392
199    392
200    392
201    393
202    393
203    394
204    394
205    394
206    395
207    395
208    395
209    396
210    396
211    396
212    397
213    397
214    398
215    398
216    398
217    399
218    399
219    399
220    400
221    400
222    400
223    401
224    401
225    401
226    402
227    402
228    402
229    403
230    403
231    403
232    404
233    404
234    404
235    405
236    405
237    405
238    406
239    406
240    406
241    407
242    407
243    407
244    408
245    408
246    408
247    408
248    409
249    409
250    409
251    410
252    410
253    410
254    411
255    411
256    411
257    411
258    412
259    412
260    412
261    413
262    413
263    413
264    413
265    414
266    414
267    414
268    415
269    415
270    415
271    415
272    416
273    416
274    416
275    417
276    417
277    417
278    417
279    418
280    418
281    418
282    418
283    419
284    419
285    419
286    419
287    420
288    420
289    420
290    420
291    421
292    421
293    421
294    421
295    422
296    422
297    422
298    422
299    423
300    423
301    423
302    423
303    424
304    424
305    424
306    424
307    425
308    425
309    425
310    425
311    426
312    426
313    426
314    426
315    426
316    427
317    427
318    427
319    427
320    428
321    428
322    428
323    428
324    428
325    429
326    429
327    429
328    429
329    430
330    430
331    430
332    430
333    430
334    431
335    431
336    431
337    431
338    431
339    432
340    432
341    432
342    432
343    432
344    433
345    433
346    433
347    433
348    434
349    434
350    434
351    434
352    434
353    434
354    435
355    435
356    435
357    435
358    435
359    436
360    436
361    436
362    436
363    436
364    437
365    437
366    437
367    437
368    437
369    438
370    438
371    438
372    438
373    438
374    438
375    439
376    439
377    439
378    439
379    439
380    440
381    440
382    440
383    440
384    440
385    440
386    441
387    441
388    441
389    441
390    441
391    441
392    442
393    442
394    442
395    442
396    442
397    442
398    443
399    443
400    443
401    443
402    443
403    443
404    444
405    444
406    444
407    444
408    444
409    444
410    445
411    445
412    445
413    445
414    445
415    445
416    445
417    446
418    446
419    446
420    446
421    446
422    446
423    447
424    447
425    447
426    447
427    447
428    447
429    447
430    448
431    448
432    448
433    448
434    448
435    448
436    448
437    449
438    449
439    449
440    449
441    449
442    449
443    449
444    450
445    450
446    450
447    450
448    450
449    450
450    450
451    451
452    451
453    451
454    451
455    451
456    451
457    451
458    451
459    452
460    452
461    452
462    452
463    452
464    452
465    452
466    453
467    453
468    453
469    453
470    453
471    453
472    453
473    453
474    454
475    454
476    454
477    454
478    454
479    454
480    454
481    454
482    455
483    455
484    455
485    455
486    455
487    455
488    455
489    455
490    456
491    456
492    456
493    456
494    456
495    456
496    456
497    456
498    456
499    457
500    457
501    457
502    457
503    457
504    457
505    457
506    457
507    457
508    458
509    458
510    458
511    458
512    458
513    458
514    458
515    458
516    458
517    459
518    459
519    459
520    459
521    459
522    459
523    459
524    459
525    459
526    460
527    460
528    460
529    460
530    460
531    460
532    460
533    460
534    460
535    460
536    461
537    461
538    461
539    461
540    461
541    461
542    461
543    461
544    461
545    461
546    462
547    462
548    462
549    462
550    462
551    462
552    462
553    462
554    462
555    462
556    462
557    463
558    463
559    463
560    463
561    463
562    463
563    463
564    463
565    463
566    463
567    463
568    464
569    464
570    464
571    464
572    464
573    464
574    464
575    464
576    464
577    464
578    464
579    465
580    465
581    465
582    465
583    465
584    465
585    465
586    465
587    465
588    465
589    465
590    465
591    466
592    466
593    466
594    466
595    466
596    466
597    466
598    466
599    466
600    466
601    466
602    466
603    467
604    467
605    467
606    467
607    467
608    467
609    467
610    467
611    467
612    467
613    467
614    467
615    467
616    468
617    468
618    468
619    468
620    468
621    468
622    468
623    468
624    468
625    468
626    468
627    468
628    468
629    468
630    469
631    469
632    469
633    469
634    469
635    469
636    469
637    469
638    469
639    469
640    469
641    469
642    469
643    469
644    469
645    470
646    470
647    470
648    470
649    470
650    470
651    470
652    470
653    470
654    470
655    470
656    470
657    470
658    470
659    470
660    470
661    471
662    471
663    471
664    471
665    471
666    471
667    471
668    471
669    471
670    471
671    471
672    471
673    471
674    471
675    471
676    471
677    471
678    471
679    472
680    472
681    472
682    472
683    472
684    472
685    472
686    472
687    472
688    472
689    472
690    472
691    472
692    472
693    472
694    472
695    472
696    472
697    472
698    472
699    473
700    473
701    473
702    473
703    473
704    473
705    473
706    473
707    473
708    473
709    473
710    473
711    473
712    473
713    473
714    473
715    473
716    473
717    473
718    473
719    473
720    473
721    473
722    473
723    473
724    474
725    474
726    474
727    474
728    474
729    474
730    474
731    474
732    474
733    474
734    474
735    474
736    474
737    474
738    474
739    474
740    474
741    474
742    474
743    474
744    474
745    474
746    474
747    474
748    474
749    474
750    474
751    474
752    474
753    474
754    474
755    474
756    474
757    474
758    474
759    474
760    474
761    475
762    475
763    475
764    475
765    475
766    475
767    475
768    475
769    475
770    475
771    475
772    475
773    475
774    475
775    475
776    475
777    475
778    475
779    475
780    475
781    475
782    475
783    475
784    475
785    475
786    475
787    475
788    475
789    475
790    475
791    475
792    475
793    475
794    475
795    475
796    475
797    475
798    475
799    475
800    475
801    475
802    475
803    475
804    475
805    475
806    475
807    475
808    475
809    475
810    475
811    475
812    475
813    475
814    475
815    475
816    475
817    475
818    475
819    475
820    475
821    475
822    475
823    475
824    475
825    475
826    475
827    475
828    475
829    475
830    475
831    475
832    475
833    475
834    475
835    475
836    475
837    475
838    475
839    475
840    475
841    475
842    475
843    475
844    475
845    475
846    475
847    475
848    475
849    475
850    475
851    475
852    475
853    475
854    475
855    475
856    475
857    475
858    475
859    475
860    475
861    475
862    474
863    474
864    474
865    474
866    474
867    474
868    474
869    474
870    474
871    474
872    474
873    474
874    474
875    474
876    474
877    474
878    474
879    474
880    474
881    474
882    474
883    474
884    474
885    474
886    474
887    474
888    474
889    474
890    474
891    474
892    474
893    474
894    474
895    474
896    474
897    474
898    474
899    474
900    474
901    474
902    474
903    474
904    474
905    474
906    474
907    473
908    473
909    473
910    473
911    473
912    473
913    473
914    473
915    473
916    473
917    473
918    473
919    473
920    473
921    473
922    473
923    473
924    473
925    473
926    473
927    473
928    473
929    473
930    473
931    473
932    473
933    473
934    473
935    473
936    473
937    473
938    473
939    473
940    473
941    472
942    472
943    472
944    472
945    472
946    472
947    472
948    472
949    472
950    472
951    472
952    472
953    472
954    472
955    472
956    472
957    472
958    472
959    472
960    472
961    472
962    472
963    472
964    472
965    472
966    472
967    472
968    472
969    472
970    472
971    471
972    471
973    471
974    471
975    471
976    471
977    471
978    471
979    471
980    471
981    471
982    471
983    471
984    471
985    471
986    471
987    471
988    471
989    471
990    471
991    471
992    471
993    471
994    471
995    471
996    471
997    471
998    471
999    470
1000    470
1001    470
1002    470
1003    470
1004    470
1005    470
1006    470
1007    470
1008    470
1009    470
1010    470
1011    470
1012    470
1013    470
1014    470
1015    470
1016    470
1017    470
1018    470
1019    470
1020    470
1021    470
1022    470
1023    470
1024    470
1025    470
1026    469
1027    469
1028    469
1029    469
1030    469
1031    469
1032    469
1033    469
1034    469
1035    469
1036    469
1037    469
1038    469
1039    469
1040    469
1041    469
1042    469
1043    469
1044    469
1045    469
1046    469
1047    469
1048    469
1049    469
1050    469
1051    469
1052    469
1053    468
1054    468
1055    468
1056    468
1057    468
1058    468
1059    468
1060    468
1061    468
1062    468
1063    468
1064    468
1065    468
1066    468
1067    468
1068    468
1069    468
1070    468
1071    468
1072    468
1073    468
1074    468
1075    468
1076    468
1077    468
1078    468
1079    468
1080    467
1081    467
1082    467
1083    467
1084    467
1085    467
1086    467
1087    467
1088    467
1089    467
1090    467
1091    467
1092    467
1093    467
1094    467
1095    467
1096    467
1097    467
1098    467
1099    467
1100    467
1101    467
1102    467
1103    467
1104    467
1105    467
1106    467
1107    466
1108    466
1109    466
1110    466
1111    466
1112    466
1113    466
1114    466
1115    466
1116    466
1117    466
1118    466
1119    466
1120    466
1121    466
1122    466
1123    466
1124    466
1125    466
1126    466
1127    466
1128    466
1129    466
1130    466
1131    466
1132    466
1133    466
1134    465
1135    465
1136    465
1137    465
1138    465
1139    465
1140    465
1141    465
1142    465
1143    465
1144    465
1145    465
1146    465
1147    465
1148    465
1149    465
1150    465
1151    465
1152    465
1153    465
1154    465
1155    465
1156    465
1157    465
1158    465
1159    465
1160    465
1161    465
1162    465
1163    464
1164    464
1165    464
1166    464
1167    464
1168    464
1169    464
1170    464
1171    464
1172    464
1173    464
1174    464
1175    464
1176    464
1177    464
1178    464
1179    464
1180    464
1181    464
1182    464
1183    464
1184    464
1185    464
1186    464
1187    464
1188    464
1189    464
1190    464
1191    464
1192    463
1193    463
1194    463
1195    463
1196    463
1197    463
1198    463
1199    463
1200    463
1201    463
1202    463
1203    463
1204    463
1205    463
1206    463
1207    463
1208    463
1209    463
1210    463
1211    463
1212    463
1213    463
1214    463
1215    463
1216    463
1217    463
1218    463
1219    463
1220    463
1221    463
1222    462
1223    462
1224    462
1225    462
1226    462
1227    462
1228    462
1229    462
1230    462
1231    462
1232    462
1233    462
1234    462
1235    462
1236    462
1237    462
1238    462
1239    462
1240    462
1241    462
1242    462
1243    462
1244    462
1245    462
1246    462
1247    462
1248    462
1249    462
1250    462
1251    462
1252    462
1253    462
1254    461
1255    461
1256    461
1257    461
1258    461
1259    461
1260    461
1261    461
1262    461
1263    461
1264    461
1265    461
1266    461
1267    461
1268    461
1269    461
1270    461
1271    461
1272    461
1273    461
1274    461
1275    461
1276    461
1277    461
1278    461
1279    461
1280    461
1281    461
1282    461
1283    461
1284    461
1285    461
1286    461
1287    460
1288    460
1289    460
1290    460
1291    460
1292    460
1293    460
1294    460
1295    460
1296    460
1297    460
1298    460
1299    460
1300    460
1301    460
1302    460
1303    460
1304    460
1305    460
1306    460
1307    460
1308    460
1309    460
1310    460
1311    460
1312    460
1313    460
1314    460
1315    460
1316    460
1317    460
1318    460
1319    460
1320    460
1321    460
1322    459
1323    459
1324    459
1325    459
1326    459
1327    459
1328    459
1329    459
1330    459
1331    459
1332    459
1333    459
1334    459
1335    459
1336    459
1337    459
1338    459
1339    459
1340    459
1341    459
1342    459
1343    459
1344    459
1345    459
1346    459
1347    459
1348    459
1349    459
1350    459
1351    459
1352    459
1353    459
1354    459
1355    459
1356    459
1357    459
1358    459
1359    459
1360    458
1361    458
1362    458
1363    458
1364    458
1365    458
1366    458
1367    458
1368    458
1369    458
1370    458
1371    458
1372    458
1373    458
1374    458
1375    458
1376    458
1377    458
1378    458
1379    458
1380    458
1381    458
1382    458
1383    458
1384    458
1385    458
1386    458
1387    458
1388    458
1389    458
1390    458
1391    458
1392    458
1393    458
1394    458
1395    458
1396    458
1397    458
1398    458
1399    458
1400    457
1401    457
1402    457
1403    457
1404    457
1405    457
1406    457
1407    457
1408    457
1409    457
1410    457
1411    457
1412    457
1413    457
1414    457
1415    457
1416    457
1417    457
1418    457
1419    457
1420    457
1421    457
1422    457
1423    457
1424    457
1425    457
1426    457
1427    457
1428    457
1429    457
1430    457
1431    457
1432    457
1433    457
1434    457
1435    457
1436    457
1437    457
1438    457
1439    457
1440    457
1441    457
1442    457
1443    456
1444    456
1445    456
1446    456
1447    456
1448    456
1449    456
1450    456
1451    456
1452    456
1453    456
1454    456
1455    456
1456    456
1457    456
1458    456
1459    456
1460    456
1461    456
1462    456
1463    456
1464    456
1465    456
1466    456
1467    456
1468    456
1469    456
1470    456
1471    456
1472    456
1473    456
1474    456
1475    456
1476    456
1477    456
1478    456
1479    456
1480    456
1481    456
1482    456
1483    456
1484    456