1.000000000000000000e+00 0.000000000000000000e+00 0.000000000000000000e+00
1.000000000000000000e+00 1.930692784695963210e-13 -8.966142196162260065e-12
1.000000000000000000e+00 -1.148083424982262115e-12 -5.199976089097816469e-12
1.000000000000000000e+00 -4.165511602047384101e-12 -6.177996867132549831e-12
1.000000000000000000e+00 7.667082821811292749e-12 -1.802702983459843104e-11
1.000000000000000000e+00 8.539931937634024515e-12 -2.906441590415499680e-11
1.000000000000000000e+00 1.213020579506869277e-12 -3.216405779464345473e-11
1.000000000000000000e+00 -8.769435996049991194e-12 -2.534176371845341090e-11
1.000000000000000000e+00 -4.828046153781490108e-12 -1.492748569871726237e-11
1.000000000000000000e+00 9.329724493448772489e-12 -9.929369709672839609e-12
1.000000000000000000e+00 4.676715181263322670e-12 -1.002616975481687520e-11
1.000000000000000000e+00 5.547894504907522699e-12 -7.762419966579489926e-12
1.000000000000000000e+00 1.902087688127705588e-11 -8.568005661810211624e-12
1.000000000000000000e+00 2.635732989938317194e-11 -8.024440333714654989e-12
1.000000000000000000e+00 3.784557600743201999e-11 -3.292647879913378517e-13
1.000000000000000000e+00 5.251336556699248767e-11 -3.938269862364936775e-12
1.000000000000000000e+00 5.032593784905477964e-11 -1.631709076751384414e-11
1.000000000000000000e+00 3.234965261105810250e-11 -1.891981992714642990e-11
1.000000000000000000e+00 2.736745652164427952e-11 -1.345401066526023619e-11
1.000000000000000000e+00 3.273906572233965560e-11 -4.316327029053715263e-12
1.000000000000000000e+00 4.391822054102842226e-11 -3.682096790324891661e-12
1.000000000000000000e+00 5.524880074084155061e-11 -1.375036890781015319e-12
1.000000000000000000e+00 6.974929574611117882e-11 5.488421466442123069e-13
1.000000000000000000e+00 9.010166761179134083e-11 1.618450948139708343e-12
1.000000000000000000e+00 9.059420471576428667e-11 -7.099987294796453121e-12
1.000000000000000000e+00 8.937661068803217397e-11 -1.587900057827367392e-11
1.000000000000000000e+00 1.003495030785471050e-10 -1.369628902518524588e-11
1.000000000000000000e+00 1.247999344088324139e-10 -1.408176750623196809e-11
1.000000000000000000e+00 1.571565146644237740e-10 -1.197387873488677362e-11
1.000000000000000000e+00 1.740633593509905940e-10 -1.257456309400371186e-11
1.000000000000000000e+00 1.960584819094115564e-10 -1.722440589977462253e-11
1.000000000000000000e+00 2.349230102950851748e-10 -8.430780618843922464e-12
1.000000000000000000e+00 2.603749144825062721e-10 -6.193663906973533547e-12
1.000000000000000000e+00 2.805294848924706494e-10 -2.057482005592599158e-11
1.000000000000000000e+00 3.125982611838508006e-10 -2.625293761773232495e-11
1.000000000000000000e+00 3.570403817565358945e-10 -2.616967415368703427e-11
1.000000000000000000e+00 4.050819832517755541e-10 -2.400355801755503444e-11
1.000000000000000000e+00 4.530604203889507614e-10 -2.806685688650644950e-11
1.000000000000000000e+00 4.933316736338887891e-10 -3.681139323479084473e-11
1.000000000000000000e+00 5.412800511961020611e-10 -4.638226765348411815e-11
1.000000000000000000e+00 6.021469026082491346e-10 -4.650808962818337326e-11
1.000000000000000000e+00 6.773614682930898093e-10 -4.896093488044231433e-11
1.000000000000000000e+00 7.501794340217087452e-10 -5.493552938992751613e-11
1.000000000000000000e+00 8.348326708454068177e-10 -5.939328212058230134e-11
1.000000000000000000e+00 9.284977959552953273e-10 -5.791519655672862301e-11
1.000000000000000000e+00 1.041926586963831543e-09 -6.117989678369461014e-11
1.000000000000000000e+00 1.167693768860113858e-09 -6.614788342221074154e-11
1.000000000000000000e+00 1.313601991016029324e-09 -7.102137329332503233e-11
1.000000000000000000e+00 1.470323578390210130e-09 -6.914138832607192826e-11
1.000000000000000000e+00 1.638366741957249282e-09 -7.943151704442017472e-11
1.000000000000000000e+00 1.831259950391516295e-09 -9.771767158893877252e-11
1.000000000000000000e+00 2.052474709163212655e-09 -1.128579451064436123e-10
1.000000000000000000e+00 2.284434093089659341e-09 -1.178479189956101585e-10
1.000000000000000000e+00 2.536853252822334237e-09 -1.342090662918080055e-10
1.000000000000000000e+00 2.822065563746549176e-09 -1.545253383681644087e-10
1.000000000000000000e+00 3.152596522523335405e-09 -1.689695874485665397e-10
1.000000000000000000e+00 3.517791573317064848e-09 -1.799089813989355372e-10
1.000000000000000000e+00 3.931125359386675209e-09 -1.822797282878330176e-10
1.000000000000000000e+00 4.376307321983200065e-09 -1.914109873344269720e-10
1.000000000000000000e+00 4.879012462158608755e-09 -2.101169117590775929e-10
1.000000000000000000e+00 5.428733134691982481e-09 -2.304700686166599871e-10
1.000000000000000000e+00 6.038730726478038697e-09 -2.659929715273256952e-10
1.000000000000000000e+00 6.720347614691866625e-09 -2.944205533679625121e-10
1.000000000000000000e+00 7.478409059097217951e-09 -3.223822583832675457e-10
1.000000000000000000e+00 8.324293559265348373e-09 -3.344111507017801255e-10
1.000000000000000000e+00 9.262839689552211049e-09 -3.444341844875879241e-10
1.000000000000000000e+00 1.030440784307129626e-08 -3.547865684139329204e-10
1.000000000000000000e+00 1.146441851843744592e-08 -3.761974304940053739e-10
1.000000000000000000e+00 1.274235421116832426e-08 -4.049771869209151664e-10
1.000000000000000000e+00 1.416312627124940028e-08 -4.479590212219168358e-10
1.000000000000000000e+00 1.574230248860343152e-08 -4.914382337970464414e-10
1.000000000000000000e+00 1.748860332995354628e-08 -5.185602263289658313e-10
1.000000000000000000e+00 1.942931370833266400e-08 -5.618402538032278459e-10
1.000000000000000000e+00 2.158774924437541151e-08 -6.042762997372588637e-10
1.000000000000000000e+00 2.398627568120601052e-08 -6.505708870552557267e-10
1.000000000000000000e+00 2.664279860001281574e-08 -7.145093112270309050e-10
1.000000000000000000e+00 2.958848875912228952e-08 -7.772529800612346483e-10
1.000000000000000000e+00 3.286546066757120110e-08 -8.392115248398775931e-10
1.000000000000000000e+00 3.649373368874005211e-08 -9.012962760856400517e-10
1.000000000000000000e+00 4.050282910041914787e-08 -9.687483338641444476e-10
1.000000000000000000e+00 4.495093985925368754e-08 -1.045561616706410649e-09
1.000000000000000000e+00 4.989075225177225214e-08 -1.117962645617934761e-09
1.000000000000000000e+00 5.536733748445968053e-08 -1.205897925991077458e-09
1.000000000000000000e+00 6.144398345955502101e-08 -1.297583514186001156e-09
1.000000000000000000e+00 6.816143009066609775e-08 -1.386264970600519208e-09
1.000000000000000000e+00 7.559194380924188200e-08 -1.470577120345864164e-09
1.000000000000000000e+00 8.382865165643630034e-08 -1.573770424311056122e-09
1.000000000000000000e+00 9.296380562567171780e-08 -1.698293135979171681e-09
1.000000000000000000e+00 1.030922732835811567e-07 -1.834982391769643839e-09
1.000000000000000000e+00 1.143011258014129727e-07 -1.972617079661767065e-09
1.000000000000000000e+00 1.267090021113839927e-07 -2.106275028338551778e-09
1.000000000000000000e+00 1.404608016818612535e-07 -2.247596865597762863e-09
1.000000000000000000e+00 1.556910354122603939e-07 -2.407944362971632541e-09
1.000000000000000000e+00 1.725558145374683855e-07 -2.578073471295275422e-09
1.000000000000000000e+00 1.912277561013635975e-07 -2.743715378568314770e-09
1.000000000000000000e+00 2.118895651935832230e-07 -2.925138439026326292e-09
1.000000000000000000e+00 2.347585167444491667e-07 -3.122752783884255460e-09
1.000000000000000000e+00 2.600767762958980311e-07 -3.333928301739823210e-09
1.000000000000000000e+00 2.881047471156468444e-07 -3.544764727367127380e-09
1.000000000000090594e+00 3.191344489491437365e-07 -3.768186658134061693e-09
1.000000000000090150e+00 3.534779544968902286e-07 -4.018109918576140871e-09
1.000000000000034861e+00 3.914912365891535586e-07 -4.302503946868486519e-09
1.000000000000033973e+00 4.335291553959050493e-07 -4.575792650316634804e-09
1.000000000000000000e+00 4.800639152995550407e-07 -4.857893222527240191e-09
1.000000000000047962e+00 5.315548878970443777e-07 -5.166929621217196711e-09
1.000000000000090150e+00 5.885235037403319753e-07 -5.501356526159894827e-09
1.000000000000033085e+00 6.515523227044931709e-07 -5.847331886930163436e-09
1.000000000000075939e+00 7.212804021756836725e-07 -6.213120729074333496e-09
1.000000000000017097e+00 7.984219048012149202e-07 -6.601665682043335258e-09
1.000000000000082823e+00 8.837503909926950270e-07 -7.014133321948866430e-09
1.000000000000014655e+00 9.781415952441182949e-07 -7.446579778271451424e-09
9.999999999999964473e-01 1.082551387739373330e-06 -7.902909532028670517e-09
1.000000000000017319e+00 1.198017677379400530e-06 -8.377908437943500528e-09
1.000000000000087486e+00 1.325729495690620923e-06 -8.876262494149750729e-09
1.000000000000035971e+00 1.466993772224360347e-06 -9.396436603342327926e-09
1.000000000000043077e+00 1.623225677327111047e-06 -9.948888367078326874e-09
1.000000000000084821e+00 1.795994679849252289e-06 -1.053735249128462012e-08
9.999999999999702460e-01 1.987051935063945720e-06 -1.115405451496302494e-08
1.000000000000081712e+00 2.198327711553190045e-06 -1.178992992487194709e-08
1.000000000000039302e+00 2.431962241433540159e-06 -1.245497476613950714e-08
9.999999999999755751e-01 2.690303301321212158e-06 -1.316382482841300555e-08
1.000000000000074163e+00 2.975953714591000711e-06 -1.389638702040905383e-08
1.000000000000033973e+00 3.291807299382399677e-06 -1.467223414167707575e-08
1.000000000000065725e+00 3.641035952863771091e-06 -1.549876421831094282e-08
1.000000000000018874e+00 4.027169739014907550e-06 -1.637622792766058423e-08
1.000000000000114575e+00 4.454083446199759735e-06 -1.727608724574006038e-08
1.000000000000039080e+00 4.926065109149420533e-06 -1.820997615025600623e-08
1.000000000000099476e+00 5.447880204447999692e-06 -1.919233207540995762e-08
1.000000000000126787e+00 6.024762093793781607e-06 -2.021502531563366311e-08
1.000000000000038192e+00 6.662506874150508759e-06 -2.127233267496086435e-08
1.000000000000106359e+00 7.367541065629725342e-06 -2.238362134695689983e-08
1.000000000000017986e+00 8.146937406469143849e-06 -2.355198707689237103e-08
1.000000000000177636e+00 9.008529962459607140e-06 -2.477507002679525960e-08
1.000000000000088374e+00 9.960977621691080664e-06 -2.604900325714666420e-08
9.999999999003660323e-01 1.101384816877078191e-05 -2.738523969476788942e-08
9.999999999003539308e-01 1.217770055633143150e-05 -2.877473547346847101e-08
9.999999999004363094e-01 1.346421362216474733e-05 -3.021837594297495646e-08
9.999999999005743101e-01 1.488627871909140892e-05 -3.173739411834656469e-08
9.999999999006825568e-01 1.645817619256551928e-05 -3.331790141463496839e-08
9.999999998008257673e-01 1.819567045719035033e-05 -3.496564974127815824e-08
9.999999998010407065e-01 2.011619443341063418e-05 -3.668543244647768990e-08
9.999999998012694125e-01 2.223899602492068246e-05 -3.846896712603823584e-08
9.999999997014914488e-01 2.458536142753588901e-05 -4.032205915301223132e-08
9.999999996018895665e-01 2.717879423421161147e-05 -4.225153678066887313e-08
9.999999995023547417e-01 3.004528157437053414e-05 -4.425718597588716592e-08
9.999999994029663553e-01 3.321355205837787526e-05 -4.635051726949745940e-08
9.999999993036506885e-01 3.671533832075555583e-05 -4.853743926858905622e-08
9.999999992044582564e-01 4.058572943891352621e-05 -5.079810176941496245e-08
9.999999990054917465e-01 4.486350857248090228e-05 -5.315217359597732887e-08
9.999999988067151957e-01 4.959150645622327957e-05 -5.560476354891295946e-08
9.999999985083007914e-01 5.481706410829254792e-05 -5.815932827124744869e-08
9.999999982101729357e-01 6.059249507292372881e-05 -6.081675458336750133e-08
9.999999977124590655e-01 6.697565352349556158e-05 -6.358523631325146401e-08
9.999999972152745498e-01 7.403043461314037907e-05 -6.646528957108734388e-08
9.999999966188254374e-01 8.182743294387743213e-05 -6.947450801286731099e-08
9.999999959230164714e-01 9.044472216703971351e-05 -7.259923222149633138e-08
9.999999950283260386e-01 9.996856283783526012e-05 -7.584627299958733682e-08
9.999999939347697930e-01 1.104942727053813916e-04 -7.922712311709229423e-08
9.999999925426109604e-01 1.221271997520266377e-04 -8.274446841745492712e-08
9.999999908522239078e-01 1.349837425099341035e-04 -8.642279910460574117e-08
9.999999888640680457e-01 1.491925551012495842e-04 -9.025285574581290480e-08
9.999999863785749010e-01 1.648958118908893701e-04 -9.425280782750668551e-08
9.999999833962410767e-01 1.822506677421433289e-04 -9.844891799212981056e-08
9.999999797179979222e-01 2.014307645371342858e-04 -1.028162460494529247e-07
9.999999752445026813e-01 2.226279926810531432e-04 -1.073809702205433557e-07
9.999999697770129981e-01 2.460544150157131468e-04 -1.121655120791728346e-07
9.999999630168413534e-01 2.719444136977181557e-04 -1.171819073524209255e-07
9.999999548654749937e-01 3.005569817054389459e-04 -1.224294533794745649e-07
9.999999448250149747e-01 3.321783579056007490e-04 -1.279178707133436189e-07
9.999999325978961018e-01 3.671248811326719027e-04 -1.337047440931349945e-07
9.999999176870042472e-01 4.057461175701734465e-04 -1.398004510177752405e-07
9.999998994960516141e-01 4.484283925072200957e-04 -1.462118610622185516e-07
9.999998772293288152e-01 4.955986475726874025e-04 -1.529747610329946976e-07
9.999998499923372641e-01 5.477287097825320498e-04 -1.601122615945530375e-07
9.999998167917243386e-01 6.053399892335709119e-04 -1.676515712582661725e-07
9.999997762354302377e-01 6.690087119517547278e-04 -1.756136649745336658e-07
9.999997266334035295e-01 7.393717039436503930e-04 -1.840556943853348412e-07
9.999996660977157337e-01 8.171327383647029657e-04 -1.930139781162804282e-07
9.999995922429767425e-01 9.030695300989626060e-04 -2.025324464882655844e-07
9.999995019873224589e-01 9.980415740574689540e-04 -2.126761361371837439e-07
9.999993916527027960e-01 1.102998723156676901e-03 -2.234836497091677358e-07
9.999992570658717828e-01 1.218990686593788208e-03 -2.350194619076327810e-07
9.999990925597740388e-01 1.347177512268443777e-03 -2.473541398279029536e-07
9.999988916743531853e-01 1.488841191117741720e-03 -2.605591370973303769e-07
9.999986463587923202e-01 1.645398483254203971e-03 -2.747190467242698098e-07
9.999983466724641223e-01 1.818415076719796407e-03 -2.899443966270323645e-07
9.999979806888851241e-01 2.009621248985262593e-03 -3.063163687686969179e-07
9.999975336971946849e-01 2.220929145932100997e-03 -3.239472525978244423e-07
9.999969878064306483e-01 2.454451956276306693e-03 -3.429801759931091434e-07
9.999963210497151422e-01 2.712524985403850977e-03 -3.635533426136134272e-07
9.999955067896816319e-01 2.997729002633472192e-03 -3.858085260254224615e-07
9.999945123252530488e-01 3.312916060831421448e-03 -4.099138278472124205e-07
9.999932975987808614e-01 3.661237977928905735e-03 -4.360648549261103887e-07
9.999918142070295390e-01 4.046177872850192925e-03 -4.644725205260348419e-07
9.999900024124492859e-01 4.471584966061908223e-03 -4.953521615845153637e-07
9.999877896564478563e-01 4.941713022356655077e-03 -5.289757669470914765e-07
9.999850871802006269e-01 5.461262838866175889e-03 -5.656390911057839987e-07
9.999817866430624758e-01 6.035429217293143689e-03 -6.056202383534028011e-07
9.999777556509314991e-01 6.669952798525629993e-03 -6.492789075269988132e-07
9.999728324889888276e-01 7.371177465345815291e-03 -6.970128749995667086e-07
9.999668198578018918e-01 8.146113532591973960e-03 -7.492204796267154676e-07
9.999594766275488045e-01 9.002507699222896467e-03 -8.063852668562625785e-07
9.999505082903644704e-01 9.948920289513598844e-03 -8.690313087645603406e-07
9.999395552362763118e-01 1.099481045099366498e-02 -9.377151761859949152e-07
9.999261783411238502e-01 1.215063032624068631e-02 -1.013060647059013167e-06
9.999098412700201388e-01 1.342792895348434747e-02 -1.095773975941329834e-06
9.998898890133033346e-01 1.483946689082909706e-02 -1.186637122553124352e-06
9.998655217407230733e-01 1.639934266122259135e-02 -1.286488841927204568e-06
9.998357625038459817e-01 1.812313224250005836e-02 -1.396294851436862046e-06
9.997994186631189439e-01 2.002804277711441386e-02 -1.517133048242082730e-06
9.997550332886754321e-01 2.213308184451572361e-02 -1.650174866723430070e-06
9.997008279071435410e-01 2.445924372500878075e-02 -1.796677219605281210e-06
9.996346305377116215e-01 2.702971419553083787e-02 -1.957950309812281927e-06
9.995537891170177547e-01 2.987009547869355630e-02 -2.135449597337477561e-06
9.994550659475222032e-01 3.300865295604470118e-02 -2.330846531949046319e-06
9.993345078800187631e-01 3.647658540397252791e-02 -2.546115208579824300e-06
9.991872894558162521e-01 4.030832013705023392e-02 -2.783589940456756429e-06
9.990075199683197127e-01 4.454183465163556038e-02 -3.045939430981592621e-06
9.987880102618885703e-01 4.921900585756569524e-02 -3.336047119222258318e-06
9.985199869356773394e-01 5.438598733925478768e-02 -3.656876323699648224e-06
9.981927456171745261e-01 6.009361500012121160e-02 -4.011305237134068664e-06
9.977932285070432172e-01 6.639783998833316547e-02 -4.402057997733962260e-06
9.973055113239904790e-01 7.336018666529921239e-02 -4.831840009847203016e-06
9.967101806008307197e-01 8.104823136266181560e-02 -5.303608721376102224e-06
9.959835780730869059e-01 8.953609453841140930e-02 -5.821038028684746653e-06
9.950968865674983954e-01 9.890493573186091847e-02 -6.389055505904136743e-06
9.940150260511633196e-01 1.092434343031831318e-01 -7.014240270252613469e-06
9.926953228437588317e-01 1.206482323426722181e-01 -7.705188688256383304e-06
9.910859116393200274e-01 1.332243062175823833e-01 -8.472542661139702250e-06
9.891238234070730551e-01 1.470852198712109538e-01 -9.328638614016088995e-06
9.867327092228129759e-01 1.623531963867166084e-01 -1.028693966158013489e-05
9.838201464578374411e-01 1.791589218392719285e-01 -1.136125791588884999e-05
9.802744757972916556e-01 1.976409672975215082e-01 -1.256479964590622684e-05
9.759611246436962206e-01 2.179446787697432997e-01 -1.390926777210811989e-05
9.707183873524467543e-01 2.402203408593322764e-01 -1.540395939065234210e-05
9.643526643053329517e-01 2.646203667166829865e-01 -1.705518939522158420e-05
9.566332122335523547e-01 2.912952058929027532e-01 -1.886584691614651320e-05
9.472865393589466887e-01 3.203875962228445173e-01 -2.083511426443318437e-05
9.359907019014525043e-01 3.520247228099876446e-01 -2.295844666259560512e-05
9.223699279974322263e-01 3.863077986417000620e-01 -2.522758468545997437e-05
9.059902409497427866e-01 4.232985738046288748e-01 -2.763054870912654457e-05
8.863570559846787322e-01 4.630023416832406147e-01 -3.015164596733881642e-05
8.629161070730018146e-01 5.053471985081444684e-01 -3.277131156821396602e-05
8.350594712444764367e-01 5.501596842132440157e-01 -3.546579606333667608e-05
8.021388442458815549e-01 5.971375663917841692e-01 -3.820671649375363661e-05
7.634884483239807729e-01 6.458214828056155765e-01 -4.096056768579393588e-05
7.184598302599479736e-01 6.955684512737706493e-01 -4.368838020593134670e-05
6.664700625203812123e-01 7.455317924519241357e-01 -4.634545195375705691e-05
6.070632253365051412e-01 7.946535333555609926e-01 -4.888165046677584873e-05
5.399823245562646035e-01 8.416763550017481998e-01 -5.124226989817871176e-05
4.652450971957086123e-01 8.851819003662068086e-01 -5.336971036198874470e-05
3.832130592507611566e-01 9.236599743182747346e-01 -5.520598331374406635e-05
2.946398749744216228e-01 9.556083616598053387e-01 -5.669601147959600163e-05
2.006843313103313098e-01 9.796559578577782590e-01 -5.779140157011882845e-05
1.028764244037465858e-01 9.946941429057291062e-01 -5.845422990607976256e-05
3.032789383134727648e-03 9.999953993631783833e-01 -5.866036899157787027e-05
-9.687141847251759530e-02 9.952969028979850030e-01 -5.840171545109942522e-05
-1.948562549136576560e-01 9.808318084833814732e-01 -5.768698389262129583e-05
-2.890915078519293857e-01 9.573014660516055985e-01 -5.654089804990251297e-05
-3.780269681866355036e-01 9.257945821207234083e-01 -5.500190307048847003e-05
-4.604799492413149120e-01 8.876701040217586103e-01 -5.311886902045160285e-05
-5.356722520818013589e-01 8.444259800491511481e-01 -5.094723649134080476e-05
-6.032197536577751373e-01 7.975750287341425437e-01 -4.854523807868171847e-05
-6.630857684105531114e-01 7.485434266350071697e-01 -4.597063280072826911e-05
-7.155128309600347070e-01 6.985995898021785111e-01 -4.327817524313132079e-05
-7.609469567702331627e-01 6.488140930926066252e-01 -4.051796637071349103e-05
-7.999652626474923478e-01 6.000463125772870221e-01 -3.773456477078602735e-05
-8.332137405911472783e-01 5.529510477193819717e-01 -3.496681291091237559e-05
-8.613582291635455412e-01 5.079980314650119899e-01 -3.224795462854105710e-05
-8.850488373878977466e-01 4.654981789104132850e-01 -2.960614317596378859e-05
-9.048963792121760275e-01 4.256319327786139417e-01 -2.706493809925574051e-05
-9.214585848216234609e-01 3.884766091453094039e-01 -2.464372645737822879e-05
-9.352337031525489452e-01 3.540309591408518086e-01 -2.235802746189018551e-05
-9.466593218825820610e-01 3.222361366795734594e-01 -2.021965656677970137e-05
-9.561146124083389486e-01 2.929929140560399992e-01 -1.823681007672965044e-05
-9.639246188030161644e-01 2.661753724914555086e-01 -1.641400009575526785e-05
-9.703655955514384202e-01 2.416414920837096358e-01 -1.475201655462308683e-05
-9.756707054505103782e-01 2.192411329187634594e-01 -1.324803522796882446e-05
-9.800356391380784515e-01 1.988218948947322040e-01 -1.189578283366268594e-05
-9.836238908079941723e-01 1.802332968614969999e-01 -1.068594352383294346e-05
-9.865715504923439072e-01 1.633296531553077580e-01 -9.606867086279061478e-06
-9.889915565870615044e-01 1.479719600051725981e-01 -8.645312467400296399e-06
-9.909774042306817021e-01 1.340290428693293456e-01 -7.787406647437255608e-06
-9.926063377638426610e-01 1.213781619750129576e-01 -7.019549961736089159e-06
-9.939420710858770658e-01 1.099052286677209972e-01 -6.329263928838993042e-06
-9.950370872471694383e-01 9.950474852682369975e-02 -5.705807398528566785e-06
-9.959345709208320407e-01 9.007957853288679761e-02 -5.140419421267343913e-06
-9.966700239117902704e-01 8.154056268347699421e-02 -4.626313358258589455e-06
-9.972726109046717857e-01 7.380609358448292356e-02 -4.158474263107722685e-06
-9.977662760899572714e-01 6.680163405659431120e-02 -3.733133456091804515e-06
-9.981706679476599620e-01 6.045922279007785033e-02 -3.347267080756271386e-06
-9.985019037886445625e-01 5.471698149324580318e-02 -2.998154607312507432e-06
-9.987731998877227291e-01 4.951863457813273500e-02 -2.683046951464663360e-06
-9.989953906873015876e-01 4.481304917570323038e-02 -2.399072755488887925e-06
-9.991773563206436393e-01 4.055380008815571286e-02 -2.143269842182463983e-06
-9.993263735047527296e-01 3.669876214792940072e-02 -1.912713288249370995e-06
-9.994484047586106312e-01 3.320973119632614212e-02 -1.704705703576806143e-06
-9.995483344160226435e-01 3.005207331509800531e-02 -1.516879130406479394e-06
-9.996301638775327847e-01 2.719440177597734487e-02 -1.347220334559767504e-06
-9.996971703734659487e-01 2.460828053608615437e-02 -1.194028427195845469e-06
-9.997520383502309649e-01 2.226795262607465450e-02 -1.055824854700215316e-06
-9.997969663130098494e-01 2.015009204232837137e-02 -9.312550777012575957e-07
-9.998337544606875626e-01 1.823357743952938592e-02 -8.190818468002244499e-07
-9.998638775183132932e-01 1.649928606862056946e-02 -7.181327738657421443e-07
-9.998885427011657834e-01 1.492990638310258585e-02 -6.273179639297770061e-07
-9.999087388957643707e-01 1.350976777738328513e-02 -5.456437818553365289e-07
-9.999252757092317312e-01 1.222468600092418457e-02 -4.722033004490595061e-07
-9.999388161575174516e-01 1.106182286961898166e-02 -4.062253976012810387e-07
-9.999499031315547404e-01 1.000955907674234112e-02 -3.470229016890064917e-07
-9.999589811240083836e-01 9.057378877277528009e-03 -2.939539974317294130e-07
-9.999664141408537432e-01 8.195765552712066040e-03 -2.464189466815294266e-07
-9.999725002897387194e-01 7.416106662030084833e-03 -2.038888990119144294e-07
-9.999774836481505336e-01 6.710608327963041991e-03 -1.658965262863012598e-07
-9.999815639291848024e-01 6.072217535744538555e-03 -1.319819742120541774e-07
-9.999849048240097016e-01 5.494551756504825225e-03 -1.017673483512424799e-07
-9.999876403450453921e-01 4.971835375312349745e-03 -7.491317832984286278e-08
-9.999898801579872876e-01 4.498841941891787606e-03 -5.106281114614142799e-08
-9.999917141066283488e-01 4.070842017599256984e-03 -2.993538128315831867e-08
-9.999932156379865988e-01 3.683555918528431082e-03 -1.128334630725292349e-08
-9.999944452170210774e-01 3.333110968221306321e-03 5.148160821413313006e-09
-9.999954518425940853e-01 3.016002821146575915e-03 1.957468163276391203e-08
-9.999962760600411560e-01 2.729060451952346807e-03 3.218576420657007931e-08
-9.999969509697791414e-01 2.469414427030949301e-03 4.316139755982990536e-08
-9.999975035361363673e-01 2.234468249062239887e-03 5.267535980040752118e-08
-9.999979559937107743e-01 2.021872381160204173e-03 6.087584217842991685e-08
-9.999983264526660642e-01 1.829500755119773314e-03 6.787809662807248018e-08
-9.999986298033595178e-01 1.655429570529737748e-03 7.380242755088934606e-08
-9.999988781192392651e-01 1.497918004951269205e-03 7.877973146825132590e-08
-9.999990814612610412e-01 1.355390827992641618e-03 8.289158963904631329e-08
-9.999992479787886968e-01 1.226422644767269756e-03 8.622595678750245911e-08
-9.999993842125163290e-01 1.109723650915941115e-03 8.886813898083288854e-08
-9.999994958955840119e-01 1.004126728694471017e-03 9.088960465474734418e-08
-9.999995872553135712e-01 9.085757712921753177e-04 9.235361807599756784e-08
-9.999996620140313430e-01 8.221151363658645624e-04 9.333805373950601105e-08
-9.999997232898710786e-01 7.438800897198175532e-04 9.388345986586069475e-08
-9.999997734979154673e-01 6.730881767950851538e-04 9.404038703040807381e-08
-9.999998145503922187e-01 6.090313363037191431e-04 9.385918451401694059e-08
-9.999998481573086906e-01 5.510688601796746031e-04 9.336035578311368464e-08
-9.999998757268911964e-01 4.986210095051160770e-04 9.259268339865885139e-08
-9.999998982659081825e-01 4.511631966256530188e-04 9.159293467904933723e-08
-9.999999166799317107e-01 4.082207192555036717e-04 9.039611429349597742e-08
-9.999999317733777593e-01 3.693640333988693460e-04 8.901831460008193171e-08
-9.999999441499543007e-01 3.342044587035898151e-04 8.749924384864945958e-08
-9.999999543128053059e-01 3.023902988596076716e-04 8.587290996753871481e-08
-9.999999625643540835e-01 2.736032875947208543e-04 8.412053556106391392e-08
-9.999999694065638822e-01 2.475554406058288375e-04 8.226574352202644284e-08
-9.999999749412216143e-01 2.239861865637518535e-04 8.034102442631285920e-08
-9.999999794697034261e-01 2.026597149542104710e-04 7.836377479938517366e-08
-9.999999831929724525e-01 1.833626696449517236e-04 7.633805505988360748e-08
-9.999999862120979577e-01 1.659019907755551683e-04 7.425978309958458981e-08
-9.999999887278460120e-01 1.501029792369626154e-04 7.217512979844368394e-08
-9.999999907407024491e-01 1.358075224630096462e-04 7.007842643707503330e-08
-9.999999924512544824e-01 1.228725786124912518e-04 6.796789273616716939e-08
-9.999999938600283578e-01 1.111687090244950710e-04 6.586874313628397473e-08
-9.999999949671369848e-01 1.005788058051053520e-04 6.377113085689483688e-08
-9.999999958729153260e-01 9.099687934193382991e-05 6.168488691168409636e-08
-9.999999965778296751e-01 8.232703092752185505e-05 5.961033841601099173e-08
-9.999999971817001843e-01 7.448247515750379324e-05 5.755046568422467348e-08
-9.999999976850052485e-01 6.738466160214522452e-05 5.552882918238470474e-08
-9.999999981877081279e-01 6.096256408337059977e-05 5.353695869250536311e-08
-9.999999984898532146e-01 5.515189964969497902e-05 5.158186127772289656e-08
-9.999999987916444733e-01 4.989446166662001990e-05 4.966244288022955834e-08
-9.999999989931661615e-01 4.513761660592079388e-05 4.778410850674572682e-08
-9.999999991944469313e-01 4.083373480273282737e-05 4.594932747006048249e-08
-9.999999992954426986e-01 3.693972504906181166e-05 4.415873789168214247e-08
-9.999999993962012113e-01 3.341656856299470599e-05 4.239666656157504055e-08
-9.999999994969167583e-01 3.022896167780909473e-05 4.068683635667666665e-08
-9.999999995973882783e-01 2.734497817315813199e-05 3.902818323240926989e-08
-9.999999996977413375e-01 2.473571456971527781e-05 3.741254493937931719e-08
-9.999999997982302880e-01 2.237502470358860277e-05 3.584318733524733113e-08
-9.999999997985594691e-01 2.023926189367093148e-05 3.431634893014750542e-08
-9.999999997988709977e-01 1.830701040919850659e-05 3.282837434355136340e-08
-9.999999998990247718e-01 1.655890506520253831e-05 3.138986109943346621e-08
-9.999999998991994099e-01 1.497740692372674387e-05 2.999858382467739750e-08
-9.999999998993219785e-01 1.354665561526897348e-05 2.865015238293469228e-08
-9.999999998993971406e-01 1.225228336787484348e-05 2.736066899381535882e-08
-9.999999998995698913e-01 1.108131964815068908e-05 2.611096403467238690e-08
-9.999999999995545785e-01 1.002201459941113884e-05 2.490066277588534999e-08
-9.999999999997574163e-01 9.063745017395601091e-06 2.374040692554270386e-08
-9.999999999996795896e-01 8.196885292011444092e-06 2.262007524532860508e-08
-9.999999999997855049e-01 7.412723774088864171e-06 2.154417557410430089e-08
-9.999999999998110400e-01 6.703378120166423649e-06 2.051623435480274395e-08
-9.999999999998341327e-01 6.061732752085358191e-06 1.953468524161868408e-08
-1.000000000000027978e+00 5.481322308358770511e-06 1.858069711907236342e-08
-9.999999999999832356e-01 4.956314354566170018e-06 1.765987546798583951e-08
-1.000000000000028200e+00 4.481444153496368464e-06 1.678157192794388677e-08
-1.000000000000028200e+00 4.051917492261416857e-06 1.593255618791091279e-08
-1.000000000000032196e+00 3.663419195757564042e-06 1.510044883603888320e-08
-1.000000000000065281e+00 3.312051381976393243e-06 1.431387097553132770e-08
-1.000000000000041300e+00 2.994262623220737962e-06 1.357407898323892695e-08
-9.999999999999971134e-01 2.706861667272772818e-06 1.287468090136776498e-08
-1.000000000000050848e+00 2.446937370777971447e-06 1.219562868249306768e-08
-1.000000000000081712e+00 2.211870286960665327e-06 1.155717298933413573e-08
-9.999999999999817923e-01 1.999298562317286830e-06 1.094588442964428911e-08
-1.000000000000073053e+00 1.807069248245499867e-06 1.035132425636747701e-08
-1.000000000000045741e+00 1.633240232035167035e-06 9.782238700094848997e-09
-1.000000000000040856e+00 1.476049392947785985e-06 9.246994629681260304e-09
-1.000000000000087486e+00 1.333917032620434696e-06 8.742625731401515515e-09
-1.000000000000022204e+00 1.205419961210741183e-06 8.258687396354313268e-09
-9.999999999999984457e-01 1.089244387705467335e-06 7.796676470618488110e-09
-1.000000000000016431e+00 9.841931174384098058e-07 7.351956271999192189e-09
-1.000000000000082601e+00 8.892211158821870769e-07 6.929858538725703868e-09
-1.000000000000018652e+00 8.033675700796392019e-07 6.526618024296044214e-09
-1.000000000000078160e+00 7.257512107511948145e-07 6.146203920746313184e-09
-1.000000000000035305e+00 6.555935569403167302e-07 5.787753362433243662e-09
-1.000000000000090150e+00 5.921763558407758211e-07 5.448632601539616419e-09
-1.000000000000051292e+00 5.348565384521260185e-07 5.120155328257581168e-09
-1.000000000000000000e+00 4.830479658222675079e-07 4.815915116146670755e-09
-1.000000000000033085e+00 4.362254552902315112e-07 4.538489378028061637e-09
-1.000000000000035305e+00 3.939281495354748434e-07 4.270480661403735803e-09
-1.000000000000090150e+00 3.556806648367317486e-07 3.990114854109967520e-09
-1.000000000000090594e+00 3.211245748309502021e-07 3.742620299034077768e-09
-1.000000000000000000e+00 2.899026214198491389e-07 3.521853515371360499e-09
-1.000000000000000000e+00 2.617007993213790247e-07 3.314127920895986994e-09
-1.000000000000000000e+00 2.362254988496168933e-07 3.105715912352402486e-09
-1.000000000000000000e+00 2.132147896331691414e-07 2.910056555294371078e-09
-1.000000000000000000e+00 1.924252100576423903e-07 2.730222497872780645e-09
-1.000000000000000000e+00 1.736376953808157046e-07 2.566548305428334171e-09
-1.000000000000000000e+00 1.566681619239783322e-07 2.398372074548215147e-09
-1.000000000000000000e+00 1.413431644090973356e-07 2.239064002078847520e-09
-1.000000000000000000e+00 1.275054426182080731e-07 2.098646963426828217e-09
-1.000000000000000000e+00 1.150201490852748747e-07 1.966419717666411732e-09
-1.000000000000000000e+00 1.037419154839168176e-07 1.830275996288697615e-09
-1.000000000000000000e+00 9.355033656420127614e-08 1.694473048062153828e-09
-1.000000000000000000e+00 8.435758786876425657e-08 1.570102109104864305e-09
-1.000000000000000000e+00 7.606895712596391794e-08 1.466721530888863749e-09
-1.000000000000000000e+00 6.859217129116933052e-08 1.382876510145009982e-09
-1.000000000000000000e+00 6.183351939223426165e-08 1.295240673084775762e-09
-1.000000000000000000e+00 5.571912068119978075e-08 1.204303214314797515e-09
-1.000000000000000000e+00 5.020792931768435482e-08 1.116482056344317604e-09
-1.000000000000000000e+00 4.523680624562118572e-08 1.044365431463022453e-09
-1.000000000000000000e+00 4.076035387155900369e-08 9.679729105009511827e-10
-1.000000000000000000e+00 3.672628071995940091e-08 9.005755982490843082e-10
-1.000000000000000000e+00 3.307572552370111480e-08 8.387646217023248908e-10
-1.000000000000000000e+00 2.977798977132027546e-08 7.772393155666528873e-10
-1.000000000000000000e+00 2.681341131611207911e-08 7.149430380536536465e-10
-1.000000000000000000e+00 2.414021894456390724e-08 6.508503942084335278e-10
-1.000000000000000000e+00 2.172652338054808710e-08 6.042002538556600813e-10
-1.000000000000000000e+00 1.955415371907074692e-08 5.619493352829748099e-10
-1.000000000000000000e+00 1.760088317936158802e-08 5.184545476938162194e-10
-1.000000000000000000e+00 1.584357129719898790e-08 4.915453308547809450e-10
-1.000000000000000000e+00 1.425449939766183023e-08 4.487534937995117780e-10
-1.000000000000000000e+00 1.282454811685561376e-08 4.055261456035536638e-10
-1.000000000000000000e+00 1.153865714425350583e-08 3.762522526682982428e-10
-1.000000000000000000e+00 1.037144471355892970e-08 3.544207688077896183e-10
-1.000000000000000000e+00 9.323130192868009368e-09 3.438482949936841255e-10
-1.000000000000000000e+00 8.378627891580097731e-09 3.339823903590372438e-10
-1.000000000000000000e+00 7.527262669232219250e-09 3.226022767943976853e-10
-1.000000000000000000e+00 6.764211702297988677e-09 2.952442617917064070e-10
-1.000000000000000000e+00 6.078092117086128060e-09 2.671485291563532402e-10
-1.000000000000000000e+00 5.464068916925479140e-09 2.314724181114882978e-10
-1.000000000000000000e+00 4.911070031715996529e-09 2.106749451780931614e-10
-1.000000000000000000e+00 4.405177328936412180e-09 1.916920137248510858e-10
-1.000000000000000000e+00 3.957263332042061800e-09 1.821138035004642359e-10
-1.000000000000000000e+00 3.541501952475618421e-09 1.798316549912321374e-10
-1.000000000000000000e+00 3.173797246611638144e-09 1.693020886463124693e-10
-1.000000000000000000e+00 2.840835127952642270e-09 1.552029943233030779e-10
-1.000000000000000000e+00 2.553254061695000960e-09 1.350190207007330205e-10
-1.000000000000000000e+00 2.299215582126865821e-09 1.182048932305607922e-10
-1.000000000000000000e+00 2.066264216223285268e-09 1.131335591020520193e-10
-1.000000000000000000e+00 1.843792835952777662e-09 9.848356787661887421e-11
-1.000000000000000000e+00 1.649380114506366880e-09 8.025299415447775372e-11
-1.000000000000000000e+00 1.480473684043468329e-09 6.922565945965171442e-11
-1.000000000000000000e+00 1.322860939559762246e-09 7.052005062255215139e-11
-1.000000000000000000e+00 1.175362212307574468e-09 6.616099107716655910e-11
-1.000000000000000000e+00 1.048979773046825736e-09 6.215739188143543552e-11
-1.000000000000000000e+00 9.359903043707806704e-10 5.828696443901591753e-11
-1.000000000000000000e+00 8.410121120869687908e-10 5.788018675947802702e-11
-1.000000000000000000e+00 7.532283915931041136e-10 5.399419612783884880e-11
-1.000000000000000000e+00 6.801876055063279928e-10 5.095448937099596131e-11
-1.000000000000000000e+00 6.078959817550708994e-10 4.874020221400894175e-11
-1.000000000000000000e+00 5.473437187493035558e-10 4.568974888512990967e-11
-1.000000000000000000e+00 4.963333536866425718e-10 3.434903144526986897e-11
-1.000000000000000000e+00 4.529880047119190582e-10 2.638022043132272050e-11
-1.000000000000000000e+00 4.039486568612586811e-10 2.588524679644235108e-11
-1.000000000000000000e+00 3.601785611936507687e-10 3.191932593922991289e-11
-1.000000000000000000e+00 3.219294015904516575e-10 2.811304829138660289e-11
-1.000000000000000000e+00 2.859800795464223597e-10 1.443470501414034958e-11
-1.000000000000000000e+00 2.568708311763008641e-10 1.355952238144561481e-12
-1.000000000000000000e+00 2.317088002570154586e-10 9.802738085939276991e-12
-1.000000000000000000e+00 1.962238121028354804e-10 2.032229605160712761e-11
-1.000000000000000000e+00 1.753308682763645975e-10 1.660771360861678223e-11
-1.000000000000000000e+00 1.622998358352962233e-10 1.501219766342530174e-11
-1.000000000000000000e+00 1.309204053565924631e-10 1.343256938433615819e-11
-1.000000000000000000e+00 1.054228753054854726e-10 1.149460056494407297e-11
-1.000000000000000000e+00 9.321576524431419840e-11 8.893610890527865768e-12
-1.000000000000000000e+00 8.431073706291491448e-11 -2.633209753906184447e-12
-1.000000000000000000e+00 7.665461514243845607e-11 -1.349661076872685754e-12
-1.000000000000000000e+00 6.183147691534500575e-11 1.031408543145884424e-11
-1.000000000000000000e+00 5.683971706707576482e-11 1.653851317289622504e-11
-1.000000000000000000e+00 5.835876439553661433e-11 1.580665323353675368e-11
-1.000000000000000000e+00 5.345084968681958418e-11 1.533260429444873313e-12
-1.000000000000000000e+00 4.034406982233254212e-11 -2.996601795365663470e-12
-1.000000000000000000e+00 3.146543127937329974e-11 -3.726623990649145666e-12
-1.000000000000000000e+00 3.096474080006149454e-11 -2.002631205935818395e-12
-1.000000000000000000e+00 2.481749983536788980e-11 6.028415167843341904e-12
-1.000000000000000000e+00 2.115692153181085366e-11 1.942236774180603375e-11
-1.000000000000000000e+00 2.467159337608913860e-11 3.209986256738853601e-11
-1.000000000000000000e+00 3.410711496919398546e-11 2.999366328087232352e-11
-1.000000000000000000e+00 3.071917770651232698e-11 1.138782480374453373e-11
-1.000000000000000000e+00 1.769435062214927952e-11 -1.028057155074676655e-12
-1.000000000000000000e+00 1.434666123084024902e-11 5.207408780254979903e-12
-1.000000000000000000e+00 7.972948328014518492e-12 8.013920228371690337e-12
-1.000000000000000000e+00 -2.760722114977899074e-12 6.614237060222422622e-12
-1.000000000000000000e+00 -3.792602240355643049e-12 1.410940069834550957e-11
-1.000000000000000000e+00 -5.313837885205793464e-12 1.163420220111148709e-11
-1.000000000000000000e+00 -1.883182940532185125e-11 1.334870699169388634e-11
-1.000000000000000000e+00 -2.391799646005798799e-11 2.003545229523448439e-11
-1.000000000000000000e+00 -7.584121317864565307e-12 2.114346740080432237e-11
-1.000000000000000000e+00 2.048700489895605348e-12 2.070124081380364676e-11
-1.000000000000000000e+00 2.070170291640538200e-12 4.828479641066367636e-12
-1.000000000000000000e+00 -1.617982396334879341e-12 -3.804238410332383148e-12
-1.000000000000000000e+00 0.000000000000000000e+00 0.000000000000000000e+00
