Step    Position
0    256
1    256
2    256
3    256
4    256
5    256
6    256
7    256
8    256
9    256
10    256
11    256
12    256
13    256
14    256
15    256
16    256
17    256
18    256
19    256
20    256
21    256
22    256
23    256
24    256
25    256
26    256
27    256
28    256
29    256
30    256
31    256
32    256
33    256
34    256
35    256
36    257
37    257
38    257
39    257
40    257
41    257
42    257
43    257
44    257
45    257
46    257
47    257
48    257
49    257
50    257
51    257
52    257
53    257
54    257
55    257
56    257
57    257
58    257
59    257
60    257
61    257
62    257
63    257
64    257
65    257
66    257
67    257
68    257
69    257
70    257
71    257
72    257
73    257
74    257
75    257
76    257
77    257
78    257
79    257
80    257
81    257
82    257
83    257
84    258
85    258
86    258
87    258
88    258
89    258
90    258
91    258
92    258
93    258
94    258
95    258
96    258
97    258
98    258
99    258
100    258
101    258
102    258
103    258
104    258
105    258
106    258
107    258
108    258
109    258
110    258
111    258
112    258
113    258
114    258
115    258
116    258
117    258
118    258
119    258
120    258
121    258
122    258
123    258
124    258
125    258
126    258
127    258
128    258
129    258
130    258
131    258
132    258
133    258
134    258
135    258
136    258
137    258
138    258
139    258
140    258
141    258
142    258
143    258
144    258
145    258
146    258
147    258
148    258
149    258
150    258
151    259
152    259
153    259
154    259
155    259
156    259
157    259
158    259
159    259
160    259
161    259
162    259
163    259
164    259
165    259
166    259
167    259
168    259
169    259
170    259
171    259
172    259
173    259
174    259
175    259
176    259
177    259
178    259
179    259
180    259
181    259
182    259
183    259
184    259
185    259
186    259
187    259
188    259
189    259
190    259
191    259
192    259
193    259
194    259
195    259
196    259
197    259
198    259
199    259
200    259
201    259
202    259
203    259
204    259
205    259
206    259
207    259
208    259
209    259
210    259
211    259
212    259
213    259
214    259
215    259
216    259
217    259
218    259
219    259
220    259
221    259
222    259
223    259
224    259
225    259
226    259
227    259
228    259
229    259
230    259
231    259
232    259
233    259
234    259
235    259
236    259
237    259
238    259
239    259
240    259
241    259
242    259
243    259
244    259
245    259
246    259
247    259
248    259
249    259
250    259
251    259
252    259
253    259
254    259
255    259
256    259
257    259
258    259
259    259
260    259
261    259
262    259
263    259
264    259
265    259
266    260
267    260
268    260
269    260
270    260
271    260
272    260
273    260
274    260
275    260
276    260
277    260
278    260
279    260
280    260
281    260
282    260
283    260
284    260
285    260
286    260
287    260
288    260
289    260
290    260
291    260
292    260
293    260
294    260
295    260
296    260
297    260
298    260
299    260
300    260
301    260
302    260
303    260
304    260
305    260
306    260
307    260
308    260
309    260
310    260
311    260
312    260
313    260
314    260
315    260
316    260
317    260
318    260
319    260
320    260
321    260
322    260
323    260
324    260
325    260
326    260
327    260
328    260
329    260
330    260
331    260
332    260
333    260
334    260
335    260
336    260
337    260
338    260
339    260
340    260
341    260
342    260
343    260
344    260
345    260
346    260
347    260
348    260
349    260
350    260
351    260
352    260
353    260
354    260
355    260
356    260
357    260
358    260
359    260
360    260
361    260
362    260
363    260
364    260
365    260
366    260
367    260
368    260
369    260
370    260
371    260
372    260
373    260
374    260
375    260
376    260
377    260
378    260
379    260
380    260
381    260
382    260
383    260
384    260
385    260
386    260
387    260
388    260
389    260
390    260
391    260
392    260
393    260
394    260
395    260
396    260
397    260
398    260
399    260
400    260
401    260
402    260
403    260
404    260
405    260
406    260
407    260
408    260
409    260
410    260
411    260
412    260
413    260
414    260
415    260
416    260
417    260
418    260
419    260
420    260
421    260
422    260
423    260
424    260
425    260
426    260
427    260
428    260
429    260
430    260
431    260
432    260
433    260
434    260
435    260
436    260
437    260
438    260
439    260
440    260
441    260
442    260
443    260
444    260
445    260
446    260
447    260
448    260
449    260
450    260
451    260
452    260
453    260
454    260
455    260
456    260
457    260
458    260
459    260
460    260
461    260
462    260
463    260
464    260
465    260
466    260
467    260
468    260
469    260
470    260
471    260
472    260
473    260
474    260
475    260
476    260
477    260
478    260
479    260
480    260
481    260
482    260
483    260
484    260
485    260
486    260
487    260
488    260
489    260
490    260
491    260
492    260
493    260
494    260
495    260
496    260
497    260
498    260
499    260
500    260
501    260
502    260
503    260
504    260
505    260
506    260
507    260
508    260
509    260
510    260
511    260
512    260
513    260
514    260
515    260
516    260
517    260
518    260
519    260
520    260
521    260
522    260
523    260
524    260
525    260
526    260
527    260
528    260
529    260
530    260
531    260
532    260
533    260
534    260
535    260
536    260
537    260
538    260
539    260
540    260
541    260
542    260
543    260
544    260
545    260
546    260
547    260
548    260
549    260
550    260
551    260
552    260
553    260
554    260
555    260
556    260
557    260
558    260
559    260
560    260
561    260
562    260
563    260
564    260
565    260
566    260
567    260
568    260
569    260
570    260
571    260
572    260
573    260
574    260