-2.842337508652187025e-02 -1.796862772402245054e-02 9.994344601655495985e-01
-4.663764898412438992e-02 2.012992055550434818e-03 9.989098445606702237e-01
-6.060179131029520827e-02 1.138862726502174079e-02 9.980970504209454308e-01
-6.692911831524731014e-02 6.878207644768669776e-03 9.977340243677881304e-01
-6.378089640615361433e-02 -1.171016866058350800e-02 9.978952195514094736e-01
-5.136360503227347524e-02 -4.001707642271222498e-02 9.978779552994777591e-01
-3.256686165031316693e-02 -6.944375119460330370e-02 9.970541434356906541e-01
-1.280164777013301225e-02 -9.050704288794003682e-02 9.958135332490984926e-01
2.013434220020984648e-03 -9.723336308034842557e-02 9.952595737729507119e-01
7.706839658332589882e-03 -8.897441003840331208e-02 9.960040958654883259e-01
3.039476537705729491e-03 -6.925158799500369389e-02 9.975945965884918110e-01
-1.030096227289466898e-02 -4.360995692537639884e-02 9.989955264330389051e-01
-5.086917109065204612e-02 -2.954829805754511166e-02 9.982681130410232528e-01
-7.451228445370194908e-02 -8.809589941740771785e-03 9.971811824290427451e-01
-9.498019028300030975e-02 -1.176909836321367699e-03 9.954784670383503009e-01
-1.076665342580272466e-01 -9.838147496211363877e-03 9.941383848613388752e-01
-1.089322152253301701e-01 -3.447140889981447492e-02 9.934513045210471294e-01
-9.694544315395792200e-02 -6.934853663021910142e-02 9.928707677834646139e-01
-7.372634324499774405e-02 -1.035379254079518418e-01 9.918892701879176155e-01
-4.638892152816377623e-02 -1.254545839861635204e-01 9.910142356779492179e-01
-2.383221302444828160e-02 -1.289583076086349145e-01 9.913635965280793716e-01
-1.261102629829251830e-02 -1.149740142378170571e-01 9.932884465580814615e-01
-1.498960550461759036e-02 -8.905490595927868791e-02 9.959139196995752119e-01
-2.922890089659280904e-02 -5.831423991253856937e-02 9.978702925610101193e-01
-6.478667191168029083e-02 -3.288147485792814601e-02 9.973572558285221934e-01
-9.485215020427111010e-02 -8.548503237012318456e-03 9.954546663178790444e-01
-1.219413363714300091e-01 6.362168719751463801e-04 9.925371054585581110e-01
-1.403257564643338451e-01 -9.316342141275437555e-03 9.900615576022712139e-01
-1.447437682511121537e-01 -3.891295030824439699e-02 9.887037088282784048e-01
-1.313110217212178354e-01 -8.211310055962889320e-02 9.879346406979707673e-01
-1.012148265395509811e-01 -1.250351912837301682e-01 9.869760685189989946e-01
-6.447054704399368674e-02 -1.517103873905684686e-01 9.863201847887312912e-01
-3.387756171772182689e-02 -1.545005239853569634e-01 9.874117170158990264e-01
-1.834331848775919496e-02 -1.358440162760645442e-01 9.905604100249717492e-01
-2.051409728195966592e-02 -1.036433314258767835e-01 9.944029523606903176e-01
-3.786133648178548888e-02 -6.675686428786566096e-02 9.970506708639687021e-01
-6.576675662926402544e-02 -2.681756944900381273e-02 9.974745869902086337e-01
-1.015515737137070856e-01 3.544576951660990266e-03 9.948239612366159834e-01
-1.334132168830895471e-01 1.792915684498483375e-02 9.908983090588704412e-01
-1.549460948067018229e-01 1.071230613365757242e-02 9.878648461208884290e-01
-1.600635329366272286e-01 -2.110666042486631505e-02 9.868810335139542866e-01
-1.434299999104800272e-01 -7.310542508787148952e-02 9.869566515042090815e-01
-1.052925411133383421e-01 -1.284453550454495441e-01 9.861111862022065022e-01
-5.961437598798912524e-02 -1.636612950961897905e-01 9.847137181247420656e-01
-2.312110544085672556e-02 -1.684454258072384525e-01 9.854397764489819522e-01
-6.165946750101506356e-03 -1.469742148165493201e-01 9.891211054667297109e-01
-1.077736784842686125e-02 -1.096385089802629359e-01 9.939130976553431918e-01
-3.299023468788371549e-02 -6.682606693364047390e-02 9.972190938772871327e-01
-5.222414713420130139e-02 -1.283175773927050338e-02 9.985529452409723783e-01
-9.099666214056924274e-02 2.456231452566101647e-02 9.955482410131671900e-01
-1.234321096474000207e-01 4.686775064411748820e-02 9.912456447609497845e-01
-1.429521482333906413e-01 4.643887939843475976e-02 9.886395267212692017e-01
-1.439786713991049183e-01 1.655554778937297702e-02 9.894422954470478704e-01
-1.217479719870415422e-01 -4.221104652355354286e-02 9.916630772941398275e-01
-7.645286747340784839e-02 -1.113988873898688059e-01 9.908305843802999169e-01
-2.643082283264153870e-02 -1.570232788001048874e-01 9.872411567186931691e-01
9.979308256668919727e-03 -1.660590727749303164e-01 9.860653111005560634e-01
2.331655214586944233e-02 -1.446245845245089923e-01 9.892118417948403408e-01
1.326455697534291954e-02 -1.049998676948966786e-01 9.943837686287561040e-01
-1.465836216037269372e-02 -5.830338904342610012e-02 9.981912879026861862e-01
-2.714094958395816409e-02 5.178662846740290406e-03 9.996182022686531665e-01
-6.477332291582942048e-02 4.822458138092648727e-02 9.967340700453033442e-01
-9.239553229625120656e-02 7.856358104087839134e-02 9.926181689581071721e-01
-1.034604198501606065e-01 8.687942070665417849e-02 9.908319271108120274e-01
-9.394114699514793942e-02 6.308982268961903228e-02 9.935767384426021920e-01
-6.275874515318466407e-02 3.328096197878207749e-03 9.980231779284947091e-01
-1.380261485061767997e-02 -7.508509510442529233e-02 9.970815996278672433e-01
3.157256315998623053e-02 -1.291338784784985816e-01 9.911244193766138855e-01
5.900690785690976270e-02 -1.442514768671965819e-01 9.877801861987257626e-01
6.305213592831386549e-02 -1.270451048584958498e-01 9.898908876670954315e-01
4.546375688782205993e-02 -8.975270859675806012e-02 9.949258756858285757e-01
1.253995756604152530e-02 -4.305489654326306176e-02 9.989940066626261661e-01
1.887563653721929108e-03 2.200799122564735255e-02 9.997560129479911017e-01
-3.084293236390900361e-02 6.704563578115436961e-02 9.972730800768233594e-01
-5.004563486672478773e-02 1.021829291719619365e-01 9.935059554006874238e-01
-4.944896511492640617e-02 1.173337275932359453e-01 9.918606737935213857e-01
-2.678085967290127350e-02 1.012164505910959911e-01 9.945039043085488473e-01
1.395492655746704766e-02 4.832785716280398741e-02 9.987340377932504287e-01
6.075639169691644803e-02 -2.656496100388810663e-02 9.977990597885214585e-01
9.375643141199090091e-02 -8.380914300431989428e-02 9.920613686248180851e-01
1.068995001670411810e-01 -1.063851169164741900e-01 9.885619372414961026e-01
9.975682443229431928e-02 -9.762387603891667376e-02 9.902111667752184765e-01
7.549452578765569744e-02 -6.737951327626635900e-02 9.948671156324109255e-01
4.018445351097247459e-02 -2.504186475350853730e-02 9.988784283913948459e-01
2.557580181955810411e-02 3.298276850084543022e-02 9.991286280270945674e-01
-5.537536892095872238e-04 7.572619974841053592e-02 9.971284952444687821e-01
-1.172159065122906942e-02 1.107276496583344955e-01 9.937816620937123258e-01
-2.862961421218734610e-03 1.281027566985730171e-01 9.917567681534479318e-01
2.616320153647218663e-02 1.176054499000139947e-01 9.927156919476819441e-01
6.805042347206621822e-02 7.511344849732139173e-02 9.948502951299307284e-01
1.082187443119411174e-01 1.304397505830507190e-02 9.940415273489555670e-01
1.311030447221927242e-01 -3.982554241312710741e-02 9.905684821535606366e-01
1.342599812614315158e-01 -6.672697578898270643e-02 9.886970052213964744e-01
1.203111673760500211e-01 -6.640540424412762210e-02 9.905127688686321541e-01
9.349259417695005014e-02 -4.485072373066722323e-02 9.946092435800606424e-01
5.950806101999569359e-02 -9.464383156033708347e-03 9.981829572403707607e-01
3.717951845674864753e-02 3.547933411478786103e-02 9.986785770497347281e-01
1.716795851254452471e-02 7.302848216201099363e-02 9.971820806621091160e-01
1.111572408878067249e-02 1.041418695669795724e-01 9.945003326701606916e-01
2.253331632433198256e-02 1.201079549770312088e-01 9.925050774714823110e-01
5.013062118203223672e-02 1.129530702392354535e-01 9.923348853806546188e-01
8.621499478028625540e-02 8.047391273859154370e-02 9.930211095659335907e-01
1.181690509595581667e-01 3.222421222434581484e-02 9.924704910181525452e-01
1.348289480734625456e-01 -1.243985233465207292e-02 9.907907977142730305e-01
1.343443555743766005e-01 -3.919300861861779034e-02 9.901593317243067016e-01
1.196046346806917265e-01 -4.391855280907074749e-02 9.918497326117616808e-01
9.486594222423516687e-02 -2.931275083628200051e-02 9.950583981075159512e-01
6.529451863482878260e-02 -8.283405852669696546e-04 9.978656922091788672e-01
3.461191777999218094e-02 2.917341854550539390e-02 9.989749380229390185e-01
1.886503996887475137e-02 6.059124479860926449e-02 9.979843742868624856e-01
1.458696741799217836e-02 8.594418392257574535e-02 9.961931628110245462e-01
2.417256864489211385e-02 9.816233686891559507e-02 9.948767976717242112e-01
4.602216969347489028e-02 9.169141294467818282e-02 9.947234010964598472e-01
7.385761342016280984e-02 6.594767767552513205e-02 9.950859042058008974e-01
9.840297692687814679e-02 2.836510169196766393e-02 9.947423159481670885e-01
1.118692577160153717e-01 -7.652074122663336114e-03 9.936934713178418033e-01
1.121009543152878402e-01 -3.075695639840577561e-02 9.932207134744707178e-01
1.007275980787643299e-01 -3.621060819716215295e-02 9.942548681496418128e-01
8.099123175892465609e-02 -2.503304113748278451e-02 9.964004050729806661e-01
5.717611162160587263e-02 -1.424696584033658493e-03 9.983630915150520924e-01
1.980305662587274890e-02 1.576371130442724700e-02 9.996796208557049424e-01
5.844680113393781878e-03 4.163031338172976104e-02 9.991159876221031855e-01
4.910384471642252006e-04 6.078264274722278149e-02 9.981509050348756906e-01
5.788192270674222782e-03 6.778405239136808813e-02 9.976832258144956445e-01
2.074534615052886152e-02 5.924902103886503513e-02 9.980276469712874299e-01
4.110935532461067882e-02 3.614141874982768066e-02 9.985007855558117873e-01
6.057850604412089862e-02 5.110043857517162190e-03 9.981503554361063069e-01
7.343922744160887028e-02 -2.358937157678124216e-02 9.970206725145662752e-01
7.688737825533620285e-02 -4.119234269946207838e-02 9.961884972072119204e-01
7.080236540048842619e-02 -4.383178968953721499e-02 9.965268683112995518e-01
5.690999030445244994e-02 -3.242026650189090697e-02 9.978527843943154618e-01
3.841901024672632337e-02 -1.083570027084174332e-02 9.992029659940295794e-01
-2.976701105101901574e-03 -1.403210720308807179e-03 9.999945851104347083e-01
-1.779921206959760027e-02 2.044306332027268774e-02 9.996325671024400839e-01
-2.652875375622483142e-02 3.397168277423290306e-02 9.990706431447377023e-01
-2.672639914319571708e-02 3.508086491424689674e-02 9.990270429301193467e-01
-1.816398946136055237e-02 2.222314953463635015e-02 9.995880156902662295e-01
-3.039951346575634449e-03 -1.960161273147693461e-03 9.999934582104100800e-01
1.444200569343228636e-02 -3.035625237684591235e-02 9.994348034830530247e-01
2.934621424784960783e-02 -5.388685695289867350e-02 9.981157279379447855e-01
3.771420062147492341e-02 -6.563367260670180392e-02 9.971308139314691843e-01
3.750683204635928830e-02 -6.327146623025783900e-02 9.972913110575607476e-01
2.887628345233141103e-02 -4.869379347838001526e-02 9.983962513604875966e-01
1.407155884812240874e-02 -2.629610040582779085e-02 9.995551542236276177e-01
-1.919294152012104501e-02 -3.299349462487199264e-02 9.992712646265072829e-01
-5.009158346013783958e-02 -2.387813012794574863e-02 9.984591469699923838e-01
-7.062970685500011281e-02 -2.371199752074531694e-02 9.972207306725865417e-01
-7.527702052711454650e-02 -3.385638125903504131e-02 9.965877360416424136e-01
-6.163215119442091994e-02 -5.322253397584666978e-02 9.966789050724187415e-01
-3.200633099199356318e-02 -7.675750358898431047e-02 9.965359403550020367e-01
5.539079386983336573e-03 -9.635485973517264602e-02 9.953316329771505488e-01
3.921850020398853776e-02 -1.051293577339158514e-01 9.936849235971116912e-01
5.897177416953141432e-02 -1.010584796642251537e-01 9.931311663316439997e-01
6.013025679013740687e-02 -8.693729057700538831e-02 9.943974354982457742e-01
4.368329745020937960e-02 -6.781499874383183080e-02 9.967411376426977831e-01
1.475200702951629840e-02 -4.860388114156958400e-02 9.987091874147131509e-01
-3.591400290962687425e-02 -5.798749685302352630e-02 9.976711054269090662e-01
-7.424344659128595536e-02 -5.195524704594977478e-02 9.958858182254862745e-01
-1.019847368202272536e-01 -5.905088785604448859e-02 9.930317749695253271e-01
-1.121029722255627442e-01 -7.980721077666605434e-02 9.904866141075369113e-01
-9.990861353376916110e-02 -1.111433165648182397e-01 9.887696557463379055e-01
-6.558482321793379644e-02 -1.442708582757613045e-01 9.873624210065277129e-01
-1.786084644134849561e-02 -1.666919317456823646e-01 9.858472447875896716e-01
2.676186797421954006e-02 -1.700956008891257309e-01 9.850641039956296030e-01
5.386607115476384905e-02 -1.551584644443883276e-01 9.864199396249121454e-01
5.728044541329853356e-02 -1.290012114438446877e-01 9.899887060059213706e-01
3.871431436441541418e-02 -1.000603513994249572e-01 9.942279054327023413e-01
4.736769299753780006e-03 -7.498318366139512803e-02 9.971735481773483789e-01
-4.923294822349514460e-02 -6.947425113483106374e-02 9.963681273698463681e-01
-9.855980066173984644e-02 -6.384926897300592652e-02 9.930806797763974680e-01
-1.365992245079055700e-01 -7.444724840343311389e-02 9.878250143972963082e-01
-1.543319465529841561e-01 -1.022344155674600047e-01 9.827155104844723654e-01
-1.436361505976310460e-01 -1.441408295849599952e-01 9.790771560444273547e-01
-1.007502553507466231e-01 -1.889001416627139884e-01 9.768142722782862108e-01
-3.502318201096896177e-02 -2.178697223061166477e-01 9.753492506912926352e-01
2.717953644536261898e-02 -2.187476323247316556e-01 9.754028635138111136e-01
6.411479547395863843e-02 -1.946415244187728599e-01 9.787767722894105127e-01
6.861165843801486641e-02 -1.576986678427096666e-01 9.851007920446803734e-01
4.478327037912306630e-02 -1.198538754364001785e-01 9.917809774527048816e-01
1.948217314054613396e-03 -8.903581781849713439e-02 9.960265195238076075e-01
-5.505720069173199865e-02 -6.362521566449529098e-02 9.964539811670306557e-01
-1.166552981517995219e-01 -5.478808472989928069e-02 9.916601268502928113e-01
-1.660640616107041390e-01 -6.273982568885461131e-02 9.841170874006338609e-01
-1.924253222110992867e-01 -9.027250076620249586e-02 9.771506388358784934e-01
-1.837289452153391955e-01 -1.376189412909165910e-01 9.732957935222213974e-01
-1.299234467556380779e-01 -1.949380211284953979e-01 9.721723437239007115e-01
-3.866041677994103837e-02 -2.360725859291073481e-01 9.709660685869335728e-01
4.562081500972624271e-02 -2.391662769398461008e-01 9.699063012541764284e-01
9.193777572963314493e-02 -2.095536951935971226e-01 9.734653020136861956e-01
9.462756560611926271e-02 -1.653951470486167696e-01 9.816771715590920655e-01
6.246727355380748276e-02 -1.216915465126116591e-01 9.906003266919325423e-01
8.373920596727098264e-03 -8.662464414555914871e-02 9.962058263634506750e-01
-5.035198368420153170e-02 -4.091880151080926065e-02 9.978929448703278693e-01
-1.217183184169565169e-01 -2.523761564545302233e-02 9.922437773643537628e-01
-1.794882581923020748e-01 -2.296089232178109493e-02 9.834921263512368395e-01
-2.114175868321343243e-01 -3.919048214195653551e-02 9.766098044191224847e-01
-2.025635653483080501e-01 -8.061092052531419749e-02 9.759456344927450733e-01
-1.365592492911922029e-01 -1.461916436737631664e-01 9.797854738426284849e-01
-1.546225720628169147e-02 -2.055968195377957386e-01 9.785146224753341615e-01
8.721797943979064938e-02 -2.176382949320501692e-01 9.721247845012032096e-01
1.357650995688522710e-01 -1.899799812926750431e-01 9.723556162470089470e-01
1.313593673837451514e-01 -1.464079477727248391e-01 9.804638848165243559e-01
8.873873699838270845e-02 -1.031356840857651641e-01 9.907009978919307791e-01
2.364936575152349826e-02 -6.728290676692535999e-02 9.974536169449415013e-01
-3.536555543911187177e-02 -7.147015392402318590e-03 9.993488868555687743e-01
-1.099396055156291185e-01 1.711160533791538860e-02 9.937909619742921752e-01
-1.684090550761665195e-01 3.505454807760147867e-02 9.850936853048001263e-01
-1.970580938651963487e-01 4.046604996461421189e-02 9.795563314289073009e-01
-1.794904808283715458e-01 2.075229317888846459e-02 9.835408022140218476e-01
-9.876334309953464785e-02 -3.727097748341347272e-02 9.944127293519754440e-01
4.457027048541269826e-02 -1.134610070213012412e-01 9.925422363177178742e-01
1.465682792922947952e-01 -1.427348031652886096e-01 9.788485661585486497e-01
1.837366838585421380e-01 -1.309021634159288072e-01 9.742204343051580340e-01
1.675145133572390477e-01 -1.008571940684042240e-01 9.806970552720687406e-01
1.155970949051187274e-01 -6.705621662174737763e-02 9.910301587045001748e-01
4.363605216133950582e-02 -3.538666488304465646e-02 9.984205921855935362e-01
-1.479168365158636464e-02 2.754689313098547185e-02 9.995110678594747444e-01
-8.436753957600838516e-02 5.849111944670887242e-02 9.947164958980824201e-01
-1.348425170544601537e-01 9.054731106425301101e-02 9.867211764492765935e-01
-1.511672921741243625e-01 1.175606958581683764e-01 9.814927063234256677e-01
-1.167964646278889795e-01 1.255521307055064983e-01 9.851879253856815621e-01
-2.166723658589935972e-02 9.458909509885488065e-02 9.952805805134218309e-01
1.117154300253539317e-01 2.444943676238702304e-02 9.934394232847111317e-01
1.921773957501876351e-01 -2.884186683447248142e-02 9.809362850257894451e-01
2.126853490989237816e-01 -4.689812982449139550e-02 9.759946248302856509e-01
1.877194558345437192e-01 -4.126915276943532440e-02 9.813553194082554887e-01
1.328280714364235282e-01 -2.366502752221631006e-02 9.908565334652995604e-01
6.139211489393747723e-02 -1.010016616075571012e-04 9.981137199876159993e-01
4.103733214164947962e-03 5.257887505439767101e-02 9.986083422802500831e-01
-5.467373447655694135e-02 8.544104148565535850e-02 9.948420031282393383e-01
-9.314850799990739838e-02 1.231392408357332574e-01 9.880081390473399727e-01
-9.757224137002108721e-02 1.586177915438940211e-01 9.825070248704309561e-01
-5.608482555796148739e-02 1.778910900522241989e-01 9.824506361248606101e-01
3.107883148441523136e-02 1.632716024341974714e-01 9.860915221581375567e-01
1.343614089928612254e-01 1.125876963013142801e-01 9.845156283244159701e-01
1.962563195359335044e-01 5.754491209091382870e-02 9.788626257727286450e-01
2.092127564500249060e-01 2.231273079376440774e-02 9.776155505018880865e-01
1.844505820177813893e-01 8.993765105932022622e-03 9.828006384727988598e-01
1.345739675077498032e-01 1.232722465666963481e-02 9.908268702460032440e-01
7.087435439261097203e-02 2.765234829129741001e-02 9.971018872328964999e-01
1.543912485884518099e-02 6.143132425949351244e-02 9.979918966721634810e-01
-3.111396369836990153e-02 9.178394074389167878e-02 9.952927355730557535e-01
-5.887654862167303327e-02 1.270804966714200179e-01 9.901434741430952258e-01
-5.734208463941922046e-02 1.600670503931695965e-01 9.854392039632174916e-01
-2.019033311879641843e-02 1.790488321171107566e-01 9.836329936343461977e-01
4.732978373419248486e-02 1.717592960607335073e-01 9.840013393224582572e-01
1.214702166539476380e-01 1.367979089038813822e-01 9.831232468951126569e-01
1.690269095771069763e-01 9.109027819643039647e-02 9.813931246228003724e-01
1.807763056901329768e-01 5.409694392730102219e-02 9.820353598311719612e-01
1.621295773907560356e-01 3.379915563245533550e-02 9.861904568660296855e-01
1.220628650484736899e-01 3.001115486371423377e-02 9.920685397490942581e-01
6.992412731226047007e-02 4.002306548258935393e-02 9.967491011528262224e-01
1.713483469886887406e-02 5.290150096234963462e-02 9.984527172759668501e-01
-1.918435040651985529e-02 7.824119991594763457e-02 9.967498559494113453e-01
-3.968925212455388929e-02 1.063994734178432822e-01 9.935310338998889490e-01
-3.695448701389861257e-02 1.310435662862817763e-01 9.906876145508614062e-01
-8.198555320849459579e-03 1.437314093936110093e-01 9.895827735183906348e-01
4.068068639456778879e-02 1.371996188180933662e-01 9.897077075332109120e-01
9.338552145286728445e-02 1.115437403593518978e-01 9.893619855086616122e-01
1.302583562622033342e-01 7.705935511029607388e-02 9.884809641130551938e-01
1.424493252587009096e-01 4.720478575983291791e-02 9.886758305606082597e-01
1.308877950473481266e-01 2.972247036795740149e-02 9.909515426411368288e-01
1.010354278778985149e-01 2.606974589257800984e-02 9.945412061159926154e-01
6.026220773888645715e-02 3.456967603825817498e-02 9.975837828558820064e-01
1.025064051376847751e-02 3.008363302241497117e-02 9.994948220942539985e-01
-1.963781174195765658e-02 4.958607860974206111e-02 9.985767757954617796e-01
-3.658759062424064845e-02 6.854398370362184412e-02 9.969769658875573537e-01
-3.507381000095683571e-02 8.222620174121417214e-02 9.959963250932276635e-01
-1.378998111156459587e-02 8.556874735613108351e-02 9.962368322325848569e-01
2.234152591558486237e-02 7.563740737617116738e-02 9.968850680119476504e-01
6.215574923753251074e-02 5.465189458459147193e-02 9.965690308528700747e-01
9.264756002944558866e-02 3.023841363263985588e-02 9.952397037706866012e-01
1.057858880793334372e-01 1.108788254019445543e-02 9.943271115402791960e-01
9.990423188045732816e-02 2.065044086924789669e-03 9.949949145826254560e-01
7.788928859470523047e-02 3.619314200178003725e-03 9.969554449858607503e-01
4.548763644659663957e-02 1.379495286593643982e-02 9.988696482554362266e-01
-2.780084765486021299e-03 -1.053987626723430467e-03 9.999955801096337416e-01
-3.079167286747546556e-02 1.280885613182765684e-02 9.994437483353513230e-01
-4.774717525138102298e-02 2.207944050755196799e-02 9.986153942146062112e-01
-4.870315589120965266e-02 2.382947556389823293e-02 9.985289974260066481e-01
-3.237659697466372527e-02 1.624628514492684403e-02 9.993436917234012062e-01
-2.449117462696022342e-03 4.248778638967052484e-04 9.999969106464581259e-01
3.246272584291713670e-02 -1.879164074433140041e-02 9.992962752202220189e-01
6.165697825350940908e-02 -3.467147439901102635e-02 9.974950154740881425e-01
7.697345791037235596e-02 -4.216930089435094037e-02 9.961409723725963561e-01
7.515214019306387661e-02 -4.010932177851466579e-02 9.963650927902246712e-01
5.761669899510824672e-02 -3.046710436422467999e-02 9.978737753586787163e-01
2.927490789239681548e-02 -1.644168689092539992e-02 9.994361663958631903e-01
-4.344993305257887663e-03 -4.229728017251604272e-02 9.990956216114526001e-01
-4.185363330454128228e-02 -5.160022009321785230e-02 9.977904041759180220e-01
-6.347638433770770583e-02 -6.581302403908961818e-02 9.958109230663366729e-01
-6.242777507888311317e-02 -8.302935256538522546e-02 9.945898147031725367e-01
-3.635661674892204376e-02 -9.978150141157439423e-02 9.943449343133448082e-01
9.531280647006276294e-03 -1.102614024602562026e-01 9.938569201936127140e-01
6.129244519998722912e-02 -1.090581913374101958e-01 9.921439144920518594e-01
1.016097136079859298e-01 -9.609153276441030622e-02 9.901726533446092438e-01
1.188898660451926659e-01 -7.657209265689181310e-02 9.899504605675275570e-01
1.107139733672478366e-01 -5.751628622221607867e-02 9.921866220225280530e-01
8.168460432644794600e-02 -4.433120630659551781e-02 9.956718182028793107e-01
4.010059338175503418e-02 -3.938539651775244815e-02 9.984191168800565785e-01
-8.634659209223875462e-03 -7.782670209483133483e-02 9.969295095950319041e-01
-5.408162008095832030e-02 -9.683820357177103100e-02 9.938297342595636685e-01
-8.043946788086710209e-02 -1.270561337902119114e-01 9.886284594696376216e-01
-7.908715067630787965e-02 -1.646553807188129992e-01 9.831753801831437656e-01
-4.526169658722777045e-02 -2.012611899370772561e-01 9.784913450037104887e-01
1.624194040681996298e-02 -2.227115090162930244e-01 9.747490872647577298e-01
8.593494045781423230e-02 -2.166799162159689651e-01 9.724530836586119387e-01
1.372229462633877684e-01 -1.859763139911623508e-01 9.729248036991624549e-01
1.549347431420711185e-01 -1.444616738265599720e-01 9.773055050303998126e-01
1.392218237736140007e-01 -1.066216136062166503e-01 9.845045024260675737e-01
9.903968150839810580e-02 -8.145006366262728947e-02 9.917444371490484745e-01
4.595778469660140308e-02 -7.208188831676717867e-02 9.963393414908614520e-01
-1.767166159771489317e-02 -9.774768925057712721e-02 9.950543209405976475e-01
-7.805720260360328455e-02 -1.259954879446550657e-01 9.889551102751167333e-01
-1.165938479476994194e-01 -1.706359469729056555e-01 9.784115944843562174e-01
-1.212171360125295499e-01 -2.276164103721357301e-01 9.661765758215318245e-01
-8.073306588350956381e-02 -2.854297365488880356e-01 9.549932133615809393e-01
5.719479378477835413e-03 -3.200710578138281082e-01 9.473762745105928085e-01
1.111135085303576603e-01 -3.065693762460717231e-01 9.453406823839572981e-01
1.856587796685139624e-01 -2.532781072452507387e-01 9.494108793995764684e-01
2.065817534371774677e-01 -1.875146535692005789e-01 9.602927854793285034e-01
1.802875368799697064e-01 -1.323905851135897260e-01 9.746636019771429682e-01
1.237652906887987125e-01 -9.858391158402424193e-02 9.874023319789676512e-01
5.337236295637370204e-02 -8.779225887882897983e-02 9.947079521917077116e-01
-2.916205770886940232e-02 -9.561802902154448169e-02 9.949908376041576297e-01
-1.094907732739294065e-01 -1.295697022253812780e-01 9.855067035962246091e-01
-1.676310411513194376e-01 -1.818786605867678818e-01 9.689272350727163863e-01
-1.878532272059484087e-01 -2.508391822943810134e-01 9.496267001586495837e-01
-1.484672868438638993e-01 -3.271738859317143144e-01 9.332281141830062188e-01
-3.104862626325919847e-02 -3.798919073548282510e-01 9.245096654624461729e-01
1.360394292194983534e-01 -3.584871322000185989e-01 9.235692988318076058e-01
2.468666964479777348e-01 -2.792158534166532813e-01 9.279522301205306301e-01
2.702804903693473704e-01 -1.906986835506161992e-01 9.437067704630299758e-01
2.289658591950250732e-01 -1.246140894730335680e-01 9.654252762528442444e-01
1.524008505355282372e-01 -8.900294839295186389e-02 9.843030305416202719e-01
6.174041456124306632e-02 -8.102429108554801140e-02 9.947980626558983186e-01
-3.911820603604235225e-02 -6.972260347186313989e-02 9.967991395068501737e-01
-1.393996696772855648e-01 -1.023453404135199057e-01 9.849330755891415601e-01
-2.206313271664505360e-01 -1.485593126322946045e-01 9.639771512349154525e-01
-2.652579414733417518e-01 -2.095526403975249141e-01 9.411301267028743256e-01
-2.410986895624105397e-01 -2.853179695873887534e-01 9.276125689757561688e-01
-9.771609076318081566e-02 -3.548887139677648905e-01 9.297879146903548220e-01
1.664786692937513246e-01 -3.305997688566417736e-01 9.289718216943440021e-01
3.159944647210541357e-01 -2.322035362076433629e-01 9.199070692403165106e-01
3.329763781596565275e-01 -1.365143682473534958e-01 9.330008353960341783e-01
2.729157891163140892e-01 -7.651763201881107979e-02 9.589901063312702423e-01
1.776205177993637752e-01 -5.108745835388438239e-02 9.827721115577208177e-01
6.954587523984551156e-02 -5.132844465766259884e-02 9.962573773910883279e-01
-4.367377646072480302e-02 -2.578516184340882283e-02 9.987130351999979894e-01
-1.562422050018144049e-01 -4.875201870243254382e-02 9.865148828317894525e-01
-2.544131894389582982e-01 -7.203747697143372819e-02 9.644089023599315968e-01
-3.202927351101600428e-01 -9.447114412647035497e-02 9.425962904462872327e-01
-3.161982031810636196e-01 -1.212831660617738894e-01 9.409086512170679040e-01
-1.655427807010736441e-01 -1.639155262938715996e-01 9.724851093963229332e-01
2.065264521387451258e-01 -1.461901359617305551e-01 9.674581483012397731e-01
3.623413360860998078e-01 -7.472402333742905745e-02 9.290452499741909120e-01
3.628835089229283661e-01 -1.878654781164418655e-02 9.316451172914993473e-01
2.911515790999006370e-01 5.800796002726192960e-03 9.566593483332463954e-01
1.884978340378468675e-01 7.041572982487994022e-03 9.820483607302423756e-01
7.367689102311371363e-02 -5.759178233521004830e-03 9.972655351486108266e-01
-4.133209834610844513e-02 2.273590123130745516e-02 9.988867485563528437e-01
-1.522632536967227779e-01 1.389937207761353377e-02 9.882422319601215088e-01
-2.508941334864994155e-01 2.054415713609420574e-02 9.677965030881499064e-01
-3.174042446336356460e-01 5.032263529951010866e-02 9.469541582701029858e-01
-3.108818864337551946e-01 1.071952737191851218e-01 9.443842575878056422e-01
-1.584232326253967316e-01 1.721556920989489869e-01 9.722471378422541388e-01
1.675539605245530694e-01 1.908655175319581287e-01 9.672104344607792559e-01
3.157366761685660439e-01 1.525101492548430471e-01 9.365100136657911190e-01
3.266732250299488327e-01 1.209792790460839235e-01 9.373625862439907142e-01
2.688716142365811246e-01 9.302191087442483741e-02 9.586735519221722956e-01
1.779781062154902893e-01 6.602896011587176817e-02 9.818166682909528209e-01
7.135273961313841340e-02 4.149342455928684004e-02 9.965877193042543825e-01
-3.386677195978477634e-02 5.996462670427860769e-02 9.976258242955009514e-01
-1.300355485731087835e-01 6.269900960411790847e-02 9.895249316222015645e-01
-2.127676421532817830e-01 8.840926787215870608e-02 9.730949243557085460e-01
-2.610114458561353934e-01 1.421670873949656688e-01 9.548096901444402818e-01
-2.403552639119775625e-01 2.204468867872450555e-01 9.453213830309953325e-01
-1.131548438781921351e-01 2.951126768774785525e-01 9.487383671239992822e-01
9.546820882071345438e-02 3.154608258559704059e-01 9.441240853059597038e-01
2.216888782960980964e-01 2.648440936849932870e-01 9.384623845844760615e-01
2.516184455753966431e-01 2.014152975964953185e-01 9.466361686204159964e-01
2.192641582345241924e-01 1.468616095945176891e-01 9.645490638329436983e-01
1.510169150476731725e-01 1.046659527565005215e-01 9.829745315638058756e-01
6.304096336186659766e-02 7.512270137636380130e-02 9.951795901626731000e-01
-2.473030426891392047e-02 7.555796063132354246e-02 9.968346937361118876e-01
-1.005621228864457678e-01 8.398027755874568068e-02 9.913801351760647140e-01
-1.624115780635910500e-01 1.141205509746017616e-01 9.801015147198397504e-01
-1.926978010060180768e-01 1.662298678660651952e-01 9.670755857308473979e-01
-1.701219465228727412e-01 2.316931246151015811e-01 9.577979010821385808e-01
-8.209442269751907051e-02 2.870194282381857143e-01 9.544005205236368861e-01
4.524054690373292831e-02 3.013246418579090813e-01 9.524477692372665949e-01
1.402992595372378748e-01 2.643682301785144628e-01 9.541622276350980592e-01
1.774138867303858003e-01 2.075735323887890893e-01 9.619966431577822163e-01
1.652437000147387314e-01 1.542357777327893475e-01 9.741179828298887067e-01
1.190664729941894595e-01 1.129751045451027613e-01 9.864379355852926912e-01
5.207150990739341928e-02 8.611715656614807313e-02 9.949233102108551163e-01
-1.624957466172781070e-02 6.742826766706609687e-02 9.975917902843519647e-01
-7.327854196738076142e-02 7.621625000422591056e-02 9.943949610302886821e-01
-1.169343702769728016e-01 1.009711701295729763e-01 9.879935100245151869e-01
-1.345153433718889180e-01 1.395284627981781544e-01 9.810389546122713078e-01
-1.147519978128506563e-01 1.833681267775148505e-01 9.763237726697441277e-01
-5.560585749647491832e-02 2.168757073309910133e-01 9.746142396772979888e-01
2.490531967726435439e-02 2.237664315149376637e-01 9.743245399654235639e-01
9.227705237534454541e-02 2.001925561491569305e-01 9.754013974089636996e-01
1.257671311076482834e-01 1.615613061627334812e-01 9.788159035712226119e-01
1.234454356410996795e-01 1.232483933497766221e-01 9.846679937705182795e-01
9.247673289195725010e-02 9.296883594111006455e-02 9.913651443425778309e-01
4.253273626804204149e-02 7.367363350285939527e-02 9.963750107625287677e-01
-9.384671851374749157e-03 3.971963792225065987e-02 9.991667920310461914e-01
-5.297287942904069236e-02 4.505388357618230616e-02 9.975790803839583720e-01
-8.365176820441320993e-02 5.927038181622804047e-02 9.947308196269193381e-01
-9.252115658577532431e-02 8.031539743840065970e-02 9.924662576220651955e-01
-7.406359040370530389e-02 1.025715468645298778e-01 9.919645469220866874e-01
-3.026702837635000115e-02 1.178912453396280119e-01 9.925651420765866373e-01
2.595493434849340669e-02 1.195541235052090812e-01 9.924883641312211013e-01
7.462953568330321641e-02 1.072595670919864741e-01 9.914261534128141484e-01
1.009753278955009409e-01 8.795198837660302138e-02 9.909936583535758903e-01
1.006224722353214057e-01 6.866985742762432565e-02 9.925520483894586521e-01
7.691759351963790847e-02 5.310427422605403652e-02 9.956222274869480637e-01
3.720165287330511050e-02 4.291318256471988307e-02 9.983859453065632161e-01
-4.980148490160730794e-03 6.996123864272155396e-05 9.999875965363004271e-01
-4.191724967261441226e-02 -8.354241146665226719e-04 9.991207365711366473e-01
-6.520410544947019549e-02 7.599845181156517071e-05 9.978719451195893209e-01
-6.795140982698145982e-02 2.415277023356674196e-03 9.976857081964455309e-01
-4.739615904406918601e-02 4.770064028203876809e-03 9.988647809373443209e-01
-7.514063644794608844e-03 5.866079673194192837e-03 9.999545629461388252e-01
3.999491481897867601e-02 5.565955928359122250e-03 9.991843808443094943e-01
7.969670684250261539e-02 4.743298137294297417e-03 9.968078731838161399e-01
1.000152230766576666e-01 4.432740095752418265e-03 9.949760328611960691e-01
9.708804795380228392e-02 4.465429723556194920e-03 9.952657790167811491e-01
7.369927023645678199e-02 3.836222691169939667e-03 9.972731325780720413e-01
3.671604416392355158e-02 2.078939944098183879e-03 9.993235762802746835e-01
1.263605071071026258e-02 -4.499773183562462420e-02 9.989071700373933771e-01
-2.130742873216459610e-02 -7.600686354716040816e-02 9.968796066599834305e-01
-3.520629359462768004e-02 -1.058625483476939161e-01 9.937573334314004914e-01
-2.270263584198403337e-02 -1.285365873769150347e-01 9.914448729159518470e-01
1.669979108588205696e-02 -1.374585964600228138e-01 9.903667256309384159e-01
7.325655953602767945e-02 -1.268022732181695589e-01 9.892192173586452641e-01
1.275877301694653965e-01 -9.703532276081289210e-02 9.870691552504866628e-01
1.610607704515518712e-01 -5.846345406154646734e-02 9.852113746606582234e-01
1.656552910062736861e-01 -2.456210105800302537e-02 9.858777955473150278e-01
1.441443556554604932e-01 -5.133462585834852078e-03 9.895433554395319797e-01
1.049184461239317245e-01 -3.809061714567962397e-03 9.944735344451236525e-01
5.785200461506912611e-02 -1.884008008359319003e-02 9.981473823762012643e-01
2.539553848618560442e-02 -8.469383567630292542e-02 9.960833403001054798e-01
-1.323742915704404638e-02 -1.338159690066609564e-01 9.909177851406721915e-01
-2.323298523978099134e-02 -1.893319265010846297e-01 9.816382480344963968e-01
3.998255101951913963e-03 -2.415622978671323196e-01 9.703770762983179310e-01
6.986248362501386311e-02 -2.745204499739419268e-01 9.590400178969774592e-01
1.584944300443028586e-01 -2.685891950260908545e-01 9.501259705745088713e-01
2.351432778082178932e-01 -2.182801623867980934e-01 9.471332586336548287e-01
2.698145895002869166e-01 -1.465714422112254500e-01 9.516915990072120080e-01
2.575201042259410156e-01 -8.215685758091201274e-02 9.627739333155481694e-01
2.113226792824555722e-01 -4.259575057333628983e-02 9.764877506932548856e-01
1.482536992454393243e-01 -3.252283745067210963e-02 9.884144402548061814e-01
8.257309394798238722e-02 -4.870676712446143919e-02 9.953940601551318768e-01
2.448552474027309786e-02 -1.112676182817698284e-01 9.934887901733463478e-01
-2.838011805691275161e-02 -1.831116540301280238e-01 9.826823958214639942e-01
-4.496491418824277025e-02 -2.689198930464878901e-01 9.621123882457320864e-01
-1.047040330184914776e-02 -3.570931519706770363e-01 9.340100917390294910e-01
8.566931041112806067e-02 -4.208186260086067554e-01 9.030905011447679653e-01
2.275560094868822048e-01 -4.165655210380286855e-01 8.801655692134006115e-01
3.520953991510347159e-01 -3.236217487225482858e-01 8.782356139729461386e-01
3.974716570592208287e-01 -1.988118486331346968e-01 8.958181348229433683e-01
3.646473123872338018e-01 -9.801252210208651061e-02 9.259729386326231992e-01
2.864089265450519561e-01 -4.346191070596013700e-02 9.571211987586037973e-01
1.924817211939474915e-01 -3.362706353969161649e-02 9.807242260716816373e-01
1.014073637962082941e-01 -5.925904851048606481e-02 9.930785023035880732e-01
9.037703457584415900e-03 -1.168272281194341483e-01 9.931111310856095553e-01
-6.732067094771360116e-02 -2.109400069428344626e-01 9.751780559129190618e-01
-1.055358375564114937e-01 -3.253239469499502601e-01 9.396949060903635464e-01
-8.255549800008887829e-02 -4.517415372332727608e-01 8.883209855047154990e-01
3.373229257593410996e-02 -5.584962004425684245e-01 8.288209254892091593e-01
2.534724095662333476e-01 -5.651172587614192722e-01 7.851077769571833675e-01
4.751230260581776332e-01 -3.915517131968164199e-01 7.880008667520261856e-01
5.381418229885251980e-01 -1.861165247149687008e-01 8.220486710521437423e-01
4.736852503823295590e-01 -5.074745148869038575e-02 8.792309024014242080e-01
3.560056516210768907e-01 3.605949541330498009e-03 9.344768446257800676e-01
2.286597019111333007e-01 -1.214099614737611027e-03 9.735056582701731021e-01
1.102651836379860140e-01 -4.526872103739010278e-02 9.928707530051168462e-01
-1.735643014298020315e-02 -9.695528834683356245e-02 9.951373907125943274e-01
-1.225915404818153642e-01 -2.043836406836604114e-01 9.711841440340582832e-01
-1.990921964836534497e-01 -3.320856212794258688e-01 9.219986103236745834e-01
-2.212535462632942151e-01 -4.798186183739174271e-01 8.490117559419496640e-01
-1.327484638548357687e-01 -6.296493382261756366e-01 7.654538236990485744e-01
1.619689871107612422e-01 -6.829247242959056718e-01 7.123060214259606671e-01
5.933336720157118549e-01 -3.579306141633735727e-01 7.209998814819554847e-01
6.589026815948123561e-01 -5.483331549660142717e-02 7.502270081107597077e-01
5.463470569711850189e-01 8.051328943990784803e-02 8.336800966572717186e-01
3.938742538829291262e-01 1.005633912974043809e-01 9.136465818131923600e-01
2.437536995969228348e-01 6.181797175850048398e-02 9.678650072713994579e-01
1.059431592698793501e-01 -7.624422567452358163e-03 9.943429565217707378e-01
-4.684095250822639667e-02 -5.456987792261380754e-02 9.974106744925412826e-01
-1.767352843954076713e-01 -1.580267045123757153e-01 9.714896808050080823e-01
-2.977738543987220043e-01 -2.684102255725950292e-01 9.161259097114385908e-01
-3.947207227856991962e-01 -3.835637626940320843e-01 8.349098100702523340e-01
-4.185237494165808259e-01 -4.954720279299802410e-01 7.611473843568263842e-01
-1.889063749843100104e-01 -5.706200241645518201e-01 7.991915724735603188e-01
6.250979395160534136e-01 -9.672056823762790675e-03 7.804863979145267860e-01
6.399893616294959342e-01 2.490481069038978368e-01 7.269034718919960003e-01
5.114654870634487427e-01 2.785758536905382776e-01 8.128951650019492492e-01
3.676467345225875594e-01 2.215987574337549837e-01 9.031776510181659390e-01
2.254192493334098990e-01 1.370784357217833260e-01 9.645701967664195298e-01
8.734801003340107728e-02 4.355495620877123525e-02 9.952252463301242136e-01
-6.970941493097637665e-02 -2.266506796431447864e-03 9.975647650237642328e-01
-2.076892467280389010e-01 -8.434394735766954920e-02 9.745518330687430453e-01
-3.540474096475984545e-01 -1.495482755017719934e-01 9.231932327613081579e-01
-5.032032200825052870e-01 -1.763811446048392795e-01 8.459764837904664159e-01
-6.264863224537374764e-01 -1.066060324882583954e-01 7.721075324172781418e-01
-5.786646007986628870e-01 1.736801633632354680e-01 7.968578798234010607e-01
6.396539982815693803e-02 6.255998843355653483e-01 7.775173389347287412e-01
3.233901099076369468e-01 5.622193599801671438e-01 7.611361429320150362e-01
3.424596438575497337e-01 4.367983749284827799e-01 8.318224401810820900e-01
2.765769319356535805e-01 3.108956774599653250e-01 9.093124207101538348e-01
1.760708192139869843e-01 1.951459397058087075e-01 9.648404680762823205e-01
5.870242534220534297e-02 9.099796941495098823e-02 9.941194067219951691e-01
-7.915358836092946382e-02 4.200915225735166181e-02 9.959768775309290056e-01
-2.037049357949466399e-01 -1.243760767824270315e-02 9.789533211793197687e-01
-3.383303586897257742e-01 -3.382661140467032451e-02 9.404192303168666944e-01
-4.685151256186734781e-01 8.261745862620182559e-04 8.834550891256899297e-01
-5.503061315871650150e-01 1.282790507642269928e-01 8.250500873720365558e-01
-4.791839558310472258e-01 3.658011458062124799e-01 7.978547851589070650e-01
-1.697612224737126141e-01 6.004295328488510330e-01 7.814508963634078098e-01
7.498660376511791237e-02 5.788237546171339787e-01 8.119975802591353764e-01
1.725882301660993379e-01 4.597603143861906383e-01 8.711106451672202544e-01
1.725558881158688607e-01 3.308060651288962095e-01 9.277886681515773448e-01
1.172102493867775846e-01 2.159482360361532627e-01 9.693441683899292061e-01
2.965058795120854504e-02 1.193165388697369766e-01 9.924134250332790064e-01
-7.450593673433895947e-02 6.469490423713673832e-02 9.951198092476566393e-01
-1.731761147836085313e-01 3.260983054859730584e-02 9.843508684509125750e-01
-2.764030195618488173e-01 3.520484314861400954e-02 9.603967876851517982e-01
-3.661839846360561146e-01 8.562641603870775608e-02 9.265945209596438970e-01
-4.079859545426977041e-01 1.933263361716566209e-01 8.922849257038570903e-01
-3.539675204413864074e-01 3.418720815375386191e-01 8.705345911207601484e-01
-1.948000855454725677e-01 4.617727668167059263e-01 8.653431911663151954e-01
-2.936170958402523415e-02 4.630154612543354031e-01 8.858637438397353181e-01
6.895421170084146956e-02 3.875567475497779801e-01 9.192633377424165309e-01
9.591192550852958854e-02 2.906785501296403340e-01 9.520015142003696029e-01
7.030460657752868325e-02 1.990858292595138468e-01 9.774569529560100944e-01
9.559960160751525965e-03 1.221407488726070217e-01 9.924667473656498817e-01
-5.856359568542909150e-02 6.191269780324230865e-02 9.963619438291891894e-01
-1.304811318409677678e-01 4.274698482671302618e-02 9.905288332611805746e-01
-2.010364379702427040e-01 5.120744345161479250e-02 9.782444215753842709e-01
-2.551529167556488842e-01 9.269322605293089934e-02 9.624473777381274964e-01
-2.722131422782205767e-01 1.651724074996864799e-01 9.479546829737006686e-01
-2.331575246048739058e-01 2.506941280907372116e-01 9.395690623157818555e-01
-1.418083730076649118e-01 3.129850427889273035e-01 9.391116804381273164e-01
-3.901047991655771929e-02 3.185178622660826409e-01 9.471138019657943108e-01
3.299137669241580806e-02 2.780711066874136939e-01 9.599937649222342051e-01
5.990471667341969869e-02 2.178856315683107281e-01 9.741341162675378751e-01
4.663243260795049000e-02 1.560142866626082481e-01 9.866534136089747387e-01
3.710486162235677836e-03 1.018428983400083560e-01 9.947935747430954878e-01
-3.526531634969787277e-02 3.741767294678176314e-02 9.986772627901444599e-01
-8.625054257290921955e-02 2.206116485486795536e-02 9.960291907926887012e-01
-1.304788454548446164e-01 2.484848578266977623e-02 9.911396590002304885e-01
-1.572827584633796350e-01 4.824270105605504150e-02 9.863745615560811641e-01
-1.562695556822922549e-01 8.876509579386590576e-02 9.837177358041017117e-01
-1.220552783285251269e-01 1.349165469968653941e-01 9.833107516846455454e-01
-6.205812218918577150e-02 1.693642077885132713e-01 9.835977605660508605e-01
1.769594826590455139e-03 1.785902609276686925e-01 9.839219416376165928e-01
4.642907134127605140e-02 1.641395027320602662e-01 9.853438815851196519e-01
6.133301059898933760e-02 1.352488819606938453e-01 9.889115237164919359e-01
4.767274670982574875e-02 1.002779587440521397e-01 9.938167035279987793e-01
1.251443905541142071e-02 6.559251444554421717e-02 9.977680145524056021e-01
-9.556458981336425629e-03 -1.207663974890280361e-03 9.999536067435643716e-01
-4.773132715545201632e-02 -2.073906872001845397e-02 9.986448875534240655e-01
-7.321731186600079211e-02 -3.112373902459055972e-02 9.968302453839620325e-01
-7.863438678416269367e-02 -2.922205403880271182e-02 9.964751400676382653e-01
-6.009489498197992385e-02 -1.504037204758529658e-02 9.980793509565124566e-01
-2.045296404036872628e-02 7.871892565795445343e-03 9.997598259429207879e-01
2.878333632636179487e-02 3.272739274939474169e-02 9.990497671856599649e-01
7.117494314443302550e-02 5.182958333897638714e-02 9.961163695870488555e-01
9.370066617505251605e-02 6.052946524755986601e-02 9.937587076323892710e-01
9.200995463887004511e-02 5.746093442683058300e-02 9.940987925061325337e-01
6.921288547351152343e-02 4.362894965018897231e-02 9.966474257413453497e-01
3.246553011655420318e-02 2.227909258882230029e-02 9.992245150053524760e-01
2.930097514198181166e-02 -4.139213695175660707e-02 9.987132440567089153e-01
9.572039968239211966e-03 -9.123321054718804002e-02 9.957835494444120528e-01
1.160369974644804257e-02 -1.324831005038598353e-01 9.911173402948306732e-01
3.922453888274092526e-02 -1.552001114895313338e-01 9.871040274171104523e-01
8.894081302540664258e-02 -1.505332348911159468e-01 9.845959968289507147e-01
1.457618860121217552e-01 -1.149582466241447498e-01 9.826179695686845239e-01
1.878904306964574999e-01 -5.740511462083189298e-02 9.805110090499167264e-01
2.011319487512570892e-01 1.768588360424093106e-03 9.795625611908365116e-01
1.855988583687259164e-01 4.323621874360911166e-02 9.816739240506368036e-01
1.505774720295769142e-01 5.700960023152621542e-02 9.869530537966918482e-01
1.070239870918371639e-01 4.280212872272325109e-02 9.933347089293319554e-01
6.412723110987990360e-02 6.798121804238652088e-03 9.979185757215487396e-01
5.969677741477045357e-02 -7.703157001496561962e-02 9.952398866541191103e-01
4.274048149294362720e-02 -1.523419676625631380e-01 9.874032489973045834e-01
6.279646007760553150e-02 -2.253139117285720416e-01 9.722603796222948347e-01
1.258049399798308876e-01 -2.797250241774434376e-01 9.518019898726773897e-01
2.249889339480219685e-01 -2.926222760804380596e-01 9.293826892848902066e-01
3.284247023082594308e-01 -2.452236193407645592e-01 9.121417606003672240e-01
3.890870820227868565e-01 -1.488498874649795689e-01 9.090956790155027001e-01
3.848279459747572240e-01 -4.656967851464623165e-02 9.218127342578326111e-01
3.294616407864764396e-01 2.463984688761725397e-02 9.438473950780571498e-01
2.507652364142283208e-01 5.086176425310067611e-02 9.667108549836317399e-01
1.714746475005825832e-01 3.559429869582760725e-02 9.845453220471384048e-01
1.051053903058233041e-01 -1.082947918625106268e-02 9.944021215329450492e-01
6.924541208730992936e-02 -1.063444923421144328e-01 9.919152795744901052e-01
4.554518122692668980e-02 -2.184860271834054846e-01 9.747766371803305852e-01
7.376210950930203736e-02 -3.359640065110325868e-01 9.389820751908959373e-01
1.691763328982491821e-01 -4.359015847184525838e-01 8.839508905063819810e-01
3.325827916307839693e-01 -4.719767702094880280e-01 8.164720540800519677e-01
5.138367140062024552e-01 -3.913101516920624579e-01 7.634449531708491499e-01
6.128812687065274822e-01 -2.103053564499706707e-01 7.616746073732103550e-01
5.870688305827825859e-01 -3.437213453939823304e-02 8.088069884251700703e-01
4.795263309858772138e-01 6.940653945676804326e-02 8.747783891774315590e-01
3.477445251903682477e-01 9.471645650149364271e-02 9.327928698633634053e-01
2.270100476562228187e-01 6.154627672241100300e-02 9.719457258945828348e-01
1.321405841764407840e-01 -1.000599289575484184e-02 9.911804811030547890e-01
5.352656263576989482e-02 -1.218197289281976875e-01 9.911078956078593905e-01
1.119511027773437140e-02 -2.759418758160201990e-01 9.611091252698720222e-01
2.814386267947683457e-02 -4.457204849378690326e-01 8.947296643680788808e-01
1.362750317362200758e-01 -6.077225399738706013e-01 7.823697528234229148e-01
3.675979750210194852e-01 -6.877075390107031394e-01 6.260431850505783213e-01
6.757128403412028250e-01 -5.536958233023536735e-01 4.866550037301053955e-01
8.476133251399288193e-01 -2.015444580297902355e-01 4.908477182209514678e-01
7.805737114642915531e-01 8.541019180501462082e-02 6.192009206281042788e-01
6.032234894148450488e-01 2.039337070473333791e-01 7.710593135084460314e-01
4.167754741360332194e-01 1.974512479070679172e-01 8.873055893313358533e-01
2.590977589052192998e-01 1.228942239547698850e-01 9.580007103592608209e-01
1.379086290783986535e-01 1.224108800879821456e-02 9.903693077786889232e-01
1.457341738300271111e-02 -1.168169387938678000e-01 9.930465338122818064e-01
-5.807631521665392732e-02 -3.048539782576732970e-01 9.506267372377621427e-01
-8.273690360797011922e-02 -5.179360532783426896e-01 8.514087440799718021e-01
-1.627431976872936031e-02 -7.448185767535141499e-01 6.670685378871783477e-01
2.228151215895688153e-01 -9.047444860055119387e-01 3.630300767617596902e-01
6.841930368245836558e-01 -7.292833008568305742e-01 5.074982965506589193e-03
9.994505240682561853e-01 -2.759766219735894019e-02 1.835807672168000143e-02
8.578031801991620187e-01 3.779411309573180167e-01 3.483305980974151783e-01
6.240167876676738778e-01 4.363881261619396712e-01 6.482040203931203060e-01
4.177267216604428901e-01 3.466312946950123042e-01 8.398518509528275500e-01
2.509317710816734159e-01 2.081338076682789917e-01 9.453642495712067939e-01
1.182720628381237343e-01 5.223033427819632341e-02 9.916066313479345862e-01
-3.729969357747919129e-02 -8.931760105556531271e-02 9.953045257611867758e-01
-1.441071581161179893e-01 -2.863425373501744531e-01 9.472281025621893669e-01
-2.369530336979754903e-01 -5.057721848507976681e-01 8.294864416327522028e-01
-2.901035921657619809e-01 -7.487273656535324839e-01 5.960262055766092359e-01
-2.342189414226672484e-01 -9.604350445131989433e-01 1.506851444229626857e-01
1.019854766463154511e-01 -7.982298294088798762e-01 -5.936565522211412205e-01
6.481057372460086174e-01 4.753444821702129119e-01 -5.949845179659042360e-01
5.811199078985906930e-01 8.046260512308640589e-01 1.219695467096197777e-01
4.522431460343894205e-01 6.849392056820838848e-01 5.712568786321332581e-01
3.214512361014758568e-01 4.853566860292742868e-01 8.130793258566513249e-01
1.950460856962385192e-01 2.864053701424200127e-01 9.380453018954784117e-01
7.576182812339303518e-02 9.740518591194907705e-02 9.923569796987544711e-01
-8.527399781254305089e-02 -4.627833752219179253e-02 9.952822015756419560e-01
-2.141067031527023046e-01 -2.193621061643182268e-01 9.518605917067061162e-01
-3.671099973185860121e-01 -3.922194609003532562e-01 8.434418440887192503e-01
-5.500620260481149382e-01 -5.478066192542881963e-01 6.303488521454189142e-01
-7.673588215107753907e-01 -5.923114272388012580e-01 2.456167995311211716e-01
-9.348435479184111774e-01 -1.912831707538163728e-01 -2.991292187361286325e-01
-4.720424862337701533e-01 8.255320136193905478e-01 -3.093101771357751884e-01
-1.151529349826446551e-02 9.708284417315156123e-01 2.394985067611441476e-01
1.510843898347242198e-01 7.740798652577413064e-01 6.147957948382913873e-01
1.638179368255252844e-01 5.383739550809609753e-01 8.266300067531507922e-01
1.094627356953881414e-01 3.232042338924853153e-01 9.399770915762040158e-01
2.276714555089475941e-02 1.312878781901618552e-01 9.910828169854276615e-01
-1.137384654066159739e-01 -2.911440313221821258e-03 9.935064594667906146e-01
-2.396802290142544256e-01 -1.313229471245647428e-01 9.619291405182417432e-01
-4.031007529626828290e-01 -2.337174834706163551e-01 8.848084091378601856e-01
-6.046292251317638700e-01 -2.785253694589422402e-01 7.462218964117307562e-01
-8.196139178157191285e-01 -1.874600734409038183e-01 5.413794848240055524e-01
-9.292825119963493696e-01 1.532855425767844226e-01 3.360618326062491112e-01
-6.908558024199723535e-01 6.490542097569564906e-01 3.185072888639245980e-01
-3.051357536897958411e-01 7.934140318822233695e-01 5.266748008330665032e-01
-6.490955140431901860e-02 6.785400888920080087e-01 7.316898918960969000e-01
2.803272989793177683e-02 4.926139156244539463e-01 8.697963532848479451e-01
2.974272564041083311e-02 3.088026042831538143e-01 9.506609920783765100e-01
-2.281555703140785915e-02 1.435600154906332415e-01 9.893785788613436161e-01
-1.164927988880308657e-01 2.578377845500266427e-02 9.928567996321613354e-01
-2.196741786925490714e-01 -5.877141574118553702e-02 9.738014047574168330e-01
-3.530591362256177979e-01 -1.073423736252266947e-01 9.294228645520435927e-01
-5.055863298705177700e-01 -9.547208401437362602e-02 8.574774307362271752e-01
-6.414240395143711027e-01 1.099371463974766448e-02 7.671077758512778733e-01
-6.847279927775266062e-01 2.247666687857539647e-01 6.932730490288878666e-01
-5.586656543719642487e-01 4.649196892891148125e-01 6.868350377903481574e-01
-3.303721409046800339e-01 5.614971506091569475e-01 7.586667241759186275e-01
-1.427976844997886074e-01 5.099115839734581490e-01 8.482918117199942376e-01
-4.319462007091777467e-02 3.907711318469991868e-01 9.194738426469591941e-01
-1.851074306833610031e-02 2.581413773036007608e-01 9.659298016496155048e-01
-4.741054410929863849e-02 1.337026257689849784e-01 9.898867855314185116e-01
-9.591217821203036620e-02 3.313175773867253066e-02 9.948382485106799233e-01
-1.701657188683348421e-01 -2.062931995460946799e-02 9.851995022736340646e-01
-2.614410073952572744e-01 -4.201827601066651652e-02 9.643044457707609096e-01
-3.564745145787776570e-01 -1.749362278333594506e-02 9.341412599910992043e-01
-4.289378325840531025e-01 6.206933013464163706e-02 9.011990535030299787e-01
-4.410385716003735745e-01 1.858256802512348038e-01 8.780397456379021026e-01
-3.686843545206537898e-01 3.074334719787322756e-01 8.772436987740570569e-01
-2.412017101358605864e-01 3.639141774970365839e-01 8.996600504880704063e-01
-1.229048073164533683e-01 3.440559013013046452e-01 9.308705308034315173e-01
-5.054090531085426302e-02 2.772755533407300632e-01 9.594602047036489001e-01
-2.792513333225122435e-02 1.926571347801054879e-01 9.808687044384238884e-01
-4.612156436100739443e-02 1.075738042045091963e-01 9.931267179720172367e-01
-5.865352146396197314e-02 2.051603455771082093e-02 9.980675612131147956e-01
-1.074601466993729548e-01 -1.789181940958313108e-02 9.940483889980149534e-01
-1.604140683589745653e-01 -3.249229381918319892e-02 9.865148643152304997e-01
-2.075222223913331665e-01 -1.580820981153783014e-02 9.781025650290158246e-01
-2.347523287492190580e-01 3.308022117483681857e-02 9.714921734702069989e-01
-2.273067138460254100e-01 1.032245564429967316e-01 9.683368983921269990e-01
-1.806284887335702083e-01 1.704332158659650764e-01 9.686722190645334907e-01
-1.111891841790759172e-01 2.082548104885478535e-01 9.717339652548917517e-01
-4.807233884363881077e-02 2.079349937046372498e-01 9.769606382199711447e-01
-1.075034934234934264e-02 1.773428594012841086e-01 9.840904126188873002e-01
-3.422912265514586622e-03 1.286352535477831571e-01 9.916860668660831823e-01
-2.164269766988208277e-02 7.285516341097569848e-02 9.971076766337412245e-01
-1.354153348302675024e-02 -6.570499500341935029e-03 9.998867212875900412e-01
-4.399101497732367527e-02 -4.398030711324132230e-02 9.980633863575418818e-01
-6.615691718628430307e-02 -6.595362218620723360e-02 9.956271300185220996e-01
-7.406571997794905715e-02 -6.583908019061647521e-02 9.950776274461062831e-01
-6.376132848470750236e-02 -4.181889394108206925e-02 9.970885984201388608e-01
-3.595984166840766189e-02 9.517855161372869039e-04 9.993527825005018572e-01
1.819736833319460061e-03 4.972218991516651893e-02 9.987614291651168985e-01
3.702405207736016862e-02 8.863174041325833086e-02 9.953761269787108068e-01
5.808587550527913312e-02 1.069604554727873885e-01 9.925651072004499920e-01
6.018383340456219532e-02 1.018353795863475159e-01 9.929790842012857777e-01
4.516183819636985369e-02 7.622746230439293724e-02 9.960671575558384117e-01
1.843531009614758978e-02 3.694153933931873524e-02 9.991473675153647038e-01
4.381211320629758293e-02 -3.138573822885725589e-02 9.985466609889817047e-01
4.615164311565903704e-02 -9.180409190043735401e-02 9.947070093992809170e-01
6.832330871162096975e-02 -1.362303882498720475e-01 9.883183731996402210e-01
1.097360320297586095e-01 -1.523862067113407326e-01 9.822099812557819609e-01
1.619801871426871653e-01 -1.314308906221099693e-01 9.780022187927387423e-01
2.068378214680171301e-01 -7.440341837819423876e-02 9.755420272566492912e-01
2.249764043377356360e-01 1.880481616992095689e-03 9.743623973040820285e-01
2.104144750120993390e-01 7.074525203112805305e-02 9.750491567200144649e-01
1.729488540848732603e-01 1.107848887657162801e-01 9.786804393119737933e-01
1.281114144121189569e-01 1.141661874707406155e-01 9.851667610794235808e-01
8.784633795714358317e-02 8.456942358997858455e-02 9.925376735928874705e-01
5.865613442827636442e-02 3.185978920251409524e-02 9.977697187858055594e-01
8.809263542524477242e-02 -5.498510846126949958e-02 9.945935478532672569e-01
1.031530457666292727e-01 -1.445039670781141650e-01 9.841128251616998446e-01
1.584316935666398307e-01 -2.201606143340457122e-01 9.625116634979778985e-01
2.536029388845600918e-01 -2.608806926296317608e-01 9.314648751306645602e-01
3.706565695085690115e-01 -2.419288199012188945e-01 8.967073957436365594e-01
4.659662109973140010e-01 -1.538290540457548372e-01 8.713277869666496978e-01
4.932024876643587019e-01 -2.566834149753962485e-02 8.695357625804931434e-01
4.432959298622305422e-01 8.815749803392128325e-02 8.920296935124790716e-01
3.470831910506705920e-01 1.491792926817801235e-01 9.258935128431525774e-01
2.446998287154104335e-01 1.509832373669861283e-01 9.577714006279535175e-01
1.618703198450452130e-01 1.067281807861895915e-01 9.810234935919328603e-01
1.086954734638949926e-01 3.318422971720598469e-02 9.935210621554663168e-01
1.080115546223073680e-01 -8.198523487661012188e-02 9.907633043922643434e-01
1.289381679523210200e-01 -2.182475026083314784e-01 9.673380879766674267e-01
2.105085431706929244e-01 -3.448063697279998285e-01 9.147648444530211975e-01
3.603430893317130512e-01 -4.269929684250598489e-01 8.293550885395603034e-01
5.574984005202128223e-01 -4.076697526216904177e-01 7.231880158124709412e-01
7.244095818145459553e-01 -2.508480017951610352e-01 6.421106117879223918e-01
7.678199119583113408e-01 -1.460536562682793194e-02 6.404992319240024878e-01
6.732282968736752471e-01 1.789373868975949189e-01 7.174573658823530931e-01
5.067058731704537911e-01 2.616660922180497617e-01 8.214499463009918845e-01
3.415786766531410668e-01 2.431515956376999466e-01 9.078553349486558899e-01
2.156419037678301287e-01 1.620563524504417818e-01 9.629311024002920050e-01
1.379322747665354398e-01 4.826510556509762406e-02 9.892649630723426846e-01
9.614859917216569962e-02 -1.069226576607971574e-01 9.896074939873759080e-01
1.105086243811174984e-01 -3.009661712574338566e-01 9.472102236019378507e-01
1.970695134653398239e-01 -4.946359557584317779e-01 8.464625674732801919e-01
3.801342877994897118e-01 -6.398531559390843171e-01 6.678965953453840365e-01
6.533373557337017745e-01 -6.271422190045212730e-01 4.240789274946037413e-01
9.073056928157461343e-01 -3.556149547493209773e-01 2.243532565905360932e-01
9.719633647791232622e-01 7.004461683268529970e-02 2.244570541997770452e-01
8.262526184506423510e-01 3.769405258145034354e-01 4.185958080322086383e-01
5.953329053412906857e-01 4.618896281847011953e-01 6.574471105673023175e-01
3.844017979548325914e-01 3.896872285186469553e-01 8.368865643912294372e-01
2.313445463729952301e-01 2.462560153374031280e-01 9.411895004586464664e-01
1.372586881085244570e-01 7.627880659513099071e-02 9.875938417199444652e-01
5.233665149953774937e-02 -1.217269828886348298e-01 9.911828370924553600e-01
4.270796821170495805e-02 -3.677245038515414843e-01 9.289535611204540189e-01
9.323223141429108629e-02 -6.258673968694249412e-01 7.743369761036890120e-01
2.415248524524869489e-01 -8.437067592547874417e-01 4.794003024984393457e-01
5.136726320508719912e-01 -8.573154435326955092e-01 3.392134080902878962e-02
8.129473807102783889e-01 -4.467326041718842622e-01 -3.735592811938989177e-01
8.932585637815140256e-01 2.550452559840338806e-01 -3.701905666424042951e-01
7.359575373499835926e-01 6.763550689269004490e-01 3.017157527576612430e-02
5.181594918001135586e-01 7.170284962946913421e-01 4.662412214281378975e-01
3.304275712364203033e-01 5.574707261868523389e-01 7.616062037638005044e-01
1.935122853647744945e-01 3.383415481097864497e-01 9.209115007619333992e-01
1.032147956467200367e-01 1.105179749533170275e-01 9.885001179422399087e-01
-1.274974884364401574e-02 -1.185398603947579732e-01 9.928674359661447957e-01
-5.981625135838690432e-02 -3.870689503407870879e-01 9.201084956435913176e-01
-8.801857088781277205e-02 -6.728910521187043692e-01 7.344864622016079592e-01
-7.042737574229854247e-02 -9.283024659045128191e-01 3.650952157200401116e-01
3.076902926718650191e-02 -9.718051172052862841e-01 -2.337692901379232746e-01
1.992506040653758137e-01 -4.868019622268395241e-01 -8.504840071110513211e-01
2.785291959392850458e-01 4.660901806429789684e-01 -8.397508145382410749e-01
2.728739757171692037e-01 9.334273827345528352e-01 -2.329229798401730445e-01
2.343540149382325466e-01 9.063939479407019384e-01 3.514657975092504993e-01
1.724530099725271326e-01 6.726958651370094078e-01 7.195416821692712794e-01
1.050100164542282083e-01 4.008475749707235969e-01 9.101066520382999903e-01
4.269099713670861107e-02 1.384165275890371916e-01 9.894535581085638354e-01
-7.843284306212491841e-02 -9.598729304767819603e-02 9.922876239793417819e-01
-1.598171502044266612e-01 -3.436220613909228283e-01 9.254092918411760404e-01
-2.725141978216643057e-01 -5.965617424258740087e-01 7.548841629411826570e-01
-4.158352047117835903e-01 -8.071664090977683781e-01 4.190029481358615859e-01
-5.718146498753359230e-01 -8.124300306358265278e-01 -1.139537252968012282e-01
-6.799343847963102982e-01 -3.514728303206406390e-01 -6.435495955387271483e-01
-5.878199040691163280e-01 4.985718489738213965e-01 -6.370980079948385111e-01
-3.252792958460887784e-01 9.387025793034925458e-01 -1.141527367294911804e-01
-1.191382713421805101e-01 9.055371279521319261e-01 4.071959997369693496e-01
-2.273133615248886311e-02 6.719541982367657207e-01 7.402437718945532596e-01
-2.490476825893940625e-03 4.037740429949414067e-01 9.148553545390226693e-01
-2.557613349501900932e-02 1.485050726399718135e-01 9.885808539495567482e-01
-1.230802620955024212e-01 -6.268523732906783330e-02 9.904149686386409801e-01
-2.175070716476024679e-01 -2.564346233076778003e-01 9.417706502924823031e-01
-3.692832560761471483e-01 -4.343118570920479482e-01 8.215857152914982642e-01
-5.826658135068555344e-01 -5.493891820741131360e-01 5.988923746303144169e-01
-8.275892319042417178e-01 -4.881087623381413221e-01 2.772109293748873382e-01
-9.915784649365857462e-01 -1.293722877304670227e-01 -5.912617133890997467e-03
-9.102815581669686518e-01 4.138964386139951102e-01 -8.787659743124840925e-03
-6.203886893063006447e-01 7.365216544649382246e-01 2.695435524827758944e-01
-3.371447574692560400e-01 7.361871725525540588e-01 5.868235335090918880e-01
-1.625259521223342551e-01 5.651186283695731616e-01 8.088425376774224240e-01
-8.664407796892227565e-02 3.502052822002863497e-01 9.326569916490918821e-01
-7.894290449780616559e-02 1.386095976686673170e-01 9.871957238884163655e-01
-1.351422246168117736e-01 -3.192436271164700301e-02 9.903117762558762971e-01
-2.189563582204818448e-01 -1.651524880189648992e-01 9.616562633789444980e-01
-3.563993394950442095e-01 -2.696248607282305532e-01 8.945847893211518187e-01
-5.427904552404089200e-01 -3.100329742221046847e-01 7.805498552910583587e-01
-7.400437060919582422e-01 -2.293802329268222195e-01 6.322341510992038893e-01
-8.580234509210207250e-01 3.341290791515740335e-03 5.135996431515768013e-01
-8.040267064206817471e-01 3.056155213630388778e-01 5.100394185396913693e-01
-5.998495647723398605e-01 4.999267169048669524e-01 6.247029513033666159e-01
-3.719060568490885066e-01 5.166235218228830695e-01 7.712237169448997731e-01
-2.081830212387830725e-01 4.153520599786506007e-01 8.855182075707870304e-01
-1.229847612928070683e-01 2.690284925982197040e-01 9.552478310156297114e-01
-1.023686599670791814e-01 1.153058379413629125e-01 9.880411029877186335e-01
-1.150956254811671131e-01 -1.274724788860033195e-02 9.932726235361251099e-01
-1.758225719665088838e-01 -9.857370861687102248e-02 9.794741687030873445e-01
-2.726943475968441888e-01 -1.549975917584119067e-01 9.495333271338147751e-01
-3.965775533425009436e-01 -1.609967613863974856e-01 9.037733604217192962e-01
-5.178938733946554240e-01 -9.500431685438683049e-02 8.501529954539468470e-01
-5.843269133862830644e-01 4.220007961435347926e-02 8.104203918788067673e-01
-5.518654312226498604e-01 2.028610059808519106e-01 8.088831547719820270e-01
-4.322962446269267844e-01 3.111551683176684846e-01 8.463465118440868240e-01
-2.888133928914351500e-01 3.304910599823199790e-01 8.985335182163614043e-01
-1.755364151888185731e-01 2.788281921015891007e-01 9.441619597463285496e-01
-1.108604763250662095e-01 1.897261445104392596e-01 9.755582734404871781e-01
-9.251320262583956344e-02 8.747474730496529460e-02 9.918616213584569019e-01
-7.076523704124355885e-02 -7.509051126955384667e-03 9.974647339017429504e-01
-1.068451094005575946e-01 -6.561257615583236669e-02 9.921084176879928496e-01
-1.598037288554259028e-01 -9.943443265135476494e-02 9.821280781278945993e-01
-2.224010171569659466e-01 -9.709454752667358302e-02 9.701084663109260653e-01
-2.786813199460427271e-01 -5.221027200459955192e-02 9.589634035823980662e-01
-3.052036419799598610e-01 2.792424997280444285e-02 9.518776040991933085e-01
-2.849924362211389006e-01 1.173476363588668997e-01 9.513195275709217524e-01
-2.249536409657085512e-01 1.819992083242079062e-01 9.572210547128778835e-01
-1.530369435696511682e-01 2.023832721058898554e-01 9.672748859939318544e-01
-9.505274840163800698e-02 1.804965153342966977e-01 9.789719010132373889e-01
-6.217648093328160402e-02 1.289506167407697690e-01 9.896998654445492427e-01
-5.495610456650031062e-02 6.177581691541750991e-02 9.965759253640994464e-01
-1.348279396887658473e-02 -1.462610087352432357e-02 9.998021261429955731e-01
-2.826583907507101978e-02 -6.456395652831219134e-02 9.975131767845626385e-01
-4.173636863136308967e-02 -9.535903294017290810e-02 9.945676097531997994e-01
-5.095850167105158562e-02 -9.785440416582369405e-02 9.938952392947819625e-01
-5.285153810544159642e-02 -6.870168042212580761e-02 9.962363143486911987e-01
-4.536694169592991877e-02 -1.374014925870271735e-02 9.988758926410836736e-01
-2.958231392277264893e-02 5.078306977686435075e-02 9.982714893890354269e-01
-1.070981816652140893e-02 1.039062291888907252e-01 9.945294341197574717e-01
4.221888656392839417e-03 1.303330010212909729e-01 9.914612874444416191e-01
1.081198256005522912e-02 1.253893230409834914e-01 9.920486977464634260e-01
8.647354216695055454e-03 9.299428913924707996e-02 9.956290903004797466e-01
-2.817218578580158199e-04 4.227767526126459396e-02 9.991058596601873898e-01
5.322891709218918743e-02 -1.429583554488851951e-02 9.984800005364409259e-01
8.102025105274368588e-02 -7.274225620481288013e-02 9.940544668586398513e-01
1.226161464132255602e-01 -1.098432772158645515e-01 9.863567990789320339e-01
1.722015015512089464e-01 -1.137285584358358886e-01 9.784745565724383143e-01
2.173684621446211607e-01 -7.807800638626355427e-02 9.729618577229152132e-01
2.400675181888088927e-01 -8.970948253134727879e-03 9.707147412077858917e-01
2.272611396217768809e-01 7.186227380589554903e-02 9.711787621345902011e-01
1.830371208489807167e-01 1.360633732838943954e-01 9.736447867892648045e-01
1.267455383710869021e-01 1.644569508758092213e-01 9.782072785517574864e-01
7.866084512040329157e-02 1.539597804496975753e-01 9.849410426258176088e-01
4.968305769510529546e-02 1.124678110375452039e-01 9.924125076088531339e-01
4.191933607101162168e-02 5.198903186611880667e-02 9.977674628033188498e-01
1.037485397168215057e-01 -1.948219236675312327e-02 9.944127335705211790e-01
1.545212157214218840e-01 -1.050003921948166885e-01 9.823940714045982237e-01
2.410973789454582406e-01 -1.654955743189777395e-01 9.562861855879988271e-01
3.548888013229642979e-01 -1.796480794393478519e-01 9.174859706008063887e-01
4.685114083479628433e-01 -1.274319813557486247e-01 8.742185941602541588e-01
5.356371607918603006e-01 -1.150302399721559593e-02 8.443698907574529455e-01
5.193722758763769098e-01 1.273593867849145966e-01 8.450041571783917238e-01
4.253200355897502893e-01 2.311066962456512219e-01 8.750386061633831369e-01
2.987154084005557153e-01 2.656786996422352831e-01 9.166154773625111440e-01
1.878763215434870182e-01 2.359053569650441662e-01 9.534417393624406989e-01
1.171721150271890777e-01 1.652444634335215046e-01 9.792675644401872548e-01
9.037770142753963343e-02 7.502374436636738420e-02 9.930776952816484648e-01
1.317529355657999224e-01 -3.874983904159295250e-02 9.905249183862191442e-01
2.038029039285732813e-01 -1.732312752276176648e-01 9.635638544659547167e-01
3.335751287810878596e-01 -2.816929852343862950e-01 8.996536530957002231e-01
5.149141415152677093e-01 -3.249001612773397274e-01 7.932863997759952435e-01
7.060369134119277579e-01 -2.500333471101516269e-01 6.625671303593620998e-01
8.231664178968942647e-01 -4.533541800500736491e-02 5.659874100376450778e-01
7.976123055440699217e-01 2.094959683175141307e-01 5.656200573736279713e-01
6.408131815816279220e-01 3.906444314083918345e-01 6.608747192326696052e-01
4.349766786892131365e-01 4.343155935939259638e-01 7.887745268184376268e-01
2.617926717572384154e-01 3.667233397357179681e-01 8.927365731878948996e-01
1.551337841797053307e-01 2.441438977114611664e-01 9.572498452422602000e-01
1.145994845787872835e-01 1.036129391653061588e-01 9.879935814426182850e-01
1.279899549602138975e-01 -7.007632669321516017e-02 9.892966591808834975e-01
2.106806544584528540e-01 -2.699047860469060423e-01 9.395557824344065168e-01
3.631117045265419563e-01 -4.503251646841857636e-01 8.156942663081454548e-01
5.877621006894067079e-01 -5.485197951315038400e-01 5.946946673227134772e-01
8.368956811212953095e-01 -4.539484360622330072e-01 3.058372709745915130e-01
9.895818097717630213e-01 -1.168962756025114513e-01 8.404226626586346061e-02
9.437571013293241107e-01 3.199917770026717845e-01 8.323338477534321378e-02
7.288826902976381916e-01 6.138898870852083078e-01 3.030993736697194518e-01
4.685161313374386349e-01 6.601505902954086791e-01 5.871063215544651825e-01
2.644464155784534420e-01 5.319328166342524034e-01 8.044349394918602902e-01
1.467811268656467327e-01 3.375899984697018907e-01 9.297786261951157538e-01
1.058839707968083910e-01 1.326617599492246058e-01 9.854894429548544110e-01
8.948046793843683622e-02 -1.051413883683756934e-01 9.904234116323589188e-01
1.609121759075922420e-01 -3.685586945643219425e-01 9.155718214895746110e-01
2.878036704103312249e-01 -6.264854044695439272e-01 7.243514929127755630e-01
4.794558141998802592e-01 -7.971907602703669493e-01 3.668910110230311772e-01
6.994563970467336800e-01 -7.036879010876831986e-01 -1.248362387017868946e-01
8.244720506084254330e-01 -2.278514588570391408e-01 -5.180053575613567940e-01
7.458090803992709628e-01 4.225430208660737597e-01 -5.150011758349188895e-01
5.333346542206558460e-01 8.371888446186238619e-01 -1.211155855101015838e-01
3.157941249859567145e-01 8.774836254715377981e-01 3.609661447472450324e-01
1.622777768650461860e-01 6.833946973431658245e-01 7.117848065103572486e-01
8.256048189191056430e-02 4.184741839424371279e-01 9.044684207884160498e-01
6.273294428654724308e-02 1.534905821279657911e-01 9.861567922491663030e-01
2.452397868558599953e-02 -1.305393890023741899e-01 9.911397693505742401e-01
6.132581638936746016e-02 -4.280428505392884775e-01 9.016753641673800335e-01
1.086865642765057344e-01 -7.321421312503487711e-01 6.724248139338319108e-01
1.694810227873481401e-01 -9.571342663398733075e-01 2.348833308537899844e-01
2.272475136137591945e-01 -8.934332126031014898e-01 -3.874734341526596126e-01
2.216516476645091771e-01 -3.599019223934357137e-01 -9.062787393209065234e-01
1.171629992658435315e-01 4.283528478578394472e-01 -8.959836322919759732e-01
2.602062354938017297e-02 9.259086618641816369e-01 -3.768502050350834853e-01
-1.721888057072004999e-02 9.727491373175191081e-01 2.312198650634602615e-01
-3.018513596550289127e-02 7.492896049315286300e-01 6.615541893966915277e-01
-2.434004304060133697e-02 4.505524287773223224e-01 8.924181033728665335e-01
-4.622825392669111313e-03 1.562386097232673354e-01 9.877085229545866651e-01
-4.649285446420101109e-02 -1.356379028147705890e-01 9.896670014725978959e-01
-5.225459210818537981e-02 -4.197171637198977567e-01 9.061495241308470394e-01
-1.008292545463883583e-01 -7.111604657330597989e-01 6.957616354801133829e-01
-2.032928607246271835e-01 -9.328441871037708166e-01 2.974453485350183612e-01
-3.584049564470604410e-01 -8.947378839284472196e-01 -2.664394983057110089e-01
-5.294545667709733561e-01 -4.252887453654516925e-01 -7.340349751822697888e-01
-6.161696719614665474e-01 3.053618103958427032e-01 -7.260090220559831664e-01
-5.345027621739874002e-01 8.037269566177061009e-01 -2.613996488796673789e-01
-3.742198993136289786e-01 8.801382585136998671e-01 2.920892207155155740e-01
-2.320644813123842187e-01 6.882256919024862807e-01 6.873801521127538283e-01
-1.345736169859505782e-01 4.139268134591296278e-01 9.003080221295908236e-01
-7.467980585967227969e-02 1.371627698603581358e-01 9.877293663554813641e-01
-9.990618082893157337e-02 -1.202506983407308355e-01 9.877036623303357965e-01
-1.349208906033991795e-01 -3.510296103500485376e-01 9.265929882835772791e-01
-2.433333761165372977e-01 -5.790819673554505886e-01 7.781085677149743862e-01
-4.387947754492195207e-01 -7.418515512884364949e-01 5.070654996047379015e-01
-6.981217943059331299e-01 -7.025763865020895338e-01 1.378853924269524966e-01
-9.217116161163788624e-01 -3.553411041779839241e-01 -1.555004707315515988e-01
-9.732489597914087964e-01 1.714159081156804432e-01 -1.529805501031529236e-01
-8.170031259292254155e-01 5.602192621993243860e-01 1.366026005708971813e-01
-5.688298832681610850e-01 6.528889442469451021e-01 5.001685619681054407e-01
-3.512883335898471793e-01 5.302303025570259676e-01 7.716555792152088866e-01
-2.052579610034535595e-01 3.247704626888197055e-01 9.232514912035615362e-01
-1.243232856472105824e-01 1.035724003596961013e-01 9.868214015360678992e-01
-1.207863433728939284e-01 -9.311618160921296405e-02 9.883015916091316688e-01
-1.625183642507705695e-01 -2.568013692371578505e-01 9.527018620949372352e-01
-2.760241672465970075e-01 -4.069812100401352661e-01 8.707335722079846407e-01
-4.662857153666600252e-01 -4.995734301681847844e-01 7.300712427667516158e-01
-6.995449639838068334e-01 -4.579115980338389069e-01 5.485925735470743581e-01
-8.809882810116911322e-01 -2.377307229565382984e-01 4.090767068443519339e-01
-9.096895099222844783e-01 8.027114244350812278e-02 4.074574078700384794e-01
-7.728005568763096633e-01 3.290785712959632958e-01 5.426661894806772413e-01
-5.564394908056929934e-01 4.110534191244690772e-01 7.220873767751156969e-01
-3.574052534618167853e-01 3.523863215119987236e-01 8.649192824819793568e-01
-2.178980222023359781e-01 2.232559768958776447e-01 9.500932694744169682e-01
-1.403370300758532974e-01 6.909211614228381870e-02 9.876901323170326208e-01
-1.069985941392759266e-01 -6.399027422639060048e-02 9.921978359463511365e-01
-1.385511039806412437e-01 -1.702288100273471050e-01 9.756155717404431105e-01
-2.219481750344622917e-01 -2.583725386914421107e-01 9.402035092728602272e-01
-3.552064164921747147e-01 -3.018882071311372872e-01 8.846987691174595936e-01
-5.103799071907795248e-01 -2.665596281933472755e-01 8.175930007976773828e-01
-6.263907483628496919e-01 -1.403420057791505138e-01 7.667716425242395717e-01
-6.445660646908017988e-01 3.341919866368995434e-02 7.638178745026201755e-01
-5.589492851987839517e-01 1.762136976202844652e-01 8.102619510669001324e-01
-4.188579128705695598e-01 2.363501529215380204e-01 8.767534739250673059e-01
-2.824987904529026594e-01 2.157609606513410383e-01 9.346879913914911686e-01
-1.810886173622322515e-01 1.432510437588709051e-01 9.729779294124858424e-01
-1.222264149736000810e-01 4.457707834116407530e-02 9.915006745178279735e-01
-6.547204276737983442e-02 -3.906370357315028935e-02 9.970894837871960847e-01
-7.932122050467350916e-02 -1.078909197839117845e-01 9.909932862566788181e-01
-1.216356122063458334e-01 -1.582740912200429895e-01 9.798745276266968007e-01
-1.899597867730005718e-01 -1.754550887731278208e-01 9.659869518957041601e-01
-2.691198726635440353e-01 -1.470646821452271935e-01 9.518122049034013488e-01
-3.295895138025918270e-01 -7.365370589757276598e-02 9.412469835271177754e-01
-3.433714660433913601e-01 2.195884010807742232e-02 9.389429405711122723e-01
-3.062167143364593058e-01 1.036174624307377445e-01 9.463058413327183338e-01
-2.393029508940050787e-01 1.447049169892036247e-01 9.601013408451088971e-01
-1.694463331915213866e-01 1.398952628385904118e-01 9.755599702751746038e-01
-1.134085808101615578e-01 9.849774670819393119e-02 9.886539777354118597e-01
-7.776901082863232895e-02 3.424441251874202341e-02 9.963831096350352912e-01
-7.644510352884129230e-03 -2.166048454105217597e-02 9.997361576290573204e-01
-1.408440470668079333e-03 -7.470775314167261982e-02 9.972044764821038632e-01
-2.080300897912906559e-03 -1.089122766227267614e-01 9.940491880933397528e-01
-1.083792214584503207e-02 -1.143538953978237710e-01 9.933809571614137246e-01
-2.618423994114160713e-02 -8.664124621078235500e-02 9.958954162128454968e-01
-4.319200411678774526e-02 -3.082919333258498165e-02 9.985910131875157525e-01
-5.546281323828768789e-02 3.673157167679529794e-02 9.977848806179837604e-01
-5.910964076222283148e-02 9.403956204942826025e-02 9.938121608928603967e-01
-5.455164551164490283e-02 1.241975925604386216e-01 9.907568197969413015e-01
-4.451855063087914455e-02 1.213914033533822212e-01 9.916058823149682677e-01
-3.176934400142290837e-02 8.934610525112944568e-02 9.954938383828308979e-01
-1.862255482513141408e-02 3.751963697715621215e-02 9.991223535147634172e-01
5.202083233895785780e-02 8.647743556416905009e-03 9.986085567098744731e-01
1.013400249641589340e-01 -3.168400591617248629e-02 9.943471843925481002e-01
1.550611194262192516e-01 -4.930648991071191756e-02 9.866736640323170437e-01
2.031131632045939106e-01 -3.609011915415041849e-02 9.784899315948295540e-01
2.314165830430026383e-01 9.545050378510734276e-03 9.728079240559029950e-01
2.254054897544573444e-01 7.695023334680918536e-02 9.712214097601102880e-01
1.809684329007495707e-01 1.431884098813919481e-01 9.730095094957311730e-01
1.129498447317291432e-01 1.841489269133940176e-01 9.763869649333281053e-01
4.806944147541041684e-02 1.889676075320703696e-01 9.808060828216063065e-01
7.320887838739797114e-03 1.624539955327247154e-01 9.866889600764383594e-01
-2.607165121709969623e-03 1.161101902698118554e-01 9.932329164931719134e-01
1.479482157075088893e-02 6.137637911176439115e-02 9.980050367316840587e-01
9.725254052321810616e-02 2.469179456501570738e-02 9.949533952115140467e-01
1.774903249813230832e-01 -3.288194909388161141e-02 9.835730587820153970e-01
2.814153955814466257e-01 -5.758104410042458321e-02 9.578568778737523992e-01
3.936498912639140868e-01 -3.364917868627255448e-02 9.186443794426882858e-01
4.821875744385084039e-01 4.883989749499523247e-02 8.747055547267367226e-01
5.048461611257363257e-01 1.746751540361280719e-01 8.453513731928590236e-01
4.393211233412926409e-01 2.962138554894448439e-01 8.480886170691254167e-01
3.094800330137338906e-01 3.598501954943957859e-01 8.801874493359086449e-01
1.731609969591656195e-01 3.469300372099248242e-01 9.217672257211250164e-01
7.792593365158941021e-02 2.800850525793036616e-01 9.568071447194529400e-01
3.822719182474368371e-02 1.916250401368512490e-01 9.807234706061321861e-01
4.814242131303458211e-02 1.026709807851299977e-01 9.935496852068962381e-01
1.285339298623641713e-01 1.847036684257650357e-02 9.915330929539553084e-01
2.460324111143549763e-01 -7.823798385054743509e-02 9.660987892365126006e-01
4.078238255813652069e-01 -1.357005051382787209e-01 9.029203177431502914e-01
5.953342508489120055e-01 -1.205453761794584439e-01 7.943840016314082098e-01
7.524294412460429404e-01 4.973511268248517921e-03 6.586540823010504919e-01
7.972053595944108562e-01 2.301379769447725043e-01 5.581219635543095414e-01
6.878639608048700005e-01 4.628200710683962327e-01 5.591428737291304074e-01
4.703265283181838341e-01 5.850945205107409564e-01 6.606491949805546327e-01
2.495123011990880990e-01 5.556669787792127835e-01 7.930812191980742831e-01
1.033380134966827707e-01 4.305646558091828502e-01 8.966244097360263066e-01
4.536744269145508157e-02 2.801697946080627943e-01 9.588778239864185204e-01
5.917774381539461781e-02 1.395611433713051519e-01 9.884435653580982972e-01
1.368366595568899224e-01 -1.244635298471403854e-02 9.905154299144971475e-01
2.870223862658456970e-01 -1.686131458661210281e-01 9.429675269188194653e-01
4.951254423950456340e-01 -2.912258539517256217e-01 8.185586712528373221e-01
7.421513013559990490e-01 -3.206983072197013285e-01 5.885270101210352545e-01
9.450661466637395591e-01 -1.628116878494268172e-01 2.834472309438722526e-01
9.792714133553170885e-01 1.962235848039211306e-01 5.023747358074313885e-02
7.993471508455421981e-01 5.988152067715100113e-01 4.964353507038034991e-02
4.944921059634628246e-01 8.218614275522465595e-01 2.828804536224014399e-01
2.164162093066424042e-01 7.829207494429970549e-01 5.832659122912421390e-01
5.528500275940009118e-02 5.885253696681380653e-01 8.065862989952558015e-01
7.836541452055844834e-03 3.649852125757014343e-01 9.309803344964555638e-01
4.214835540984394197e-02 1.635673202952793448e-01 9.856313955367304036e-01
1.160990939424743351e-01 -6.170038369711268456e-02 9.913193547174286024e-01
2.763966507036885734e-01 -2.835786805247266784e-01 9.182527012928591859e-01
4.834648024103591069e-01 -4.932523682746975946e-01 7.231624202222595166e-01
7.149812081408174480e-01 -6.071327676144215868e-01 3.466867094284786788e-01
8.733831328122034776e-01 -4.572184142024769415e-01 -1.677892280014394444e-01
8.273342838035748770e-01 1.978311794896193618e-02 -5.613613908058079360e-01
5.697543149246550032e-01 6.033512303799456467e-01 -5.579850476703849260e-01
2.464816691378780844e-01 9.557131712141561097e-01 -1.608077148236250198e-01
1.165870268234289048e-02 9.385592869606852462e-01 3.449210627253733175e-01
-8.399042103943976656e-02 6.982092089789732059e-01 7.109497237291659832e-01
-7.489532329307219127e-02 4.176921448094751965e-01 9.054965282723655973e-01
-1.604272838728839539e-03 1.657190299409282419e-01 9.861717038244965927e-01
6.872529773621807725e-02 -1.127487431696374276e-01 9.912439429145469827e-01
2.060611880255484030e-01 -3.786948951492279947e-01 9.022909526186161377e-01
3.476994937754934734e-01 -6.589086888321478153e-01 6.670415292991633827e-01
4.614246959741998833e-01 -8.627128775270365146e-01 2.069148155500649677e-01
4.638437023292605876e-01 -7.741407692489812309e-01 -4.307610581239750824e-01
2.828214531159066736e-01 -2.721122049701152346e-01 -9.197646294371817355e-01
-1.577516159401850387e-02 4.113241855703186900e-01 -9.113525984170964822e-01
-2.511677056245878448e-01 8.729908341033305597e-01 -4.180930365634400458e-01
-3.285372038126906924e-01 9.212245881582177276e-01 2.083472195246200698e-01
-2.821019054689127836e-01 6.967773900171213564e-01 6.594844832835103920e-01
-1.807624390598859543e-01 4.089531388551800317e-01 8.944731806184156309e-01
-6.038681257092115562e-02 1.408007144445891368e-01 9.881946122497355933e-01
9.229302890885466085e-03 -1.467229901993548080e-01 9.891345631991113052e-01
1.012931913558724889e-01 -4.127003441257973138e-01 9.052171647419189338e-01
1.460634059844694299e-01 -7.087247418828233059e-01 6.901990449684566320e-01
1.025749711010520843e-01 -9.563891827297140713e-01 2.734924248699019400e-01
-7.872892874716855283e-02 -9.483813605593260920e-01 -3.072044119506811000e-01
-3.771098448837342798e-01 -5.339298904341505114e-01 -7.567740990498863507e-01
-6.530913549735887225e-01 1.069123610344429598e-01 -7.496942237451101887e-01
-7.454987294291346434e-01 5.950958478027038590e-01 -3.001542542552655957e-01
-6.412409309478268593e-01 7.173241835350587792e-01 2.724996957666623865e-01
-4.519649091131690555e-01 5.684057995385516371e-01 6.874900493689035663e-01
-2.681435407003323057e-01 3.327863333050788963e-01 9.040753828890921717e-01
-1.144266586229553961e-01 9.395348097835536094e-02 9.889789093850640533e-01
-4.177181510968153155e-02 -1.538858841140914868e-01 9.872052725410523921e-01
5.831862072953115060e-03 -3.781161912171624451e-01 9.257397773263151830e-01
-2.430253025552111742e-02 -6.306206840061974184e-01 7.757106032063366685e-01
-1.700473984188280441e-01 -8.523274063513627263e-01 4.945926350779598635e-01
-4.459698390183051697e-01 -8.885441993498841562e-01 1.077037997829017324e-01
-7.676932804979405001e-01 -6.111873327814087986e-01 -1.926060002333009613e-01
-9.730885876806133483e-01 -1.323812631839696163e-01 -1.886101844640451775e-01
-9.559797345376996880e-01 2.721809435024383217e-01 1.096370427700961436e-01
-7.586481915096837669e-01 4.273607382646896768e-01 4.917476191187319934e-01
-5.119476745901717640e-01 3.702446493555497375e-01 7.751312650805161075e-01
-3.016380903951057513e-01 2.196667028436426750e-01 9.277720636474315885e-01
-1.457139875323715805e-01 4.167554550425606186e-02 9.884485736467820693e-01
-6.879103067016990869e-02 -1.365704033007648643e-01 9.882389989479184456e-01
-4.887495749908397913e-02 -2.996334419302304486e-01 9.528016787382803665e-01
-1.059535782735906845e-01 -4.785785042284244617e-01 8.716286219150305437e-01
-2.632753998865573486e-01 -6.321496045691994414e-01 7.287475154383616927e-01
-5.119778796344990335e-01 -6.684718190324085985e-01 5.394664752554050313e-01
-7.638202077483826624e-01 -5.120347286835374989e-01 3.929365430412346538e-01
-8.932016428362965499e-01 -2.203838107164251270e-01 3.919461713151913829e-01
-8.438088541105520646e-01 5.027195017404969407e-02 5.342839589116791243e-01
-6.655865344502996939e-01 1.882342941999941011e-01 7.221927828810555949e-01
-4.557130048723451177e-01 1.922665263290909976e-01 8.691140546807232248e-01
-2.771078111954744516e-01 1.168742267603125745e-01 9.537041868911051434e-01
-1.472714413274230916e-01 2.693853340839305523e-03 9.890924454890634987e-01
-6.702008010531994298e-02 -1.032847495274859251e-01 9.923913388264294921e-01
-5.638588341682243543e-02 -2.091206074519151858e-01 9.762628763249325825e-01
-1.031893415707509226e-01 -3.186312158097139302e-01 9.422452483816788904e-01
-2.170603814500200734e-01 -4.059499720853425586e-01 8.877440008069354960e-01
-3.829907005804336628e-01 -4.263524516174846402e-01 8.194764854885501215e-01
-5.415938407889226980e-01 -3.463200823511521365e-01 7.659885848886974768e-01
-6.189430163769323867e-01 -1.913857510404463613e-01 7.617617979243176407e-01
-5.862322624217228828e-01 -3.494228504891306458e-02 8.093891346018157185e-01
-4.744405661134144525e-01 6.239798292912456662e-02 8.780732548895734402e-01
-3.380692820215425165e-01 8.664577529031493308e-02 9.371241487539337944e-01
-2.155553685735385194e-01 5.492475925891558697e-02 9.749457184374327179e-01
-1.228440509607418296e-01 -1.257991417272326731e-02 9.923462525262899403e-01
-4.035984681520198014e-02 -6.287199152247049949e-02 9.972051922483500253e-01
-2.588704076709251109e-02 -1.277145076269412816e-01 9.914730786369986282e-01
-4.575925777015709545e-02 -1.872674977710220567e-01 9.812425666505268929e-01
-1.042014273712041916e-01 -2.271644626932723954e-01 9.682656502340086790e-01
-1.917179620909773285e-01 -2.298045020897340474e-01 9.541667117600289849e-01
-2.785626927886187820e-01 -1.848472119353858079e-01 9.424618477296872188e-01
-3.283015494372516496e-01 -1.045134117419550118e-01 9.387731565203365491e-01
-3.241146165138463209e-01 -2.059137763864357304e-02 9.457936934284510988e-01
-2.766446083939609890e-01 3.711500208371175391e-02 9.602552979634455532e-01
-2.088832687739704541e-01 5.608179991484374405e-02 9.763311998213619614e-01
-1.398813284350889918e-01 3.925665015597386981e-02 9.893897762630065040e-01
-8.102508594172534717e-02 -3.841817966186872237e-03 9.967046583029671725e-01
2.707971263887684263e-03 -2.307211516486355751e-02 9.997301357833798807e-01
3.026124140609134580e-02 -6.610688112810388095e-02 9.973535669641269141e-01
4.383723680299073805e-02 -9.578246312716809374e-02 9.944365321259912571e-01
3.798500799421538482e-02 -1.038989321927674958e-01 9.938622394763406698e-01
1.192492971226744372e-02 -8.582411611471901791e-02 9.962389357701671999e-01
-2.757796438154429611e-02 -4.393319583016661728e-02 9.986537589098194445e-01
-6.737067065078899963e-02 9.769320454672282203e-03 9.976801857879691315e-01
-9.447076354055418401e-02 5.746562912398798378e-02 9.938676855122360321e-01
-1.022107886779032443e-01 8.460439006981572418e-02 9.911584393318585429e-01
-9.098263397833904198e-02 8.554594793167571987e-02 9.921713819229284193e-01
-6.537315765864092076e-02 6.270137584042810575e-02 9.958889936762304051e-01
-3.170012631337214282e-02 2.332416018947853706e-02 9.992252426470996651e-01
