-2.338840061382014765e-02 -1.805054117304785710e-02 9.995634850673863481e-01
-4.160441093370245702e-02 2.276426663344207919e-03 9.991315683494826905e-01
-5.571296754775830612e-02 1.220947451470316865e-02 9.983721720776801423e-01
-6.228280862557920849e-02 8.367364361308466184e-03 9.980234661386347961e-01
-5.943022922042594247e-02 -9.615414718278376960e-03 9.981861508028353480e-01
-4.731140032550473079e-02 -3.759473671470563161e-02 9.981724636407406370e-01
-2.873804922257647623e-02 -6.712014149064104984e-02 9.973309436356092572e-01
-9.031562420435268121e-03 -8.867535285374054943e-02 9.960196346842284942e-01
5.926579099876943049e-03 -9.609050010431603728e-02 9.953549575150743012e-01
1.192139405700182522e-02 -8.848720824415604036e-02 9.960059710367911157e-01
7.611654675168709819e-03 -6.922532353610887090e-02 9.975720110821616471e-01
-5.428478315779419576e-03 -4.377727180224933595e-02 9.990265672626792437e-01
-4.566370470167546020e-02 -3.001288885161417647e-02 9.985059101356363875e-01
-6.919768303863815806e-02 -8.899399442402269877e-03 9.975632718537947863e-01
-8.975292633447211343e-02 -7.126225752187846001e-04 9.959638067638372227e-01
-1.027008438285025582e-01 -8.733513865597987424e-03 9.946739477901537230e-01
-1.043786576955801765e-01 -3.280091236477204047e-02 9.939965774416462674e-01
-9.289904227019050997e-02 -6.739647405165834215e-02 9.933919081765316683e-01
-7.013677960788215759e-02 -1.017406693257666278e-01 9.923354616012582952e-01
-4.300593618949682256e-02 -1.242032562019128455e-01 9.913243871717214439e-01
-2.031780044466336907e-02 -1.284182898063905287e-01 9.915119413442945451e-01
-8.695292054040524091e-03 -1.150648294007140804e-01 9.933199267764256657e-01
-1.055991492140370865e-02 -8.954463027100555139e-02 9.959268283295064084e-01
-2.433306505963740707e-02 -5.892376067479524610e-02 9.979658773588881981e-01
-5.941806097374892348e-02 -3.395892867239770629e-02 9.976553940081409610e-01
-8.933513444986272700e-02 -9.276373034649646951e-03 9.959584241604415578e-01
-1.165240631388194670e-01 3.975280071259006923e-04 9.931877892327727331e-01
-1.352382101660107028e-01 -8.988182325241497739e-03 9.907723447339071843e-01
-1.401998862490899389e-01 -3.806161696134552352e-02 9.893913812086885251e-01
-1.274669130629608738e-01 -8.097845136298366386e-02 9.885315758685079279e-01
-9.802145397649873748e-02 -1.240471544526625391e-01 9.874229580238144122e-01
-6.155470454903007316e-02 -1.512801285809838303e-01 9.865725219386589639e-01
-3.075551287822642435e-02 -1.547782658173701420e-01 9.874703979655017339e-01
-1.466144687436411742e-02 -1.367080055138524541e-01 9.905028839957553677e-01
-1.614847952530527181e-02 -1.048346260660841384e-01 9.943585509194464711e-01
-3.289208923798742079e-02 -6.800436981629057187e-02 9.971426759253255723e-01
-6.030089158980238978e-02 -2.859245423659670382e-02 9.977706520209357333e-01
-9.599959783849944250e-02 2.038400612458073514e-03 9.953792855679856055e-01
-1.280690691767976952e-01 1.678694850145862408e-02 9.916231703021862742e-01
-1.500671373446022250e-01 1.001671972137659246e-02 9.886250652371479930e-01
-1.558707117366676387e-01 -2.133048808511916333e-02 9.875471287491527361e-01
-1.400749761190654419e-01 -7.299910459669393947e-02 9.874462678006034055e-01
-1.026842769050137355e-01 -1.284111711040340498e-01 9.863906479748074663e-01
-5.721361576022165885e-02 -1.641587617159373791e-01 9.847733257575038701e-01
-2.032309507820988237e-02 -1.696156681134129429e-01 9.853007139634456513e-01
-2.602535598357321161e-03 -1.486561344846982213e-01 9.888855244609937589e-01
-6.381728656301054875e-03 -1.115631732146762367e-01 9.937368524522143254e-01
-2.792109839026991197e-02 -6.875721606136159236e-02 9.972426271997382186e-01
-4.676107275455277518e-02 -1.519642404683788431e-02 9.987905039451627776e-01
-8.561799297885501481e-02 2.235734675727945112e-02 9.960771598245951042e-01
-1.184677702354717671e-01 4.488329181446557709e-02 9.919429809879967141e-01
-1.386591948345283209e-01 4.477269508741883730e-02 9.893275663108197504e-01
-1.405177065654307778e-01 1.530754776374439012e-02 9.899598239943756539e-01
-1.191567469387441180e-01 -4.307705779841809746e-02 9.919405409350151581e-01
-7.451354632483887797e-02 -1.122515084534386615e-01 9.908820970549573337e-01
-2.442479090816252266e-02 -1.583742294442282705e-01 9.870770147445653286e-01
1.267265520279608343e-02 -1.680093390095414863e-01 9.857039443036200721e-01
2.696535405415754344e-02 -1.469750136566228271e-01 9.887725800412150434e-01
1.781072526920365884e-02 -1.075003776181352871e-01 9.940454953760538004e-01
-9.477310770768838585e-03 -6.077979100865522205e-02 9.981062055640467223e-01
-2.177107295416119692e-02 2.519665540066238617e-03 9.997598069876545424e-01
-5.972144701308160220e-02 4.563588566434377547e-02 9.971713567418274415e-01
-8.800135053527496920e-02 7.610965850901943441e-02 9.932084787120818437e-01
-9.994697169804529768e-02 8.469263245336747237e-02 9.913817432535662055e-01
-9.134823653959986411e-02 6.131701337410898345e-02 9.939294359017408764e-01
-6.089634924906055929e-02 1.953411991426015886e-03 9.981421836741311004e-01
-1.221599713993190908e-02 -7.645213624138172404e-02 9.969984153839088759e-01
3.364756902416545653e-02 -1.309795469495708686e-01 9.908139075425064224e-01
6.201033848691350076e-02 -1.465940892610057278e-01 9.872511792418585674e-01
6.705859630531710303e-02 -1.296773131714510363e-01 9.892860754656247479e-01
5.028301902011437369e-02 -9.247672462953965278e-02 9.944444043786596632e-01
1.783316256609559364e-02 -4.576363796286861407e-02 9.987931055795392643e-01
7.117885213062333412e-03 1.945203263588399581e-02 9.997854540532202794e-01
-2.613428184598494061e-02 6.452497192553123539e-02 9.975738204816636534e-01
-4.615443614207347112e-02 9.981843146186855642e-02 9.939346300259938038e-01
-4.650281923717468346e-02 1.153228942190891171e-01 9.922389419247377162e-01
-2.463725918706122578e-02 9.973895539018577672e-02 9.947085735216093516e-01
1.575456549083001020e-02 4.730918260672556386e-02 9.987560437400394564e-01
6.285530920394132026e-02 -2.764410918861985589e-02 9.976397212080161392e-01
9.658526447827173178e-02 -8.537830878396319989e-02 9.916561052475958427e-01
1.106233948328746303e-01 -1.084325365316284734e-01 9.879295772154120803e-01
1.043092326238572870e-01 -9.996723977976677833e-02 9.895080267285502051e-01
8.063304307771561319e-02 -6.986147845642898258e-02 9.942925556353621186e-01
4.556256685557859981e-02 -2.757996322493857719e-02 9.985806918472320826e-01
3.066460555326490020e-02 3.088425846906400069e-02 9.990524733692129900e-01
3.918019253898085731e-03 7.367449384939804558e-02 9.972746452613782120e-01
-8.072939650224677383e-03 1.089135413565922583e-01 9.940184445746573783e-01
-3.873141526660248265e-05 1.267645357207747292e-01 9.919328359236010417e-01
2.845385465064281805e-02 1.169012327532973905e-01 9.927358560746629701e-01
7.036523760525507931e-02 7.490067652762742723e-02 9.947052940406372334e-01
1.111281682697527473e-01 1.281015670079469274e-02 9.937235179376124883e-01
1.348004524225412948e-01 -4.050003213883759945e-02 9.900447391019701060e-01
1.387017739518052462e-01 -6.791036687410445527e-02 9.880030364192462500e-01
1.253382003771603970e-01 -6.798902723117243585e-02 9.897817070962678931e-01
9.885885356790209688e-02 -4.670409236527025415e-02 9.940048565412471504e-01
6.490385264374194663e-02 -1.148580415655357269e-02 9.978254187055558555e-01
4.214899079923935948e-02 3.403751325674971712e-02 9.985313767057319989e-01
2.154592009699235824e-02 7.166977865607440656e-02 9.971956759606658283e-01
1.478257220251151353e-02 1.031048703842025321e-01 9.945606372977267018e-01
2.557055856565162641e-02 1.196333122140455923e-01 9.924887995052257272e-01
5.286580746294947120e-02 1.131578537025972608e-01 9.921695956572896824e-01
8.914469008489246671e-02 8.119236739184072793e-02 9.927038952814621897e-01
1.217140484363731512e-01 3.300520136914181918e-02 9.920163038457692206e-01
1.390792275869125461e-01 -1.202479096592290464e-02 9.902082472167690330e-01
1.391808262436640686e-01 -3.932173521682875983e-02 9.894859770333790383e-01
1.248396611976815007e-01 -4.456924352233288672e-02 9.911753838367078906e-01
1.002756438895828495e-01 -3.037317465384765935e-02 9.944959856650891217e-01
7.062037209522081804e-02 -2.158749786412882902e-03 9.975009287436618077e-01
3.949941035266808786e-02 2.839976389800097367e-02 9.988159239781269072e-01
2.327385102156458510e-02 5.995404401454560578e-02 9.979297773214967915e-01
1.844590336473614367e-02 8.570156056794021870e-02 9.961500846585684688e-01
2.757743906203111509e-02 9.853415884834453020e-02 9.947514787095634858e-01
4.924681413674368569e-02 9.275227068336769354e-02 9.944705966394614682e-01
7.727016750324221250e-02 6.751973660721520554e-02 9.947212706997339282e-01
1.022900637008748170e-01 3.003799155376532526e-02 9.943009916174716523e-01
1.162931490775463012e-01 -6.309123205643086575e-03 9.931948944905404364e-01
1.169669612819344423e-01 -2.998986105389316037e-02 9.926828991185483453e-01
1.058860195018810485e-01 -3.605291245201804051e-02 9.937244781013478967e-01
8.626648941826714490e-02 -2.537666970895354271e-02 9.959488528222666393e-01
6.236485719484956974e-02 -2.091066266100940260e-03 9.980512271567067994e-01
2.466507723373914315e-02 1.550574389195945313e-02 9.995755128410304113e-01
1.038539323864313274e-02 4.157747205089238479e-02 9.990813067138880621e-01
4.643871539701779731e-03 6.119042729955758569e-02 9.981153069980978065e-01
9.608737219847715560e-03 6.883883783473786211e-02 9.975815187615648671e-01
2.440787253184787536e-02 6.097822735703681274e-02 9.978406243217426974e-01
4.484504109548555217e-02 3.834067686551803633e-02 9.982579400068056774e-01
6.457477854745456713e-02 7.378767401555162003e-03 9.978855905198805720e-01
7.776876342428609701e-02 -2.167302963873056140e-02 9.967358221824370590e-01
8.153164346093114134e-02 -3.988736670704556841e-02 9.958722754910602770e-01
7.569566201436456199e-02 -4.317999364002899493e-02 9.961955906855762821e-01
6.194782815438486245e-02 -3.229838137443249990e-02 9.975566556078854230e-01
4.345444036236557200e-02 -1.103051931526784907e-02 9.989945141273046669e-01
1.934294078779548237e-03 -1.412482845333986464e-03 9.999971316951958844e-01
-1.304189285554557820e-02 2.071462124411870692e-02 9.997003618572435357e-01
-2.202030795754338077e-02 3.476230983862088619e-02 9.991529852090499375e-01
-2.248266519172754246e-02 3.653775004637516838e-02 9.990793374840019059e-01
-1.412531373582271398e-02 2.432369600817984104e-02 9.996043383881255684e-01
9.002080271891000360e-04 5.405694530089990950e-04 9.999994487049485015e-01
1.840301656946635375e-02 -2.786567177684760865e-02 9.994422611224768049e-01
3.343532273156702567e-02 -5.181302322841418312e-02 9.980969340789345168e-01
4.201418591057268920e-02 -6.421128535025805162e-02 9.970515127193498861e-01
4.205973110432525280e-02 -6.251365597172138522e-02 9.971574709324738661e-01
3.365989995720137379e-02 -4.844543617167426652e-02 9.982585090291276053e-01
1.899100233798321075e-02 -2.631370127100428682e-02 9.994733267854625236e-01
-1.440023434224953734e-02 -3.025845297462828945e-02 9.994383719242073694e-01
-4.546519777213414021e-02 -2.071425067446839088e-02 9.987511379770848130e-01
-6.644696662738618087e-02 -1.994145415514825964e-02 9.975906670735650295e-01
-7.172365366733816916e-02 -2.939415427019273844e-02 9.969913245356692988e-01
-5.876464485689662093e-02 -4.818010672998324084e-02 9.971085165769398850e-01
-2.970517742055625923e-02 -7.150471318135519228e-02 9.969978327093629300e-01
7.592974326084960847e-03 -9.140417149904485339e-02 9.957849286735640515e-01
4.145588760165873354e-02 -1.008660794820592926e-01 9.940359366708441113e-01
6.175506726305353411e-02 -9.757193608585647271e-02 9.933106407140767091e-01
6.363051373728795257e-02 -8.405907492934244774e-02 9.944270861373383230e-01
4.785744844438987594e-02 -6.525969018320844361e-02 9.967200396628764780e-01
1.938815217419061210e-02 -4.608310944439173579e-02 9.987494413411187599e-01
-3.065944748694187164e-02 -5.554365404841320880e-02 9.979854211233407657e-01
-6.902061751807125889e-02 -4.894590602610932734e-02 9.964137958903813708e-01
-9.711330250095477623e-02 -5.536009909397341527e-02 9.937324921253892773e-01
-1.078577052176325074e-01 -7.542259542756352131e-02 9.913012395453391079e-01
-9.649037295840152961e-02 -1.062676378652351178e-01 9.896447832777741649e-01
-6.302110880655945047e-02 -1.393868680613236655e-01 9.882305605762332634e-01
-1.585542358073497443e-02 -1.623947255533959577e-01 9.865984789444612879e-01
2.879426910309906135e-02 -1.667188313680009748e-01 9.855839494097355935e-01
5.647410816935020950e-02 -1.526328715063902941e-01 9.866680706510143617e-01
6.074649628101277260e-02 -1.269963882869253324e-01 9.900413024473128099e-01
4.302808869464609665e-02 -9.819341389569545553e-02 9.942367107740622822e-01
9.680648425407995319e-03 -7.294012479656601655e-02 9.972893377755146505e-01
-4.336080492437742462e-02 -6.757793098087776229e-02 9.967713197322097818e-01
-9.262983821061161749e-02 -6.136530593317311016e-02 9.938078346948230335e-01
-1.309571002937349460e-01 -7.132933790526703455e-02 9.888186706553643290e-01
-1.493212333012441106e-01 -9.850497706708637169e-02 9.838698789872563077e-01
-1.395983832584057061e-01 -1.400048009000137983e-01 9.802606526412476207e-01
-9.789394438506551777e-02 -1.848648273904076045e-01 9.778761533275009965e-01
-3.308174977012202922e-02 -2.146118500690219200e-01 9.761390022134155409e-01
2.905731768941546486e-02 -2.165693557524879798e-01 9.758347126627950896e-01
6.671020097954827310e-02 -1.933146417258836125e-01 9.788662821752689425e-01
7.227668122456773481e-02 -1.567410451897208734e-01 9.849915360570390410e-01
4.947686534400010105e-02 -1.188239301893329741e-01 9.916818609867346090e-01
7.405100918275218415e-03 -8.764767194944904360e-02 9.961240134050955986e-01
-4.857459303493739944e-02 -6.242347547579848999e-02 9.968670014706353388e-01
-1.101105708918029696e-01 -5.313226474678026112e-02 9.924981736107830743e-01
-1.598071007634870033e-01 -6.067123851161413534e-02 9.852820364560649358e-01
-1.868279945634095385e-01 -8.782379670326266596e-02 9.784591361829846345e-01
-1.792231653321003371e-01 -1.348918457281325090e-01 9.745169300553191416e-01
-1.268990023946646450e-01 -1.922993411202161551e-01 9.730969153152037032e-01
-3.690887728904951315e-02 -2.342361988915759030e-01 9.714788406888067440e-01
4.738912423207991553e-02 -2.384261976621666335e-01 9.700037212159932087e-01
9.472000359821082516e-02 -2.095196194058801809e-01 9.732058620879331379e-01
9.872641252761753250e-02 -1.654757016702212979e-01 9.812598471486556617e-01
6.772031566593467167e-02 -1.214692115001349687e-01 9.902823786696668407e-01
1.443200003227042977e-02 -8.592126929120846857e-02 9.961973965326620384e-01
-4.344754279178927869e-02 -4.037818912621027323e-02 9.982394065895550117e-01
-1.148757536696123766e-01 -2.452030461132312031e-02 9.930771953280469466e-01
-1.730616992532599818e-01 -2.220678760062414978e-02 9.846606048969653857e-01
-2.057834850535442961e-01 -3.844880162407894597e-02 9.778419335111819821e-01
-1.981477844743963768e-01 -7.983399252713073435e-02 9.769155486249119225e-01
-1.337728211956156765e-01 -1.454297858464149440e-01 9.802831273147709634e-01
-1.408035989924823900e-02 -2.054501417111317396e-01 9.785662893927978834e-01
8.908228086365548026e-02 -2.183661511151251400e-01 9.717924527815898772e-01
1.390671231919631545e-01 -1.910381226037280444e-01 9.716814143324729036e-01
1.361375112745487337e-01 -1.472245746430073665e-01 9.796894929747784753e-01
9.464288165029681454e-02 -1.034496231082336071e-01 9.901216594094273127e-01
3.025258138536925448e-02 -6.709780871132929592e-02 9.972876542831882185e-01
-2.836568683377365535e-02 -7.014222166610721391e-03 9.995730030857522541e-01
-1.032488607814777137e-01 1.709917320867529456e-02 9.945085675965235072e-01
-1.624129354938618486e-01 3.471134962955355757e-02 9.861121440237807789e-01
-1.921567537994171293e-01 3.975193929706578866e-02 9.805588025668394714e-01
-1.760261376275805978e-01 1.983204989121257686e-02 9.841856982648420349e-01
-9.679764554937810017e-02 -3.817923920745778382e-02 9.945715467021698508e-01
4.579705268347714769e-02 -1.146656092817565226e-01 9.923479369724766963e-01
1.491341634379337311e-01 -1.442721265346607606e-01 9.782354291278225755e-01
1.879841858182879355e-01 -1.322595194297168930e-01 9.732262662929016539e-01
1.731130864143891612e-01 -1.017125888396872291e-01 9.796358550929298303e-01
1.220825262414225038e-01 -6.738748958523617383e-02 9.902296617623377317e-01
5.057311705144158093e-02 -3.536112714339888219e-02 9.980941591447545225e-01
-8.050092672521552348e-03 2.768465177242538863e-02 9.995842916253524502e-01
-7.820890253731051234e-02 5.826381350820767496e-02 9.952329855864856523e-01
-1.296794369442333672e-01 8.986746596729527914e-02 9.874751045947598449e-01
-1.473840199833475750e-01 1.165664392613085798e-01 9.821864466034330166e-01
-1.145307050174202979e-01 1.246813644727745307e-01 9.855644448545609615e-01
-2.032189717311002827e-02 9.432101518958002639e-02 9.953343993798425826e-01
1.139045805602751371e-01 2.442111576179237936e-02 9.931914999799148491e-01
1.959685206194095586e-01 -2.911029648865162689e-02 9.801780091210697821e-01
2.178881151908481362e-01 -4.712623946141006326e-02 9.748353126620021847e-01
1.939152351875876867e-01 -4.124765893753224583e-02 9.801507599315576469e-01
1.395899532287657729e-01 -2.341778215166490443e-02 9.899324484209447439e-01
6.833006900062089939e-02 2.027730025921424073e-04 9.976627489054160636e-01
1.033185473260385401e-02 5.312338383475018189e-02 9.985345055969534478e-01
-4.919454664978843705e-02 8.556635294518531720e-02 9.951172271765553745e-01
-8.878911048896817593e-02 1.229354230284550181e-01 9.884348110135490195e-01
-9.457028214504607788e-02 1.584181495884539881e-01 9.828327180227376392e-01
-5.426763006491628488e-02 1.782511968314257900e-01 9.824874223903670156e-01
3.263901767978004409e-02 1.645925060166349430e-01 9.858214856088558520e-01
1.371428420969230400e-01 1.144899444462876281e-01 9.839125436146594073e-01
2.005858342709737063e-01 5.934516527869556496e-02 9.778770241946962427e-01
2.147171535993895874e-01 2.387391377571539477e-02 9.763844428252654861e-01
1.906945690664177406e-01 1.036277296947496832e-02 9.815947199658995315e-01
1.411721574425885972e-01 1.350327819231614442e-02 9.898929656488107964e-01
7.746914359244300163e-02 2.856242768985725600e-02 9.965855304566663131e-01
2.105680872349353222e-02 6.262113677287560465e-02 9.978152153758381715e-01
-2.625458922823255617e-02 9.263092800004124605e-02 9.953543126557300447e-01
-5.506826224684412130e-02 1.278100558294554545e-01 9.902686888526547326e-01
-5.467818809044368983e-02 1.610829002615020433e-01 9.854250833983043689e-01
-1.836091221753366129e-02 1.808397458377963285e-01 9.833411733614085826e-01
4.915478117512196016e-02 1.745753772732040188e-01 9.834161098627335340e-01
1.242938308963818378e-01 1.403021774346908113e-01 9.822761030423818873e-01
1.731316278882035764e-01 9.459789631183905534e-02 9.803451827994726919e-01
1.858984727662839898e-01 5.720496214971739629e-02 9.809023142640868054e-01
1.678985770769557961e-01 3.639794968557089755e-02 9.851321013317170250e-01
1.281283037614690534e-01 3.210980423978038178e-02 9.912376598207754963e-01
7.594363836590536931e-02 4.164911901314777287e-02 9.962418956644925050e-01
2.219923776961793202e-02 5.477136024192300751e-02 9.982521184248449586e-01
-1.477237024594824435e-02 7.992478568746247403e-02 9.966914295357873765e-01
-3.616460973128900191e-02 1.081786831634555385e-01 9.934734488208485370e-01
-3.434783689055348477e-02 1.332911875699779869e-01 9.904815421890126315e-01
-6.222176366058941241e-03 1.467979371966141033e-01 9.891469305194581230e-01
4.263699114879870855e-02 1.411811608031868781e-01 9.890651984677696351e-01
9.599256061000922824e-02 1.161020812488949144e-01 9.885877477681147552e-01
1.338105260663945417e-01 8.158393625633676705e-02 9.876430551868503604e-01
1.468638286601382237e-01 5.124071711773035831e-02 9.878286312618054232e-01
1.359249178671173564e-01 3.310670441241499173e-02 9.901658259229589865e-01
1.064078094321380813e-01 2.883200223409401394e-02 9.939044691212149951e-01
6.565163811870168564e-02 3.681627417494583859e-02 9.971631884341787266e-01
1.494508702282591750e-02 3.250133546883017532e-02 9.993599489506602707e-01
-1.543679172250961816e-02 5.201830466920914081e-02 9.985268155841926507e-01
-3.309810486883103114e-02 7.126679102700454738e-02 9.969079997425932538e-01
-3.233844348729874446e-02 8.552798458497827550e-02 9.958108198476419703e-01
-1.161485016386720748e-02 8.964015301066818875e-02 9.959064907027677105e-01
2.436804564414418381e-02 8.041625272500464716e-02 9.964634587626158835e-01
6.450829886643967559e-02 5.976021045746603144e-02 9.961261951296118689e-01
9.563615841052042210e-02 3.514967483820775201e-02 9.947955697344375015e-01
1.094861741197656890e-01 1.542496765476500734e-02 9.938686271582652942e-01
1.042238297151830556e-01 5.719403814632314370e-03 9.945374209850346148e-01
8.262749132213328962e-02 6.678357841694499905e-03 9.965581253566641040e-01
5.036558484386052109e-02 1.643169175822127917e-02 9.985956676098868279e-01
1.813574049354631798e-03 1.670352902825765051e-03 9.999969604305748438e-01
-2.652242188177009186e-02 1.576373987175378605e-02 9.995239194950776840e-01
-4.403952315049588367e-02 2.549936534650139655e-02 9.987043119800738111e-01
-4.565873053968689393e-02 2.789855323357314301e-02 9.985674494258920397e-01
-2.991995396714668479e-02 2.099443339936924585e-02 9.993317918093413965e-01
-3.250514810650460633e-04 5.630876611909703400e-03 9.999840936585633333e-01
3.462298657378322375e-02 -1.356667380653806682e-02 9.993083578968972036e-01
6.420100701938294407e-02 -2.987803751766346730e-02 9.974896157714381317e-01
8.011537881406319284e-02 -3.805039449336865970e-02 9.960590813583112269e-01
7.893738026796574825e-02 -3.665072456296004921e-02 9.962056084892353391e-01
6.193246405289196121e-02 -2.748982837183956696e-02 9.977016985213594813e-01
3.388368307927640266e-02 -1.371025337605417602e-02 9.993317392004190669e-01
-1.384413540316806624e-03 -3.735904263562599137e-02 9.993009483296111384e-01
-3.928926521371713110e-02 -4.614689003387639071e-02 9.981617194519268876e-01
-6.174502271902140849e-02 -5.973990971763009500e-02 9.963025119693293963e-01
-6.183594501164017126e-02 -7.632201561001855650e-02 9.951639391767127529e-01
-3.696464438889734277e-02 -9.265659861359885896e-02 9.950117435480860806e-01
8.049488858573676173e-03 -1.032200781979966397e-01 9.946259704964142134e-01
5.964539197190112801e-02 -1.026565204055599201e-01 9.929270194907259262e-01
1.005801378292390108e-01 -9.057853481173143428e-02 9.907972370296693754e-01
1.189738140522945131e-01 -7.180968638749951616e-02 9.902972283667247355e-01
1.120078502868880055e-01 -5.315170477030511237e-02 9.922848067737733979e-01
8.396775463236909320e-02 -4.000509159731786141e-02 9.956651087732008021e-01
4.296564681919609607e-02 -3.483676912753026073e-02 9.984690043812827209e-01
-4.938239940083581810e-03 -7.289640841120322012e-02 9.973272920295775945e-01
-5.068144772985137825e-02 -9.106669451349475031e-02 9.945542961580380315e-01
-7.780828264456532417e-02 -1.204151533104662747e-01 9.896696731763930943e-01
-7.764815497333711625e-02 -1.572729774380074164e-01 9.844978286400213330e-01
-4.526828797716921093e-02 -1.936214066189460015e-01 9.800313938861806573e-01
1.497948119667752952e-02 -2.156893878924938390e-01 9.763471222334948463e-01
8.424118460479759762e-02 -2.110545513479719637e-01 9.738374603452808476e-01
1.361687202120840934e-01 -1.817747650907658441e-01 9.738665280273158809e-01
1.551917825928702532e-01 -1.411172405678956521e-01 9.777532587673377629e-01
1.408968858872760299e-01 -1.034430588970348674e-01 9.846053021964126239e-01
1.018539186921997158e-01 -7.792252030135669860e-02 9.917428396903225085e-01
4.946020270573121824e-02 -6.791990960444793668e-02 9.964640355916475345e-01
-1.288113895305480552e-02 -9.300825036936447021e-02 9.955820115000809656e-01
-7.344260335505620185e-02 -1.202522886642415356e-01 9.900230154311805419e-01
-1.126235496380445372e-01 -1.639218375193399468e-01 9.800232483218032087e-01
-1.184291537843015635e-01 -2.201148802266132409e-01 9.682582171284429551e-01
-7.967347054118788241e-02 -2.777565311726918340e-01 9.573418655228835838e-01
4.913971816661514072e-03 -3.134513306196970994e-01 9.495915523074729414e-01
1.094078828014444643e-01 -3.021557045316571877e-01 9.469592627984904087e-01
1.847389032471012937e-01 -2.507729502464325355e-01 9.502549473966283022e-01
2.073690686669870109e-01 -1.857994415679685429e-01 9.604564731799289934e-01
1.827858956519824163e-01 -1.304503460985697583e-01 9.744598624640806728e-01
1.275363455273544333e-01 -9.585383262059100906e-02 9.871912293682053585e-01
5.789298342308335510e-02 -8.407079111393311877e-02 9.947766103763379109e-01
-2.316640565196701612e-02 -9.124581075384677331e-02 9.955588981416877425e-01
-1.035424942930574660e-01 -1.243122135576337078e-01 9.868259347199896947e-01
-1.621075552635059813e-01 -1.758474303117071313e-01 9.709782807968714291e-01
-1.833096792857710211e-01 -2.442001560632652557e-01 9.522414847394654602e-01
-1.457452182577362865e-01 -3.204244971013437415e-01 9.359949107833768212e-01
-3.095242391002084315e-02 -3.743602288127658717e-01 9.267666192398997804e-01
1.343776603221111254e-01 -3.559664162551869904e-01 9.247867618563840875e-01
2.463980976162988279e-01 -2.788481717099009494e-01 9.281873057875337230e-01
2.721021868859413440e-01 -1.906589602885494505e-01 9.431911581188463511e-01
2.327310364300715084e-01 -1.237190560574509129e-01 9.646397565155616638e-01
1.574232358336641324e-01 -8.686828303572798060e-02 9.837031189449703117e-01
6.745165864270495637e-02 -7.768824353897214874e-02 9.946933248806710814e-01
-3.214958637667434532e-02 -6.583047566044694654e-02 9.973127656708931088e-01
-1.324117113746934860e-01 -9.803492872905303357e-02 9.863347765540498857e-01
-2.138567801829138193e-01 -1.441019644144555245e-01 9.661779864091977199e-01
-2.591356251849678549e-01 -2.051834896540058184e-01 9.437947146140337473e-01
-2.365328460185579240e-01 -2.812805064827614276e-01 9.300180048940747124e-01
-9.626243594322514419e-02 -3.519487258321369327e-01 9.310561947655960902e-01
1.650010288082530696e-01 -3.311346888095602625e-01 9.290449280628095829e-01
3.167924608066934322e-01 -2.342103800641763545e-01 9.191235143582044964e-01
3.365640723036660287e-01 -1.376489844311826749e-01 9.315456952396212742e-01
2.782902884080311612e-01 -7.600616572709568974e-02 9.574850276371075219e-01
1.839351341934552242e-01 -4.906525853772730761e-02 9.817130267109015485e-01
7.631579579087860443e-02 -4.817962879835852030e-02 9.959189839950320922e-01
-3.631135037169146845e-02 -2.233759195449503202e-02 9.990908456291129891e-01
-1.489551123866526272e-01 -4.558435326329575432e-02 9.877927116715409239e-01
-2.473964587244971147e-01 -6.962663012112053906e-02 9.664093980237274950e-01
-3.139693533255523139e-01 -9.331534269451696728e-02 9.448362249565523951e-01
-3.113981093842767556e-01 -1.217375043926330197e-01 9.424495729195090377e-01
-1.635482422588182272e-01 -1.660026644998681689e-01 9.724685536473436365e-01
2.063406022299454357e-01 -1.507435370987236234e-01 9.667988114878578454e-01
3.658802664227852608e-01 -7.771335132155127168e-02 9.274115945300235309e-01
3.686682399736067595e-01 -1.935888426826860506e-02 9.293594366200036427e-01
2.979451117026403750e-01 7.155682660678972483e-03 9.545561830600781672e-01
1.956951997262028065e-01 9.644435053619889592e-03 9.806173431449516364e-01
8.101497218588449289e-02 -2.489079447211875549e-03 9.967097765975991841e-01
-3.432160885478856283e-02 2.596017395395803368e-02 9.990736191762351615e-01
-1.455942790931581132e-01 1.624710088194310231e-02 9.892109671896056611e-01
-2.449386337166341854e-01 2.155656080399763128e-02 9.692989117910553176e-01
-3.128948624717008409e-01 4.965373707066167430e-02 9.484889622097679718e-01
-3.089711623433619714e-01 1.051438609111632477e-01 9.452415507968832120e-01
-1.595768449357791996e-01 1.705674891555427064e-01 9.723383990173199987e-01
1.688350652174073208e-01 1.917125372242518277e-01 9.668200576239678323e-01
3.205287771473651071e-01 1.541703653188754297e-01 9.346083679691041812e-01
3.330895420602339452e-01 1.235769537959428288e-01 9.347620517867697432e-01
2.759006810084791428e-01 9.637707713222000427e-02 9.563421318871905275e-01
1.851760786213589027e-01 6.974412458357663602e-02 9.802273088383460786e-01
7.852140763861455153e-02 4.516366743684258056e-02 9.958888651281120330e-01
-2.780219940922435198e-02 6.327585183234751831e-02 9.976087430866643624e-01
-1.245783067909576464e-01 6.489861122573881147e-02 9.900850547998588658e-01
-2.084423388913160258e-01 8.932437637864938662e-02 9.739470966854937295e-01
-2.585682847351776781e-01 1.419800744195615916e-01 9.555020149622528436e-01
-2.404263574398139702e-01 2.201852797890383184e-01 9.453642732896435641e-01
-1.149030473915594180e-01 2.967620129495891490e-01 9.480135006265834052e-01
9.588841756616997558e-02 3.200957972106224791e-01 9.425200751096823870e-01
2.251372020567715959e-01 2.704616593909767164e-01 9.360361804169645694e-01
2.568298940253789242e-01 2.070196281341094569e-01 9.440239822706544270e-01
2.252954018267999126e-01 1.521551502987368854e-01 9.623361118410267423e-01
1.573523816536032405e-01 1.094858960382625590e-01 9.814545667307736920e-01
6.937287498669052199e-02 7.929736418632273021e-02 9.944341769313829182e-01
-1.985694318701522812e-02 7.919744885107139754e-02 9.966611590218674710e-01
-9.641009366515780610e-02 8.661392089109334891e-02 9.915659950539722489e-01
-1.595096338750789100e-01 1.158528701958989604e-01 9.803748207540095017e-01
-1.915716582242102950e-01 1.675389343987061797e-01 9.670734228722092096e-01
-1.709114730888267319e-01 2.336194630942765027e-01 9.571892262401333618e-01
-8.384373079262637252e-02 2.908860240947240827e-01 9.530768855622832048e-01
4.467502523002141179e-02 3.075826928624400547e-01 9.504720033605272844e-01
1.419140372583204135e-01 2.716602276084863488e-01 9.518724319806362022e-01
1.807965073449801785e-01 2.146674703525917605e-01 9.598075328441020293e-01
1.697171153325112425e-01 1.606091414073159696e-01 9.723172344763131303e-01
1.240886587735129248e-01 1.184857189741261030e-01 9.851716292925295493e-01
5.721869551966590750e-02 9.072012744484483915e-02 9.942313007341169184e-01
-1.247545145120292770e-02 7.149611247243567447e-02 9.973628572452383212e-01
-7.019709340223982685e-02 7.958547603401235071e-02 9.943533175296981330e-01
-1.150135316698734367e-01 1.038810730177471137e-01 9.879173093946160833e-01
-1.340874519146685317e-01 1.424810924236636633e-01 9.806730818885976975e-01
-1.157579071506651403e-01 1.871270480021233473e-01 9.754914529805606138e-01
-5.731079702011943749e-02 2.221605165306542728e-01 9.733242920217914929e-01
2.376956670384580347e-02 2.306449459286044890e-01 9.727476119818061484e-01
9.258753865590745036e-02 2.077768449853886479e-01 9.737845400156655007e-01
1.275978200830170939e-01 1.688862204348488549e-01 9.773414146843868444e-01
1.264461580802826723e-01 1.298215116932065205e-01 9.834417848599128487e-01
9.619672708870322109e-02 9.867300947473757466e-02 9.904594019436755437e-01
4.651429621888699545e-02 7.853403846263298793e-02 9.958257001353204574e-01
-6.376359408009431642e-03 4.419304193857756524e-02 9.990026612001609019e-01
-5.056204130638719541e-02 4.922419782730193955e-02 9.975071219430607927e-01
-8.225760879094087819e-02 6.338642499668392660e-02 9.945933072980813749e-01
-9.238492062141115402e-02 8.475672634903662350e-02 9.921095321487458651e-01
-7.509330079955936488e-02 1.077677271363185335e-01 9.913360243443681830e-01
-3.192269537421324466e-02 1.240935981719199638e-01 9.917568857399994275e-01
2.453518999557430247e-02 1.265755777222749567e-01 9.916534916875868744e-01
7.418025971200924162e-02 1.144830955276156803e-01 9.906517601596591671e-01
1.017754203647316946e-01 9.478211565763103308e-02 9.902818358230521811e-01
1.025590536146951809e-01 7.483546514570707520e-02 9.919079058451173436e-01
7.966233865752328502e-02 5.860144839229004809e-02 9.950978756111966694e-01
4.032058765950220086e-02 4.784037530671138988e-02 9.980408552265077615e-01
-2.260986526695370029e-03 4.847830560680755317e-03 9.999856931370704194e-01
-3.969089347412036589e-02 4.058129088340830908e-03 9.992037652869008024e-01
-6.388054335742643364e-02 5.273653235180264694e-03 9.979436180275202961e-01
-6.776961803781067495e-02 8.116290462578740900e-03 9.976679831988825020e-01
-4.830929371202383193e-02 1.107272723915373597e-02 9.987710482650844490e-01
-9.105910788195659827e-03 1.263346689855817176e-02 9.998787315983822532e-01
3.842940365431888466e-02 1.241915714429206799e-02 9.991841399214591579e-01
7.884583440019007905e-02 1.125323361783562084e-02 9.968233038662746015e-01
1.002623878073603952e-01 1.036702287173244842e-02 9.949070199912910528e-01
9.845866800754440873e-02 9.851619848108303032e-03 9.950923757524114954e-01
7.595064691495760634e-02 8.844844385157649841e-03 9.970723484085816102e-01
3.944263641993891317e-02 6.894711617512704581e-03 9.991980491293952493e-01
1.301888651448431314e-02 -3.923175685305979599e-02 9.991453236882430478e-01
-2.163588844613309817e-02 -6.970013496236071582e-02 9.973333342054440109e-01
-3.684953091032731887e-02 -9.905941181692910769e-02 9.943989868267980592e-01
-2.608783171915555338e-02 -1.213825022176739793e-01 9.922629254343552363e-01
1.156808901774792134e-02 -1.303430566999949636e-01 9.914014660502732390e-01
6.705462989835409005e-02 -1.203119246685130511e-01 9.904689381256529535e-01
1.215361537959081806e-01 -9.156256896943697210e-02 9.883548245868827298e-01
1.562677655454431935e-01 -5.389079875217823307e-02 9.862434624682583362e-01
1.626249102208179309e-01 -2.042145178528225608e-02 9.864766104082856035e-01
1.427795633259625052e-01 -9.176588545332687056e-04 9.897540877403347981e-01
1.047614760068296125e-01 8.251372684342531084e-04 9.944970348338961763e-01
5.829226306787204520e-02 -1.364539611679671527e-02 9.982062989338985615e-01
2.665106067376600205e-02 -7.849541300882820205e-02 9.965581724623526760e-01
-1.275466147622474067e-02 -1.265257174867870649e-01 9.918813242646701278e-01
-2.418811904211654387e-02 -1.810859137401645280e-01 9.831697853077493443e-01
1.011291002293980860e-03 -2.327785407115062488e-01 9.725292428892475805e-01
6.466924919644613523e-02 -2.661727392304971684e-01 9.617535864757206232e-01
1.518967912150018529e-01 -2.620047301762261083e-01 9.530377149850343121e-01
2.288721053413700079e-01 -2.140815226192660792e-01 9.496244842407987052e-01
2.653393317793828476e-01 -1.440116927545952719e-01 9.533392215580099860e-01
2.552855970011225772e-01 -7.998019583592209936e-02 9.635519873041249461e-01
2.109715199147158826e-01 -3.982775780721185821e-02 9.766804838292159063e-01
1.491171801963726284e-01 -2.868286360205905827e-02 9.884034398492785867e-01
8.395768333705568021e-02 -4.367083685325225811e-02 9.955119112382457836e-01
2.714361383235991756e-02 -1.046240082915367714e-01 9.941413587197249768e-01
-2.645005836643107150e-02 -1.749937913278460100e-01 9.842141877706873654e-01
-4.445518518500648358e-02 -2.594832391726735188e-01 9.647238906021827765e-01
-1.224626470483127297e-02 -3.468904315644366632e-01 9.378257074157057005e-01
8.093375187839954576e-02 -4.113501129663216793e-01 9.078770910037680109e-01
2.205147683529133651e-01 -4.102164753948159270e-01 8.849269349799203654e-01
3.454424943087762712e-01 -3.215314437325575980e-01 8.816388227710119097e-01
3.935981415053452226e-01 -1.989559376924373846e-01 8.974948678741937469e-01
3.638192719290783139e-01 -9.799362853412202368e-02 9.263005916762300229e-01
2.877209684220516372e-01 -4.196990003612534326e-02 9.567942160262309370e-01
1.949316183251504353e-01 -3.031209709186641690e-02 9.803483263345857956e-01
1.042431247466158450e-01 -5.420122336610203040e-02 9.930738131320667739e-01
1.335354324796142120e-02 -1.098588071132755167e-01 9.938574975228559039e-01
-6.349687455310837336e-02 -2.024757713405014037e-01 9.772265392129084738e-01
-1.027484700934403056e-01 -3.154742094016795284e-01 9.433550631103316819e-01
-8.181892082870095839e-02 -4.409387264677560037e-01 8.938001475136660989e-01
3.094016022631944710e-02 -5.483064868080044230e-01 8.357049138358968454e-01
2.466242913164663486e-01 -5.592155503685288798e-01 7.914887410182740446e-01
4.681591376048650499e-01 -3.929533190981175927e-01 7.914636510206128905e-01
5.357609532040025213e-01 -1.897782669266316058e-01 8.227663158055709136e-01
4.752633333494218348e-01 -5.269916019609928448e-02 8.782639480749323546e-01
3.596313950301003315e-01 4.428442296433872556e-03 9.330839451022433506e-01
2.330419742935428140e-01 2.101672967896442423e-03 9.724644061291416453e-01
1.147712881467804341e-01 -3.995535158846807294e-02 9.925880924616191647e-01
-1.157095594968690286e-02 -8.994501088116946264e-02 9.958795147988317442e-01
-1.168904748635670038e-01 -1.964174624469141872e-01 9.735280156893745263e-01
-1.936209546782837465e-01 -3.233303981186717024e-01 9.262658255392302031e-01
-2.166388256449309768e-01 -4.705755633239835367e-01 8.553515408447683877e-01
-1.306741275359523669e-01 -6.207713062263732207e-01 7.730247458902615998e-01
1.581234099346697786e-01 -6.779391602425330898e-01 7.179104973743439810e-01
5.870120157114124826e-01 -3.656501766995041702e-01 7.222996896649203080e-01
6.603790740177045704e-01 -6.207430436996667911e-02 7.483623850357988827e-01
5.515906325414815514e-01 7.810518089877797887e-02 8.304500917028739826e-01
4.000691866494511251e-01 1.021210721443224084e-01 9.107776526231672332e-01
2.499147531006185308e-01 6.595410992677175344e-02 9.660189809555711493e-01
1.118797415401658613e-01 -1.810591007419238251e-03 9.937201040500115434e-01
-4.030512279480331916e-02 -4.788174022376880806e-02 9.980394962273079207e-01
-1.699228792703245394e-01 -1.514535042708533286e-01 9.737494806902787792e-01
-2.904462363810260683e-01 -2.624800047925460733e-01 9.201876063369570646e-01
-3.867754811593600017e-01 -3.792512708891186968e-01 8.405790865248420340e-01
-4.101824688302141975e-01 -4.943844973044531077e-01 7.663773946884040456e-01
-1.828573730703382250e-01 -5.751189511002359200e-01 7.973715402490960669e-01
6.280345941921673392e-01 -2.908590885126261655e-02 7.776416645243492409e-01
6.489002503441254621e-01 2.428750412389631963e-01 7.210687758088770716e-01
5.200126179007730221e-01 2.795237736385697280e-01 8.071265930415232326e-01
3.753136638770611100e-01 2.258201568684192195e-01 8.989688039409858833e-01
2.323947009785340967e-01 1.428141471077299662e-01 9.620794262133347541e-01
9.393179493979465777e-02 4.998919044234943071e-02 9.943228342637533412e-01
-6.348644230762380547e-02 3.852335672506130779e-03 9.979752658022295053e-01
-2.011734906924839417e-01 -7.946839195389790445e-02 9.763267902310514001e-01
-3.471924308158863548e-01 -1.467730220544579689e-01 9.262370625175421202e-01
-4.964878397757462869e-01 -1.772711728788984031e-01 8.497498197828424749e-01
-6.220983362632964697e-01 -1.133315600535652751e-01 7.746932409117210927e-01
-5.833549802405784135e-01 1.621922036152966817e-01 7.958584397459713689e-01
6.221084680477891038e-02 6.283385473333642501e-01 7.754485672659453543e-01
3.286245740061270459e-01 5.681975811701129864e-01 7.544252104163106099e-01
3.489324362298633075e-01 4.439408405229106069e-01 8.253258054020080614e-01
2.830533713964179521e-01 3.184426000333459572e-01 9.046961365149698286e-01
1.823342725327684877e-01 2.025350679003874166e-01 9.621505907759717591e-01
6.484101635490532867e-02 9.789982886971435039e-02 9.930817016264948949e-01
-7.416815762198837592e-02 4.757529653658591068e-02 9.961102727882793495e-01
-1.987152378640406891e-01 -8.708996434617926816e-03 9.800185751411861768e-01
-3.337935135712407630e-01 -3.258932728368769960e-02 9.420827065841613779e-01
-4.656361798796205820e-01 -1.146895873839368259e-03 8.849754983144962894e-01
-5.514866476942702489e-01 1.234431567599890284e-01 8.249995542205118548e-01
-4.864724686591317404e-01 3.623191389815441088e-01 7.950279106826115827e-01
-1.762853965983808835e-01 6.061751982697204388e-01 7.755482499166603816e-01
7.381264810243830243e-02 5.888299970647642434e-01 8.048794490710023952e-01
1.747692687486220309e-01 4.700832460627830112e-01 8.651459093541317147e-01
1.763344221980543969e-01 3.402590930702463212e-01 9.236503240572540019e-01
1.216970565064001281e-01 2.242305901048877170e-01 9.669076837521124457e-01
3.446598091452558743e-02 1.263294035161555973e-01 9.913894179215746449e-01
-7.117425017393956554e-02 6.991220933424599493e-02 9.950108085333922991e-01
-1.701332254036631852e-01 3.604574201802679401e-02 9.847615904857764946e-01
-2.743541229153144134e-01 3.662658179607886783e-02 9.609309594061696824e-01
-3.662402603257433054e-01 8.514393174477465076e-02 9.266167398679989731e-01
-4.114432151396029691e-01 1.921317244514061939e-01 8.909544776108907493e-01
-3.609241562495135169e-01 3.428620772277195528e-01 8.672827390388103685e-01
-2.020837275751994344e-01 4.680039275755227268e-01 8.603106943559309938e-01
-3.366268690960604743e-02 4.728037923979319657e-01 8.805245013082446670e-01
6.789258673038936487e-02 3.979845142264445967e-01 9.148764523710455343e-01
9.708728879664246803e-02 3.002384811445840684e-01 9.489103818560105097e-01
7.278196390838100049e-02 2.073106225951786008e-01 9.755639863631621056e-01
1.269917408383232707e-02 1.289194846132499794e-01 9.915737478698393170e-01
-5.678834829846222260e-02 6.701705570718272109e-02 9.961344275457474362e-01
-1.291660722754585378e-01 4.652676898865459182e-02 9.905308604684566198e-01
-2.008885036501473764e-01 5.370533504166629529e-02 9.781408620895646333e-01
-2.569496958864773695e-01 9.432011721393418480e-02 9.618110881418553415e-01
-2.765091136293807983e-01 1.669753619496612274e-01 9.463941771702023553e-01
-2.396045455212884590e-01 2.542689954103850569e-01 9.369828919134497447e-01
-1.486615298738050706e-01 3.194953706523289694e-01 9.358538655513251037e-01
-4.419516025061966114e-02 3.272032552600982469e-01 9.439199211573278125e-01
3.025459003679347586e-02 2.872642972282604124e-01 9.573734293992308686e-01
5.928863636105700247e-02 2.264619132459456674e-01 9.722138959341588560e-01
4.746270321898823225e-02 1.635392032873240753e-01 9.853944493406140426e-01
5.321004853369888481e-03 1.081949954581893497e-01 9.941154509739794642e-01
-3.460403095752304092e-02 4.260392342610422323e-02 9.984925972435904074e-01
-8.614013942827014603e-02 2.653411691471101869e-02 9.959296245311937135e-01
-1.315523300415374353e-01 2.872586991176635449e-02 9.908929351138466846e-01
-1.600630384042991683e-01 5.188433442594504730e-02 9.857422784774590996e-01
-1.609451615840842287e-01 9.279843877754791193e-02 9.825910159996164017e-01
-1.281663422661968033e-01 1.400393250764911945e-01 9.818158565343274580e-01
-6.841073254431383199e-02 1.758852385333279089e-01 9.820307299360765407e-01
-3.453489675348487761e-03 1.860489861137586687e-01 9.825344005047016438e-01
4.306020298980173244e-02 1.717313322183914026e-01 9.842023005728566254e-01
5.978132816498894081e-02 1.424266320960620447e-01 9.879984044888979744e-01
4.747999590036944967e-02 1.068381103885066991e-01 9.931421188118136900e-01
1.307259037528638902e-02 7.148300715513089543e-02 9.973561485592434828e-01
-9.381690524122465735e-03 4.209693523337621965e-03 9.999471297840377693e-01
-4.818302888395050582e-02 -1.539696735240691193e-02 9.987198451637467889e-01
-7.488246770530666840e-02 -2.579401571983153119e-02 9.968587085356522826e-01
-8.191826790371074807e-02 -2.376393875817798748e-02 9.963556958227046678e-01
-6.502404391359703495e-02 -9.311573175803031927e-03 9.978402519031365214e-01
-2.648056810714577783e-02 1.390079976945053121e-02 9.995526735887534375e-01
2.271167231255679167e-02 3.892430929189431843e-02 9.989840229387444426e-01
6.614080576746064755e-02 5.796460323735892067e-02 9.961252424187999610e-01
9.029585224487718387e-02 6.644275185469056266e-02 9.936961405748143683e-01
9.024004830023070467e-02 6.315568937407735339e-02 9.939155359397843226e-01
6.869160408432201104e-02 4.919221687489922640e-02 9.964244022138610823e-01
3.261603837504573056e-02 2.776899515721212297e-02 9.990821172199558786e-01
2.731047577473192170e-02 -3.612289436203452997e-02 9.989741109837915189e-01
6.540607672632472655e-03 -8.552126745949585607e-02 9.963148765643472515e-01
6.827127987201758383e-03 -1.265998441742341440e-01 9.919303754692431196e-01
3.223971626646702365e-02 -1.495275049323799288e-01 9.882318179272571168e-01
7.990804884867859503e-02 -1.456323592311878357e-01 9.861064443932695545e-01
1.357638299538022619e-01 -1.113305475969029457e-01 9.844661962952439005e-01
1.785484565742877783e-01 -5.501488929603218919e-02 9.823918824026557362e-01
1.936687229815468037e-01 3.554328478709799059e-03 9.810605447615177166e-01
1.803605412730182878e-01 4.520659246959950889e-02 9.825611630575689093e-01
1.472137613288905245e-01 5.972565726707132483e-02 9.872998300108360992e-01
1.048661573835350386e-01 4.647950404057880208e-02 9.933995896615562815e-01
6.242810922477577684e-02 1.137547322511859096e-02 9.979846340437955599e-01
5.852305346504753369e-02 -7.083554503849558148e-02 9.957697413419547283e-01
4.018867593022899115e-02 -1.449872233785239883e-01 9.886170013629549391e-01
5.806257555598393766e-02 -2.172149487018447123e-01 9.743954040225372148e-01
1.182538940043802167e-01 -2.717598348726100177e-01 9.550720437238329197e-01
2.148258006860114255e-01 -2.863284172445031417e-01 9.337376038469591411e-01
3.173834894217429925e-01 -2.420405678855948595e-01 9.168882615346745091e-01
3.796876158888738417e-01 -1.486194686508650609e-01 9.130988817639150712e-01
3.784772600209453941e-01 -4.754471437490215280e-02 9.243886973465574863e-01
3.259983507323546137e-01 2.426926337541138526e-02 9.450587696937176041e-01
2.492326497353675174e-01 5.209325135015809016e-02 9.670415603631544732e-01
1.708572159449389949e-01 3.866586452919507089e-02 9.845368264720880669e-01
1.045692123204879503e-01 -6.067131433927625515e-03 9.944991049522542426e-01
6.949775504986775709e-02 -9.892702925990651264e-02 9.926648502515021955e-01
4.426671853285264052e-02 -2.093230916597459412e-01 9.768440514884045855e-01
7.002890407000283979e-02 -3.255071510634791054e-01 9.429427592389983959e-01
1.619017675038688098e-01 -4.254905309652138867e-01 8.903626372091808516e-01
3.215254552386295206e-01 -4.644840569332094882e-01 8.251520723408726221e-01
5.014390707978502171e-01 -3.898069391696131758e-01 7.724049510798014495e-01
6.035466754106170173e-01 -2.141416701527717459e-01 7.680330433679486424e-01
5.826613764954862162e-01 -3.932223947578426110e-02 8.117631931930419098e-01
4.788549932574249768e-01 6.655631178817289495e-02 8.753674387327518014e-01
3.488671204123556802e-01 9.494772641949314473e-02 9.323500745658358513e-01
2.285409119107845444e-01 6.461896379275976210e-02 9.713873795254651666e-01
1.332984855345556996e-01 -4.580807784748261273e-03 9.910653510007636502e-01
5.557112638719043096e-02 -1.131610925244293103e-01 9.920213793314552886e-01
1.196802944097285354e-02 -2.653073439562651514e-01 9.640896117655007869e-01
2.679938986626754713e-02 -4.334156204254115408e-01 9.007955887292360408e-01
1.312213617737551519e-01 -5.952149540174686004e-01 7.927799901159395812e-01
3.573143721739251988e-01 -6.792597010294794124e-01 6.410403247809889349e-01
6.625420773847459088e-01 -5.556811622800512662e-01 5.022513729018174278e-01
8.397303017617337995e-01 -2.127244587187320790e-01 4.996011658973468772e-01
7.803212747256990101e-01 7.527495290320493360e-02 6.208320140552143762e-01
6.068834618592915398e-01 1.993183804187756425e-01 7.693923881537351184e-01
4.212283002973469248e-01 1.978797338133399530e-01 8.851047000070446646e-01
2.630133669053810186e-01 1.268868957669674891e-01 9.564118801602610187e-01
1.409342704517554112e-01 1.878805721306046200e-02 9.898406641063089983e-01
1.833970058993328323e-02 -1.073430906434510584e-01 9.940528739827835247e-01
-5.480332986468672285e-02 -2.938475181622542953e-01 9.542799542616616781e-01
-8.026513535544842204e-02 -5.055250148358874096e-01 8.590704088848392095e-01
-1.589370235476425183e-02 -7.321704141849360026e-01 6.809360284327236057e-01
2.185641373193071002e-01 -8.965251611031197498e-01 3.853211042584025470e-01
6.748064575011227806e-01 -7.373374362564845130e-01 3.114080938948004737e-02
9.983012606183084836e-01 -5.154938201815254667e-02 2.715242643618028667e-02
8.656294619438046345e-01 3.638017724605668857e-01 3.439969548840471902e-01
6.328785594715405916e-01 4.331477102420470682e-01 6.417536833344387182e-01
4.250944503101374838e-01 3.495012037468143706e-01 8.349512661796705260e-01
2.566477359906433886e-01 2.141653859191996467e-01 9.424781838774739517e-01
1.227726755172478673e-01 6.016613976252913748e-02 9.906093608342405599e-01
-3.248096010726345823e-02 -7.987391469172018532e-02 9.962756370514611604e-01
-1.387670613496151950e-01 -2.765966976852436976e-01 9.509142808445095740e-01
-2.305763389253553952e-01 -4.960770919015820568e-01 8.371033812010351127e-01
-2.823531922589769261e-01 -7.405434691703859373e-01 6.098131230879235698e-01
-2.247078580626175881e-01 -9.587428273342362139e-01 1.741222833531182457e-01
1.134750271059139920e-01 -8.192428165154551634e-01 -5.621073080926415333e-01
6.659134054847146711e-01 4.373531695108924255e-01 -6.043852591803922092e-01
5.959215798641839257e-01 7.963317568343206698e-01 1.036011761965375672e-01
4.625795165505037776e-01 6.885300264279845539e-01 5.585217932856229028e-01
3.290389282324127640e-01 4.928006126043820712e-01 8.055314642671763670e-01
2.009293317060220629e-01 2.950735497978183020e-01 9.341086681269614722e-01
8.073696406558426852e-02 1.065256680063699640e-01 9.910266518561861027e-01
-8.054971443611083637e-02 -3.775578873215568870e-02 9.960352623885625478e-01
-2.082438610242224042e-01 -2.120968680711603493e-01 9.548033372900294191e-01
-3.594129867960831337e-01 -3.872013101526961543e-01 8.490568004193794760e-01
-5.398751771133398769e-01 -5.477963618042416272e-01 6.391040127638671908e-01
-7.548428924633423520e-01 -6.040110314656063073e-01 2.557007656722804501e-01
-9.269935967899112228e-01 -2.230054462499857226e-01 -3.015815684908451089e-01
-4.752800729672091440e-01 8.111511522937291385e-01 -3.407970956051104561e-01
-1.004637394586526712e-02 9.766289902997647987e-01 2.146971953161012359e-01
1.547483611187500385e-01 7.850013985929417126e-01 5.998547732061129123e-01
1.680126783905756260e-01 5.497345917819683736e-01 8.182686713410898260e-01
1.136280026225953421e-01 3.337591221861263002e-01 9.357849781747281659e-01
2.698663546249637640e-02 1.408268912504578863e-01 9.896663620671233286e-01
-1.102293338367939246e-01 4.245672537305350200e-03 9.938971114892208858e-01
-2.351314432801822896e-01 -1.264434476870732182e-01 9.637039270014118308e-01
-3.975193396824721059e-01 -2.322276914963343486e-01 8.877210563463606707e-01
-5.988437098635533973e-01 -2.825316135450294253e-01 7.493744714790445682e-01
-8.166505072826532041e-01 -1.992322887604573711e-01 5.416534353903946775e-01
-9.350192124172537200e-01 1.369577075791180154e-01 3.270805080485503225e-01
-7.040543492284423444e-01 6.442464432274632724e-01 2.987540689619161971e-01
-3.140888404643856768e-01 8.018305605608352371e-01 5.083462918586487689e-01
-6.831346874776153544e-02 6.911865775783522237e-01 7.194403275902552242e-01
2.792279373640184359e-02 5.049927861748109148e-01 8.626717820244995671e-01
3.132499419410115366e-02 3.196073761706825778e-01 9.470321376996693186e-01
-2.021663627131421725e-02 1.525807930135681112e-01 9.880842014834535503e-01
-1.147918405085345817e-01 3.168036988375187712e-02 9.928842770014413288e-01
-2.174044727719749159e-01 -5.525910252658998434e-02 9.745161501004906413e-01
-3.508448541486926531e-01 -1.069000518208650524e-01 9.303119193249868024e-01
-5.047982469037400888e-01 -9.880490830165909732e-02 8.575641783670638896e-01
-6.444756880800388554e-01 4.309037142596241175e-03 7.646126598956430875e-01
-6.938187483910589481e-01 2.183137441228622799e-01 6.862613594747221102e-01
-5.719005945239585831e-01 4.649918163968289053e-01 6.758049427661246833e-01
-3.417417737514412690e-01 5.691872993257361957e-01 7.478224243491476964e-01
-1.497090405942525515e-01 5.209729246917474965e-01 8.403418440744772067e-01
-4.636979593221522006e-02 4.018184207046273104e-01 9.145445854673657227e-01
-1.926561010588630565e-02 2.678002522480634195e-01 9.632818181420943482e-01
-4.667058761810534417e-02 1.415849373234877584e-01 9.888253444236175804e-01
-9.599674622173295924e-02 3.817247357267039565e-02 9.946494291840777269e-01
-1.701607186380874881e-01 -1.745324563249221056e-02 9.852617490035308068e-01
-2.621595454115179802e-01 -4.098422191511145313e-02 9.641538602855862505e-01
-3.590515622857531897e-01 -1.854693648533627809e-02 9.331334238827734273e-01
-4.346724049032876236e-01 5.987924164478106159e-02 8.985957805574668056e-01
-4.504900468230708666e-01 1.847185609237102788e-01 8.734630907849592063e-01
-3.803636504443781430e-01 3.099604285290880057e-01 8.713483954002848586e-01
-2.519275750900176192e-01 3.704607232911811820e-01 8.940309555087199156e-01
-1.306354112031512804e-01 3.526910199575656879e-01 9.265761888701240512e-01
-5.517881289967734720e-02 2.860486022664745498e-01 9.566250549449131224e-01
-3.024341126262470106e-02 2.005535381265126649e-01 9.792158160590070937e-01
-4.696472973205748774e-02 1.141764312395578129e-01 9.923497653099276894e-01
-6.007324966008987382e-02 2.517871827708541982e-02 9.978763634946254957e-01
-1.091886171090162561e-01 -1.433563657141857794e-02 9.939176703419431158e-01
-1.632211854889590863e-01 -3.015052323554817670e-02 9.861286886386557704e-01
-2.121819460648235456e-01 -1.448086927579677295e-02 9.771228818266260996e-01
-2.418188909551444721e-01 3.406855645235115637e-02 9.697231344247037033e-01
-2.366390859045675588e-01 1.049633180939610611e-01 9.659113028000844148e-01
-1.909982281256066283e-01 1.738937826855484203e-01 9.660645057117905887e-01
-1.206997190681951548e-01 2.135160677498073312e-01 9.694547264465285252e-01
-5.540655113114682090e-02 2.142215731456749706e-01 9.752124033720440677e-01
-1.569342510584664785e-02 1.838177353861892849e-01 9.828350607126137284e-01
-6.461632879980755070e-03 1.347885894671790319e-01 9.908533107630147496e-01
-2.349785735349901872e-02 7.838998950376108166e-02 9.966458048100043099e-01
-1.562254693270738286e-02 -1.823525874625252967e-03 9.998762977391963958e-01
-4.674401242695331443e-02 -3.955143273079023830e-02 9.981235802600658680e-01
-7.028149130109631604e-02 -6.197961037933800987e-02 9.955998392314482359e-01
-8.009018278829282966e-02 -6.231597929852920881e-02 9.948378166038107651e-01
-7.179084370773738955e-02 -3.860218975906345995e-02 9.966724365134136399e-01
-4.540221174429343726e-02 4.111076658004692366e-03 9.989603286504781243e-01
-7.784788609574820259e-03 5.309692876906740161e-02 9.985590183968291456e-01
2.860674456960985920e-02 9.237734275847347964e-02 9.953130566359462694e-01
5.162779013740340095e-02 1.110836299969088781e-01 9.924691423073274121e-01
5.570523480223184276e-02 1.062929931852063942e-01 9.927732502516832813e-01
4.218775023608876268e-02 8.094918585780001841e-02 9.958249961910757841e-01
1.628007643574625948e-02 4.178440801597694404e-02 9.989940051661914122e-01
4.014314407918742611e-02 -2.745769169011796906e-02 9.988166013590883408e-01
4.120528490252389070e-02 -8.765817366775417729e-02 9.952980302830410908e-01
6.143239324669672735e-02 -1.323789647409754355e-01 9.892936221133208363e-01
1.005458849312785008e-01 -1.494284153192573517e-01 9.836471286587624707e-01
1.508890559698448375e-01 -1.299853910455688322e-01 9.799674948197386604e-01
1.951954479131468301e-01 -7.470886309615326626e-02 9.779147830403625008e-01
2.144866122418789545e-01 3.641004962879718326e-04 9.767268607956982596e-01
2.021555471439777096e-01 6.911313980284913838e-02 9.769117199959699294e-01
1.670002896772922740e-01 1.100458026674808465e-01 9.797963178962008080e-01
1.238882973903120827e-01 1.148348977484950767e-01 9.856290559986425892e-01
8.456148332944447843e-02 8.666650736804450139e-02 9.926420664256296877e-01
5.554252908004889133e-02 3.509096439365369524e-02 9.978394919431287091e-01
8.498675468167894709e-02 -4.968839138125417249e-02 9.951423593087694863e-01
9.812807483439167644e-02 -1.382351582158249659e-01 9.855262157661281996e-01
1.507385361524290202e-01 -2.136465914072720185e-01 9.652113901621285352e-01
2.428675061470730312e-01 -2.554328047141540825e-01 9.358255482373653011e-01
3.577391003791788870e-01 -2.393525346779249718e-01 9.026256700333188387e-01
4.533064635940550202e-01 -1.551611719211374030e-01 8.777461254781451228e-01
4.833970138105996850e-01 -2.986419377902029687e-02 8.748916829922449567e-01
4.372770943271092059e-01 8.355552266968543917e-02 8.954368863344146501e-01
3.440080488013770310e-01 1.462406588702530597e-01 9.275085617141356487e-01
2.430978873071580892e-01 1.505196581484851415e-01 9.582521848123778385e-01
1.605346517347281399e-01 1.086338291526302013e-01 9.810338000069196429e-01
1.068042399562404987e-01 3.702067580716118106e-02 9.935906218811338952e-01
1.060379786157800291e-01 -7.471815090439389018e-02 9.915508786827483823e-01
1.246605450210462318e-01 -2.093132091194873090e-01 9.698699546862743492e-01
2.030532676306851247e-01 -3.350780904784965153e-01 9.200500224366994217e-01
3.490600033413902570e-01 -4.187259795838226828e-01 8.383469854952285694e-01
5.435116726741497928e-01 -4.045844437697259655e-01 7.354634522030744082e-01
7.115944695645426421e-01 -2.551977100127841847e-01 6.546047965676878855e-01
7.601036499549913561e-01 -2.384000950473014538e-02 6.493643778895638041e-01
6.711542472191852626e-01 1.701038757990427641e-01 7.215376967822126897e-01
5.079116789370240470e-01 2.566579689399755004e-01 8.222848736167889250e-01
3.434722449629736829e-01 2.424057171675939315e-01 9.073402257282358052e-01
2.167708906059102603e-01 1.647058480104541811e-01 9.622278132630879277e-01
1.376960464809065532e-01 5.347378157237609592e-02 9.890300063536137110e-01
9.572414744087796856e-02 -9.748416476589488733e-02 9.906228975834042716e-01
1.080332128559079174e-01 -2.894550842617276687e-01 9.510754854978991091e-01
1.917683297411263144e-01 -4.818987240984610732e-01 8.549845188192564116e-01
3.710545745100461978e-01 -6.290930446243824248e-01 6.830522995645416096e-01
6.414770400917241266e-01 -6.247414546909649813e-01 4.452025626900398825e-01
8.979147784977236091e-01 -3.658426597499472299e-01 2.447615142593122517e-01
9.703170363449482583e-01 5.291682068143352402e-02 2.359759713779665258e-01
8.312771571815041893e-01 3.634300693104454694e-01 4.205910991321691883e-01
6.023492532431521385e-01 4.562244875773009412e-01 6.550073236630972184e-01
3.901615831536305867e-01 3.903417408767005381e-01 8.339108251847956454e-01
2.348979004798437964e-01 2.508563336453101811e-01 9.390921553394989685e-01
1.387151470737072179e-01 8.350606729482226709e-02 9.868053732612498408e-01
5.356187986220913716e-02 -1.106429836195183813e-01 9.924158680721395509e-01
4.301075630103949610e-02 -3.548568706470478507e-01 9.339307662761088258e-01
9.247321381932042950e-02 -6.119554259004408303e-01 7.854675432103901400e-01
2.391268314543439077e-01 -8.325460354461670098e-01 4.996853583420727829e-01
5.104032418558775985e-01 -8.576472893669625508e-01 6.268698225673896562e-02
8.139643393883125855e-01 -4.653084659985687876e-01 -3.477787884191155809e-01
9.034553744769138195e-01 2.291774842225764164e-01 -3.622789906331718712e-01
7.498334802926593934e-01 6.612042441046886987e-01 2.363682318246914868e-02
5.300190531489521462e-01 7.143659051976297691e-01 4.569038813473401128e-01
3.385625220889918463e-01 5.619236982167880035e-01 7.547298695686422976e-01
1.983870242559909736e-01 3.460247418072456838e-01 9.170111595090235657e-01
1.058281464474307293e-01 1.199744363438763339e-01 9.871203260207976893e-01
-1.031286656267820130e-02 -1.071004273381173516e-01 9.941947209914446804e-01
-5.665938407038414310e-02 -3.750302043640287297e-01 9.252794496861164175e-01
-8.332757275441962652e-02 -6.610974306853559801e-01 7.456585698294473374e-01
-6.355711858463054809e-02 -9.207598022633611823e-01 3.849180162231269353e-01
4.092613895346018660e-02 -9.774990626301361951e-01 -2.069314710419820069e-01
2.150724054631440452e-01 -5.124885318282250690e-01 -8.313238629756936060e-01
2.985023631696891999e-01 4.373007565871496194e-01 -8.483303527933047095e-01
2.881534778819336284e-01 9.232793615731773595e-01 -2.540133730289595437e-01
2.447070353873062598e-01 9.103162989685457118e-01 3.338303501243602422e-01
1.790994582098695831e-01 6.822433440607954536e-01 7.088493518045221320e-01
1.091229833818579270e-01 4.117284568228230524e-01 9.047496075379943825e-01
4.541291739620442747e-02 1.495025219004320616e-01 9.877179065294496851e-01
-7.575825053414599053e-02 -8.570561318714767229e-02 9.934360751171795734e-01
-1.551662555287456613e-01 -3.343843830965709807e-01 9.295754501310341533e-01
-2.647018831832535501e-01 -5.895905878701165337e-01 7.630962270475598608e-01
-4.038447942155758974e-01 -8.064702566714477827e-01 4.318739483799979850e-01
-5.558083839695597828e-01 -8.251899389482758584e-01 -1.006906399212214726e-01
-6.638057117839768484e-01 -3.796382587493747351e-01 -6.443886789016944894e-01
-5.798280361297739605e-01 4.756373330312180236e-01 -6.614896642766319168e-01
-3.224765482020032770e-01 9.356280655138624613e-01 -1.435583466139674635e-01
-1.174732977031421599e-01 9.149943227153032321e-01 3.859862869656200401e-01
-2.117220135698083885e-02 6.849640805842152069e-01 7.282691440663279225e-01
-1.001399303165370885e-03 4.163647946763858188e-01 9.091970935685802502e-01
-2.385350128246589360e-02 1.598471583545775232e-01 9.868535334296251182e-01
-1.212698907737203569e-01 -5.451001942653010968e-02 9.911217237927246737e-01
-2.134862056005103481e-01 -2.505276506432962402e-01 9.442772560437088236e-01
-3.625177296824704243e-01 -4.320396065504882310e-01 8.257860946017522297e-01
-5.734340779949409495e-01 -5.537801315672228331e-01 6.037391192191405853e-01
-8.186105528378072593e-01 -5.024512074448834742e-01 2.782436826233576910e-01
-9.884717796289734792e-01 -1.505010625736922791e-01 -1.652183529104447879e-02
-9.160780011772187148e-01 3.997224022466842053e-01 -3.198588597101233860e-02
-6.294834782509175497e-01 7.374716668625833638e-01 2.447163484201284600e-01
-3.440515315565998988e-01 7.468921643978475577e-01 5.690172566756456218e-01
-1.663469180513749701e-01 5.782152620444562796e-01 7.987464013024746512e-01
-8.823247079080689947e-02 3.622302536582091559e-01 9.279031600511133959e-01
-7.885935246613776095e-02 1.487334081671218000e-01 9.857279420933717784e-01
-1.349042478185639993e-01 -2.592962028443573236e-02 9.905193075919789258e-01
-2.170692728983354691e-01 -1.617139617618018332e-01 9.626679205908728054e-01
-3.531925406763068986e-01 -2.697693668649859267e-01 8.958122112987002561e-01
-5.395272410824423215e-01 -3.152017357112019691e-01 7.807420969402319999e-01
-7.396237895819145480e-01 -2.399033990604780842e-01 6.288107895095996769e-01
-8.637885703581810182e-01 -8.878560247146199957e-03 5.037762170711157506e-01
-8.160502025369265056e-01 2.988535655392820511e-01 4.947207427466846497e-01
-6.135678540072495579e-01 5.024283868341183901e-01 6.091799443778769252e-01
-3.828224520032277867e-01 5.254973712257046126e-01 7.598022657751961617e-01
-2.151857868318542422e-01 4.259786307348480405e-01 8.787703245460786183e-01
-1.268474822645958844e-01 2.788108538756917665e-01 9.519318378981882489e-01
-1.039542710883089999e-01 1.233597459557350118e-01 9.869021646547746496e-01
-1.165506205220259994e-01 -8.408756341400295056e-03 9.931491558032415901e-01
-1.764279416958511038e-01 -9.634031117792928034e-02 9.795875284174946351e-01
-2.731936609104806957e-01 -1.554581645145170221e-01 9.493144804142058524e-01
-3.982543537510925269e-01 -1.645295344506766955e-01 9.023987488975007132e-01
-5.226084645052719857e-01 -1.009578137436720341e-01 8.465742215964003892e-01
-5.934872489277330798e-01 3.628811796282672281e-02 8.040249112153652344e-01
-5.647255346263208020e-01 2.003586551383202408e-01 8.005882086642180928e-01
-4.457984783423997177e-01 3.136524518963005326e-01 8.383828815803701096e-01
-2.999920737712508667e-01 3.366274596497642047e-01 8.925730833294236444e-01
-1.833953519296780688e-01 2.862298957670320054e-01 9.404459536091530625e-01
-1.158373837363348285e-01 1.967867150220090344e-01 9.735793184532887112e-01
-9.539306023241558852e-02 9.341283289579711824e-02 9.910470254785440636e-01
-7.357616893552509918e-02 -4.080137386804836598e-03 9.972812541322759738e-01
-1.095599504063966417e-01 -6.353234890580139460e-02 9.919477092616747482e-01
-1.632009486968902523e-01 -9.905989175323218210e-02 9.816071455476828023e-01
-2.273948672245198754e-01 -9.845886681519316896e-02 9.688123791041650668e-01
-2.861504951124280161e-01 -5.472136823895089319e-02 9.566208580231773118e-01
-3.154139075212522014e-01 2.558117040820761731e-02 9.486093351125706175e-01
-2.969736772499134148e-01 1.166699955538762767e-01 9.477313686684052385e-01
-2.367327277758237147e-01 1.836838356762896252e-01 9.540533864051619073e-01
-1.628897201297418440e-01 2.059706291337254913e-01 9.649057150884250422e-01
-1.023872559775071550e-01 1.850403293445544717e-01 9.773826918508241590e-01
-6.731433943660823649e-02 1.336608499773771774e-01 9.887383662473582246e-01
-5.857183311030089712e-02 6.608854596653368496e-02 9.960931906493885046e-01
-1.706082399547994427e-02 -1.132996112654037664e-02 9.997902581369422226e-01
-3.243919564846985820e-02 -6.181950909579563697e-02 9.975600467544859518e-01
-4.720173088096697028e-02 -9.352286373796218910e-02 9.944975970609734039e-01
-5.827376292019208898e-02 -9.708740389210573918e-02 9.935684196675086399e-01
-6.217731718265287477e-02 -6.887766126020027080e-02 9.956856175556885180e-01
-5.617282588344857386e-02 -1.439393072034036124e-02 9.983172984530674920e-01
-4.065885505375560482e-02 5.033812748264187426e-02 9.979042691697719292e-01
-2.069675279648216376e-02 1.042509536570601497e-01 9.943356491071345671e-01
-3.845210629899082928e-03 1.317017365653574967e-01 9.912819311078548967e-01
4.730667079992466675e-03 1.277165012033968927e-01 9.917994334084415664e-01
4.091410741172777851e-03 9.603761083716422231e-02 9.953692971269013645e-01
-3.987472265632967597e-03 4.567178341451910706e-02 9.989485413497255495e-01
4.866445426736949048e-02 -1.217834229598473844e-02 9.987409368148058020e-01
7.511472408827918334e-02 -7.073023936896331854e-02 9.946632653636807708e-01
1.148878072599927580e-01 -1.086197999060122960e-01 9.874221644319249869e-01
1.625163705247034129e-01 -1.139958752022585953e-01 9.800986530693169829e-01
2.063323001608124430e-01 -8.036266105083778033e-02 9.751763043773995498e-01
2.290682458051319093e-01 -1.317591527941459374e-02 9.733211874917047091e-01
2.177931247095217238e-01 6.670383839234685086e-02 9.737128697788555165e-01
1.758249065820254864e-01 1.313584477073815870e-01 9.756180402397847118e-01
1.215265614533207333e-01 1.612822831434886639e-01 9.793974269954806022e-01
7.466516827790495303e-02 1.526771354246147794e-01 9.854515741346862034e-01
4.612334869130040732e-02 1.128652953874707127e-01 9.925391991264382874e-01
3.814214695475447170e-02 5.355736606179497400e-02 9.978360512459729659e-01
9.929000499974656446e-02 -1.572435207136867186e-02 9.949342891161665481e-01
1.478194987831881468e-01 -1.007112012984384547e-01 9.838732894598150036e-01
2.316640465250414671e-01 -1.615937170640895926e-01 9.592805846847297646e-01
3.428170967894850762e-01 -1.776037055190548553e-01 9.224604934276060542e-01
4.552602522217004677e-01 -1.288870400036070951e-01 8.809802686020319351e-01
5.238864743633270260e-01 -1.689881869424281549e-02 8.516204506151191511e-01
5.113619204706973953e-01 1.196935649314040534e-01 8.509890932359821525e-01
4.213157786870203037e-01 2.239730431635361396e-01 8.788225592037689493e-01
2.971858198485337610e-01 2.610846144905352717e-01 9.184309514369015659e-01
1.869728052128467599e-01 2.342697087645189136e-01 9.540224702103209387e-01
1.156810792037692853e-01 1.660665698189453809e-01 9.793057654802337364e-01
8.764046125747891602e-02 7.762133416022830301e-02 9.931233951698740237e-01
1.277853561037468888e-01 -3.248345871780779909e-02 9.912697552508907828e-01
1.969914009145844469e-01 -1.657387813381311636e-01 9.662944915119213718e-01
3.234048416387536040e-01 -2.741032526963349536e-01 9.056912913713448532e-01
5.016191032765907609e-01 -3.198754162213496288e-01 8.037773281980705731e-01
6.920471788900852683e-01 -2.511437871196787741e-01 6.767551258627145794e-01
8.127169588352121110e-01 -5.371024457385123463e-02 5.801778644945614349e-01
7.935538607546775980e-01 1.973373498218468913e-01 5.756129258856873543e-01
6.423466666971388017e-01 3.802481182810533156e-01 6.654337895890490850e-01
4.386922908432584478e-01 4.288477190438053643e-01 7.897079889589582180e-01
2.647076729046904386e-01 3.659084806353883890e-01 8.922112035300175936e-01
1.559831286281057328e-01 2.465540938123159109e-01 9.564937754151021654e-01
1.131048542463653772e-01 1.082113733719454463e-01 9.876728155714806778e-01
1.249036428492407008e-01 -6.090446899281972554e-02 9.902977964530168542e-01
2.049728351012951866e-01 -2.589312234127932322e-01 9.438965824774160351e-01
3.545179256499636500e-01 -4.387572529764870999e-01 8.257173325983340195e-01
5.767914998102382507e-01 -5.404873698459442544e-01 6.125234434564078567e-01
8.268361072767684838e-01 -4.557449826650976643e-01 3.296036445171420248e-01
9.857967081897278661e-01 -1.303621393247946514e-01 1.058799449986820712e-01
9.486031499798647237e-01 3.017782157159364376e-01 9.529938282911727676e-02
7.390835437033185240e-01 6.006623344416877064e-01 3.048938756518038140e-01
4.785410173743153694e-01 6.556243516771191882e-01 5.840849289087397533e-01
2.710658199127074508e-01 5.337796863086895494e-01 8.010009786256242492e-01
1.495788265338217904e-01 3.428630687043033864e-01 9.274001783326037973e-01
1.054781309167272391e-01 1.399953105256520891e-01 9.845179921815132573e-01
8.759428314315248487e-02 -9.360149016102140007e-02 9.917489614818377763e-01
1.578197791130646899e-01 -3.552230007446350868e-01 9.213628693748870946e-01
2.840308572524134489e-01 -6.125531776441887066e-01 7.376347854368675572e-01
4.761697763841676867e-01 -7.879575306956037029e-01 3.903655644114888967e-01
7.000601618852424490e-01 -7.077802653462411664e-01 -9.467241270614705495e-02
8.335375869187919839e-01 -2.473619995365446134e-01 -4.939910245934717170e-01
7.629419862003707919e-01 3.992844959110246617e-01 -5.084205119954684493e-01
5.516205020145825699e-01 8.240882120445637282e-01 -1.288155290575772882e-01
3.296418599527080051e-01 8.768332471438680109e-01 3.499995726712676891e-01
1.702865224155282742e-01 6.897772596549662794e-01 7.037114695288265720e-01
8.582981070451009553e-02 4.274581864928605479e-01 8.999515222469872677e-01
6.281773204359902829e-02 1.636423159224314472e-01 9.845177118673122951e-01
2.380995402943757167e-02 -1.182240080250323427e-01 9.927014505960967128e-01
6.156210471035651610e-02 -4.148257854260067878e-01 9.078158816683857824e-01
1.113398733858643186e-01 -7.192435747415369951e-01 6.857784720939139600e-01
1.764002200055410363e-01 -9.500605729163564828e-01 2.574254652746525429e-01
2.407368130525407990e-01 -9.010052129469603432e-01 -3.608814113857087280e-01
2.425622489234951218e-01 -3.834267596220137797e-01 -8.911495247167714462e-01
1.402780743184560142e-01 4.040905629549579881e-01 -9.038987104738341882e-01
4.367875550914315785e-02 9.162520952173118793e-01 -3.982138424603424709e-01
-6.539512558743041347e-03 9.773981704155749739e-01 2.113055873464181611e-01
-2.504018413479085561e-02 7.603767165421587704e-01 6.489994130344454160e-01
-2.277930428643754751e-02 4.627659363395903447e-01 8.861877856639580608e-01
-4.928295973283574466e-03 1.682418905545051135e-01 9.857334214489442692e-01
-4.658615628684319859e-02 -1.245358678514467549e-01 9.911208542155320877e-01
-4.963250394479191280e-02 -4.091274755273052177e-01 9.111264035910714432e-01
-9.374315860725332406e-02 -7.023988228899344932e-01 7.055835271724694158e-01
-1.901015433028054868e-01 -9.307524807500071606e-01 3.123479194930300906e-01
-3.391743391401404462e-01 -9.061962605886501043e-01 -2.525254540913117740e-01
-5.083479325704359786e-01 -4.494662501944559074e-01 -7.345491606335883272e-01
-6.011071466833767252e-01 2.835964212482231517e-01 -7.471567894768468276e-01
-5.279373591190361648e-01 7.978526703039687806e-01 -2.910554265690395992e-01
-3.729822187301181646e-01 8.882700468593147658e-01 2.680682531814183589e-01
-2.330768602681727031e-01 7.016936326732932105e-01 6.732764833805826576e-01
-1.362800846996743420e-01 4.272960839782535269e-01 8.937817379713651755e-01
-7.610618966406831887e-02 1.491639972362334698e-01 9.858792775098838002e-01
-1.002226610829288211e-01 -1.117407236765861483e-01 9.886705360623064820e-01
-1.319809361409761683e-01 -3.442094897703167344e-01 9.295702553585869499e-01
-2.360642992393681694e-01 -5.753238871932400134e-01 7.831194490302438860e-01
-4.269011211452053423e-01 -7.447270137185147965e-01 5.129689150454095348e-01
-6.841750709454034185e-01 -7.158464868437032225e-01 1.395287768539480999e-01
-9.116759924832225082e-01 -3.759076508209638900e-01 -1.659527727518176066e-01
-9.720190844046309175e-01 1.551788415598318316e-01 -1.763474601046111645e-01
-8.231156825755426842e-01 5.571774830638002163e-01 1.096987942729904103e-01
-5.770576719102870067e-01 6.611073008667702755e-01 4.795222414342100725e-01
-3.582245487445071541e-01 5.425666592152872392e-01 7.598003639014396793e-01
-2.101211326278127900e-01 3.366320203914187070e-01 9.178932358778993938e-01
-1.270770248449013262e-01 1.137105484074395906e-01 9.853534091570463893e-01
-1.220186069131111439e-01 -8.748937461237317470e-02 9.886642852338668463e-01
-1.610685229502513971e-01 -2.533021098265944016e-01 9.538841502363040181e-01
-2.718205181187027808e-01 -4.067780122562200118e-01 8.721497891271881020e-01
-4.602699895841414479e-01 -5.046638102347266175e-01 7.303875514598864305e-01
-6.948626539700377691e-01 -4.693633193603656828e-01 5.448522428665488748e-01
-8.819535422432264182e-01 -2.522044627407613038e-01 3.981844526074451718e-01
-9.179938503761487789e-01 6.983052775927545142e-02 3.903984990551007117e-01
-7.856786029195265142e-01 3.273923667866419640e-01 5.249032016327126460e-01
-5.691899072801043236e-01 4.168159304565346446e-01 7.087223219062123158e-01
-3.672602978611054225e-01 3.611687686488070925e-01 8.571330084459868326e-01
-2.245146895327406467e-01 2.318943615921690571e-01 9.464767082426329692e-01
-1.441460376150554279e-01 7.639698137868480843e-02 9.866029703361303138e-01
-1.094273490992014874e-01 -6.069827375948393805e-02 9.921397960125033499e-01
-1.393406814812253591e-01 -1.688254197047229233e-01 9.757469713741978579e-01
-2.216234217324513089e-01 -2.596739495700212674e-01 9.399215386692147955e-01
-3.549952408686597449e-01 -3.067104236838544828e-01 8.831234879473291999e-01
-5.125263521139472589e-01 -2.747328843321432124e-01 8.135346216697212363e-01
-6.330984245302551106e-01 -1.495243876895981650e-01 7.594924899848476407e-01
-6.559560427016309925e-01 2.689491974808380648e-02 7.543197818796404386e-01
-5.725720321695380033e-01 1.746250813137589508e-01 8.010414152548334110e-01
-4.315045062089086780e-01 2.391034374379073513e-01 8.698467723264472484e-01
-2.923624022256328669e-01 2.206711198529308360e-01 9.304990503099273003e-01
-1.879961014151002585e-01 1.484876251158000482e-01 9.708804720665683563e-01
-1.266574930630285090e-01 4.914122845269859596e-02 9.907285294757247618e-01
-6.898790478462003828e-02 -3.718338415024113192e-02 9.969243025107630274e-01
-8.225584916425741910e-02 -1.073398936142935800e-01 9.908138687549241652e-01
-1.246383418088921891e-01 -1.596289557529079750e-01 9.792772233827558015e-01
-1.939497369150013084e-01 -1.790208886871881566e-01 9.645387607370843330e-01
-2.752206630463492343e-01 -1.524683907375390668e-01 9.492138728749375254e-01
-3.385109116392079343e-01 -7.956162184169666973e-02 9.375928279541672072e-01
-3.545884087176202626e-01 1.734646035167608513e-02 9.348615730237356258e-01
-3.180150767122255084e-01 1.014730532916243155e-01 9.426397140155547971e-01
-2.498682161551027681e-01 1.449888542951323911e-01 9.573631007541736349e-01
-1.778655502868960736e-01 1.417892086512896888e-01 9.737862528970144815e-01
-1.197055078229815467e-01 1.011002080754452581e-01 9.876483885087333769e-01
-8.240552433360967544e-02 3.681396106972723709e-02 9.959187024198911109e-01
-1.190011476050290007e-02 -2.017492440457870767e-02 9.997256422108866669e-01
-6.058420773853561217e-03 -7.393353037163082064e-02 9.972447686623714391e-01
-7.689126430343206503e-03 -1.093920368594717557e-01 9.939689429788847175e-01
-1.789390256959798309e-02 -1.164012260713613578e-01 9.930410680429386794e-01
-3.488719288696469356e-02 -9.016600387863858701e-02 9.953155155612738447e-01
-5.318507503875814085e-02 -3.520783655974564497e-02 9.979638049739046890e-01
-6.579803055551204649e-02 3.250887891122043044e-02 9.973032597795749021e-01
-6.866178603060758834e-02 9.090339188858681529e-02 9.934898753798361293e-01
-6.259116054241516125e-02 1.225989814725000626e-01 9.904806087773231349e-01
-5.094275965842678944e-02 1.212765634235164341e-01 9.913106629117642843e-01
-3.692819278805940797e-02 9.034084744622317142e-02 9.952260245090813751e-01
-2.304820757210284191e-02 3.907699790011547741e-02 9.989703540960692685e-01
4.744886887929977010e-02 8.654307753354293850e-03 9.988361766573076173e-01
9.560222323400473232e-02 -3.218017504620195035e-02 9.948993171405384750e-01
1.479687098034763171e-01 -5.103398406552266120e-02 9.876744369424135250e-01
1.947930877189477383e-01 -3.970134057768973102e-02 9.800405382091278428e-01
2.225880151157744458e-01 3.752003434840155485e-03 9.749053789968836758e-01
2.172799976477048367e-01 6.944085243396155849e-02 9.736361592686755273e-01
1.745812554234856540e-01 1.352587145727933982e-01 9.753083950150567283e-01
1.084714156892479520e-01 1.773151473760049557e-01 9.781581111913481008e-01
4.484386744195444086e-02 1.841406302087010005e-01 9.818763954078916223e-01
4.496722626638879547e-03 1.596962378075729438e-01 9.871559608874741487e-01
-5.657931468506174552e-03 1.149562599338858626e-01 9.933544413317568766e-01
1.112538649355671039e-02 6.116026329393411953e-02 9.980659537171217011e-01
9.215692398776650918e-02 2.625309138969006764e-02 9.953983506886336929e-01
1.701669691604799639e-01 -3.150544690907395445e-02 9.849114728856456225e-01
2.717165435093817916e-01 -5.729696882388989054e-02 9.606701709467760919e-01
3.821173114744644272e-01 -3.573749452869070392e-02 9.234225423695918700e-01
4.706614866151186405e-01 4.326102524988245657e-02 8.812526588394147264e-01
4.959672802709956252e-01 1.658706534948551081e-01 8.523516781292806987e-01
4.347610722571257358e-01 2.863537060885517627e-01 8.538058122659750726e-01
3.086247108208839407e-01 3.517440681686218595e-01 8.837572621364075953e-01
1.737720826235855109e-01 3.420258358287546208e-01 9.234834004605874114e-01
7.803316746959856887e-02 2.780839204285899813e-01 9.573819289989470294e-01
3.688594791626211011e-02 1.915915235159419971e-01 9.807813798004032524e-01
4.502161030689770527e-02 1.037642188536859467e-01 9.935824281311960160e-01
1.229438586079426715e-01 2.256819332661293837e-02 9.921569857036375284e-01
2.373906998236901822e-01 -7.378882914107601221e-02 9.686076937187904079e-01
3.959746135814305457e-01 -1.319461445350695872e-01 9.087322599871539008e-01
5.812947424733116986e-01 -1.198669794630362884e-01 8.048157115808017847e-01
7.396196373775675292e-01 -2.077476672378105642e-04 6.730250729701257040e-01
7.900586413812665798e-01 2.190163947675038136e-01 5.725724076497537007e-01
6.882107626877637108e-01 4.498286223604723300e-01 5.692276843460097879e-01
4.757293153007482456e-01 5.755843511265633650e-01 6.651197435812901126e-01
2.553792710179937919e-01 5.517179889706061990e-01 7.939702063556846046e-01
1.067258270093738443e-01 4.306949279653111140e-01 8.961648714796324189e-01
4.560852993738266636e-02 2.824520883391327675e-01 9.581965767992285388e-01
5.644894496215992208e-02 1.429536658620578216e-01 9.881182955644733923e-01
1.309863825142399685e-01 -5.246424114569653643e-03 9.913702853272606808e-01
2.781240464940132329e-01 -1.602977337035532412e-01 9.470753144978786287e-01
4.832803200443292480e-01 -2.827565725137691222e-01 8.285462286185768521e-01
7.292371973099076587e-01 -3.159260533395454318e-01 6.069627985971575157e-01
9.364764182352673938e-01 -1.671377591870971957e-01 3.083454029868864521e-01
9.805077775712186527e-01 1.824225646145649637e-01 7.298291609541958380e-02
8.102932389641611666e-01 5.827342985972649991e-01 6.201293516151358542e-02
5.092341345216657711e-01 8.122639332577947791e-01 2.844431383713706962e-01
2.281219257995231176e-01 7.820034572407815743e-01 5.800267061377977207e-01
6.133402111952500346e-02 5.925395756505360545e-01 8.032029563822229434e-01
8.910711980103163538e-03 3.706874585896033913e-01 9.287149224904339695e-01
3.943345083250618388e-02 1.699307831478285569e-01 9.846667110724345306e-01
1.105191192571737813e-01 -5.177091930958176158e-02 9.925247081017420925e-01
2.691690555437210586e-01 -2.719483987573810269e-01 9.239004751329863430e-01
4.755751586002145981e-01 -4.806250150117530873e-01 7.367685277394486754e-01
7.096207395320194289e-01 -5.986987422371360390e-01 3.714811193987191951e-01
8.768794238815013076e-01 -4.609460936816008325e-01 -1.364227792302559195e-01
8.432799525079373026e-01 3.874628163027843582e-03 -5.374606115380483606e-01
5.935171868754812730e-01 5.859519848559053834e-01 -5.517224123839505889e-01
2.687568505165949806e-01 9.482261244253975541e-01 -1.692246207193019714e-01
2.589765355105650563e-02 9.424945989791370105e-01 3.332165098486638000e-01
-7.802121659384643471e-02 7.071582472559728716e-01 7.027374353903708126e-01
-7.460838261902198731e-02 4.271753756783847056e-01 9.010853387205002285e-01
-4.857203594001436621e-03 1.749691533773272134e-01 9.845619345372086384e-01
6.398004111034158448e-02 -1.016557735140182772e-01 9.927601211022241134e-01
2.020926896774153103e-01 -3.660500067243253053e-01 9.083864471446722044e-01
3.465368641243622982e-01 -6.452459969523099970e-01 6.808596075696399241e-01
4.669760736208498075e-01 -8.536201188779314331e-01 2.307943658594480696e-01
4.806907362503433645e-01 -7.784129261398696764e-01 -4.037446377371005646e-01
3.099789946198405199e-01 -2.891483171969055910e-01 -9.057076093070528522e-01
1.301202523414768560e-02 3.940881849150951188e-01 -9.189805165016476929e-01
-2.303948255210621632e-01 8.679036931405179622e-01 -4.400697715206288163e-01
-3.188448769071616229e-01 9.291333480054094762e-01 1.872142251387888812e-01
-2.803459832212412128e-01 7.094836364232032233e-01 6.465594321788596943e-01
-1.831579241413546222e-01 4.210748689819569512e-01 8.883406607467844163e-01
-6.464609406548456338e-02 1.517354895505884926e-01 9.863048330678287900e-01
5.493298222762116670e-03 -1.366050102787018661e-01 9.906103647960183833e-01
1.004760673263200704e-01 -4.018789942995831255e-01 9.101636302530451417e-01
1.504883634382800928e-01 -6.978000414925283890e-01 7.003059007053527019e-01
1.155050706450066467e-01 -9.502404837011786398e-01 2.893122911158576005e-01
-5.601650180642955140e-02 -9.545343147934096661e-01 -2.927906989767633528e-01
-3.499519962957155506e-01 -5.513349464790655574e-01 -7.573396708740171013e-01
-6.313983765347296329e-01 9.037610768749110290e-02 -7.701741681389808747e-01
-7.357823912229072283e-01 5.910172229660202170e-01 -3.306401592726484484e-01
-6.417774714804190817e-01 7.259849094623618271e-01 2.471185714047685889e-01
-4.570047494191203930e-01 5.815490625576337225e-01 6.730136305058874724e-01
-2.740609381213281459e-01 3.449833333975099170e-01 8.977065789410169083e-01
-1.197354757983765949e-01 1.045199733700751948e-01 9.872887070163588463e-01
-4.480362610155688013e-02 -1.463500236255589060e-01 9.882177420351351271e-01
6.556550681226486210e-03 -3.708785604245942169e-01 9.286582283383666425e-01
-1.818250572424359376e-02 -6.245631387024164205e-01 7.807626286265058058e-01
-1.569975123261574124e-01 -8.511609144938921956e-01 5.008761111904374008e-01
-4.277003760131354304e-01 -8.972397528615762008e-01 1.096960083280838771e-01
-7.512542117925236074e-01 -6.279517131362439830e-01 -2.032086495041004748e-01
-9.659801533471864543e-01 -1.472278278570150478e-01 -2.126177557116740446e-01
-9.600051066186907622e-01 2.678603549869437161e-01 8.149248733637004527e-02
-7.688503698646772522e-01 4.333253744863084234e-01 4.702108341853614704e-01
-5.224659391681050202e-01 3.802004722422387961e-01 7.632017710382719144e-01
-3.100602044208268238e-01 2.292455753322230616e-01 9.226641511541994189e-01
-1.515999964384343313e-01 4.996830614812344806e-02 9.871781042246410287e-01
-7.163474865250193946e-02 -1.320996657628188964e-01 9.886445979677659368e-01
-4.842261198834168362e-02 -2.961056518373650359e-01 9.539269854649341518e-01
-1.016401572485356314e-01 -4.770333274932209711e-01 8.729882490018014973e-01
-2.552728719519598011e-01 -6.349884060456868484e-01 7.291265219651520413e-01
-5.031890821935950386e-01 -6.780383287662939962e-01 5.357842590866036536e-01
-7.597975412520370231e-01 -5.262595661670851355e-01 3.817834010600467676e-01
-8.976276044888011896e-01 -2.326700839727449399e-01 3.743385041427926829e-01
-8.553902874500044495e-01 4.509679481548389823e-02 5.160171850176720199e-01
-6.794426050955407748e-01 1.900320267693734189e-01 7.086928637872490500e-01
-4.677485963447033379e-01 1.974589903530893364e-01 8.615226043153790814e-01
-2.860067462457790977e-01 1.225895742888710171e-01 9.503535854499477464e-01
-1.530968771503048997e-01 7.876609576376160035e-03 9.881797939790205598e-01
-7.010324892831931720e-02 -1.014251581015441078e-01 9.923701284267908429e-01
-5.726923213609141916e-02 -2.083625376019772879e-01 9.763735391614084547e-01
-1.020298499319040042e-01 -3.198928367954680940e-01 9.419439912700768858e-01
-2.147191593319501268e-01 -4.104915953012136520e-01 8.862236358859254537e-01
-3.817847869034360908e-01 -4.348676025712017723e-01 8.155553596924211002e-01
-5.445693346229016907e-01 -3.572041237739702613e-01 7.588474509064760953e-01
-6.273112055519548536e-01 -2.010513250427437837e-01 7.523689361526790798e-01
-5.982412174889840673e-01 -4.060716748876860155e-02 8.002865134724232998e-01
-4.868763828792948556e-01 6.095146449132735761e-02 8.713416705120566874e-01
-3.485884626379180951e-01 8.785477114756394534e-02 9.331493036499098892e-01
-2.234373527159810857e-01 5.718854058774278798e-02 9.730391668564909446e-01
-1.282153963476201086e-01 -1.022443826413776610e-02 9.916936386816246340e-01
-4.390159581531748179e-02 -6.270448743423370774e-02 9.970660946699558824e-01
-2.841314091924114840e-02 -1.285112528424796063e-01 9.913009388253453125e-01
-4.763854514895558140e-02 -1.897570144017435845e-01 9.806746884167926170e-01
-1.061652734218257454e-01 -2.319536625040481137e-01 9.669159390403042620e-01
-1.949803831781604102e-01 -2.369429922781488562e-01 9.517566225595495144e-01
-2.843008427105843117e-01 -1.932994993703746334e-01 9.390465027767304074e-01
-3.366228962542904823e-01 -1.124250429138609064e-01 9.349040782043511744e-01
-3.337981759534793813e-01 -2.642067591130993140e-02 9.422742305796599771e-01
-2.860293827921951415e-01 3.380504427054363548e-02 9.576243580660361854e-01
-2.168808865319540313e-01 5.480295211256902554e-02 9.746585645737360082e-01
-1.462064255105663679e-01 3.920857114790507469e-02 9.884767923871550233e-01
-8.583295741905581921e-02 -3.425952497606275966e-03 9.963036516395195052e-01
-1.349181781295669515e-03 -2.353214572186081502e-02 9.997221703184459018e-01
2.611303513650636149e-02 -6.730745577725724682e-02 9.973905031594922921e-01
3.929436146209517450e-02 -9.837552673569525952e-02 9.943732744281232883e-01
3.273128782985139373e-02 -1.083177435516664011e-01 9.935773393294190514e-01
5.744176880293118057e-03 -9.205244504952835027e-02 9.957375918344992805e-01
-3.460655235083560932e-02 -5.130110581923092578e-02 9.980834549656129040e-01
-7.476868116931681407e-02 2.449884500762610027e-03 9.971978952956319642e-01
-1.015708752345850091e-01 5.135074654162968821e-02 9.935021178305363243e-01
-1.085318528028464541e-01 8.030314024545948115e-02 9.908442070244567468e-01
-9.641056747130739846e-02 8.303531492859547725e-02 9.918720375908091080e-01
-7.007276233940946952e-02 6.154215722487303697e-02 9.956416879893383864e-01
-3.594121101071692803e-02 2.287564350276922662e-02 9.990920549605772916e-01
