-2.121052929108619561e-02 3.899676459522393585e-03 9.997674259400131103e-01
-3.747394998650799974e-02 2.493442950149398624e-02 9.989864750324818354e-01
-4.860821155509559982e-02 3.679219123347546999e-02 9.981400585256705593e-01
-5.183768352221981152e-02 3.567139248424315567e-02 9.980182394752549202e-01
-4.618744175465509805e-02 2.055693845459293997e-02 9.987212486502564657e-01
-3.276725163830936094e-02 -5.211629082364166443e-03 9.994494215028517647e-01
-1.493943997798989273e-02 -3.392266379921248659e-02 9.993127968828925400e-01
2.225483829184391176e-03 -5.636740338418148866e-02 9.984076136816404379e-01
1.375413996825344473e-02 -6.605921598539954420e-02 9.977209046707991025e-01
1.649906520593538359e-02 -6.137139271065465695e-02 9.979786235206105083e-01
9.942139077923907789e-03 -4.482358731450949291e-02 9.989454439011064002e-01
-3.899676459527793345e-03 -2.121052929108491886e-02 9.997674259400174401e-01
-4.482358731450938188e-02 -9.942139077925245261e-03 9.989454439011149489e-01
-6.567413635521518467e-02 1.104176967189840659e-02 9.977800294335990028e-01
-8.269894660190438285e-02 2.039452841622781121e-02 9.963658702713752424e-01
-9.202090017374960074e-02 1.462886200390448553e-02 9.956496122269606897e-01
-9.097918407498570281e-02 -6.497631118533624128e-03 9.958315966341334535e-01
-7.873034764185461720e-02 -3.815922735592228165e-02 9.961653505958731891e-01
-5.766121045615753976e-02 -7.054736683244285100e-02 9.958404761013300854e-01
-3.408844492413351523e-02 -9.283696496503263118e-02 9.950976212707676183e-01
-1.551213385447748096e-02 -9.870941897337755233e-02 9.949953890894250863e-01
-7.285230166032245422e-03 -8.816960540712930061e-02 9.960788352855388661e-01
-1.104176967189875180e-02 -6.567413635521218707e-02 9.977800294335930076e-01
-2.493442950149672363e-02 -3.747394998650641768e-02 9.989864750325009313e-01
-6.137139271065053525e-02 -1.649906520593855813e-02 9.979786235206045131e-01
-8.816960540712677485e-02 7.285230166031535053e-03 9.960788352855400873e-01
-1.114822347876002345e-01 1.724961736174411564e-02 9.936167078041809875e-01
-1.263138206860565660e-01 9.348792984422005584e-03 9.919462781690506770e-01
-1.284197940077298761e-01 -1.709879702123122749e-02 9.915724822963919438e-01
-1.150659435484507609e-01 -5.662484234504782526e-02 9.917426359014143156e-01
-8.794086303852165221e-02 -9.663229722892704987e-02 9.914275584934584273e-01
-5.586217758805663708e-02 -1.225734333967427730e-01 9.908860532576130309e-01
-2.978171954793340168e-02 -1.270117779838490779e-01 9.914540117595849189e-01
-1.724961736174416421e-02 -1.114822347876058134e-01 9.936167078041818757e-01
-2.039452841622868204e-02 -8.269894660190095503e-02 9.963658702713567017e-01
-3.679219123347316628e-02 -4.860821155509476715e-02 9.981400585256933189e-01
-6.605921598539472861e-02 -1.375413996825427046e-02 9.977209046707993245e-01
-9.870941897337492943e-02 1.551213385447661880e-02 9.949953890894308595e-01
-1.270117779838455807e-01 2.978171954793339821e-02 9.914540117595750379e-01
-1.451719596960349967e-01 2.355295297564232934e-02 9.891260589652459689e-01
-1.479982144743335892e-01 -5.933038046331381293e-03 9.889698314771505627e-01
-1.313782281303093880e-01 -5.427429196709018799e-02 9.898454740032874843e-01
-9.640495185686792645e-02 -1.058440916216656369e-01 9.896984962736078417e-01
-5.557793682375014588e-02 -1.394188908926299875e-01 9.886725776517988340e-01
-2.355295297563830131e-02 -1.451719596960367176e-01 9.891260589652596247e-01
-9.348792984421540678e-03 -1.263138206860592028e-01 9.919462781690461251e-01
-1.462886200390614393e-02 -9.202090017375001707e-02 9.956496122269598015e-01
-3.567139248423983194e-02 -5.183768352221846537e-02 9.980182394752488140e-01
-5.636740338417593754e-02 -2.225483829185009605e-03 9.984076136816195657e-01
-9.283696496503021645e-02 3.408844492413723448e-02 9.950976212707665081e-01
-1.225734333967426343e-01 5.586217758806115430e-02 9.908860532576067026e-01
-1.394188908926316528e-01 5.557793682375586353e-02 9.886725776518079378e-01
-1.384286654845682529e-01 2.692854220899800269e-02 9.900062414887472739e-01
-1.158642183842335666e-01 -2.903822343414470819e-02 9.928405030406540765e-01
-7.305765403939094849e-02 -9.455539514137369095e-02 9.928352614789344166e-01
-2.692854220899506754e-02 -1.384286654845689746e-01 9.900062414887372819e-01
5.933038046335597539e-03 -1.479982144743310912e-01 9.889698314771505627e-01
1.709879702123207057e-02 -1.284197940077315692e-01 9.915724822964001595e-01
6.497631118534076024e-03 -9.097918407498738202e-02 9.958315966341315661e-01
-2.055693845459219751e-02 -4.618744175465859525e-02 9.987212486502607955e-01
-3.392266379921353436e-02 1.493943997799035417e-02 9.993127968828747765e-01
-7.054736683244322570e-02 5.766121045616283414e-02 9.958404761013339712e-01
-9.663229722892630047e-02 8.794086303852498288e-02 9.914275584934686414e-01
-1.058440916216621674e-01 9.640495185686800972e-02 9.896984962736135039e-01
-9.455539514136586388e-02 7.305765403939247504e-02 9.928352614789289765e-01
-6.240342759977286075e-02 1.433055865484641339e-02 9.979481185474911031e-01
-1.433055865484385467e-02 -6.240342759977815512e-02 9.979481185474720073e-01
2.903822343414473595e-02 -1.158642183842326784e-01 9.928405030406451948e-01
5.427429196709038922e-02 -1.313782281303066957e-01 9.898454740032835986e-01
5.662484234505033714e-02 -1.150659435484522458e-01 9.917426359014206438e-01
3.815922735592246207e-02 -7.873034764185637968e-02 9.961653505958709687e-01
5.211629082364957477e-03 -3.276725163831174098e-02 9.994494215028530970e-01
-5.211629082367247312e-03 3.276725163831138016e-02 9.994494215028549844e-01
-3.815922735592110204e-02 7.873034764185528334e-02 9.961653505958838473e-01
-5.662484234504453623e-02 1.150659435484488735e-01 9.917426359014136494e-01
-5.427429196708630915e-02 1.313782281303061961e-01 9.898454740032924803e-01
-2.903822343413892115e-02 1.158642183842307494e-01 9.928405030406378673e-01
1.433055865485256646e-02 6.240342759977764164e-02 9.979481185474802230e-01
6.240342759977859921e-02 -1.433055865484616706e-02 9.979481185474777805e-01
9.455539514137280277e-02 -7.305765403939153135e-02 9.928352614789361930e-01
1.058440916216655120e-01 -9.640495185687068813e-02 9.896984962736191660e-01
9.663229722893058871e-02 -8.794086303852487185e-02 9.914275584934577612e-01
7.054736683244432205e-02 -5.766121045615935081e-02 9.958404761013341933e-01
3.392266379921278496e-02 -1.493943997798928558e-02 9.993127968828886543e-01
2.055693845459573288e-02 4.618744175465715890e-02 9.987212486502766717e-01
-6.497631118528274241e-03 9.097918407498342686e-02 9.958315966341384495e-01
-1.709879702122597128e-02 1.284197940077280997e-01 9.915724822964043783e-01
-5.933038046329002120e-03 1.479982144743280381e-01 9.889698314771498966e-01
2.692854220899740594e-02 1.384286654845657272e-01 9.900062414887322859e-01
7.305765403939247504e-02 9.455539514137192847e-02 9.928352614789225372e-01
1.158642183842336776e-01 2.903822343414527718e-02 9.928405030406479703e-01
1.384286654845673370e-01 -2.692854220899601123e-02 9.900062414887368378e-01
1.394188908926328463e-01 -5.557793682375684885e-02 9.886725776518133779e-01
1.225734333967426065e-01 -5.586217758806118899e-02 9.908860532575980429e-01
9.283696496503292261e-02 -3.408844492413316135e-02 9.950976212707658419e-01
5.636740338418136376e-02 2.225483829187929145e-03 9.984076136816336655e-01
3.567139248424627818e-02 5.183768352221729270e-02 9.980182394752546982e-01
1.462886200391021879e-02 9.202090017374493780e-02 9.956496122269570259e-01
9.348792984427192407e-03 1.263138206860544843e-01 9.919462781690417952e-01
2.355295297564514653e-02 1.451719596960359127e-01 9.891260589652537405e-01
5.557793682375371247e-02 1.394188908926322912e-01 9.886725776518050512e-01
9.640495185686966118e-02 1.058440916216665945e-01 9.896984962736232738e-01
1.313782281303070565e-01 5.427429196709013942e-02 9.898454740032852639e-01
1.479982144743331451e-01 5.933038046332044825e-03 9.889698314771668830e-01
1.451719596960367731e-01 -2.355295297564596185e-02 9.891260589652576263e-01
1.270117779838459415e-01 -2.978171954793657622e-02 9.914540117595750379e-01
9.870941897337781601e-02 -1.551213385447721728e-02 9.949953890894297492e-01
6.605921598539676864e-02 1.375413996825471455e-02 9.977209046707904427e-01
3.679219123347422793e-02 4.860821155508990299e-02 9.981400585256765545e-01
2.039452841622655527e-02 8.269894660189772151e-02 9.963658702713571458e-01
1.724961736174426136e-02 1.114822347876006092e-01 9.936167078041768796e-01
2.978171954793386311e-02 1.270117779838466909e-01 9.914540117595692648e-01
5.586217758806102246e-02 1.225734333967446743e-01 9.908860532576136970e-01
8.794086303852470532e-02 9.663229722892746620e-02 9.914275584934577612e-01
1.150659435484508997e-01 5.662484234504723546e-02 9.917426359014186454e-01
1.284197940077304034e-01 1.709879702122842418e-02 9.915724822963953855e-01
1.263138206860592583e-01 -9.348792984426888830e-03 9.919462781690550068e-01
1.114822347876002345e-01 -1.724961736174860857e-02 9.936167078041768796e-01
8.816960540712462380e-02 -7.285230166030399676e-03 9.960788352855248773e-01
6.137139271065208956e-02 1.649906520593729872e-02 9.979786235206211664e-01
2.493442950149441645e-02 3.747394998650700748e-02 9.989864750324972675e-01
1.104176967189704310e-02 6.567413635521171522e-02 9.977800294336129916e-01
7.285230166029291188e-03 8.816960540712549810e-02 9.960788352855339811e-01
1.551213385447534204e-02 9.870941897337655313e-02 9.949953890894354114e-01
3.408844492413340421e-02 9.283696496503077156e-02 9.950976212707590696e-01
5.766121045615907326e-02 7.054736683244353102e-02 9.958404761013348594e-01
7.873034764185574130e-02 3.815922735592042897e-02 9.961653505958772969e-01
9.097918407498473137e-02 6.497631118528151943e-03 9.958315966341380054e-01
9.202090017374602027e-02 -1.462886200390917622e-02 9.956496122269461457e-01
8.269894660189915092e-02 -2.039452841622850163e-02 9.963658702713700244e-01
6.567413635520923110e-02 -1.104176967189962610e-02 9.977800294336023335e-01
4.482358731450940964e-02 9.942139077922769810e-03 9.989454439011116182e-01
3.899676459524783600e-03 2.121052929108416946e-02 9.997674259400163299e-01
-9.942139077921395909e-03 4.482358731450914596e-02 9.989454439011097309e-01
-1.649906520593697953e-02 6.137139271065270019e-02 9.979786235206133949e-01
-1.375413996825471108e-02 6.605921598539761519e-02 9.977209046707925522e-01
-2.225483829185549971e-03 5.636740338418027435e-02 9.984076136816406599e-01
1.493943997798959956e-02 3.392266379921065472e-02 9.993127968828879881e-01
3.276725163830909032e-02 5.211629082362760450e-03 9.994494215028495443e-01
4.618744175465386986e-02 -2.055693845459557675e-02 9.987212486502617947e-01
5.183768352221438530e-02 -3.567139248424507775e-02 9.980182394752566966e-01
4.860821155509188751e-02 -3.679219123347500509e-02 9.981400585256805513e-01
3.747394998650663278e-02 -2.493442950149709139e-02 9.989864750325013754e-01
2.121052929108261514e-02 -3.899676459526404699e-03 9.997674259400088914e-01
-2.402192959776280889e-02 -8.538229761857477756e-03 9.996749699432064817e-01
-5.323405507802636549e-02 3.004511609029642764e-03 9.985775424522270738e-01
-7.197608616971079565e-02 7.878279885207501235e-03 9.973752431887207281e-01
-7.511285434214871881e-02 3.821290307518491764e-03 9.971677175144462169e-01
-6.079747199675880620e-02 -9.594187816531101962e-03 9.981040120944044691e-01
-3.181455535135335744e-02 -2.926173190373983560e-02 9.990653557769791915e-01
3.847531135285279461e-03 -4.863323876095598797e-02 9.988092934047906324e-01
3.515969827128203468e-02 -6.091263636617240407e-02 9.975236570369683253e-01
5.294560270516886907e-02 -6.266686099792768971e-02 9.966291324694770415e-01
5.307063373057187977e-02 -5.473884579201885453e-02 9.970893473489701453e-01
3.661989821540821699e-02 -4.055119236399375160e-02 9.985061761714502104e-01
8.538229761853836572e-03 -2.402192959776188949e-02 9.996749699432224689e-01
-4.055119236399273852e-02 -3.661989821540970191e-02 9.985061761714691952e-01
-7.552832543132038945e-02 -2.858748977442052835e-02 9.967337796452570009e-01
-1.000861803775006803e-01 -3.144964785836388416e-02 9.944816117691835933e-01
-1.079059092118127561e-01 -4.640708939157953128e-02 9.930773871211561188e-01
-9.528620757863651147e-02 -7.164296567149644468e-02 9.928684827886722353e-01
-6.321841969317648635e-02 -1.003258913616660170e-01 9.929441811773859206e-01
-2.001694745749022300e-02 -1.219348699672303110e-01 9.923362380264885152e-01
1.982021231777489692e-02 -1.285544184901369069e-01 9.915043724917889101e-01
4.370544613668717743e-02 -1.194057140880943196e-01 9.918831127814980997e-01
4.614352002638696243e-02 -9.948508522447187252e-02 9.939685575396509654e-01
2.858748977441843281e-02 -7.552832543132166621e-02 9.967337796452494514e-01
-3.004511609029196072e-03 -5.323405507802417280e-02 9.985775424522248533e-01
-5.473884579201344219e-02 -5.307063373057301081e-02 9.970893473489566006e-01
-9.948508522446776470e-02 -4.614352002638721917e-02 9.939685575396464134e-01
-1.331416754626675303e-01 -5.347117216241514120e-02 9.896535393775649503e-01
-1.475549879465554437e-01 -7.630828387364287091e-02 9.861057607297313288e-01
-1.360198228193288672e-01 -1.122733547229041728e-01 9.843237788550358580e-01
-9.633994925972047541e-02 -1.517801474580797172e-01 9.837079856411844458e-01
-3.766488927899059452e-02 -1.788892340673392534e-01 9.831480041430130656e-01
1.734445989493116694e-02 -1.824540576028299277e-01 9.830613849476645960e-01
4.989420087312680663e-02 -1.639880891201378754e-01 9.851997134317251881e-01
5.347117216241770166e-02 -1.331416754626729981e-01 9.896535393775826028e-01
3.144964785836235066e-02 -1.000861803775035253e-01 9.944816117691773760e-01
-7.878279885207643482e-03 -7.197608616971044870e-02 9.973752431887150660e-01
-6.266686099792537212e-02 -5.294560270517048584e-02 9.966291324694774856e-01
-1.194057140880914331e-01 -4.370544613668644884e-02 9.918831127814948800e-01
-1.639880891201378754e-01 -4.989420087312226859e-02 9.851997134317171945e-01
-1.863064985749257607e-01 -7.420615668098896889e-02 9.796853244279052353e-01
-1.758997544006760116e-01 -1.166845371314585988e-01 9.774681555918880438e-01
-1.252113707978972645e-01 -1.681753171688952497e-01 9.777725580716860598e-01
-4.293444222373016955e-02 -2.059028751105493049e-01 9.776301139450245259e-01
3.261955658227951027e-02 -2.108097805842218675e-01 9.769827024765576073e-01
7.420615668099399265e-02 -1.863064985749218194e-01 9.796853244278981299e-01
7.630828387364640975e-02 -1.475549879465548053e-01 9.861057607297311067e-01
4.640708939157865698e-02 -1.079059092118132279e-01 9.930773871211541204e-01
-3.821290307519640151e-03 -7.511285434214806656e-02 9.971677175144463279e-01
-6.091263636616908034e-02 -3.515969827128202080e-02 9.975236570369711009e-01
-1.285544184901332987e-01 -1.982021231777138584e-02 9.915043724917793622e-01
-1.824540576028310657e-01 -1.734445989492465132e-02 9.830613849476673716e-01
-2.108097805842225891e-01 -3.261955658227422977e-02 9.769827024765619372e-01
-1.997928433799990577e-01 -7.153076682484789395e-02 9.772237047532176257e-01
-1.356403733337991357e-01 -1.321681138146365841e-01 9.819028866504823094e-01
-2.356619484649955659e-02 -1.869025875479893850e-01 9.820957474850992019e-01
7.153076682485146054e-02 -1.997928433799980308e-01 9.772237047532098542e-01
1.166845371314597368e-01 -1.758997544006706548e-01 9.774681555918822706e-01
1.122733547229066708e-01 -1.360198228193270908e-01 9.843237788550429634e-01
7.164296567149897044e-02 -9.528620757863690005e-02 9.928684827886761211e-01
9.594187816532163612e-03 -6.079747199676115155e-02 9.981040120944109084e-01
-4.863323876095387854e-02 -3.847531135285152393e-03 9.988092934047886340e-01
-1.219348699672274244e-01 2.001694745749332469e-02 9.923362380264764138e-01
-1.788892340673369774e-01 3.766488927899598604e-02 9.831480041430118444e-01
-2.059028751105465571e-01 4.293444222373395819e-02 9.776301139450306321e-01
-1.869025875479856103e-01 2.356619484650319257e-02 9.820957474851063074e-01
-1.060173944102028309e-01 -3.280585094848394861e-02 9.938229662399593600e-01
3.280585094849192140e-02 -1.060173944102073967e-01 9.938229662399730158e-01
1.321681138146376666e-01 -1.356403733337988027e-01 9.819028866504713182e-01
1.681753171688962489e-01 -1.252113707978950163e-01 9.777725580716890574e-01
1.517801474580819932e-01 -9.633994925972148848e-02 9.837079856411901080e-01
1.003258913616656284e-01 -6.321841969317611165e-02 9.929441811773723758e-01
2.926173190374088684e-02 -3.181455535135373214e-02 9.990653557769826332e-01
-2.926173190373868027e-02 3.181455535135448848e-02 9.990653557769867410e-01
-1.003258913616627140e-01 6.321841969317683330e-02 9.929441811773785931e-01
-1.517801474580760535e-01 9.633994925972254320e-02 9.837079856411857781e-01
-1.681753171688905868e-01 1.252113707978970147e-01 9.777725580716856157e-01
-1.321681138146295897e-01 1.356403733338013562e-01 9.819028866504685427e-01
-3.280585094848332411e-02 1.060173944102120042e-01 9.938229662399650222e-01
1.060173944102119209e-01 3.280585094848968708e-02 9.938229662399650222e-01
1.869025875479915499e-01 -2.356619484649955312e-02 9.820957474851058633e-01
2.059028751105503319e-01 -4.293444222373083569e-02 9.776301139450267463e-01
1.788892340673434167e-01 -3.766488927899155209e-02 9.831480041430182837e-01
1.219348699672319070e-01 -2.001694745749080934e-02 9.923362380264910687e-01
4.863323876095560633e-02 3.847531135285912635e-03 9.988092934047906324e-01
-9.594187816528258750e-03 6.079747199676046460e-02 9.981040120944074667e-01
-7.164296567149250339e-02 9.528620757863633106e-02 9.928684827886667952e-01
-1.122733547228976364e-01 1.360198228193305880e-01 9.843237788550414091e-01
-1.166845371314551572e-01 1.758997544006746239e-01 9.774681555918962594e-01
-7.153076682484610371e-02 1.997928433799952830e-01 9.772237047531988630e-01
2.356619484650351176e-02 1.869025875479917720e-01 9.820957474851010893e-01
1.356403733337996353e-01 1.321681138146373058e-01 9.819028866504719844e-01
1.997928433800018055e-01 7.153076682485007276e-02 9.772237047532176257e-01
2.108097805842237549e-01 3.261955658227487509e-02 9.769827024765621593e-01
1.824540576028301775e-01 1.734445989492637910e-02 9.830613849476524946e-01
1.285544184901357967e-01 1.982021231777486570e-02 9.915043724917731449e-01
6.091263636617095384e-02 3.515969827128415798e-02 9.975236570369676592e-01
3.821290307521704906e-03 7.511285434214746981e-02 9.971677175144459948e-01
-4.640708939157400792e-02 1.079059092118100915e-01 9.930773871211618919e-01
-7.630828387363602916e-02 1.475549879465507253e-01 9.861057607297091243e-01
-7.420615668098530515e-02 1.863064985749253444e-01 9.796853244278969086e-01
-3.261955658227492366e-02 2.108097805842233108e-01 9.769827024765619372e-01
4.293444222373177244e-02 2.059028751105491384e-01 9.776301139450198630e-01
1.252113707978968482e-01 1.681753171688954995e-01 9.777725580716989384e-01
1.758997544006706548e-01 1.166845371314542690e-01 9.774681555918733888e-01
1.863064985749255387e-01 7.420615668098917705e-02 9.796853244279006834e-01
1.639880891201389301e-01 4.989420087312227553e-02 9.851997134317241889e-01
1.194057140880920159e-01 4.370544613668689987e-02 9.918831127814942139e-01
6.266686099792641296e-02 5.294560270517121442e-02 9.966291324694798170e-01
7.878279885210020053e-03 7.197608616970734008e-02 9.973752431887255021e-01
-3.144964785835924204e-02 1.000861803774959063e-01 9.944816117691743784e-01
-5.347117216241536325e-02 1.331416754626668641e-01 9.896535393775598433e-01
-4.989420087312246288e-02 1.639880891201381807e-01 9.851997134317170834e-01
-1.734445989492630277e-02 1.824540576028309546e-01 9.830613849476563804e-01
3.766488927899424438e-02 1.788892340673420012e-01 9.831480041430193939e-01
9.633994925972219625e-02 1.517801474580788013e-01 9.837079856411906631e-01
1.360198228193287562e-01 1.122733547229007728e-01 9.843237788550502909e-01
1.475549879465540837e-01 7.630828387363694509e-02 9.861057607297201155e-01
1.331416754626695564e-01 5.347117216241265708e-02 9.896535393775606204e-01
9.948508522446802838e-02 4.614352002638714284e-02 9.939685575396459694e-01
5.473884579201681450e-02 5.307063373057278877e-02 9.970893473489631509e-01
3.004511609030990210e-03 5.323405507802283360e-02 9.985775424522248533e-01
-2.858748977442021610e-02 7.552832543131819676e-02 9.967337796452451215e-01
-4.614352002639064698e-02 9.948508522446859736e-02 9.939685575396514094e-01
-4.370544613668826683e-02 1.194057140880910861e-01 9.918831127814907722e-01
-1.982021231777564632e-02 1.285544184901347420e-01 9.915043724917825818e-01
2.001694745749083362e-02 1.219348699672282571e-01 9.923362380264759697e-01
6.321841969317806842e-02 1.003258913616642267e-01 9.929441811773893622e-01
9.528620757863703883e-02 7.164296567149153194e-02 9.928684827886725683e-01
1.079059092118130059e-01 4.640708939157290464e-02 9.930773871211591164e-01
1.000861803774985570e-01 3.144964785835951959e-02 9.944816117691702706e-01
7.552832543131951515e-02 2.858748977441754463e-02 9.967337796452587773e-01
4.055119236399255117e-02 3.661989821540628798e-02 9.985061761714502104e-01
-8.538229761856124672e-03 2.402192959775946435e-02 9.996749699432048164e-01
-3.661989821541104112e-02 4.055119236399416793e-02 9.985061761714584261e-01
-5.307063373057551575e-02 5.473884579201605816e-02 9.970893473489726988e-01
-5.294560270517242873e-02 6.266686099792577458e-02 9.966291324694770415e-01
-3.515969827128292285e-02 6.091263636617134242e-02 9.975236570369816480e-01
-3.847531135285593446e-03 4.863323876095238668e-02 9.988092934048016236e-01
3.181455535135503665e-02 2.926173190373647023e-02 9.990653557769804127e-01
6.079747199676022174e-02 9.594187816526222184e-03 9.981040120944139060e-01
7.511285434214577672e-02 -3.821290307524199872e-03 9.971677175144355587e-01
7.197608616970653517e-02 -7.878279885209628006e-03 9.973752431887145109e-01
5.323405507802449199e-02 -3.004511609031487208e-03 9.985775424522268517e-01
2.402192959775769493e-02 8.538229761852597979e-03 9.996749699432110337e-01
-2.013105481516467427e-02 -2.235723732301040170e-02 9.995473448373198844e-01
-5.682351294550848364e-02 -2.767666803547647741e-02 9.980005463039479663e-01
-7.890753236345642019e-02 -3.493172877032934415e-02 9.962697303749810107e-01
-7.969447410781642371e-02 -4.343100770386023463e-02 9.958727520956247581e-01
-5.674821792255060199e-02 -5.199236417786010089e-02 9.970338177964663817e-01
-1.461065727660969434e-02 -5.785140640374925730e-02 9.982182844804410315e-01
3.418145596611267545e-02 -5.775415383365894301e-02 9.977455015097843605e-01
7.360247860229049421e-02 -5.105112178250451049e-02 9.959801494549777034e-01
9.222676958692985205e-02 -4.028175109940954762e-02 9.949229133455140817e-01
8.686557828735173847e-02 -2.956977451150955699e-02 9.957811003148013818e-01
6.108752853565525831e-02 -2.237219122736364835e-02 9.978816557674095034e-01
2.235723732300820554e-02 -2.013105481516671083e-02 9.995473448373108916e-01
-2.237219122736014768e-02 -6.108752853565483504e-02 9.978816557673911847e-01
-6.439778797168706215e-02 -7.553541825722866199e-02 9.950614681983472876e-01
-8.893708506441137807e-02 -9.830477144794623479e-02 9.911742363534326028e-01
-8.815033200129489266e-02 -1.266274206407148883e-01 9.880258171272329193e-01
-5.818358555507029822e-02 -1.544839707629797332e-01 9.862805752671348625e-01
-3.743298639160483592e-03 -1.714030331923976358e-01 9.851938834197755401e-01
5.825742600010701266e-02 -1.678828451256149656e-01 9.840840526237428776e-01
1.050425674710358387e-01 -1.452834011882275789e-01 9.837981461449726295e-01
1.228192875684384344e-01 -1.136575715700032796e-01 9.858992742800707365e-01
1.106208227946183370e-01 -8.424087605611016438e-02 9.902860740036316667e-01
7.553541825722977221e-02 -6.439778797168908830e-02 9.950614681983510623e-01
2.767666803547513474e-02 -5.682351294550991305e-02 9.980005463039423041e-01
-2.956977451150755165e-02 -8.686557828735159970e-02 9.957811003148031581e-01
-8.424087605611017826e-02 -1.106208227946189337e-01 9.902860740036381060e-01
-1.184410391668163365e-01 -1.481363660020335038e-01 9.818489381309086772e-01
-1.214047134766615826e-01 -1.958083479774550550e-01 9.730981381176090350e-01
-8.422380839879591019e-02 -2.439065494474098872e-01 9.661345378545787010e-01
-7.837890119153050408e-03 -2.728456473112705893e-01 9.620258937376719999e-01
8.392955576659139050e-02 -2.628902272179964306e-01 9.611683297435924533e-01
1.499141907923214889e-01 -2.199096836279919309e-01 9.639322934966593204e-01
1.699811752307604784e-01 -1.653388479126984834e-01 9.714779799038583130e-01
1.481363660020331430e-01 -1.184410391668175438e-01 9.818489381309126740e-01
9.830477144794627642e-02 -8.893708506441387607e-02 9.911742363534397082e-01
3.493172877032763718e-02 -7.890753236345612875e-02 9.962697303749767919e-01
-4.028175109940633492e-02 -9.222676958692765936e-02 9.949229133454978724e-01
-1.136575715700033073e-01 -1.228192875684371160e-01 9.858992742800806175e-01
-1.653388479126988442e-01 -1.699811752307552326e-01 9.714779799038493202e-01
-1.808510636244994030e-01 -2.315761939353389587e-01 9.558584409776972324e-01
-1.418924013239991344e-01 -2.983399066438552349e-01 9.438537209495175828e-01
-3.567868844849252097e-02 -3.428623318472966419e-01 9.387078632837939640e-01
1.100404340693472288e-01 -3.250403209977597019e-01 9.392762599978224936e-01
2.086992971750590564e-01 -2.579307804259951542e-01 9.433537596614919307e-01
2.315761939353416787e-01 -1.808510636244915482e-01 9.558584409776882396e-01
1.958083479774616331e-01 -1.214047134766600700e-01 9.730981381176292411e-01
1.266274206407151381e-01 -8.815033200129607227e-02 9.880258171272399137e-01
4.343100770385761866e-02 -7.969447410781713148e-02 9.958727520956212054e-01
-5.105112178250281046e-02 -7.360247860228777417e-02 9.959801494549714862e-01
-1.452834011882279397e-01 -1.050425674710311619e-01 9.837981461449757381e-01
-2.199096836279944844e-01 -1.499141907923141892e-01 9.639322934966552126e-01
-2.579307804259987624e-01 -2.086992971750548653e-01 9.433537596615011456e-01
-2.298781279753658591e-01 -2.794447600127479836e-01 9.322374549329963678e-01
-9.398160220639499574e-02 -3.398804379808666454e-01 9.357610519382709713e-01
1.409681026351709554e-01 -3.172393063253521328e-01 9.378097976464461194e-01
2.794447600127492048e-01 -2.298781279753627227e-01 9.322374549329937032e-01
2.983399066438536251e-01 -1.418924013239950266e-01 9.438537209495111435e-01
2.439065494474084994e-01 -8.422380839878995662e-02 9.661345378545657114e-01
1.544839707629817038e-01 -5.818358555506689123e-02 9.862805752671444104e-01
5.199236417786191194e-02 -5.674821792255214242e-02 9.970338177964814808e-01
-5.775415383365646582e-02 -3.418145596610736026e-02 9.977455015097852487e-01
-1.678828451256150212e-01 -5.825742600010105909e-02 9.840840526237532027e-01
-2.628902272179984845e-01 -8.392955576658715777e-02 9.611683297436055540e-01
-3.250403209977569818e-01 -1.100404340693430516e-01 9.392762599978218274e-01
-3.172393063253517442e-01 -1.409681026351610467e-01 9.378097976464320196e-01
-1.658068588266884968e-01 -1.843278988421368225e-01 9.687782570198696375e-01
1.843278988421533648e-01 -1.658068588266808641e-01 9.687782570198759657e-01
3.398804379808782472e-01 -9.398160220639208140e-02 9.357610519382898451e-01
3.428623318472982517e-01 -3.567868844849172300e-02 9.387078632838025127e-01
2.728456473112672587e-01 -7.837890119152113658e-03 9.620258937376674480e-01
1.714030331923949990e-01 -3.743298639160436321e-03 9.851938834197705441e-01
5.785140640374882709e-02 -1.461065727660818339e-02 9.982182844804230459e-01
-5.785140640374591969e-02 1.461065727661206744e-02 9.982182844804305955e-01
-1.714030331923925565e-01 3.743298639165300052e-03 9.851938834197737638e-01
-2.728456473112645386e-01 7.837890119157182520e-03 9.620258937376705566e-01
-3.428623318472913128e-01 3.567868844849800963e-02 9.387078632837875247e-01
-3.398804379808717524e-01 9.398160220640335016e-02 9.357610519382839609e-01
-1.843278988421436504e-01 1.658068588266952970e-01 9.687782570198697485e-01
1.658068588266909393e-01 1.843278988421508113e-01 9.687782570198602006e-01
3.172393063253545753e-01 1.409681026351718158e-01 9.378097976464373486e-01
3.250403209977579810e-01 1.100404340693478256e-01 9.392762599978169424e-01
2.628902272179936550e-01 8.392955576659374972e-02 9.611683297435915652e-01
1.678828451256161314e-01 5.825742600010777594e-02 9.840840526237633057e-01
5.775415383365604255e-02 3.418145596611090603e-02 9.977455015097813629e-01
-5.199236417785717962e-02 5.674821792255206609e-02 9.970338177964713777e-01
-1.544839707629751813e-01 5.818358555507194968e-02 9.862805752671308657e-01
-2.439065494474041418e-01 8.422380839879926862e-02 9.661345378545707074e-01
-2.983399066438549574e-01 1.418924013240026039e-01 9.438537209495303504e-01
-2.794447600127437092e-01 2.298781279753654705e-01 9.322374549329989213e-01
-1.409681026351655153e-01 3.172393063253550749e-01 9.378097976464421226e-01
9.398160220639578677e-02 3.398804379808721410e-01 9.357610519382753012e-01
2.298781279753653040e-01 2.794447600127504261e-01 9.322374549330004756e-01
2.579307804259913239e-01 2.086992971750550041e-01 9.433537596614886001e-01
2.199096836279918199e-01 1.499141907923195183e-01 9.639322934966592094e-01
1.452834011882289389e-01 1.050425674710349366e-01 9.837981461449755161e-01
5.105112178250233168e-02 7.360247860228961991e-02 9.959801494549758161e-01
-4.343100770385512760e-02 7.969447410781628494e-02 9.958727520956169865e-01
-1.266274206407098646e-01 8.815033200129852864e-02 9.880258171272423562e-01
-1.958083479774527791e-01 1.214047134766638725e-01 9.730981381176273537e-01
-2.315761939353349619e-01 1.808510636244967384e-01 9.558584409777005630e-01
-2.086992971750503967e-01 2.579307804259960424e-01 9.433537596614932630e-01
-1.100404340693445782e-01 3.250403209977631991e-01 9.392762599978351501e-01
3.567868844849302057e-02 3.428623318472920900e-01 9.387078632837945191e-01
1.418924013239979964e-01 2.983399066438534586e-01 9.438537209495172497e-01
1.808510636244965997e-01 2.315761939353410404e-01 9.558584409777109991e-01
1.653388479126984834e-01 1.699811752307534840e-01 9.714779799038544272e-01
1.136575715700013645e-01 1.228192875684361446e-01 9.858992742800659626e-01
4.028175109940799331e-02 9.222676958692969940e-02 9.949229133455121943e-01
-3.493172877032494489e-02 7.890753236345250665e-02 9.962697303749736832e-01
-9.830477144793892119e-02 8.893708506440954620e-02 9.911742363534222777e-01
-1.481363660020260653e-01 1.184410391668168083e-01 9.818489381308981301e-01
-1.699811752307531232e-01 1.653388479126996491e-01 9.714779799038535391e-01
-1.499141907923139116e-01 2.199096836279932632e-01 9.639322934966526590e-01
-8.392955576658797656e-02 2.628902272179975963e-01 9.611683297435988926e-01
7.837890119155876273e-03 2.728456473112669256e-01 9.620258937376786612e-01
8.422380839879557712e-02 2.439065494474050022e-01 9.661345378545764806e-01
1.214047134766667729e-01 1.958083479774559155e-01 9.730981381176349032e-01
1.184410391668196810e-01 1.481363660020291184e-01 9.818489381309128960e-01
8.424087605611052521e-02 1.106208227946166855e-01 9.902860740036403264e-01
2.956977451150945985e-02 8.686557828734939313e-02 9.957811003147996054e-01
-2.767666803547363941e-02 5.682351294550482684e-02 9.980005463039425262e-01
-7.553541825722885628e-02 6.439778797168409230e-02 9.950614681983374066e-01
-1.106208227946178929e-01 8.424087605610797169e-02 9.902860740036236731e-01
-1.228192875684365193e-01 1.136575715700016559e-01 9.858992742800709586e-01
-1.050425674710317447e-01 1.452834011882265242e-01 9.837981461449620824e-01
-5.825742600010345301e-02 1.678828451256154930e-01 9.840840526237630836e-01
3.743298639163888854e-03 1.714030331923897532e-01 9.851938834197653261e-01
5.818358555507098517e-02 1.544839707629750702e-01 9.862805752671381931e-01
8.815033200129877844e-02 1.266274206407088376e-01 9.880258171272322532e-01
8.893708506441325157e-02 9.830477144794193267e-02 9.911742363534309375e-01
6.439778797168864422e-02 7.553541825722701053e-02 9.950614681983473986e-01
2.237219122736340896e-02 6.108752853565297541e-02 9.978816557674051735e-01
-2.235723732301037395e-02 2.013105481516400119e-02 9.995473448373093373e-01
-6.108752853565779101e-02 2.237219122735976604e-02 9.978816557674053955e-01
-8.686557828735384790e-02 2.956977451150546998e-02 9.957811003147959417e-01
-9.222676958693046267e-02 4.028175109940564796e-02 9.949229133455058660e-01
-7.360247860228891215e-02 5.105112178250077737e-02 9.959801494549738177e-01
-3.418145596610886600e-02 5.775415383365416211e-02 9.977455015097772550e-01
1.461065727661084099e-02 5.785140640374525356e-02 9.982182844804331490e-01
5.674821792255198977e-02 5.199236417785527142e-02 9.970338177964751525e-01
7.969447410781499430e-02 4.343100770385344145e-02 9.958727520956169865e-01
7.890753236345415811e-02 3.493172877032536816e-02 9.962697303749781241e-01
5.682351294550755383e-02 2.767666803547190468e-02 9.980005463039470781e-01
2.013105481516466733e-02 2.235723732300603714e-02 9.995473448373015657e-01
-9.371026594940228341e-03 -3.362445944376147439e-02 9.993906041121601858e-01
-4.411720314049809993e-02 -5.926173096543922020e-02 9.972671255135328039e-01
-6.200839726109573513e-02 -8.064291414759036658e-02 9.948123838527977991e-01
-5.647162132283356506e-02 -9.324706483208139440e-02 9.940402108996206909e-01
-2.587475878473137827e-02 -9.347452109144208099e-02 9.952853916161774617e-01
2.277369159733946477e-02 -7.923410009465517434e-02 9.965958641060177481e-01
7.361228919668395820e-02 -5.290410227940215565e-02 9.958827174126696491e-01
1.094909344506188875e-01 -2.298681164270709870e-02 9.937219640138929000e-01
1.208364344601566692e-01 7.055600331327180732e-04 9.926721806779759127e-01
1.075659409691116369e-01 1.148687916384229582e-02 9.941315908623469255e-01
7.566541993315697989e-02 7.367837553283389067e-03 9.971060421019023456e-01
3.362445944376112050e-02 -9.371026594941666427e-03 9.993906041121601858e-01
7.367837553286173298e-03 -7.566541993315742398e-02 9.971060421019062314e-01
-2.889857209784879241e-02 -1.170765830667538504e-01 9.927023452315004715e-01
-4.016991706542587248e-02 -1.618378347570693654e-01 9.859994386429157265e-01
-1.886189695525266816e-02 -2.019619762089135684e-01 9.792117181738790865e-01
3.600804338642688007e-02 -2.254886197528577774e-01 9.735801472777778631e-01
1.111755563580499595e-01 -2.183834147477625998e-01 9.695095047659892940e-01
1.783506165108232899e-01 -1.771723096558947275e-01 9.678848228386481845e-01
2.121695083457520170e-01 -1.193278642218820323e-01 9.699200794645828072e-01
2.064816645734408318e-01 -6.734775713111221251e-02 9.761299103113236786e-01
1.702777465831247505e-01 -3.576868598946907063e-02 9.847467136889386241e-01
1.170765830667557794e-01 -2.889857209784982631e-02 9.927023452314993612e-01
5.926173096543822794e-02 -4.411720314049899505e-02 9.972671255135407975e-01
1.148687916384331237e-02 -1.075659409691112484e-01 9.941315908623338249e-01
-3.576868598946682243e-02 -1.702777465831225023e-01 9.847467136889335171e-01
-4.991775111157113060e-02 -2.438101880975885871e-01 9.685374594220803601e-01
-1.854036838620953115e-02 -3.175400492041010603e-01 9.480635906370180610e-01
6.550837439515552751e-02 -3.690968485443654745e-01 9.270793759321348526e-01
1.865764661830702775e-01 -3.643324132243170865e-01 9.123875903040045143e-01
2.928525418193352325e-01 -2.883162332112478854e-01 9.116529703877546131e-01
3.344799180163870456e-01 -1.845465176147781383e-01 9.241567871741244167e-01
3.096918231588184911e-01 -9.829070279238666386e-02 9.457430477741554098e-01
2.438101880975921953e-01 -4.991775111157484984e-02 9.685374594220826916e-01
1.618378347570651465e-01 -4.016991706542539370e-02 9.859994386428879709e-01
8.064291414758846532e-02 -6.200839726109519390e-02 9.948123838528029061e-01
7.055600331337812418e-04 -1.208364344601587925e-01 9.926721806779871260e-01
-6.734775713111093576e-02 -2.064816645734379452e-01 9.761299103113133535e-01
-9.829070279238927288e-02 -3.096918231588108861e-01 9.457430477741466390e-01
-7.189500379231963945e-02 -4.213711381756792274e-01 9.040339995499285797e-01
3.668029878582032555e-02 -5.118155706550207018e-01 8.583119347393806109e-01
2.284528455597237551e-01 -5.136377065725667990e-01 8.270342216272270619e-01
4.158854474007666058e-01 -3.693699833363750518e-01 8.310265399193531577e-01
4.741709583855431842e-01 -1.938187797209318386e-01 8.588341998612020189e-01
4.213711381756797825e-01 -7.189500379231392180e-02 9.040339995499216963e-01
3.175400492040992284e-01 -1.854036838620704009e-02 9.480635906370112886e-01
2.019619762089073234e-01 -1.886189695524997240e-02 9.792117181738718701e-01
9.324706483208045071e-02 -5.647162132283363445e-02 9.940402108996335695e-01
-2.298681164270574909e-02 -1.094909344506158622e-01 9.937219640138917898e-01
-1.193278642218834618e-01 -2.121695083457436348e-01 9.699200794645669310e-01
-1.845465176147848274e-01 -3.344799180163799956e-01 9.241567871741277473e-01
-1.938187797209391938e-01 -4.741709583855385768e-01 8.588341998612084582e-01
-9.724646769214660702e-02 -6.094254647595740426e-01 7.868568659063673865e-01
1.753355459077144129e-01 -6.446643599106448574e-01 7.440868964054172530e-01
5.397471808398589532e-01 -3.686318330770724794e-01 7.568246510372494962e-01
6.094254647595714891e-01 -9.724646769213390884e-02 7.868568659063618353e-01
5.118155706550211459e-01 3.668029878582596687e-02 8.583119347393813880e-01
3.690968485443596458e-01 6.550837439515865002e-02 9.270793759321275251e-01
2.254886197528549741e-01 3.600804338642882296e-02 9.735801472777799725e-01
9.347452109144069321e-02 -2.587475878473235319e-02 9.952853916161740200e-01
-5.290410227940244015e-02 -7.361228919667750503e-02 9.958827174126748671e-01
-1.771723096558985022e-01 -1.783506165108164898e-01 9.678848228386512931e-01
-2.883162332112508275e-01 -2.928525418193258512e-01 9.116529703877560564e-01
-3.693699833363805474e-01 -4.158854474007591673e-01 8.310265399193629277e-01
-3.686318330770903540e-01 -5.397471808398560666e-01 7.568246510372599323e-01
-1.105198795523453098e-01 -6.176061953166044338e-01 7.786834682528323004e-01
6.176061953166157581e-01 -1.105198795523105321e-01 7.786834682528359641e-01
6.446643599106404166e-01 1.753355459077266809e-01 7.440868964054205836e-01
5.136377065725515889e-01 2.284528455597231722e-01 8.270342216272158486e-01
3.643324132243127567e-01 1.865764661830720816e-01 9.123875903040099544e-01
2.183834147477582699e-01 1.111755563580484746e-01 9.695095047659842979e-01
7.923410009465256532e-02 2.277369159733975273e-02 9.965958641060173040e-01
-7.923410009465210735e-02 -2.277369159733316772e-02 9.965958641060190804e-01
-2.183834147477630439e-01 -1.111755563580421741e-01 9.695095047659986198e-01
-3.643324132243206948e-01 -1.865764661830658089e-01 9.123875903040246094e-01
-5.136377065725622471e-01 -2.284528455597147067e-01 8.270342216272287272e-01
-6.446643599106445244e-01 -1.753355459077056699e-01 7.440868964054287993e-01
-6.176061953166177565e-01 1.105198795523516658e-01 7.786834682528399609e-01
1.105198795523280597e-01 6.176061953166289697e-01 7.786834682528318563e-01
3.686318330770743668e-01 5.397471808398633941e-01 7.568246510372540481e-01
3.693699833363707219e-01 4.158854474007676605e-01 8.310265399193632607e-01
2.883162332112415016e-01 2.928525418193311247e-01 9.116529703877546131e-01
1.771723096558911192e-01 1.783506165108202646e-01 9.678848228386472963e-01
5.290410227939856130e-02 7.361228919668176551e-02 9.958827174126673176e-01
-9.347452109143766785e-02 2.587475878473559365e-02 9.952853916161666925e-01
-2.254886197528538916e-01 -3.600804338642025343e-02 9.735801472777829701e-01
-3.690968485443592018e-01 -6.550837439515037885e-02 9.270793759321389604e-01
-5.118155706550158168e-01 -3.668029878581835490e-02 8.583119347393892706e-01
-6.094254647595584995e-01 9.724646769214455311e-02 7.868568659063646109e-01
-5.397471808398459636e-01 3.686318330770829155e-01 7.568246510372514946e-01
-1.753355459077148015e-01 6.446643599106426370e-01 7.440868964054219159e-01
9.724646769213866893e-02 6.094254647595688246e-01 7.868568659063679416e-01
1.938187797209333652e-01 4.741709583855414079e-01 8.588341998612140094e-01
1.845465176147782216e-01 3.344799180163835484e-01 9.241567871741349638e-01
1.193278642218782298e-01 2.121695083457464936e-01 9.699200794645735924e-01
2.298681164270340374e-02 1.094909344506177634e-01 9.937219640139015597e-01
-9.324706483207911845e-02 5.647162132283598673e-02 9.940402108996224673e-01
-2.019619762089071846e-01 1.886189695525605781e-02 9.792117181738823062e-01
-3.175400492040934552e-01 1.854036838621136996e-02 9.480635906370171728e-01
-4.213711381756695129e-01 7.189500379231791860e-02 9.040339995499248049e-01
-4.741709583855274190e-01 1.938187797209346974e-01 8.588341998611962458e-01
-4.158854474007563917e-01 3.693699833363773832e-01 8.310265399193574876e-01
-2.284528455597190089e-01 5.136377065725608038e-01 8.270342216272320579e-01
-3.668029878582033942e-02 5.118155706550149286e-01 8.583119347393849408e-01
7.189500379231869576e-02 4.213711381756747310e-01 9.040339995499300230e-01
9.829070279238917573e-02 3.096918231588126069e-01 9.457430477741565200e-01
6.734775713110981166e-02 2.064816645734387501e-01 9.761299103113239006e-01
-7.055600331331957726e-04 1.208364344601574186e-01 9.926721806779890134e-01
-8.064291414758696652e-02 6.200839726109679678e-02 9.948123838528104557e-01
-1.618378347570622044e-01 4.016991706542715618e-02 9.859994386429017377e-01
-2.438101880975865887e-01 4.991775111157499556e-02 9.685374594220870215e-01
-3.096918231588091097e-01 9.829070279238881491e-02 9.457430477741514130e-01
-3.344799180163819941e-01 1.845465176147833286e-01 9.241567871741318552e-01
-2.928525418193289598e-01 2.883162332112489401e-01 9.116529703877656043e-01
-1.865764661830655313e-01 3.643324132243123126e-01 9.123875903040196134e-01
-6.550837439515198868e-02 3.690968485443513747e-01 9.270793759321261929e-01
1.854036838621266753e-02 3.175400492040920120e-01 9.480635906370078470e-01
4.991775111157743111e-02 2.438101880975877822e-01 9.685374594220795830e-01
3.576868598947059025e-02 1.702777465831232517e-01 9.847467136889427319e-01
-1.148687916384082651e-02 1.075659409691110679e-01 9.941315908623415964e-01
-5.926173096543457114e-02 4.411720314049842606e-02 9.972671255135345803e-01
-1.170765830667521851e-01 2.889857209784845241e-02 9.927023452315006935e-01
-1.702777465831206150e-01 3.576868598946569833e-02 9.847467136889321848e-01
-2.064816645734350309e-01 6.734775713111051942e-02 9.761299103113110220e-01
-2.121695083457465214e-01 1.193278642218821850e-01 9.699200794645843615e-01
-1.783506165108146024e-01 1.771723096558903143e-01 9.678848228386465191e-01
-1.111755563580432843e-01 2.183834147477550225e-01 9.695095047659858523e-01
-3.600804338642451391e-02 2.254886197528486180e-01 9.735801472777783072e-01
1.886189695525407328e-02 2.019619762089023551e-01 9.792117181738689835e-01
4.016991706542803742e-02 1.618378347570620379e-01 9.859994386428907465e-01
2.889857209785202941e-02 1.170765830667527957e-01 9.927023452314918117e-01
-7.367837553283877391e-03 7.566541993315598069e-02 9.971060421018991260e-01
-3.362445944375877516e-02 9.371026594938321880e-03 9.993906041121558559e-01
-7.566541993315538395e-02 -7.367837553286039724e-03 9.971060421019019016e-01
-1.075659409691113594e-01 -1.148687916384565251e-02 9.941315908623467035e-01
-1.208364344601566137e-01 -7.055600331362704616e-04 9.926721806779836843e-01
-1.094909344506142801e-01 2.298681164270265434e-02 9.937219640138988952e-01
-7.361228919667686665e-02 5.290410227939842253e-02 9.958827174126666515e-01
-2.277369159733486081e-02 7.923410009465162163e-02 9.965958641060319589e-01
2.587475878473561447e-02 9.347452109143505883e-02 9.952853916161853443e-01
5.647162132283500141e-02 9.324706483207445551e-02 9.940402108996253538e-01
6.200839726109508981e-02 8.064291414758573140e-02 9.948123838528005747e-01
4.411720314049925873e-02 5.926173096543657648e-02 9.972671255135339141e-01
9.371026594941536322e-03 3.362445944375855311e-02 9.993906041121706219e-01
6.033362770193072960e-03 -3.891313278634415951e-02 9.992243825239967014e-01
-1.669343890060455068e-02 -8.259337999890895010e-02 9.964435070178505605e-01
-2.283450615749253731e-02 -1.152485691493037312e-01 9.930741929169180082e-01
-7.962813376755629308e-03 -1.287394302253585532e-01 9.916464857540733258e-01
2.695848025623386740e-02 -1.175145493883834602e-01 9.927051783003434382e-01
7.216619925615513909e-02 -8.143379237487234634e-02 9.940626625843862474e-01
1.113604333788298095e-01 -2.990912643391940157e-02 9.933299039260005125e-01
1.314351578011613009e-01 1.976813846999943974e-02 9.911276507066011376e-01
1.287589765136273323e-01 5.203516496112790130e-02 9.903097836407784849e-01
1.075384191685390539e-01 5.925173261646241030e-02 9.924337361177618666e-01
7.509548943560491463e-02 4.186738783241258227e-02 9.962970386900278363e-01
3.891313278634558198e-02 6.033362770192196925e-03 9.992243825239898181e-01
4.186738783241410883e-02 -7.509548943560538647e-02 9.962970386900333875e-01
2.482958298395323421e-02 -1.397760526262270819e-01 9.898717830714535149e-01
3.896069928411995814e-02 -1.997312663895805251e-01 9.790758321691475086e-01
8.911773618859152035e-02 -2.415086489152242499e-01 9.662978845034171371e-01
1.694995382692752739e-01 -2.480897853304453171e-01 9.537931457822330650e-01
2.546764991975944414e-01 -2.067246346510124011e-01 9.446717981314347590e-01
3.074821350509038820e-01 -1.270278415348720658e-01 9.430369367630986321e-01
3.089563516997995696e-01 -4.242138652477709521e-02 9.501296746811346283e-01
2.679790757588215722e-01 1.712751791100896800e-02 9.632724760345111603e-01
2.054984894145617802e-01 3.896535502071071799e-02 9.778814201918598625e-01
1.397760526262258329e-01 2.482958298395129826e-02 9.898717830714561794e-01
8.259337999890555004e-02 -1.669343890060746155e-02 9.964435070178438991e-01
5.925173261646607403e-02 -1.075384191685421764e-01 9.924337361177741901e-01
3.896535502071204332e-02 -2.054984894145637508e-01 9.778814201918569760e-01
6.520735926001354488e-02 -3.057361872027168359e-01 9.498807210029251991e-01
1.496208008656804422e-01 -3.881044932289242078e-01 9.093890906998270962e-01
2.898730133902742145e-01 -4.155372108887668836e-01 8.621499071941087777e-01
4.424428524272097651e-01 -3.483756564941512535e-01 8.263647646762073418e-01
5.270721894583519918e-01 -2.002582827729837700e-01 8.258883261557810052e-01
5.084498262731379503e-01 -5.230642511006235174e-02 8.595014904320951166e-01
4.189648558999189976e-01 3.936703403691827613e-02 9.071486571405494859e-01
3.057361872027247740e-01 6.520735926001583471e-02 9.498807210029468484e-01
1.997312663895808860e-01 3.896069928411839689e-02 9.790758321691498400e-01
1.152485691493029402e-01 -2.283450615749477164e-02 9.930741929169308868e-01
5.203516496112964990e-02 -1.287589765136265829e-01 9.903097836407696031e-01
1.712751791100767043e-02 -2.679790757588177419e-01 9.632724760345006132e-01
3.936703403691065722e-02 -4.189648558999167216e-01 9.071486571405457111e-01
1.451587998012678071e-01 -5.587342185925783244e-01 8.165445461295967045e-01
3.557176425294956146e-01 -6.231597112853095588e-01 6.965177191027165371e-01
6.221523049719063225e-01 -5.088323717700179438e-01 5.949925435306094856e-01
7.696631777112878936e-01 -2.181528409886641373e-01 6.000232752518167567e-01
7.155320610823729943e-01 3.092984105069409087e-02 6.978948448697736007e-01
5.587342185925820992e-01 1.451587998012749958e-01 8.165445461296040319e-01
3.881044932289181015e-01 1.496208008656792487e-01 9.093890906998152168e-01
2.415086489152187266e-01 8.911773618859053503e-02 9.662978845034084774e-01
1.287394302253547229e-01 -7.962813376756678815e-03 9.916464857540646660e-01
1.976813846999811441e-02 -1.314351578011586363e-01 9.911276507066015817e-01
-4.242138652478082833e-02 -3.089563516997933523e-01 9.501296746811270788e-01
-5.230642511007039391e-02 -5.084498262731376172e-01 8.595014904321043314e-01
3.092984105068176046e-02 -7.155320610823647787e-01 6.978948448697707141e-01
2.764834514886008732e-01 -8.517131340258987660e-01 4.451310350680361960e-01
7.035239498726655327e-01 -6.900886189005968063e-01 1.697991461092661081e-01
9.777621169598453843e-01 -1.006317746180217521e-01 1.839958928221296919e-01
8.517131340258937700e-01 2.764834514886184147e-01 4.451310350680371952e-01
6.231597112853073384e-01 3.557176425295043853e-01 6.965177191027237535e-01
4.155372108887666061e-01 2.898730133902785999e-01 8.621499071941203240e-01
2.480897853304431244e-01 1.694995382692753572e-01 9.537931457822431680e-01
1.175145493883800740e-01 2.695848025623034244e-02 9.927051783003489893e-01
-2.990912643392109813e-02 -1.113604333788252854e-01 9.933299039260037322e-01
-1.270278415348749801e-01 -3.074821350508952778e-01 9.430369367630915267e-01
-2.002582827729878223e-01 -5.270721894583419997e-01 8.258883261557850020e-01
-2.181528409886762943e-01 -7.696631777112759032e-01 6.000232752518233070e-01
-1.006317746180461353e-01 -9.777621169598471607e-01 1.839958928221421264e-01
3.213892267234528255e-01 -8.241797728307954651e-01 -4.663010476105484692e-01
8.241797728307747040e-01 3.213892267234997324e-01 -4.663010476105381441e-01
6.900886189005897009e-01 7.035239498726878482e-01 1.697991461092851206e-01
5.088323717700103943e-01 6.221523049719055454e-01 5.949925435306178123e-01
3.483756564941416500e-01 4.424428524272009389e-01 8.263647646762014576e-01
2.067246346510080157e-01 2.546764991975906667e-01 9.446717981314305401e-01
8.143379237487122224e-02 7.216619925615222475e-02 9.940626625843946851e-01
-8.143379237487251288e-02 -7.216619925614782549e-02 9.940626625844006803e-01
-2.067246346510145938e-01 -2.546764991975870585e-01 9.446717981314368684e-01
-3.483756564941488110e-01 -4.424428524271910579e-01 8.263647646762004584e-01
-5.088323717700259374e-01 -6.221523049718962195e-01 5.949925435306260280e-01
-6.900886189006012472e-01 -7.035239498726486573e-01 1.697991461092882570e-01
-8.241797728308115634e-01 -3.213892267234477185e-01 -4.663010476105118873e-01
-3.213892267234929045e-01 8.241797728308127846e-01 -4.663010476105078905e-01
1.006317746180232647e-01 9.777621169598521567e-01 1.839958928221561985e-01
2.181528409886620001e-01 7.696631777112813433e-01 6.000232752518311896e-01
2.002582827729785520e-01 5.270721894583447753e-01 8.258883261557885547e-01
1.270278415348703727e-01 3.074821350508976092e-01 9.430369367630991873e-01
2.990912643391571354e-02 1.113604333788259515e-01 9.933299039259895213e-01
-1.175145493883792830e-01 -2.695848025622585298e-02 9.927051783003377761e-01
-2.480897853304469824e-01 -1.694995382692676134e-01 9.537931457822500514e-01
-4.155372108887698812e-01 -2.898730133902687744e-01 8.621499071941277625e-01
-6.231597112853078935e-01 -3.557176425294901190e-01 6.965177191027324133e-01
-8.517131340258895511e-01 -2.764834514885934902e-01 4.451310350680499628e-01
-9.777621169598444961e-01 1.006317746180449418e-01 1.839958928221611389e-01
-7.035239498726630902e-01 6.900886189005939197e-01 1.697991461093003862e-01
-2.764834514886058137e-01 8.517131340258836669e-01 4.451310350680503514e-01
-3.092984105068827608e-02 7.155320610823595606e-01 6.978948448697799289e-01
5.230642511006271256e-02 5.084498262731316220e-01 8.595014904321056637e-01
4.242138652477530497e-02 3.089563516997881343e-01 9.501296746811178640e-01
-1.976813847000234020e-02 1.314351578011606070e-01 9.911276507066130170e-01
-1.287394302253545009e-01 7.962813376760807457e-03 9.916464857540635558e-01
-2.415086489152190874e-01 -8.911773618858502555e-02 9.662978845034176922e-01
-3.881044932289123839e-01 -1.496208008656718380e-01 9.093890906998141066e-01
-5.587342185925716631e-01 -1.451587998012633107e-01 8.165445461296029217e-01
-7.155320610823557859e-01 -3.092984105067962675e-02 6.978948448697757101e-01
-7.696631777112762363e-01 2.181528409886752118e-01 6.000232752518354085e-01
-6.221523049718976628e-01 5.088323717700184989e-01 5.949925435306320232e-01
-3.557176425294965028e-01 6.231597112853038967e-01 6.965177191027367432e-01
-1.451587998012666414e-01 5.587342185925660010e-01 8.165445461295977037e-01
-3.936703403691490383e-02 4.189648558999156114e-01 9.071486571405594779e-01
-1.712751791101116416e-02 2.679790757588138006e-01 9.632724760345038328e-01
-5.203516496112830375e-02 1.287589765136260556e-01 9.903097836407689369e-01
-1.152485691493013997e-01 2.283450615749706841e-02 9.930741929169143445e-01
-1.997312663895778051e-01 -3.896069928411374783e-02 9.790758321691457322e-01
-3.057361872027201666e-01 -6.520735926001158811e-02 9.498807210029476256e-01
-4.189648558999136130e-01 -3.936703403691291236e-02 9.071486571405578125e-01
-5.084498262731326212e-01 5.230642511006762529e-02 8.595014904321086613e-01
-5.270721894583395573e-01 2.002582827729838533e-01 8.258883261557932176e-01
-4.424428524271921681e-01 3.483756564941444256e-01 8.263647646762103394e-01
-2.898730133902700512e-01 4.155372108887632199e-01 8.621499071941278736e-01
-1.496208008656746691e-01 3.881044932289128280e-01 9.093890906998208790e-01
-6.520735926001108851e-02 3.057361872027200556e-01 9.498807210029465153e-01
-3.896535502071173801e-02 2.054984894145594765e-01 9.778814201918610838e-01
-5.925173261646445727e-02 1.075384191685386792e-01 9.924337361177602013e-01
-8.259337999890616067e-02 1.669343890060877300e-02 9.964435070178518927e-01
-1.397760526262264991e-01 -2.482958298395165908e-02 9.898717830714622856e-01
-2.054984894145593377e-01 -3.896535502071369478e-02 9.778814201918645255e-01
-2.679790757588119687e-01 -1.712751791100970006e-02 9.632724760345017234e-01
-3.089563516997890225e-01 4.242138652477788624e-02 9.501296746811307425e-01
-3.074821350508922801e-01 1.270278415348690959e-01 9.430369367630995203e-01
-2.546764991975813963e-01 2.067246346510069333e-01 9.446717981314300960e-01
-1.694995382692680297e-01 2.480897853304421252e-01 9.537931457822506065e-01
-8.911773618858423451e-02 2.415086489152157567e-01 9.662978845034145836e-01
-3.896069928411285271e-02 1.997312663895783047e-01 9.790758321691453991e-01
-2.482958298394916108e-02 1.397760526262277758e-01 9.898717830714655053e-01
-4.186738783241284595e-02 7.509548943560466483e-02 9.962970386900341646e-01
-3.891313278634144640e-02 -6.033362770191337369e-03 9.992243825239864874e-01
-7.509548943560341583e-02 -4.186738783241432393e-02 9.962970386900447117e-01
-1.075384191685374025e-01 -5.925173261646837775e-02 9.924337361177720807e-01
-1.287589765136239739e-01 -5.203516496113155115e-02 9.903097836407730448e-01
-1.314351578011544452e-01 -1.976813847000102528e-02 9.911276507066099084e-01
-1.113604333788215939e-01 2.990912643391549497e-02 9.933299039260110597e-01
-7.216619925614553566e-02 8.143379237486675359e-02 9.940626625843882458e-01
-2.695848025622409744e-02 1.175145493883762854e-01 9.927051783003471019e-01
7.962813376760228060e-03 1.287394302253483669e-01 9.916464857540497890e-01
2.283450615749692617e-02 1.152485691493005393e-01 9.930741929169117910e-01
1.669343890061083038e-02 8.259337999890727089e-02 9.964435070178426779e-01
-6.033362770188922634e-03 3.891313278634354889e-02 9.992243825239970345e-01
2.259009694448551805e-02 -3.632830084611800292e-02 9.990845520163402771e-01
1.956256320746711796e-02 -9.075024056124714189e-02 9.956815253678322764e-01
2.970559807454507123e-02 -1.281513452567259181e-01 9.913096439316658737e-01
5.357387056886413201e-02 -1.381753259895473762e-01 9.889577441326571350e-01
8.671643119788287335e-02 -1.149298861111484465e-01 9.895814174886159442e-01
1.180307666715199738e-01 -6.143288951016314531e-02 9.911078337927464732e-01
1.346221078526577963e-01 6.864746371008286288e-03 9.908732327268431339e-01
1.309928030205889382e-01 6.715417809942990368e-02 9.891062642206880362e-01
1.114428079052990905e-01 1.011974262735469282e-01 9.886048662037792978e-01
8.464915643402531886e-02 1.020507789946036997e-01 9.911711047148302756e-01
5.804510844471921782e-02 7.279319998394982727e-02 9.956565248225451858e-01
3.632830084611991805e-02 2.259009694448290903e-02 9.990845520163258442e-01
7.279319998395461511e-02 -5.804510844471857944e-02 9.956565248225516251e-01
8.425786486522118812e-02 -1.352213041095259305e-01 9.872263221385845222e-01
1.285182661010048355e-01 -1.976200667168518665e-01 9.718175572139069462e-01
2.048187056701756825e-01 -2.280641504568119704e-01 9.518592548712289103e-01
2.984543783366822023e-01 -2.086739103403709994e-01 9.313324772576869748e-01
3.752163764357341336e-01 -1.341898107844487764e-01 9.171727021319826534e-01
3.986432718964713628e-01 -2.805079447958653757e-02 9.166769849302083273e-01
3.607645209290220589e-01 6.704384414066326403e-02 9.302440988266055255e-01
2.850406009475037195e-01 1.195446244374416961e-01 9.510315129266799783e-01
2.029201573024430050e-01 1.222377099232992148e-01 9.715355639568998836e-01
1.352213041095236268e-01 8.425786486521932850e-02 9.872263221385866316e-01
9.075024056124525451e-02 1.956256320746262503e-02 9.956815253678346078e-01
1.020507789946036442e-01 -8.464915643402320944e-02 9.911711047148145104e-01
1.222377099232994230e-01 -2.029201573024432548e-01 9.715355639569026591e-01
1.960706573686377130e-01 -3.094962570646173639e-01 9.304667453391525234e-01
3.279951469137041276e-01 -3.751843147530334321e-01 8.669809188006130096e-01
4.978447742308519386e-01 -3.558495009946324172e-01 7.908993067470033722e-01
6.402830448293455046e-01 -2.257370238793031947e-01 7.342209603070398716e-01
6.781927729201319144e-01 -3.086968745146480980e-02 7.342354017313258430e-01
5.981769610464512388e-01 1.325845808147294025e-01 7.903199682428776462e-01
4.543740444274460000e-01 2.071544753826446150e-01 8.663897801103064289e-01
3.094962570646141442e-01 1.960706573686403220e-01 9.304667453391513021e-01
1.976200667168515057e-01 1.285182661010055571e-01 9.718175572139211571e-01
1.281513452567226985e-01 2.970559807454142137e-02 9.913096439316654296e-01
1.011974262735439445e-01 -1.114428079052968285e-01 9.886048662037786317e-01
1.195446244374397810e-01 -2.850406009475037195e-01 9.510315129266813106e-01
2.071544753826397023e-01 -4.543740444274479429e-01 8.663897801103060958e-01
3.828559029208714604e-01 -5.764793860316691498e-01 7.218676298873576425e-01
6.352992595020922062e-01 -5.612270456330791246e-01 5.304894477047182866e-01
8.651713261021724000e-01 -3.306894569570456022e-01 3.769921213341958510e-01
9.251736351144493886e-01 2.925019414862879696e-02 3.784153419608945468e-01
7.928895812951444189e-01 2.984558729391689758e-01 5.312722501521622842e-01
5.764793860316621554e-01 3.828559029208773445e-01 7.218676298873578645e-01
3.751843147530308786e-01 3.279951469137074027e-01 8.669809188006183387e-01
2.280641504568124145e-01 2.048187056701759046e-01 9.518592548712366819e-01
1.381753259895430186e-01 5.357387056886170340e-02 9.889577441326622420e-01
6.715417809942851590e-02 -1.309928030205881333e-01 9.891062642207015809e-01
6.704384414065862885e-02 -3.607645209290186172e-01 9.302440988266000854e-01
1.325845808147209370e-01 -5.981769610464446885e-01 7.903199682428725392e-01
2.984558729391557641e-01 -7.928895812951447519e-01 5.312722501521626173e-01
5.822648739947904328e-01 -7.989236627096316656e-01 1.506273470337927689e-01
8.816285334074265290e-01 -4.319329763562724245e-01 -1.901710625144773237e-01
9.636524774772896595e-01 1.890246122854968569e-01 -1.887951233539171270e-01
7.989236627096297783e-01 5.822648739948114160e-01 1.506273470337977372e-01
5.612270456330691326e-01 6.352992595020977573e-01 5.304894477047261692e-01
3.558495009946248677e-01 4.978447742308492741e-01 7.908993067470060367e-01
2.086739103403644213e-01 2.984543783366753744e-01 9.313324772576738741e-01
1.149298861111472531e-01 8.671643119788097209e-02 9.895814174886318204e-01
6.864746371007706890e-03 -1.346221078526532999e-01 9.908732327268505724e-01
-2.805079447958999314e-02 -3.986432718964683097e-01 9.166769849302147666e-01
-3.086968745147423629e-02 -6.781927729201199240e-01 7.342354017313232895e-01
2.925019414861186606e-02 -9.251736351144388415e-01 3.784153419609003755e-01
1.890246122854684074e-01 -9.636524774772816659e-01 -1.887951233539058304e-01
4.116746419608726670e-01 -4.957094136648523830e-01 -7.647196652175513032e-01
4.957094136648303451e-01 4.116746419608996455e-01 -7.647196652175408671e-01
4.319329763562565483e-01 8.816285334074375202e-01 -1.901710625144580613e-01
3.306894569570407727e-01 8.651713261021830581e-01 3.769921213342148913e-01
2.257370238792983930e-01 6.402830448293409527e-01 7.342209603070487534e-01
1.341898107844436694e-01 3.752163764357264175e-01 9.171727021319802109e-01
6.143288951016302735e-02 1.180307666715147141e-01 9.911078337927529125e-01
-6.143288951016456778e-02 -1.180307666715126047e-01 9.911078337927520243e-01
-1.341898107844487487e-01 -3.752163764357212550e-01 9.171727021319728834e-01
-2.257370238793091066e-01 -6.402830448293277410e-01 7.342209603070392054e-01
-3.306894569570547060e-01 -8.651713261021537482e-01 3.769921213342074529e-01
-4.319329763562911872e-01 -8.816285334074226432e-01 -1.901710625144546474e-01
-4.957094136648747540e-01 -4.116746419608802721e-01 -7.647196652175277665e-01
-4.116746419609096375e-01 4.957094136648607097e-01 -7.647196652175196618e-01
-1.890246122854981337e-01 9.636524774772866619e-01 -1.887951233538871787e-01
-2.925019414862823144e-02 9.251736351144399517e-01 3.784153419609113667e-01
3.086968745146296059e-02 6.781927729201187027e-01 7.342354017313302839e-01
2.805079447958563205e-02 3.986432718964641464e-01 9.166769849302124351e-01
-6.864746371009826723e-03 1.346221078526525783e-01 9.908732327268433560e-01
-1.149298861111498343e-01 -8.671643119787596221e-02 9.895814174886172765e-01
-2.086739103403712492e-01 -2.984543783366675473e-01 9.313324772576743182e-01
-3.558495009946368026e-01 -4.978447742308412249e-01 7.908993067470149185e-01
-5.612270456330846757e-01 -6.352992595020858779e-01 5.304894477047389367e-01
-7.989236627096361065e-01 -5.822648739947873242e-01 1.506273470338161113e-01
-9.636524774772771140e-01 -1.890246122854714605e-01 -1.887951233538792961e-01
-8.816285334074328572e-01 4.319329763562784197e-01 -1.901710625144383826e-01
-5.822648739948053098e-01 7.989236627096325538e-01 1.506273470338216902e-01
-2.984558729391602605e-01 7.928895812951310962e-01 5.312722501521739416e-01
-1.325845808147275706e-01 5.981769610464416909e-01 7.903199682428863060e-01
-6.704384414066141828e-02 3.607645209290110122e-01 9.302440988265975319e-01
-6.715417809943170779e-02 1.309928030205849692e-01 9.891062642206880362e-01
-1.381753259895470987e-01 -5.357387056885837967e-02 9.889577441326635743e-01
-2.280641504568150513e-01 -2.048187056701700759e-01 9.518592548712412338e-01
-3.751843147530330436e-01 -3.279951469136996867e-01 8.669809188006278866e-01
-5.764793860316653751e-01 -3.828559029208685738e-01 7.218676298873737407e-01
-7.928895812951355371e-01 -2.984558729391513232e-01 5.312722501521748297e-01
-9.251736351144410619e-01 -2.925019414861528347e-02 3.784153419609196933e-01
-8.651713261021644064e-01 3.306894569570485998e-01 3.769921213342243838e-01
-6.352992595020912070e-01 5.612270456330739066e-01 5.304894477047449319e-01
-3.828559029208677411e-01 5.764793860316551610e-01 7.218676298873665242e-01
-2.071544753826396745e-01 4.543740444274392831e-01 8.663897801103128682e-01
-1.195446244374396699e-01 2.850406009474962254e-01 9.510315129266742051e-01
-1.011974262735473723e-01 1.114428079052973558e-01 9.886048662037808521e-01
-1.281513452567241695e-01 -2.970559807454011686e-02 9.913096439316624320e-01
-1.976200667168498959e-01 -1.285182661010009775e-01 9.718175572139166052e-01
-3.094962570646098143e-01 -1.960706573686356036e-01 9.304667453391562981e-01
-4.543740444274351753e-01 -2.071544753826367602e-01 8.663897801103074281e-01
-5.981769610464372500e-01 -1.325845808147217142e-01 7.903199682428827533e-01
-6.781927729201058241e-01 3.086968745147062460e-02 7.342354017313253989e-01
-6.402830448293330701e-01 2.257370238793048045e-01 7.342209603070581903e-01
-4.978447742308373392e-01 3.558495009946221477e-01 7.908993067470119209e-01
-3.279951469136956899e-01 3.751843147530216083e-01 8.669809188006126766e-01
-1.960706573686342991e-01 3.094962570646100364e-01 9.304667453391518572e-01
-1.222377099232978409e-01 2.029201573024385641e-01 9.715355639568938884e-01
-1.020507789946049904e-01 8.464915643402391721e-02 9.911711047148190623e-01
-9.075024056124622596e-02 -1.956256320746354443e-02 9.956815253678485966e-01
-1.352213041095227386e-01 -8.425786486522168772e-02 9.872263221385854104e-01
-2.029201573024344840e-01 -1.222377099232982156e-01 9.715355639568886703e-01
-2.850406009474939495e-01 -1.195446244374377548e-01 9.510315129266757594e-01
-3.607645209290103461e-01 -6.704384414065961417e-02 9.302440988266056365e-01
-3.986432718964575961e-01 2.805079447958715166e-02 9.166769849302105477e-01
-3.752163764357157039e-01 1.341898107844458066e-01 9.171727021319788786e-01
-2.984543783366680469e-01 2.086739103403661699e-01 9.313324772576837551e-01
-2.048187056701701869e-01 2.280641504568085287e-01 9.518592548712389023e-01
-1.285182661010001448e-01 1.976200667168485359e-01 9.718175572139101659e-01
-8.425786486521877339e-02 1.352213041095258472e-01 9.872263221385859655e-01
-7.279319998395200608e-02 5.804510844472058478e-02 9.956565248225662801e-01
-3.632830084611489430e-02 -2.259009694448096267e-02 9.990845520163370574e-01
-5.804510844471566511e-02 -7.279319998395498981e-02 9.956565248225637266e-01
-8.464915643402022571e-02 -1.020507789946072386e-01 9.911711047148162868e-01
-1.114428079052913884e-01 -1.011974262735463592e-01 9.886048662037733026e-01
-1.309928030205789740e-01 -6.715417809942772487e-02 9.891062642206912559e-01
-1.346221078526477488e-01 -6.864746371010238719e-03 9.908732327268615636e-01
-1.180307666715058740e-01 6.143288951015983546e-02 9.911078337927409221e-01
-8.671643119787238174e-02 1.149298861111471282e-01 9.895814174886217174e-01
-5.357387056885701271e-02 1.381753259895428521e-01 9.889577441326636853e-01
-2.970559807454030074e-02 1.281513452567214495e-01 9.913096439316553266e-01
-1.956256320746028315e-02 9.075024056124693372e-02 9.956815253678378275e-01
-2.259009694447728506e-02 3.632830084611896743e-02 9.990845520163313953e-01
3.627853703978108080e-02 -2.520406020705252131e-02 9.990238351007140194e-01
5.666487358189618850e-02 -7.908565461041421052e-02 9.952560230095462979e-01
8.367679810500039395e-02 -1.125467237821314720e-01 9.901168761438327026e-01
1.132103183133872371e-01 -1.153349468009267353e-01 9.868542313198115368e-01
1.377678126978788831e-01 -8.296953587592206802e-02 9.869833260501181815e-01
1.471614804023908263e-01 -2.153109899538329514e-02 9.888781069787189182e-01
1.347815922909996744e-01 5.035127368995881425e-02 9.895952059389296895e-01
1.045314331994927209e-01 1.085984330046368962e-01 9.885745089886710524e-01
6.906987613856230279e-02 1.360977199801027548e-01 9.882847579652402903e-01
4.083436374633056531e-02 1.286309613165232957e-01 9.908514674401122102e-01
2.602830394091623645e-02 9.182833464408252100e-02 9.954346208317585987e-01
2.520406020705796835e-02 3.627853703977658439e-02 9.990238351006950346e-01
9.182833464408458879e-02 -2.602830394091302027e-02 9.954346208317482736e-01
1.350027764147120612e-01 -9.958354637019270483e-02 9.858282647868524817e-01
2.061303706898908739e-01 -1.491581428054324365e-01 9.670895091531549470e-01
2.974406862204273527e-01 -1.577435430950178130e-01 9.416188256362238995e-01
3.870105315665949841e-01 -1.115524536946067014e-01 9.153026267477009092e-01
4.388252313554096284e-01 -1.490433087088311598e-02 8.984488172662674632e-01
4.241735730945668248e-01 9.948688804665267726e-02 9.000995161619590457e-01
3.477133850583053465e-01 1.860695264208664657e-01 9.189524107312763146e-01
2.455157548028015779e-01 2.171334538700798455e-01 9.447619156983689814e-01
1.561811106297415763e-01 1.943850557715526561e-01 9.684120562937839072e-01
9.958354637019393996e-02 1.350027764147080367e-01 9.858282647868487070e-01
7.908565461041437705e-02 5.666487358189083862e-02 9.952560230095425231e-01
1.286309613165217414e-01 -4.083436374632758159e-02 9.908514674401152078e-01
1.943850557715506022e-01 -1.561811106297407992e-01 9.684120562937788002e-01
3.104168114798055989e-01 -2.450756201534147471e-01 9.184657552446571227e-01
4.695160295885611457e-01 -2.755875197994489545e-01 8.388123847978098402e-01
6.351541241852768360e-01 -2.083191185749656560e-01 7.437623164469968629e-01
7.368809239035954972e-01 -3.717276287256309625e-02 6.749997701387722149e-01
7.158365067402014947e-01 1.736946189944960084e-01 6.763196544167034974e-01
5.799738830173852833e-01 3.254178903230248721e-01 7.468155673762058022e-01
3.991713260245758899e-01 3.649586489907848952e-01 8.411108351499146929e-01
2.450756201534126932e-01 3.104168114798065981e-01 9.184657552446602313e-01
1.491581428054280789e-01 2.061303706898857946e-01 9.670895091531472865e-01
1.125467237821276001e-01 8.367679810499595305e-02 9.901168761438218224e-01
1.360977199801018389e-01 -6.906987613855998520e-02 9.882847579652502823e-01
2.171334538700791517e-01 -2.455157548028042702e-01 9.447619156983777522e-01
3.649586489907843956e-01 -3.991713260245831063e-01 8.411108351499210212e-01
5.794166064791776982e-01 -4.761751101655400942e-01 6.614632722948303734e-01
8.149407729683888491e-01 -3.875503235334470942e-01 4.309017095380526241e-01
9.620996693488335083e-01 -9.655414835652327554e-02 2.550323953422615753e-01
9.260683698775407091e-01 2.783765032500143399e-01 2.547624319844973284e-01
7.264951617357674474e-01 5.348397766784589447e-01 4.314524229356572760e-01
4.761751101655322116e-01 5.794166064791825832e-01 6.614632722948339261e-01
2.755875197994425707e-01 4.695160295885607016e-01 8.388123847978106173e-01
1.577435430950135387e-01 2.974406862204275193e-01 9.416188256362336695e-01
1.153349468009205181e-01 1.132103183133822827e-01 9.868542313198093163e-01
1.085984330046371737e-01 -1.045314331994895568e-01 9.885745089886744941e-01
1.860695264208638566e-01 -3.477133850583042918e-01 9.189524107312772028e-01
3.254178903230127706e-01 -5.799738830173825077e-01 7.468155673762010283e-01
5.348397766784451779e-01 -7.264951617357729985e-01 4.314524229356571650e-01
7.747638594621122365e-01 -6.322427321467214423e-01 3.176431806160328990e-03
9.196513085914773677e-01 -1.985646776502556776e-01 -3.388414664642530605e-01
8.549424887795505912e-01 3.915181058483415688e-01 -3.402747620267273509e-01
6.322427321467121164e-01 7.747638594621323316e-01 3.176431806165941688e-03
3.875503235334333274e-01 8.149407729683880719e-01 4.309017095380593410e-01
2.083191185749564134e-01 6.351541241852692865e-01 7.437623164469971959e-01
1.115524536946035372e-01 3.870105315665940404e-01 9.153026267477112343e-01
8.296953587592117985e-02 1.377678126978749695e-01 9.869833260501365002e-01
5.035127368995302721e-02 -1.347815922909920416e-01 9.895952059389174771e-01
9.948688804664543306e-02 -4.241735730945559446e-01 9.000995161619501639e-01
1.736946189944883201e-01 -7.158365067402129300e-01 6.763196544167230373e-01
2.783765032499997960e-01 -9.260683698775519224e-01 2.547624319845077645e-01
3.915181058483203080e-01 -8.549424887795699091e-01 -3.402747620267225215e-01
4.318143143362130898e-01 -3.338990404887574037e-01 -8.378829445065849590e-01
3.338990404887377528e-01 4.318143143362390690e-01 -8.378829445065865134e-01
1.985646776502349997e-01 9.196513085914773677e-01 -3.388414664642330765e-01
9.655414835650949490e-02 9.620996693488372831e-01 2.550323953422786172e-01
3.717276287255590755e-02 7.368809239035891689e-01 6.749997701387814297e-01
1.490433087088265975e-02 4.388252313554047990e-01 8.984488172662774552e-01
2.153109899538538721e-02 1.471614804023831657e-01 9.888781069787232481e-01
-2.153109899539170161e-02 -1.471614804023852474e-01 9.888781069787336842e-01
-1.490433087089050070e-02 -4.388252313554026895e-01 8.984488172662705718e-01
-3.717276287256934125e-02 -7.368809239035931657e-01 6.749997701387845384e-01
-9.655414835653398919e-02 -9.620996693488199636e-01 2.550323953422741208e-01
-1.985646776502726918e-01 -9.196513085914752583e-01 -3.388414664642309115e-01
-3.338990404887804408e-01 -4.318143143362284664e-01 -8.378829445065705261e-01
-4.318143143362577763e-01 3.338990404887661190e-01 -8.378829445065749670e-01
-3.915181058483509502e-01 8.549424887795673556e-01 -3.402747620267036477e-01
-2.783765032500192804e-01 9.260683698775440398e-01 2.547624319845200325e-01
-1.736946189944975905e-01 7.158365067401948334e-01 6.763196544167179303e-01
-9.948688804665069274e-02 4.241735730945532801e-01 9.000995161619546048e-01
-5.035127368995875874e-02 1.347815922909913477e-01 9.895952059389209188e-01
-8.296953587592660606e-02 -1.377678126978744699e-01 9.869833260501365002e-01
-1.115524536946104622e-01 -3.870105315665891554e-01 9.153026267477066824e-01
-2.083191185749664054e-01 -6.351541241852596276e-01 7.437623164469967518e-01
-3.875503235334500918e-01 -8.149407729683764146e-01 4.309017095380690554e-01
-6.322427321467302130e-01 -7.747638594621134578e-01 3.176431806184937777e-03
-8.549424887795684658e-01 -3.915181058483249710e-01 -3.402747620266947104e-01
-9.196513085914824748e-01 1.985646776502558164e-01 -3.388414664642135921e-01
-7.747638594621164554e-01 6.322427321467093408e-01 3.176431806190249934e-03
-5.348397766784558360e-01 7.264951617357678915e-01 4.314524229356789253e-01
-3.254178903230188213e-01 5.799738830173730708e-01 7.468155673762122415e-01
-1.860695264208644395e-01 3.477133850582970753e-01 9.189524107312779799e-01
-1.085984330046390473e-01 1.045314331994876139e-01 9.885745089886738279e-01
-1.153349468009260831e-01 -1.132103183133822549e-01 9.868542313198235272e-01
-1.577435430950177297e-01 -2.974406862204218016e-01 9.416188256362295617e-01
-2.755875197994472892e-01 -4.695160295885518753e-01 8.388123847978160574e-01
-4.761751101655337104e-01 -5.794166064791668180e-01 6.614632722948421417e-01
-7.264951617357771063e-01 -5.348397766784495078e-01 4.314524229356813678e-01
-9.260683698775356021e-01 -2.783765032500021275e-01 2.547624319845241403e-01
-9.620996693488307328e-01 9.655414835652392780e-02 2.550323953422930501e-01
-8.149407729683783019e-01 3.875503235334364915e-01 4.309017095380754947e-01
-5.794166064791724802e-01 4.761751101655273821e-01 6.614632722948448063e-01
-3.649586489907777342e-01 3.991713260245687289e-01 8.411108351499191338e-01
-2.171334538700762373e-01 2.455157548027971925e-01 9.447619156983705357e-01
-1.360977199801024495e-01 6.906987613856006847e-02 9.882847579652442871e-01
-1.125467237821289324e-01 -8.367679810499456527e-02 9.901168761438248200e-01
-1.491581428054303826e-01 -2.061303706898834909e-01 9.670895091531527266e-01
-2.450756201534116663e-01 -3.104168114798010469e-01 9.184657552446658935e-01
-3.991713260245717820e-01 -3.649586489907768461e-01 8.411108351499234637e-01
-5.799738830173747361e-01 -3.254178903230133812e-01 7.468155673762153501e-01
-7.158365067401963877e-01 -1.736946189944905683e-01 6.763196544167269231e-01
-7.368809239035755132e-01 3.717276287256277706e-02 6.749997701387848714e-01
-6.351541241852554087e-01 2.083191185749580232e-01 7.437623164470009707e-01
-4.695160295885524304e-01 2.755875197994404058e-01 8.388123847978176117e-01
-3.104168114797979938e-01 2.450756201534058654e-01 9.184657552446516826e-01
-1.943850557715493810e-01 1.561811106297386065e-01 9.684120562937780230e-01
-1.286309613165224908e-01 4.083436374632836569e-02 9.908514674401158739e-01
-7.908565461041430766e-02 -5.666487358189052637e-02 9.952560230095547356e-01
-9.958354637019230238e-02 -1.350027764147092857e-01 9.858282647868613635e-01
-1.561811106297373020e-01 -1.943850557715525174e-01 9.684120562937938992e-01
-2.455157548027930292e-01 -2.171334538700750716e-01 9.447619156983688704e-01
-3.477133850582945773e-01 -1.860695264208608868e-01 9.189524107312814216e-01
-4.241735730945492833e-01 -9.948688804664683472e-02 9.000995161619592677e-01
-4.388252313553938633e-01 1.490433087088681267e-02 8.984488172662724592e-01
-3.870105315665857693e-01 1.115524536946057715e-01 9.153026267477144540e-01
-2.974406862204201363e-01 1.577435430950127060e-01 9.416188256362337805e-01
-2.061303706898842680e-01 1.491581428054274405e-01 9.670895091531462873e-01
-1.350027764147097298e-01 9.958354637019432853e-02 9.858282647868623627e-01
-9.182833464408217405e-02 2.602830394091510888e-02 9.954346208317560452e-01
-2.520406020705106415e-02 -3.627853703977514110e-02 9.990238351007159068e-01
-2.602830394090987001e-02 -9.182833464408413082e-02 9.954346208317649269e-01
-4.083436374632277988e-02 -1.286309613165247667e-01 9.908514674401154299e-01
-6.906987613855376795e-02 -1.360977199801013393e-01 9.882847579652404013e-01
-1.045314331994811607e-01 -1.085984330046337737e-01 9.885745089886742720e-01
-1.347815922909859632e-01 -5.035127368995440805e-02 9.895952059389372391e-01
-1.471614804023784473e-01 2.153109899538740296e-02 9.888781069787343503e-01
-1.377678126978688078e-01 8.296953587592185986e-02 9.869833260501371663e-01
-1.132103183133768426e-01 1.153349468009229606e-01 9.868542313198090943e-01
-8.367679810499488446e-02 1.125467237821304450e-01 9.901168761438392529e-01
-5.666487358188905532e-02 7.908565461041516809e-02 9.952560230095476301e-01
-3.627853703977218514e-02 2.520406020705693792e-02 9.990238351007213469e-01
4.189442777102347221e-02 -6.576169220854058764e-03 9.991004008207073905e-01
8.287368707028407167e-02 -4.532158243388435120e-02 9.955289579701175340e-01
1.219982147911241877e-01 -6.456694286850153675e-02 9.904279607706922839e-01
1.511740311451652830e-01 -5.701166088333545906e-02 9.868617344038774775e-01
1.613113372227649722e-01 -2.116770088986338547e-02 9.866765330757817365e-01
1.451524896200433457e-01 3.470470262257403099e-02 9.888004542742508951e-01
1.039123973529584855e-01 9.253002882629950132e-02 9.902728954393231753e-01
5.112812514996094293e-02 1.324154033487301152e-01 9.898747778252776630e-01
6.273963503480575396e-03 1.434971303481220595e-01 9.896308458025053767e-01
-1.695255907965248499e-02 1.267458960917336730e-01 9.917903450652018060e-01
-1.543627610811203026e-02 8.970963204216468589e-02 9.958483334819593358e-01
6.576169220858848335e-03 4.189442777102143217e-02 9.991004008207038378e-01
8.970963204216561571e-02 1.543627610811094085e-02 9.958483334819534516e-01
1.587535617863735926e-01 -3.367209582036911897e-02 9.867438860125662403e-01
2.445332044537520122e-01 -5.315946210914840320e-02 9.681826188833664304e-01
3.336459904243887498e-01 -3.093915106826588754e-02 9.421905974933606487e-01
4.009914955816184512e-01 3.858846901714074046e-02 9.152686766901535487e-01
4.146552510827665183e-01 1.413291036260509170e-01 8.989366536178841072e-01
3.582647383416683873e-01 2.395679946820054307e-01 9.023599909044111023e-01
2.514868075368266731e-01 2.921420918885377360e-01 9.227173910694084213e-01
1.405697265321940170e-01 2.842370011560499399e-01 9.483931037056791968e-01
6.386037484098344708e-02 2.317070086407962692e-01 9.706872383378153391e-01
3.367209582037324761e-02 1.587535617863756188e-01 9.867438860125897770e-01
4.532158243388614144e-02 8.287368707027778503e-02 9.955289579701103175e-01
1.267458960917300648e-01 1.695255907965531605e-02 9.917903450651929242e-01
2.317070086407966023e-01 -6.386037484098325279e-02 9.706872383378276625e-01
3.736985313024366318e-01 -1.066845846916566892e-01 9.213944904825364102e-01
5.353380449960788434e-01 -8.542271544528998173e-02 8.403071684007796804e-01
6.698588632177888691e-01 2.588233526416552910e-02 7.420372012842835208e-01
7.097964269822196748e-01 2.142712555656649254e-01 6.710267217343884871e-01
6.182736096593531849e-01 4.048497349464314499e-01 6.736723504142099195e-01
4.313455161037706431e-01 5.040617170523219448e-01 7.482398219417633056e-01
2.377759283930134249e-01 4.791026809051083801e-01 8.449397783430331321e-01
1.066845846916542606e-01 3.736985313024348554e-01 9.213944904825380755e-01
5.315946210914918729e-02 2.445332044537452676e-01 9.681826188833528857e-01
6.456694286850039877e-02 1.219982147911203990e-01 9.904279607706932831e-01
1.434971303481197002e-01 -6.273963503478862357e-03 9.896308458025131483e-01
2.842370011560489962e-01 -1.405697265321954603e-01 9.483931037056800850e-01
4.791026809051062707e-01 -2.377759283930163114e-01 8.449397783430299125e-01
7.098905500295360493e-01 -2.482045251435416600e-01 6.591281519378712206e-01
9.036978481410006259e-01 -9.918746691419459693e-02 4.165237636347609018e-01
9.489489953632400665e-01 2.146356246905453402e-01 2.311435761876457495e-01
7.958133355225804895e-01 5.599523305956271013e-01 2.305092676335157020e-01
5.155432549580469814e-01 7.483395202029325954e-01 4.173764664780624245e-01
2.482045251435323341e-01 7.098905500295323856e-01 6.591281519378708875e-01
8.542271544528290406e-02 5.353380449960717380e-01 8.403071684007747955e-01
3.093915106826265402e-02 3.336459904243855856e-01 9.421905974933624250e-01
5.701166088333576437e-02 1.511740311451608143e-01 9.868617344038876915e-01
1.324154033487275617e-01 -5.112812514995850044e-02 9.898747778252774410e-01
2.921420918885320739e-01 -2.514868075368255629e-01 9.227173910694044245e-01
5.040617170523145063e-01 -4.313455161037737517e-01 7.482398219417634166e-01
7.483395202029218263e-01 -5.155432549580563073e-01 4.173764664780618139e-01
9.320818262059342718e-01 -3.607977882398869518e-01 -3.237939557514518674e-02
9.211030937677677777e-01 8.255810458815400488e-02 -3.804645187376407001e-01
6.885705147924775504e-01 6.162502314220917876e-01 -3.822385360355611827e-01
3.607977882398691327e-01 9.320818262059455961e-01 -3.237939557514001032e-02
9.918746691418205141e-02 9.036978481409957409e-01 4.165237636347678962e-01
-2.588233526417239860e-02 6.698588632177882030e-01 7.420372012842956222e-01
-3.858846901714353683e-02 4.009914955816077931e-01 9.152686766901488857e-01
2.116770088986323281e-02 1.613113372227568121e-01 9.866765330757735208e-01
9.253002882629161874e-02 -1.039123973529544609e-01 9.902728954393186234e-01
2.395679946819968542e-01 -3.582647383416663334e-01 9.023599909044133227e-01
4.048497349464203476e-01 -6.182736096593508535e-01 6.736723504142112517e-01
5.599523305956184416e-01 -7.958133355225939232e-01 2.305092676335249724e-01
6.162502314220865696e-01 -6.885705147925094138e-01 -3.822385360355610162e-01
4.792529586887326332e-01 -1.884962904195227884e-01 -8.571964477797179294e-01
1.884962904194956990e-01 4.792529586887486204e-01 -8.571964477797172632e-01
-8.255810458817494646e-02 9.211030937677616715e-01 -3.804645187376234916e-01
-2.146356246905560539e-01 9.489489953632176400e-01 2.311435761876559358e-01
-2.142712555656670625e-01 7.097964269822047978e-01 6.710267217343919288e-01
-1.413291036260514721e-01 4.146552510827594684e-01 8.989366536178886591e-01
-3.470470262257369098e-02 1.451524896200371839e-01 9.888004542742597769e-01
3.470470262256637739e-02 -1.451524896200411252e-01 9.888004542742594438e-01
1.413291036260453104e-01 -4.146552510827655191e-01 8.989366536178919898e-01
2.142712555656531292e-01 -7.097964269822110150e-01 6.710267217343929280e-01
2.146356246905329057e-01 -9.489489953632356256e-01 2.311435761876592943e-01
8.255810458814018260e-02 -9.211030937677819885e-01 -3.804645187376239357e-01
-1.884962904195376654e-01 -4.792529586887488979e-01 -8.571964477796930604e-01
-4.792529586887780413e-01 1.884962904195170152e-01 -8.571964477797071602e-01
-6.162502314221239841e-01 6.885705147925036407e-01 -3.822385360355465278e-01
-5.599523305956414232e-01 7.958133355225841532e-01 2.305092676335384894e-01
-4.048497349464302286e-01 6.182736096593408615e-01 6.736723504142188013e-01
-2.395679946820004902e-01 3.582647383416582287e-01 9.023599909044112133e-01
-9.253002882629794701e-02 1.039123973529509359e-01 9.902728954393247296e-01
-2.116770088986853759e-02 -1.613113372227607811e-01 9.866765330757826247e-01
3.858846901713584854e-02 -4.009914955816066828e-01 9.152686766901450000e-01
2.588233526416047064e-02 -6.698588632177886470e-01 7.420372012843020615e-01
-9.918746691419999539e-02 -9.036978481409897457e-01 4.165237636347765005e-01
-3.607977882398943903e-01 -9.320818262059394899e-01 -3.237939557512042182e-02
-6.885705147925204050e-01 -6.162502314221066646e-01 -3.822385360355403106e-01
-9.211030937677768815e-01 -8.255810458815814046e-02 -3.804645187376048399e-01
-9.320818262059424875e-01 3.607977882398762937e-01 -3.237939557511472499e-02
-7.483395202029275994e-01 5.155432549580430956e-01 4.173764664780826861e-01
-5.040617170523123969e-01 4.313455161037588748e-01 7.482398219417683016e-01
-2.921420918885311857e-01 2.514868075368193456e-01 9.227173910694064229e-01
-1.324154033487304760e-01 5.112812514995643959e-02 9.898747778252863228e-01
-5.701166088333935178e-02 -1.511740311451606200e-01 9.868617344038875805e-01
-3.093915106826864922e-02 -3.336459904243841423e-01 9.421905974933670880e-01
-8.542271544528871885e-02 -5.353380449960676302e-01 8.403071684007821229e-01
-2.482045251435399946e-01 -7.098905500295242810e-01 6.591281519378838771e-01
-5.155432549580528656e-01 -7.483395202029222704e-01 4.173764664780835187e-01
-7.958133355225824879e-01 -5.599523305956202179e-01 2.305092676335438184e-01
-9.489489953632258556e-01 -2.146356246905425924e-01 2.311435761876741712e-01
-9.036978481409924102e-01 9.918746691418725558e-02 4.165237636347861594e-01
-7.098905500295220605e-01 2.482045251435287536e-01 6.591281519378809906e-01
-4.791026809050995539e-01 2.377759283930068190e-01 8.449397783430354636e-01
-2.842370011560433896e-01 1.405697265321904921e-01 9.483931037056738678e-01
-1.434971303481213101e-01 6.273963503478570923e-03 9.896308458025173671e-01
-6.456694286850224451e-02 -1.219982147911212733e-01 9.904279607707057176e-01
-5.315946210914801462e-02 -2.445332044537465166e-01 9.681826188833638769e-01
-1.066845846916538859e-01 -3.736985313024285826e-01 9.213944904825394078e-01
-2.377759283930114265e-01 -4.791026809050988322e-01 8.449397783430400155e-01
-4.313455161037636487e-01 -5.040617170523088442e-01 7.482398219417735197e-01
-6.182736096593425268e-01 -4.048497349464219019e-01 6.736723504142262398e-01
-7.097964269822011341e-01 -2.142712555656562101e-01 6.710267217344021429e-01
-6.698588632177859825e-01 -2.588233526416713545e-02 7.420372012843119425e-01
-5.353380449960662979e-01 8.542271544528150240e-02 8.403071684007830111e-01
-3.736985313024280830e-01 1.066845846916505552e-01 9.213944904825346338e-01
-2.317070086407915230e-01 6.386037484098339156e-02 9.706872383378212232e-01
-1.267458960917305366e-01 -1.695255907965289438e-02 9.917903450652095776e-01
-4.532158243388369895e-02 -8.287368707027888137e-02 9.955289579701211977e-01
-3.367209582036947285e-02 -1.587535617863701232e-01 9.867438860125666844e-01
-6.386037484098003314e-02 -2.317070086407898022e-01 9.706872383378216673e-01
-1.405697265321897427e-01 -2.842370011560440002e-01 9.483931037056864133e-01
-2.514868075368174027e-01 -2.921420918885280216e-01 9.227173910694086434e-01
-3.582647383416544540e-01 -2.395679946819933848e-01 9.023599909044135448e-01
-4.146552510827578586e-01 -1.413291036260449773e-01 8.989366536179005385e-01
-4.009914955816005766e-01 -3.858846901713892941e-02 9.152686766901533266e-01
-3.336459904243816998e-01 3.093915106826489875e-02 9.421905974933739714e-01
-2.445332044537464888e-01 5.315946210914517661e-02 9.681826188833673186e-01
-1.587535617863680970e-01 3.367209582037022225e-02 9.867438860125650191e-01
-8.970963204216075848e-02 -1.543627610810704293e-02 9.958483334819548949e-01
-6.576169220853703146e-03 -4.189442777101727577e-02 9.991004008207103881e-01
1.543627610811259925e-02 -8.970963204216250708e-02 9.958483334819629995e-01
1.695255907965904571e-02 -1.267458960917297595e-01 9.917903450652022501e-01
-6.273963503472211427e-03 -1.434971303481183125e-01 9.896308458025175891e-01
-5.112812514995207502e-02 -1.324154033487265347e-01 9.898747778252867668e-01
-1.039123973529453848e-01 -9.253002882628992565e-02 9.902728954393158478e-01
-1.451524896200332426e-01 -3.470470262256721006e-02 9.888004542742671044e-01
-1.613113372227513165e-01 2.116770088986577592e-02 9.866765330757744090e-01
-1.511740311451546803e-01 5.701166088333850523e-02 9.868617344038831396e-01
-1.219982147911188586e-01 6.456694286850044040e-02 9.904279607707007216e-01
-8.287368707027772952e-02 4.532158243388545449e-02 9.955289579700966618e-01
-4.189442777101766435e-02 6.576169220861397512e-03 9.991004008207086118e-01
