-2.259277204841763503e-02 -1.286416252261418820e-02 9.996619828590881385e-01
-4.028058258075913750e-02 7.605073914989909749e-03 9.991594655097337796e-01
-5.361820978494832163e-02 1.800122521960194691e-02 9.983992405195769582e-01
-5.934216014948734408e-02 1.484573926159102331e-02 9.981273025293657675e-01
-5.579920601704857486e-02 -2.385748406202107142e-03 9.984391602958998524e-01
-4.338672469100122997e-02 -2.975678193402457941e-02 9.986151040563530090e-01
-2.505012758931374553e-02 -5.902043657665845960e-02 9.979424227750250953e-01
-6.031228146747036854e-03 -8.075944688100668289e-02 9.967153736280661702e-01
8.035190661883524765e-03 -8.873590554438436084e-02 9.960227782426717136e-01
1.321190735824763311e-02 -8.188164556275087658e-02 9.965544850252264775e-01
8.362000394446927887e-03 -6.333647849246620831e-02 9.979571971991282320e-01
-4.839778599182793968e-03 -3.839283688720571130e-02 9.992510028110571652e-01
-4.527638736731719182e-02 -2.537328432861557168e-02 9.986522143315680333e-01
-6.809735793750508470e-02 -4.341881400614656591e-03 9.976692327158498408e-01
-8.774284055435936647e-02 4.095236922719563445e-03 9.961347413708553367e-01
-9.977433608146241140e-02 -3.381317216340324998e-03 9.950043459972343074e-01
-1.007822380943901447e-01 -2.669714641660685464e-02 9.945502515498475526e-01
-8.914574055629263805e-02 -6.050274868224928687e-02 9.941792868203180866e-01
-6.686677255541970122e-02 -9.428037657720488018e-02 9.932975613180680119e-01
-4.068707807032375529e-02 -1.166365791893739373e-01 9.923409041620316895e-01
-1.906447652536850945e-02 -1.212381988296747926e-01 9.924403482725513426e-01
-8.292580783153900154e-03 -1.085949748855434827e-01 9.940514898804593269e-01
-1.060048050051068565e-02 -8.386150563373044597e-02 9.964210343454233954e-01
-2.435638388638498852e-02 -5.388962959671734360e-02 9.982498056027697686e-01
-5.982468287019161030e-02 -3.004371052457278576e-02 9.977566751354945973e-01
-8.893376581221185129e-02 -5.648402334496670230e-03 9.960215262982695661e-01
-1.151473624387713418e-01 4.030248753830534617e-03 9.933402448397665729e-01
-1.329037619514576718e-01 -5.038971401545014848e-03 9.911161379103585745e-01
-1.371789125915627017e-01 -3.346979377444860015e-02 9.899806658944859672e-01
-1.243336576450960879e-01 -7.548929281279970205e-02 9.893646993132583223e-01
-9.552803975543912307e-02 -1.176943974234085089e-01 9.884444458013592616e-01
-6.020608980754230816e-02 -1.445146654142733800e-01 9.876693466085770812e-01
-3.060055117252012680e-02 -1.481981670167058784e-01 9.884841473493078956e-01
-1.537432446915147632e-02 -1.307518743175287990e-01 9.912959081472790812e-01
-1.722857817102071282e-02 -9.966653518795763611e-02 9.948717293489834912e-01
-3.383157472545925831e-02 -6.355538875162292101e-02 9.974047007670445719e-01
-6.175310142684777709e-02 -2.537953879635058974e-02 9.977687274487081481e-01
-9.669291879032126946e-02 4.843739499785295298e-03 9.953024754533228435e-01
-1.278590717565222523e-01 1.938441433261716904e-02 9.916028954427907882e-01
-1.489627494686010245e-01 1.266014383864201218e-02 9.887617610065334572e-01
-1.540955325335241766e-01 -1.827417340354683950e-02 9.878869477018240586e-01
-1.381575559302529732e-01 -6.908210589781088595e-02 9.879980528240457360e-01
-1.014180784775088467e-01 -1.234242316285054514e-01 9.871579571703750222e-01
-5.710402746210325314e-02 -1.585244176586406983e-01 9.857023582469414125e-01
-2.137977308097245913e-02 -1.639897754076889147e-01 9.862303274918735596e-01
-4.464607229206691598e-03 -1.435227259933099242e-01 9.896369508085872679e-01
-8.544384146871305402e-03 -1.071209535030820809e-01 9.942092811979662548e-01
-2.990173371863583465e-02 -6.498468563106263307e-02 9.974381569571124651e-01
-4.923321022881511216e-02 -1.245790568950774432e-02 9.987096132492281342e-01
-8.753883624207271785e-02 2.473173722789600432e-02 9.958540522200338696e-01
-1.197070873372068633e-01 4.698187452745471171e-02 9.916969883523499840e-01
-1.391993695980263679e-01 4.672423860194963030e-02 9.891614534698376371e-01
-1.404931831716146606e-01 1.737976267299745636e-02 9.899290930828069657e-01
-1.189372688183221449e-01 -4.041040632759185236e-02 9.920790921829242270e-01
-7.477316785018078837e-02 -1.085826243044415024e-01 9.912712984187722620e-01
-2.557344407848076429e-02 -1.540575759878079209e-01 9.877308652860442573e-01
1.061554481358725592e-02 -1.636072335017982327e-01 9.864684401206984532e-01
2.426703564844278835e-02 -1.428793941420862246e-01 9.894425651397920074e-01
1.485304383367058896e-02 -1.038721031781029286e-01 9.944797500553889114e-01
-1.232260595303826325e-02 -5.761842968525154179e-02 9.982626257369056066e-01
-2.487054552520629944e-02 5.156676496834682565e-03 9.996773802846371515e-01
-6.257030726976561819e-02 4.814702744824365943e-02 9.968785384368862301e-01
-9.044135183047072313e-02 7.851300769187087580e-02 9.928021300854936726e-01
-1.018914280423996455e-01 8.698806724064374329e-02 9.909849711520456461e-01
-9.282203287830895211e-02 6.354159524523356195e-02 9.936531265416715941e-01
-6.208648386706487610e-02 4.286198483541822646e-03 9.980615697559069854e-01
-1.353789245402167371e-02 -7.368916035395749187e-02 9.971893667274356332e-01
3.190003306991365251e-02 -1.279207620178795524e-01 9.912712376211210152e-01
5.970918438384863192e-02 -1.434503214258583681e-01 9.878546545838700066e-01
6.426244481585806356e-02 -1.266090702799251289e-01 9.898689213775139217e-01
4.717342888486995844e-02 -8.955736600384608948e-02 9.948638830522070764e-01
1.463847194386061132e-02 -4.299051247209419863e-02 9.989682332169327328e-01
4.049704910042867777e-03 2.238212205472314351e-02 9.997412867850098417e-01
-2.921743368565157817e-02 6.767820485771680605e-02 9.972792999737292163e-01
-4.898935779513531596e-02 1.032158212925241847e-01 9.934518292588274679e-01
-4.883309358786097620e-02 1.189010795562683159e-01 9.917045236616436332e-01
-2.628081537808718560e-02 1.033138656071178052e-01 9.943015457678776592e-01
1.478260543138000017e-02 5.059298129912207648e-02 9.986099462853007536e-01
6.219049704854030108e-02 -2.486415921093891590e-02 9.977545367792632902e-01
9.569263213737798368e-02 -8.289321205466128328e-02 9.919534442452033751e-01
1.092305709647844875e-01 -1.060084751389974989e-01 9.883475530224241634e-01
1.023398852587986962e-01 -9.748978046940219577e-02 9.899607520448823195e-01
7.814593318519583165e-02 -6.727902356494931679e-02 9.946691641519371796e-01
4.270546513023274621e-02 -2.484160833807812566e-02 9.987788232352624584e-01
2.825840289288960791e-02 3.439018544394763927e-02 9.990088977637517909e-01
1.357500196056384868e-03 7.769385198887265864e-02 9.969763400183458968e-01
-1.039743851503097637e-02 1.134927049728844256e-01 9.934844232247842521e-01
-1.703821032525143931e-03 1.317884977779291700e-01 9.912763937708154449e-01
2.778507758231967689e-02 1.220104227134752584e-01 9.921398319859067172e-01
7.072907817049180201e-02 7.952931538001117850e-02 9.943201121853953994e-01
1.120727721650135594e-01 1.652877658236057840e-02 9.935625261068943281e-01
1.355887233236246492e-01 -3.750516130123376923e-02 9.900550797724405605e-01
1.388865304315191340e-01 -6.524611086012645222e-02 9.881566053426737994e-01
1.247491879814544430e-01 -6.535934962406979298e-02 9.900332295002163274e-01
9.750834857277776435e-02 -4.391982516822534599e-02 9.942651411549062734e-01
6.292895810505561016e-02 -8.398504357115041744e-03 9.979826708697924209e-01
4.074586135682523036e-02 3.823511196363751918e-02 9.984377051150735705e-01
1.998188662942899235e-02 7.651578005637639512e-02 9.968681254855653595e-01
1.351511998501447182e-02 1.086820898085157777e-01 9.939846804084383480e-01
2.507701414463746337e-02 1.258192026171585098e-01 9.917361905337430672e-01
5.349711485776861841e-02 1.195530936114917731e-01 9.913854530452788083e-01
9.090640985954484554e-02 8.719667879161502322e-02 9.920346585952360963e-01
1.241262930276463977e-01 3.814241121074413154e-02 9.915330654326285353e-01
1.413826039493111530e-01 -7.755350143393854347e-03 9.899246505894642167e-01
1.408280186730045958e-01 -3.563033977273641351e-02 9.893927167936455991e-01
1.255902297990543204e-01 -4.113544397894654953e-02 9.912290196658360975e-01
1.001236870539632950e-01 -2.692085508275253447e-02 9.946107353394095796e-01
6.972159708786787591e-02 1.560448795989293662e-03 9.975652679895387065e-01
3.910128274262664877e-02 3.324036332414899431e-02 9.986822156892408708e-01
2.281081673707150911e-02 6.543016832328563126e-02 9.975963911888386937e-01
1.836447290591914153e-02 9.195128924918351265e-02 9.955941475020302356e-01
2.829969167455797033e-02 1.054879142470688397e-01 9.940178204634575465e-01
5.103510499008839102e-02 1.000802650754440554e-01 9.936696425880708894e-01
8.006182749420021061e-02 7.470120091848449217e-02 9.939868381219415516e-01
1.056276165567611447e-01 3.659531675528810563e-02 9.937321517451848107e-01
1.195052419965253881e-01 -5.627095435407281554e-04 9.928334102422884389e-01
1.195232304524267292e-01 -2.496232636669146188e-02 9.925175462653588188e-01
1.075379475247639216e-01 -3.151207008665192488e-02 9.937014537983642759e-01
8.701807167487213279e-02 -2.103691946909652319e-02 9.959845898512961204e-01
6.240087883985853678e-02 2.354985237098641913e-03 9.980483877871716425e-01
2.503624622890748830e-02 2.079137976657291498e-02 9.994703121664907375e-01
1.085819167366076574e-02 4.738569297690767984e-02 9.988176489102935651e-01
5.603462253086061683e-03 6.772757377028189307e-02 9.976881160773476420e-01
1.136317736818917568e-02 7.612702553898587077e-02 9.970333766643356688e-01
2.708235464870161618e-02 6.880615793161978799e-02 9.972623820727003485e-01
4.828411982602469343e-02 4.629870622180406320e-02 9.977600280502302299e-01
6.833930458456954904e-02 1.500739951423083265e-02 9.975492556303706682e-01
8.129749141117507960e-02 -1.469387469815530874e-02 9.965815611060450108e-01
8.438881021587381348e-02 -3.365465026780263547e-02 9.958643949984745669e-01
7.769701587978794510e-02 -3.759675439052277690e-02 9.962678644735483147e-01
6.314979986579184745e-02 -2.713295693158734520e-02 9.976351564700859376e-01
4.408604614114882553e-02 -5.969588526276129077e-03 9.990099021273540769e-01
2.719713563252151422e-03 4.004463332221370846e-03 9.999882836471237768e-01
-1.194649785473794225e-02 2.648181381040283153e-02 9.995779082824524098e-01
-2.030602883180270685e-02 4.115256816638674514e-02 9.989465107433843638e-01
-1.996773273250344871e-02 4.367736819801636139e-02 9.988461228621534627e-01
-1.083272688258320009e-02 3.213578415857194087e-02 9.994248062784950593e-01
4.700817920596856922e-03 8.738125281012077555e-03 9.999507725270498915e-01
2.225175450317321349e-02 -1.970199243759558974e-02 9.995582478853072272e-01
3.685116729499614274e-02 -4.408509253994936927e-02 9.983478832975610784e-01
4.468126702561939917e-02 -5.716953786996871456e-02 9.973641402801434186e-01
4.391018341916380630e-02 -5.620482286005751282e-02 9.974532137796456865e-01
3.484608792342118455e-02 -4.272913339581038000e-02 9.984788286767452004e-01
1.980793905381816877e-02 -2.091377618109683395e-02 9.995850436637702119e-01
-1.639169578312421605e-02 -2.495594489425380369e-02 9.995541571739932074e-01
-4.691910073175455803e-02 -1.492207366595912736e-02 9.987872294457910138e-01
-6.728922475443453732e-02 -1.311746055511795774e-02 9.976472785812402488e-01
-7.201360035144434291e-02 -2.119204406894997436e-02 9.971784888537388314e-01
-5.874446323124719177e-02 -3.858407599391241311e-02 9.975271209943690209e-01
-2.978412994930879423e-02 -6.093677380854451570e-02 9.976971560553790086e-01
6.992860671130200073e-03 -8.066740564778156208e-02 9.967165442419773091e-01
4.011870642637042211e-02 -9.083316372520615356e-02 9.950576997151155956e-01
5.973978783887081562e-02 -8.883100675116425982e-02 9.942535944056473118e-01
6.118667926719755651e-02 -7.675757870723967646e-02 9.951705705009977754e-01
4.529897693581388940e-02 -5.915317069638037495e-02 9.972205899825363762e-01
1.700551335817583262e-02 -4.067245046444421114e-02 9.990278095672436853e-01
-3.274922715000166268e-02 -5.106068612562730119e-02 9.981584515764329035e-01
-7.017455466473612735e-02 -4.412794090132382552e-02 9.965582053795624118e-01
-9.731191900904206937e-02 -4.967225523158069062e-02 9.940136103087218178e-01
-1.072846278415738042e-01 -6.845683366903748679e-02 9.918687768817484596e-01
-9.561592218140914368e-02 -9.786415236921817973e-02 9.905958828434809904e-01
-6.258407306266217107e-02 -1.298107315986542221e-01 9.895617250887996930e-01
-1.656032121826401041e-02 -1.524140972637152425e-01 9.881779691515246711e-01
2.674623731352222464e-02 -1.572962746495540354e-01 9.871892021142201212e-01
5.340633499956998209e-02 -1.444636410563738538e-01 9.880678214549094562e-01
5.722723446926441387e-02 -1.202879886150239747e-01 9.910882117299090188e-01
3.961276430938857895e-02 -9.272625957597131763e-02 9.949033469080268421e-01
6.795208686475992001e-03 -6.823789223910188551e-02 9.976459367940447853e-01
-4.587577496430368662e-02 -6.432668185666406968e-02 9.968738592583769043e-01
-9.392870358901914130e-02 -5.798248316546422698e-02 9.938890432478197923e-01
-1.310168610839373970e-01 -6.735307881220836679e-02 9.890895535219167423e-01
-1.483442293929833067e-01 -9.350443402391957204e-02 9.845054141159761407e-01
-1.381651564622128903e-01 -1.336351070369537486e-01 9.813521527499718955e-01
-9.705418234756196805e-02 -1.770980158434850571e-01 9.793961294967006292e-01
-3.396531849844893619e-02 -2.060959215056961946e-01 9.779421395348554258e-01
2.622941324174052000e-02 -2.084016452638717820e-01 9.776915526546645641e-01
6.254316623933714459e-02 -1.863305825447605368e-01 9.804943989464043330e-01
6.763842301173328408e-02 -1.511879564467771275e-01 9.861882404277163561e-01
4.511035279292034683e-02 -1.144858015059805334e-01 9.924001498006592703e-01
3.819499659241948862e-03 -8.408206870759754592e-02 9.964515126910157283e-01
-5.183401424018334314e-02 -6.053212241978798980e-02 9.968194907420003803e-01
-1.121199766087379035e-01 -5.132710575110049217e-02 9.923681973242191035e-01
-1.605031242260487323e-01 -5.865754536156365939e-02 9.852908400496817043e-01
-1.863305846264421695e-01 -8.525854154914695726e-02 9.787808203707683008e-01
-1.780365010226478972e-01 -1.312995211639818305e-01 9.752248151301907697e-01
-1.262090816514821745e-01 -1.872152614889998901e-01 9.741774548686125135e-01
-3.836197772796540173e-02 -2.279639026737700358e-01 9.729135715687003971e-01
4.363159396799667911e-02 -2.322158361853975950e-01 9.716851802062693721e-01
8.953542131856855046e-02 -2.043297279870950611e-01 9.747988359605572750e-01
9.314285191347419779e-02 -1.615401299324715212e-01 9.824607857613629758e-01
6.250571573411103921e-02 -1.185663142005506654e-01 9.909768234612955640e-01
1.006546165523557364e-02 -8.367963254933356854e-02 9.964418726539352456e-01
-4.760020412706147952e-02 -3.959335866721533370e-02 9.980814528466637192e-01
-1.180955264248316483e-01 -2.395362632538724362e-02 9.927132871198449671e-01
-1.752530534291490416e-01 -2.177945080067891781e-02 9.842824913542513876e-01
-2.069575189546027927e-01 -3.803874345794359263e-02 9.776101673695434258e-01
-1.985765708899291104e-01 -7.907906278917122000e-02 9.768898849522232863e-01
-1.343794670232720534e-01 -1.435621528765014809e-01 9.804754291179478276e-01
-1.677922448780938547e-02 -2.021080747186153048e-01 9.792194768074776734e-01
8.443899159604788263e-02 -2.148172200192281500e-01 9.729972346730559885e-01
1.333832260774923395e-01 -1.881493721644428296e-01 9.730409697208506348e-01
1.302283386012063060e-01 -1.451404273691936642e-01 9.808031587267064255e-01
8.904378666044508728e-02 -1.019923340522647659e-01 9.907919902036711468e-01
2.528723412420135624e-02 -6.603738399876493692e-02 9.974966765382895506e-01
-3.322222150780046457e-02 -6.698512544616209118e-03 9.994255419628699233e-01
-1.077928625642528698e-01 1.727426481562615787e-02 9.940232887388860128e-01
-1.665343882865465974e-01 3.472054067466061322e-02 9.854241632785663008e-01
-1.957830758899151702e-01 3.954440416571020772e-02 9.798495942206086884e-01
-1.791727560229881278e-01 1.940746968406602962e-02 9.836261859159772802e-01
-9.973638437586286598e-02 -3.852328993075030544e-02 9.942678762609653553e-01
4.190106946278087524e-02 -1.141582302436814633e-01 9.925785605409491730e-01
1.446242108642726565e-01 -1.434836281127613300e-01 9.790282355966445360e-01
1.830648472932145665e-01 -1.315326671234172407e-01 9.742619869239145247e-01
1.679745110319986467e-01 -1.011306662154307784e-01 9.805902059445502639e-01
1.169000548335342726e-01 -6.692225431378115430e-02 9.908863653606015953e-01
4.550019730580928679e-02 -3.495863995497421051e-02 9.983524555674733181e-01
-1.309405618651620674e-02 2.835935426497639827e-02 9.995120273004522993e-01
-8.359620656904938329e-02 5.909780856527994952e-02 9.947457581061041054e-01
-1.352273354907236325e-01 9.097748273035501099e-02 9.866289400641664598e-01
-1.528146921386713264e-01 1.180804793567755556e-01 9.811751475967114278e-01
-1.193828201680396245e-01 1.266365335016084170e-01 9.847390165071256973e-01
-2.395351161852893318e-02 9.635654804294965792e-02 9.950586138164827510e-01
1.116430945108048411e-01 2.555345300803362960e-02 9.934197705337730611e-01
1.937269823344598685e-01 -2.866292519889261647e-02 9.806366773859843677e-01
2.151371147826926511e-01 -4.685171914455184272e-02 9.754593473108561508e-01
1.905106153703296501e-01 -4.093697587275191285e-02 9.808312135314525282e-01
1.355492494029329198e-01 -2.301123131844789657e-02 9.905033489188753704e-01
6.374237694854217873e-02 7.443543238852442763e-04 9.979661093031160224e-01
5.679542090676992054e-03 5.482722558556996084e-02 9.984797034172784302e-01
-5.458158579548048200e-02 8.775872313088002585e-02 9.946452920546560161e-01
-9.457434181345668323e-02 1.259238253646161043e-01 9.875215866380264718e-01
-1.001726679586645852e-01 1.624581467480906150e-01 9.816174342121620766e-01
-5.878541273770899328e-02 1.832768350173762939e-01 9.813021333897450349e-01
3.017043847308464172e-02 1.697981910294989738e-01 9.850169130352178781e-01
1.367557500988024199e-01 1.185124376288190923e-01 9.834900441500017410e-01
2.006031751965761667e-01 6.197245764414621716e-02 9.777104789223949322e-01
2.141046753301435179e-01 2.567870045757180905e-02 9.764731395919606927e-01
1.890663798519940375e-01 1.179691303881911721e-02 9.818934447547817967e-01
1.384562845801841635e-01 1.483303218989604801e-02 9.902574606718529404e-01
7.373072488167692340e-02 2.999406790217800170e-02 9.968270341935523415e-01
1.713292754627448664e-02 6.565131941043229891e-02 9.976955282316326556e-01
-3.097395244937077227e-02 9.634388902796323095e-02 9.948660559676609783e-01
-6.015299154682542809e-02 1.326253132700533632e-01 9.893392461071948141e-01
-5.944236594294517034e-02 1.672625678601885324e-01 9.841188132150965329e-01
-2.189250782078643737e-02 1.882206199749752729e-01 9.818827406149585046e-01
4.762715687223705724e-02 1.823245721144970133e-01 9.820842144803707541e-01
1.246505286644924576e-01 1.472064899744527366e-01 9.812199014558731225e-01
1.740884788887586132e-01 1.000505068003738063e-01 9.796341651898197167e-01
1.863685019235649387e-01 6.137813611902755845e-02 9.805608119322973826e-01
1.673446885264790462e-01 3.969448567957829105e-02 9.850990320920262056e-01
1.263878832015228049e-01 3.493213337110590705e-02 9.913656485061497214e-01
7.304982635694280690e-02 4.439070387053981048e-02 9.963398959587334014e-01
1.903379179706557109e-02 5.905503396774606367e-02 9.980732526888491662e-01
-1.855051608502307492e-02 8.493834077728187881e-02 9.962135095545554542e-01
-4.014894518067878976e-02 1.143927377494136643e-01 9.926239790328433843e-01
-3.795966354037273033e-02 1.409546693242753890e-01 9.892880496294081949e-01
-8.793102550177202964e-03 1.557357598483086469e-01 9.877596136975905772e-01
4.157305624383587916e-02 1.506763872764026180e-01 9.877086145781486248e-01
9.628208308553085071e-02 1.251234678700287317e-01 9.874582919115748592e-01
1.346242178420182511e-01 8.936392272278428917e-02 9.868588598609504547e-01
1.473589225640834222e-01 5.759637202879705487e-02 9.874046819161119704e-01
1.355993665405592352e-01 3.825747026601658551e-02 9.900248369422590677e-01
1.050793869498710398e-01 3.318954220620755347e-02 9.939098433592065129e-01
6.334067238767440711e-02 4.088177194090368560e-02 9.971542708851198755e-01
1.238572933271807341e-02 3.768497702452090758e-02 9.992129083511303023e-01
-1.828359051260687249e-02 5.788970609052750821e-02 9.981555451164141335e-01
-3.592883072914859754e-02 7.832470750589923258e-02 9.962802614307428861e-01
-3.478574033706481605e-02 9.402931263772028314e-02 9.949615272130110100e-01
-1.332495754796090941e-02 9.944572217895274180e-02 9.949537646778705557e-01
2.356949183390244854e-02 9.092192066633984771e-02 9.955790693847432760e-01
6.444337571283324795e-02 7.006129070921826574e-02 9.954589227441598132e-01
9.580241974516578995e-02 4.443715632518874942e-02 9.944079824240522614e-01
1.093646236853829529e-01 2.331092109353793962e-02 9.937283230561312353e-01
1.034984363401675045e-01 1.225311239556576420e-02 9.945541387535167255e-01
8.120464990919948334e-02 1.221504853155774492e-02 9.966225952799240284e-01
4.830532301971542097e-02 2.150199234043658966e-02 9.986011516583339631e-01
-3.485934591786117608e-04 7.219141694855391207e-03 9.999738808967760795e-01
-2.857295974379371953e-02 2.191595583832564240e-02 9.993514281028292867e-01
-4.580035174305911033e-02 3.277785658802857827e-02 9.984127102044165758e-01
-4.699230456928225885e-02 3.659387011533386108e-02 9.982247301991957755e-01
-3.078405052311532913e-02 3.102856653761492181e-02 9.990443284919915401e-01
-8.278773098916622194e-04 1.648822589597664229e-02 9.998637172265035788e-01
3.422466942817494612e-02 -2.720947936638060984e-03 9.994104604439892903e-01
6.359957984379242812e-02 -1.987165807937382733e-02 9.977776358733028150e-01
7.909654301111126995e-02 -2.938360431280648624e-02 9.964338114903878996e-01
7.744969281522373628e-02 -2.939175745681173527e-02 9.965629281066223921e-01
6.005976258125521328e-02 -2.134742484034915511e-02 9.979664886013751568e-01
3.178248718182508092e-02 -8.164290848498116648e-03 9.994614639212207052e-01
-5.631800155128390342e-03 -3.347777449324797205e-02 9.994235945994138781e-01
-4.313265081897512537e-02 -4.135434450851190047e-02 9.982130998056697457e-01
-6.543298470042638315e-02 -5.329861694640606468e-02 9.964325275425168771e-01
-6.569594832555783470e-02 -6.777736572140669047e-02 9.955351681731189339e-01
-4.138704484064748002e-02 -8.208607720635764660e-02 9.957655288511670921e-01
2.745343959819127305e-03 -9.143268638164932238e-02 9.958074748401991583e-01
5.345115863240450238e-02 -9.102166225767743812e-02 9.944134103282568082e-01
9.387646842722917329e-02 -8.037968698103226117e-02 9.923337717706209871e-01
1.122985704869443047e-01 -6.371124156633341251e-02 9.916299253071246822e-01
1.057946834505131412e-01 -4.711258781132985490e-02 9.932713068559650971e-01
7.843354565281576707e-02 -3.548760296284854399e-02 9.962875131970162501e-01
3.812958454936112018e-02 -3.105285003134211630e-02 9.987901958304519212e-01
-8.825346890647943823e-03 -6.995129874845174012e-02 9.975113678829126140e-01
-5.350692073036174279e-02 -8.714550789959496502e-02 9.947575935306477435e-01
-7.987883665987564885e-02 -1.147910850899487439e-01 9.901729032031517663e-01
-7.950766783004714622e-02 -1.494338590212375695e-01 9.855699125552755957e-01
-4.778182881012939254e-02 -1.835626294859895868e-01 9.818460459215248015e-01
1.081773415716126910e-02 -2.042878036187694701e-01 9.788510969092105718e-01
7.798261076717485918e-02 -1.999916318039492991e-01 9.766893362919195631e-01
1.284218440864692279e-01 -1.725170916061583015e-01 9.765990390458091364e-01
1.470818818087863411e-01 -1.342434680715374751e-01 9.799722502824566028e-01
1.333795390023415073e-01 -9.870144347617036684e-02 9.861378826671247655e-01
9.545502022488223937e-02 -7.461058209054835522e-02 9.926336686582871716e-01
4.434176013402497951e-02 -6.519116179224948571e-02 9.968871153407531382e-01
-1.656366106413672060e-02 -9.163551670211242395e-02 9.956548484344043271e-01
-7.550601832680609027e-02 -1.179867261115079141e-01 9.901403807834106008e-01
-1.132903024643807516e-01 -1.601116698992525456e-01 9.805761370386393283e-01
-1.182545727610937875e-01 -2.141522133799407257e-01 9.696157411704657836e-01
-7.986389001428458034e-02 -2.693359791426574446e-01 9.597290708377443913e-01
2.465516627029759340e-03 -3.032591690792967865e-01 9.529049257911806903e-01
1.033474583731018720e-01 -2.923678410218433221e-01 9.507051847886642815e-01
1.760566337489507249e-01 -2.432426184289613602e-01 9.538538097071351807e-01
1.979987990628975236e-01 -1.809826497446236915e-01 9.633492388854147936e-01
1.741919422051722288e-01 -1.277639768834087919e-01 9.763880035527646717e-01
1.204341000589765065e-01 -9.439446706184621838e-02 9.882233108620168682e-01
5.250071677381297486e-02 -8.298850565850049432e-02 9.951666105064050916e-01
-2.695982408384696785e-02 -9.179180745458603852e-02 9.954131966020666189e-01
-1.054641796635681500e-01 -1.242737924535889521e-01 9.866272504431821133e-01
-1.621454477689249218e-01 -1.748219514804993102e-01 9.711571134725534016e-01
-1.817229413748575606e-01 -2.416284007367010822e-01 9.532011794660587567e-01
-1.436435483538734126e-01 -3.155708081824626365e-01 9.379667350388041225e-01
-3.112956596106038545e-02 -3.670843862571817051e-01 9.296666087847194060e-01
1.286304269278285839e-01 -3.488789310704262792e-01 9.282982843480415136e-01
2.370023769476920783e-01 -2.743579334787225044e-01 9.319643757453567323e-01
2.620284247295351920e-01 -1.889324624937068764e-01 9.463855605670343785e-01
2.236804365297981878e-01 -1.237410690585594858e-01 9.667756772602827953e-01
1.500169493231106599e-01 -8.764030569829413253e-02 9.847913950339515221e-01
6.183443891120918301e-02 -7.853238218290187200e-02 9.949920437436958753e-01
-3.640852798018355541e-02 -6.814176638808905340e-02 9.970110925982078598e-01
-1.351215858691394711e-01 -1.002572850452582015e-01 9.857436958092119506e-01
-2.147638043057769064e-01 -1.462768062338299091e-01 9.656498352498843474e-01
-2.580511786829725596e-01 -2.072022160774324995e-01 9.436507992011196055e-01
-2.338375229381579878e-01 -2.824723533541946829e-01 9.303383161284348724e-01
-9.458809936404144469e-02 -3.508417234986705990e-01 9.316454135083547250e-01
1.591849209532065490e-01 -3.295482223124843735e-01 9.306224422996911549e-01
3.076258457855009509e-01 -2.347401022185087172e-01 9.220972960675940522e-01
3.273627988312751147e-01 -1.399063951580643561e-01 9.344837069394302809e-01
2.701428911245615239e-01 -7.886862167757781317e-02 9.595845762044750149e-01
1.770379958046039703e-01 -5.188017881858579539e-02 9.828356907882939142e-01
7.069492488978035283e-02 -5.071332181735806882e-02 9.962080036744843659e-01
-4.122176928486888381e-02 -2.561712534497048374e-02 9.988215699643632206e-01
-1.533082315189009115e-01 -4.921247818484344311e-02 9.869522370102252751e-01
-2.509380116881984590e-01 -7.398617530931672626e-02 9.651715703195427043e-01
-3.164242685746001538e-01 -9.888262306257325496e-02 9.434500035048367650e-01
-3.125176998867713052e-01 -1.289634057669165890e-01 9.411169572536957073e-01
-1.636080065606556611e-01 -1.743811476931210747e-01 9.709910584132485090e-01
2.010397594441538649e-01 -1.583604224150081674e-01 9.666979837235551987e-01
3.601767722346965739e-01 -8.416613852603220536e-02 9.290795196689072277e-01
3.631070207286425933e-01 -2.476683016256714040e-02 9.314182173552673083e-01
2.924633539210162447e-01 2.668930584456058117e-03 9.562730067416830293e-01
1.902853143570602812e-01 5.862512113927084191e-03 9.817113272707443938e-01
7.576965626505972884e-02 -5.830502258504369380e-03 9.971083012556390957e-01
-3.975683467736071397e-02 2.296300773122449471e-02 9.989454911917716728e-01
-1.517486069628849465e-01 1.284309584113640240e-02 9.883356793994634293e-01
-2.517962454616426982e-01 1.762622298563351272e-02 9.676197429954936924e-01
-3.205085752113641107e-01 4.533721674153836506e-02 9.461600234601446058e-01
-3.171172447500797964e-01 1.012002253050975076e-01 9.429714563444209219e-01
-1.662394046336690134e-01 1.681320176163084712e-01 9.716460698213599256e-01
1.684322938288075888e-01 1.887696731122696092e-01 9.674691586343356908e-01
3.206611071866526386e-01 1.499226996055858796e-01 9.352537829278381176e-01
3.320913068147985925e-01 1.195895136406060072e-01 9.356354590144730921e-01
2.735423473678594841e-01 9.294065603281613519e-02 9.573591899870412814e-01
1.815925937995991890e-01 6.670099630434656035e-02 9.811091208266348174e-01
7.391995621538964556e-02 4.229329646117473140e-02 9.963669590806292220e-01
-3.339941525547619056e-02 6.167385005602096099e-02 9.975373753799211540e-01
-1.317453305235389283e-01 6.317493631068329951e-02 9.892684647290507227e-01
-2.171750596755857299e-01 8.789683804478687357e-02 9.721672383477339974e-01
-2.685903614013941954e-01 1.416906898034481221e-01 9.527764513175724925e-01
-2.504543200979034712e-01 2.222813040676995811e-01 9.422651725529360700e-01
-1.216827634215783133e-01 3.016379362552418231e-01 9.456256450085280818e-01
9.557692847590915086e-02 3.250078771858133098e-01 9.408692419833356579e-01
2.269338262222646563e-01 2.727480701754129711e-01 9.349382486195126907e-01
2.578682218586154651e-01 2.075095939146305024e-01 9.436332701790747235e-01
2.246971572138198314e-01 1.516920436205286826e-01 9.625490696283022229e-01
1.550048454347426330e-01 1.084783004223721370e-01 9.819398944076161984e-01
6.536050460776680893e-02 7.795218689744967677e-02 9.948122742484060144e-01
-2.531067705695866712e-02 7.950084889558607648e-02 9.965134141855752636e-01
-1.036099554515229337e-01 8.713450402639380532e-02 9.907939015453297582e-01
-1.683480834780423374e-01 1.173332558273343512e-01 9.787194847688344135e-01
-2.014825780439038760e-01 1.709276268486145389e-01 9.644628127225668424e-01
-1.804059010292050069e-01 2.397679781252297360e-01 9.539208706908468560e-01
-9.048281489299006553e-02 2.995844908928054773e-01 9.497694420361103562e-01
4.247760852798188047e-02 3.167170500468541317e-01 9.475684476508106080e-01
1.421938827479511946e-01 2.787306996583392427e-01 9.497842369596578571e-01
1.812564459178884479e-01 2.192835281054720253e-01 9.586766061163973784e-01
1.691374245647380148e-01 1.632917853198145863e-01 9.719713598963323209e-01
1.220042434274110354e-01 1.198527900044188688e-01 9.852666001209229307e-01
5.348015005178353293e-02 9.132429803703322191e-02 9.943841039248880742e-01
-1.767188589439692981e-02 7.361063455578083226e-02 9.971304723701891470e-01
-7.683207608250894327e-02 8.216649627134704759e-02 9.936526047745630752e-01
-1.229635571658903165e-01 1.077557621336971971e-01 9.865437949407565021e-01
-1.428266165948811062e-01 1.484368123245412840e-01 9.785535602811852307e-01
-1.241758232718514765e-01 1.955963821738337105e-01 9.727910465229822057e-01
-6.392764897959192505e-02 2.326846892551818480e-01 9.704489121443522492e-01
1.982497602432991765e-02 2.416255306040974438e-01 9.701670337039624004e-01
9.061715792840457917e-02 2.172924463983725296e-01 9.718912096665854872e-01
1.262764433372780271e-01 1.760859405112581710e-01 9.762417740561750712e-01
1.247611774981419036e-01 1.348154903623230705e-01 9.829849602856043367e-01
9.358572055834932235e-02 1.020130107443592282e-01 9.903711721099403009e-01
4.269013896984558132e-02 8.091497934124897151e-02 9.958063657925364520e-01
-1.129794380471258256e-02 4.762703622480229243e-02 9.988012924932574421e-01
-5.637828928102188442e-02 5.329868097360732082e-02 9.969858269324357591e-01
-8.893726357949685579e-02 6.890129986602500090e-02 9.936512335944166496e-01
-9.964363887378820117e-02 9.231792184262371803e-02 9.907313190460017571e-01
-8.233013576759631857e-02 1.175288796989959333e-01 9.896508026476695807e-01
-3.836401406774816308e-02 1.354722647375115607e-01 9.900381143731460387e-01
1.940679894514814319e-02 1.382499993111690750e-01 9.902072075303753884e-01
7.024130471557163413e-02 1.249555597441293076e-01 9.896728081547541134e-01
9.847709768981169343e-02 1.031829782086823438e-01 9.897754968873426762e-01
9.934052575816619546e-02 8.108892009768756126e-02 9.917439422448748321e-01
7.611920858685179703e-02 6.316826555084668893e-02 9.950957925302275076e-01
3.618258423360472958e-02 5.144583645280766809e-02 9.980201132792295704e-01
-6.873578293995545770e-03 8.898308475759274597e-03 9.999367850158014104e-01
-4.456423264486477492e-02 8.893723245259320745e-03 9.989669318128595599e-01
-6.912832773947440168e-02 1.165123433425119086e-02 9.975397350694387155e-01
-7.341760648550336998e-02 1.652266098728823532e-02 9.971644080751357331e-01
-5.425760495549915990e-02 2.149505149215977934e-02 9.982955850177214208e-01
-1.513173018719207036e-02 2.438084441674553959e-02 9.995882178012560626e-01
3.259108186516693900e-02 2.424045037226915320e-02 9.991747704724162071e-01
7.336581625055081657e-02 2.185676240194803222e-02 9.970655640143416543e-01
9.516818115138103717e-02 1.898682008107657748e-02 9.952801203477976699e-01
9.368438597937817081e-02 1.641321126831237973e-02 9.954666455082827881e-01
7.138194181268851801e-02 1.380005556990811406e-02 9.973535866728887589e-01
3.493381676793715085e-02 1.098616765382557682e-02 9.993292413245603578e-01
7.726591419785868060e-03 -3.747117263811701460e-02 9.992678374720950218e-01
-2.685480617229662331e-02 -6.661251901837024481e-02 9.974174610941496377e-01
-4.270797153281285369e-02 -9.383649421626674703e-02 9.946711725594452602e-01
-3.332053331606339014e-02 -1.135851573036103651e-01 9.929693621153848904e-01
2.382253903478889767e-03 -1.202670810107096117e-01 9.927387139078828193e-01
5.588812106677584074e-02 -1.092142260441608254e-01 9.924458528066829599e-01
1.092231835011433921e-01 -8.124404075689009574e-02 9.906915271805782908e-01
1.441472945246040638e-01 -4.573196869264627151e-02 9.884989350124223639e-01
1.518117670456322343e-01 -1.487289067573764959e-02 9.882975182147186732e-01
1.337687881428636094e-01 2.378403326994295210e-03 9.910097146427998549e-01
9.747079875964184681e-02 2.664922512921117596e-03 9.952348173055165503e-01
5.228690805518962370e-02 -1.231165191067398919e-02 9.985562089703685640e-01
2.223349686143134482e-02 -7.755054570259373170e-02 9.967404800039829649e-01
-1.625313990605783271e-02 -1.237740764034068464e-01 9.921773094833742368e-01
-2.755976873794427698e-02 -1.757054340148404559e-01 9.840569392086873091e-01
-3.349081086170730553e-03 -2.243033701343817576e-01 9.745136129384082135e-01
5.791676417792517018e-02 -2.550729770804267549e-01 9.651856944601351351e-01
1.417532051206968069e-01 -2.502133569977935679e-01 9.577574352715246819e-01
2.159181910947551575e-01 -2.042884159926413590e-01 9.548013289923638069e-01
2.515920954711110546e-01 -1.376438541922842818e-01 9.579956090189432061e-01
2.427215087102393420e-01 -7.685132118558256342e-02 9.670471258638161371e-01
2.006330790905643258e-01 -3.889344741295212848e-02 9.788941042436480888e-01
1.411555763613606962e-01 -2.875235174244858416e-02 9.895698083163859682e-01
7.802365682224332577e-02 -4.368100740102268120e-02 9.959941157298558556e-01
2.373245438913182057e-02 -1.052633404570964271e-01 9.941611538198565912e-01
-2.810912952837105530e-02 -1.735754380079761461e-01 9.844193436526299523e-01
-4.497410086482602626e-02 -2.551635595445440052e-01 9.658513799399873756e-01
-1.285266826742820744e-02 -3.389320737507516279e-01 9.407230507973206590e-01
7.793979539816330016e-02 -3.999195030615468327e-01 9.132304086944791344e-01
2.123862561518104208e-01 -3.978714400874356349e-01 8.925191288485360142e-01
3.320287715134288553e-01 -3.129239959874021704e-01 8.898513738948632401e-01
3.783890245944177555e-01 -1.956105576305391114e-01 9.047420935327064040e-01
3.500304005649520489e-01 -9.854443310469888917e-02 9.315405054985242961e-01
2.767254827939979456e-01 -4.437417767773028238e-02 9.599239238230731219e-01
1.868417071668762308e-01 -3.302085053963436934e-02 9.818349147858910220e-01
9.869100584741716253e-02 -5.621488547786086115e-02 9.935290494069723977e-01
1.076791672507956300e-02 -1.126403452148382750e-01 9.935774779045869476e-01
-6.371472497522862044e-02 -2.034481890426258766e-01 9.770103726146482925e-01
-1.006132078244497130e-01 -3.139626343621511051e-01 9.440892154005611214e-01
-7.794509999183332760e-02 -4.358890917978712753e-01 8.966187936012056658e-01
3.403445887829181088e-02 -5.387522358651116727e-01 8.417765047559978564e-01
2.432628770817269748e-01 -5.471420564493789662e-01 8.009111952634221376e-01
4.549989147336122586e-01 -3.874336206228812252e-01 8.017924776413583032e-01
5.201870305997557953e-01 -1.918832457258422552e-01 8.322176837856273268e-01
4.619324141692858210e-01 -5.856822455967904822e-02 8.849792132087929142e-01
3.494517247538236338e-01 -2.049036360250537474e-03 9.369521297892382528e-01
2.256988880168400435e-01 -3.544952538962301090e-03 9.741906616568530852e-01
1.098743813045148510e-01 -4.425797886956934352e-02 9.929596425028353046e-01
-1.382419761466132518e-02 -9.494080222919494549e-02 9.953869275977201836e-01
-1.167989597098695043e-01 -2.005414008046625396e-01 9.726978716816495618e-01
-1.903539832029867152e-01 -3.265160268796789000e-01 9.258253859499838700e-01
-2.093163494052530105e-01 -4.722054629015333682e-01 8.562760458389684359e-01
-1.196619637448418094e-01 -6.188981745253447908e-01 7.763028172059632803e-01
1.656078430394971601e-01 -6.700697580518194529e-01 7.235886688362369590e-01
5.755021866208306358e-01 -3.687988912792515284e-01 7.299209621498998768e-01
6.484579381382055141e-01 -7.330239243679610717e-02 7.577130470888104874e-01
5.427344557187970819e-01 6.622362568555410778e-02 8.372895210001890520e-01
3.932821161587527481e-01 9.217708863640507178e-02 9.147855275638115957e-01
2.445691318455864571e-01 5.810201852405029455e-02 9.678895056728710200e-01
1.079094046356054715e-01 -7.988152298144798880e-03 9.941286384638834406e-01
-4.288896846344657232e-02 -5.437665939454506409e-02 9.975989751885624424e-01
-1.712096865542040436e-01 -1.584541067391132541e-01 9.724091419189109242e-01
-2.892591695888327985e-01 -2.707996388270789700e-01 9.181485110916897119e-01
-3.812912202800816663e-01 -3.900485783922802985e-01 8.381402697827271542e-01
-3.972663156067195445e-01 -5.093337313923277376e-01 7.633862878977022426e-01
-1.583362687724448326e-01 -5.928832703601326637e-01 7.895689037178931224e-01
6.298806058122600193e-01 -5.835881234072517326e-02 7.744963985995969580e-01
6.514346338944524417e-01 2.228720856303977316e-01 7.252316534801401815e-01
5.206933717722596056e-01 2.657273137186308976e-01 8.113368026512225439e-01
3.740426586836990142e-01 2.156954350484104332e-01 9.019798050865981409e-01
2.298956550133022803e-01 1.348510326020987415e-01 9.638273635937765205e-01
9.097958070642375716e-02 4.319241215486067931e-02 9.949156403568710783e-01
-6.693617277608786276e-02 -2.699946191265105693e-03 9.977536063901731866e-01
-2.051657686576847939e-01 -8.752946893203403245e-02 9.748054161932067085e-01
-3.513536442379511793e-01 -1.572607611116788318e-01 9.229407725825360398e-01
-5.009385413656445296e-01 -1.912333834576785407e-01 8.440914469568977507e-01
-6.285121170557006476e-01 -1.306964235911269034e-01 7.667404799374081259e-01
-5.935247910062299015e-01 1.478735367881331142e-01 7.911142392719291427e-01
7.483651454982866158e-02 6.264686461281616658e-01 7.758456879486088642e-01
3.406480936458345377e-01 5.615692598920004608e-01 7.540549334364395895e-01
3.557560902011318582e-01 4.373265700653028998e-01 8.259437483265477109e-01
2.856506942815726924e-01 3.124421948574219177e-01 9.059710567833378914e-01
1.819850444158810088e-01 1.968391351177624926e-01 9.633980477949105614e-01
6.254470184839056035e-02 9.208120851193646317e-02 9.937852943717998544e-01
-7.859233765166370733e-02 4.245297247311668326e-02 9.960025048114276025e-01
-2.051939730324186528e-01 -1.539843645344331387e-02 9.786001847465334302e-01
-3.426605174985365987e-01 -4.089209870765590782e-02 9.385689138315489455e-01
-4.775839448132766507e-01 -1.032106641917234988e-02 8.785254983462715828e-01
-5.668051388147973269e-01 1.165148372474297533e-01 8.155711050020852948e-01
-5.008452767643236658e-01 3.638212541844068060e-01 7.853585829075665492e-01
-1.766546658296149486e-01 6.166230359591112764e-01 7.671826122672538162e-01
7.999198919834521471e-02 5.951682256098933532e-01 7.996099454661850237e-01
1.802385578772940089e-01 4.721251919552241771e-01 8.629089554382757266e-01
1.791373060633116021e-01 3.396179590001488502e-01 9.233468836255188661e-01
1.217739878641340701e-01 2.218344570399256588e-01 9.674505514751091662e-01
3.214571809302710359e-02 1.225756890906468527e-01 9.919384321883089051e-01
-7.637154740001936282e-02 6.699551356941635394e-02 9.948261093825858659e-01
-1.778833015338303625e-01 3.210159440098764305e-02 9.835278433640542994e-01
-2.851199832977480142e-01 3.237217603399838994e-02 9.579450074733311116e-01
-3.802350785771396735e-01 8.203516398535608267e-02 9.212445478206797711e-01
-4.276111197286149301e-01 1.927574033360216765e-01 8.831723012773868842e-01
-3.753533291551227058e-01 3.498409064523836376e-01 8.583246579615187999e-01
-2.093315131955141573e-01 4.801289260069966369e-01 8.518547599178479812e-01
-3.471597003978660334e-02 4.835636059295121414e-01 8.746205122478386551e-01
6.895942914303485050e-02 4.048346854581027499e-01 9.117858710148607493e-01
9.766857359479767797e-02 3.034633664358423744e-01 9.478242637553548899e-01
7.179134046902792277e-02 2.078036279739373382e-01 9.755324985025172202e-01
9.723428131312114933e-03 1.274555803317042324e-01 9.917966172495815691e-01
-6.250019219550734251e-02 6.626948029271755025e-02 9.958423981520977408e-01
-1.371173997035813330e-01 4.540891382706931101e-02 9.895134406583893094e-01
-2.114956315855880675e-01 5.321011717986506157e-02 9.759294448114139708e-01
-2.701661433754262709e-01 9.575694678159196727e-02 9.580401150874024996e-01
-2.912330434037269100e-01 1.718277996394245444e-01 9.410943213625766468e-01
-2.533401954263308498e-01 2.633082443214619373e-01 9.308531107826188977e-01
-1.586494697754789462e-01 3.313698375531574647e-01 9.300668666821527708e-01
-4.993767208309559530e-02 3.384721548272385250e-01 9.396503761046031133e-01
2.711855242190016821e-02 2.956506976248260976e-01 9.549111210518272941e-01
5.694107223302601745e-02 2.315490362399698354e-01 9.711553727953458059e-01
4.468146203163922414e-02 1.658774605778859934e-01 9.851336127769582118e-01
1.346751702489838633e-03 1.086027616671460805e-01 9.940843155477788740e-01
-4.055021552040798810e-02 4.348321447189781169e-02 9.982308801477177695e-01
-9.363499123308280381e-02 2.764463547878583116e-02 9.952227200712437938e-01
-1.410341651286830533e-01 3.103735501097494229e-02 9.895180881926325389e-01
-1.715762845346834875e-01 5.633602602522832375e-02 9.835587581618809860e-01
-1.738291147266255721e-01 1.000467999032153277e-01 9.796805993294424031e-01
-1.409786333027412408e-01 1.499613566637702511e-01 9.785890947990474320e-01
-7.949954931126204660e-02 1.871661706070286146e-01 9.791060444301170618e-01
-1.200126704766519246e-02 1.965701295741499044e-01 9.804163165453853024e-01
3.670577550141147088e-02 1.799259983582953415e-01 9.829950768745272516e-01
5.473389157292551238e-02 1.478692164083067473e-01 9.874912131011854832e-01
4.284934314840059544e-02 1.099390471007282155e-01 9.930142696428432281e-01
8.103667717785287966e-03 7.303642515740577101e-02 9.972963507251988435e-01
-1.520544729352441525e-02 5.948998423157782732e-03 9.998666930097830363e-01
-5.475596250747776644e-02 -1.287054695030959151e-02 9.984168135558934010e-01
-8.276087259184228273e-02 -2.161257484921029481e-02 9.963350513638382644e-01
-9.144235538494303872e-02 -1.730950053450961562e-02 9.956599202704359275e-01
-7.610466155536162181e-02 -4.916818841339591845e-04 9.970997135384567223e-01
-3.843823532033473211e-02 2.439023026872779928e-02 9.989632719639540692e-01
1.099490987228188103e-02 4.966701626739036118e-02 9.987053116169892775e-01
5.566860663180513841e-02 6.740367306189452845e-02 9.961715470206190526e-01
8.149634334682843984e-02 7.361272002870192233e-02 9.939514643437488139e-01
8.298203861512992718e-02 6.793766309142765247e-02 9.942325961267691747e-01
6.251710635435320240e-02 5.209996210771440650e-02 9.966831017737990406e-01
2.692774645227456395e-02 2.963725371917389981e-02 9.991979431839199677e-01
2.206716683242109997e-02 -3.635109438126370163e-02 9.990954099010339595e-01
8.618659093279326840e-04 -8.412998820098629982e-02 9.964544155516872337e-01
-5.056959198105625847e-04 -1.229023978958436875e-01 9.924186338753845371e-01
2.208908519668764669e-02 -1.433009655942792948e-01 9.894326180063920395e-01
6.625105969604566658e-02 -1.375262719890352758e-01 9.882799813827666258e-01
1.190887672455608337e-01 -1.029447854492522435e-01 9.875323977797987318e-01
1.607603812292214274e-01 -4.816118870063867269e-02 9.858177314950095083e-01
1.771327317628887121e-01 7.860841642710614252e-03 9.841555784056081890e-01
1.666763118194339588e-01 4.698756212495366902e-02 9.848914539601930640e-01
1.367793173746552626e-01 5.966460707068826225e-02 9.888030911165043291e-01
9.716443770494329057e-02 4.547752499607002341e-02 9.942287798920961261e-01
5.649256270265761576e-02 1.033784166839171910e-02 9.983494976154211331e-01
5.458570399609836976e-02 -7.150436439565220625e-02 9.959455440894393607e-01
3.665712159397118558e-02 -1.430271471850958209e-01 9.890396810060507748e-01
5.358764471406200075e-02 -2.118951342055152010e-01 9.758221233575636866e-01
1.110945237876160008e-01 -2.629656633531444188e-01 9.583877433907749266e-01
2.032085406013995621e-01 -2.754265429323513037e-01 9.395991211548280209e-01
3.008984618871888284e-01 -2.321558660114351469e-01 9.249669018459230063e-01
3.605408101771460649e-01 -1.427921109013660927e-01 9.217487386816113348e-01
3.600894708984690440e-01 -4.637619173497737474e-02 9.317643595825318981e-01
3.107888856095260000e-01 2.214768484876164858e-02 9.502208946541966794e-01
2.379243982959697301e-01 4.852936986366145067e-02 9.700705546279204672e-01
1.629803603803263168e-01 3.512065293671486066e-02 9.860040273080106221e-01
9.916440325621606044e-02 -8.572285729173645744e-03 9.950341386325469717e-01
6.733081678518600122e-02 -1.007688697420124901e-01 9.926289316768580617e-01
4.346028355677854921e-02 -2.077751597080373658e-01 9.772106665204951526e-01
6.944630036573953835e-02 -3.196374816762173054e-01 9.449915828583732580e-01
1.594084040540040548e-01 -4.148197308670255601e-01 8.958312070922817005e-01
3.137594915972494181e-01 -4.506709961729259972e-01 8.357335907100496009e-01
4.860305589646777280e-01 -3.783091192059484520e-01 7.878175588790413686e-01
5.833380831955099488e-01 -2.107148388859914345e-01 7.844207655124068035e-01
5.632905678746560341e-01 -4.341221100871361233e-02 8.251176377212844359e-01
4.635185835189623571e-01 5.881210005465770108e-02 8.841332815926148392e-01
3.380488834959382571e-01 8.684738243800034507e-02 9.371128451423657024e-01
2.214941071187262744e-01 5.790472336954611415e-02 9.734410118354225316e-01
1.290665579476287239e-01 -9.115971161894597177e-03 9.915940311888524761e-01
5.522413272567472386e-02 -1.168372252959694046e-01 9.916145208445650283e-01
1.395569201739114279e-02 -2.655584236531432496e-01 9.639937563527821718e-01
3.093117529909503172e-02 -4.291432109138376139e-01 9.027066893078747878e-01
1.360279482067073553e-01 -5.850252999334245585e-01 7.995259819070795748e-01
3.581849532342132880e-01 -6.636391052193980622e-01 6.567242018535259795e-01
6.526330131238532450e-01 -5.427905199609185383e-01 5.286289829563223241e-01
8.216391964360031386e-01 -2.152841584378568651e-01 5.277895053955474758e-01
7.642425785357372936e-01 6.208517423553776282e-02 6.419335731158061220e-01
5.954373110482642506e-01 1.841581145392743313e-01 7.820103563642817335e-01
4.135870089239853664e-01 1.849120519208304614e-01 8.914893824963618929e-01
2.581896502734724042e-01 1.170813395074672691e-01 9.589734430268609389e-01
1.383836480132181745e-01 1.208890730069607858e-02 9.903049148029342552e-01
1.929855805496106386e-02 -1.131990562200025363e-01 9.933848898226044222e-01
-5.096693425260062638e-02 -2.974816363335506253e-01 9.533661666207980945e-01
-7.209011163696951718e-02 -5.061772090545465508e-01 8.594112221968603915e-01
-2.096671665507714079e-03 -7.278776409186401564e-01 6.857038309785641328e-01
2.364849298359004703e-01 -8.846317480741933137e-01 4.018725522596695576e-01
6.855991267299373915e-01 -7.245616901554199352e-01 7.045704071494596210e-02
9.951974402413024112e-01 -6.766541838354951655e-02 7.073504147251856444e-02
8.649337977238802377e-01 3.385367106235735446e-01 3.705164248924862069e-01
6.327244412035031296e-01 4.121598277399513566e-01 6.555791774462216281e-01
4.242213127389305449e-01 3.340062601012608878e-01 8.417102209378696243e-01
2.554840919153203993e-01 2.028938074317329643e-01 9.452840745955841673e-01
1.221412228467456396e-01 5.196657553102983218e-02 9.911513490426770989e-01
-3.128898313409569920e-02 -8.755327272223115131e-02 9.956683303038591504e-01
-1.352641036014104459e-01 -2.844107513036948087e-01 9.491122941042174910e-01
-2.220961826648231163e-01 -5.044117190027084252e-01 8.344112315749728781e-01
-2.643849956146268609e-01 -7.492278787056744216e-01 6.072546087630873446e-01
-1.889102378703519103e-01 -9.660818975227279948e-01 1.760644464582412916e-01
1.774390550679526002e-01 -8.241101118648593848e-01 -5.379199803490504195e-01
7.165787049858679536e-01 4.008778182426150360e-01 -5.707993819213889042e-01
6.255232600431153145e-01 7.712914597234946656e-01 1.176015956638958304e-01
4.773765304077370875e-01 6.719405112068059793e-01 5.662222157554333002e-01
3.357299396824946491e-01 4.806197618282674888e-01 8.101173076418716201e-01
2.035048211404318352e-01 2.854183494218317518e-01 9.365479985488817105e-01
8.164221242722800864e-02 9.829442077145385259e-02 9.918027807962761511e-01
-8.037321407566898335e-02 -4.604374512414560749e-02 9.957008185163499503e-01
-2.076160164940514530e-01 -2.228295308979292566e-01 9.524928292932050011e-01
-3.565184286207468412e-01 -4.017515914730963589e-01 8.434988256083140179e-01
-5.321247504622539370e-01 -5.682278036378163311e-01 6.276626586936963070e-01
-7.391727856827946530e-01 -6.322372832308157387e-01 2.321628966886269685e-01
-9.033293134564666094e-01 -2.506650362450737468e-01 -3.480850342294722899e-01
-4.377814314352792002e-01 8.153157680296084786e-01 -3.789559561384260311e-01
1.905705377267669087e-02 9.789888110395803533e-01 2.030215174822450341e-01
1.721343612976722615e-01 7.828573791941582094e-01 5.979164536135862518e-01
1.772655471834728991e-01 5.453306260089243462e-01 8.192627381484258731e-01
1.178312568673983429e-01 3.281065237079923147e-01 9.372629855090396367e-01
2.831079249923940111e-02 1.340791737086767799e-01 9.905661382288470929e-01
-1.118231358046628404e-01 -3.082763443551345909e-03 9.937233432240459852e-01
-2.383462901256576116e-01 -1.370494181589269889e-01 9.614616492432744854e-01
-4.023326644521927342e-01 -2.468927025330691638e-01 8.815738315936491043e-01
-6.058254416856150293e-01 -3.015862601556166811e-01 7.362209327992372820e-01
-8.272826895551552706e-01 -2.196424239410239565e-01 5.170691995929641571e-01
-9.485219102653531520e-01 1.271987927763654769e-01 2.900459495714144964e-01
-7.066327196083033169e-01 6.563601122400302135e-01 2.643134552746141397e-01
-3.058598975844411538e-01 8.160867495857375697e-01 4.903591950807664190e-01
-5.906182565356702524e-02 6.990732555457042086e-01 7.126066826315997638e-01
3.433347824796211673e-02 5.073016734063342525e-01 8.610843306149135179e-01
3.449642638180016457e-02 3.180226662725557096e-01 9.474553183679778057e-01
-1.975450368181121477e-02 1.480547195026214458e-01 9.887818564361118279e-01
-1.181922633083366675e-01 2.632677321435451454e-02 9.926416724610034326e-01
-2.234763855798541921e-01 -6.332207179034543554e-02 9.726503073110824849e-01
-3.604616546470558736e-01 -1.173590630598303763e-01 9.253616838008639212e-01
-5.189971516592024603e-01 -1.103418163001779334e-01 8.476241148912683210e-01
-6.634961647340270607e-01 -4.531669083966470384e-03 7.481659597699968911e-01
-7.145240252926011726e-01 2.183730562408060516e-01 6.646567727689876026e-01
-5.863487998022136605e-01 4.764931161198756593e-01 6.550949513321572271e-01
-3.466589957438017677e-01 5.837858795196845252e-01 7.341808956539997988e-01
-1.493173252460686662e-01 5.317256180428692192e-01 8.336499286261019881e-01
-4.487321939580848212e-02 4.073074720133229576e-01 9.121880384127114549e-01
-1.872430431559038780e-02 2.688307324041407931e-01 9.630054193736078405e-01
-4.790435212643510271e-02 1.391450620275944405e-01 9.891126451323284385e-01
-1.008231132734695307e-01 3.494081529373595230e-02 9.942906211246519410e-01
-1.776121930705737706e-01 -2.229121292473729490e-02 9.838480628120269689e-01
-2.732519654449573343e-01 -4.655824029346568999e-02 9.608151193862581874e-01
-3.744675264450690877e-01 -2.332625996080084016e-02 9.269465773356933003e-01
-4.538759081245072324e-01 5.836750141909874401e-02 8.891512215603442071e-01
-4.707202797448437614e-01 1.889981075876033256e-01 8.618016787899803743e-01
-3.971531077056276171e-01 3.200865408364759190e-01 8.601244185669320030e-01
-2.625890962770829340e-01 3.824644030425756180e-01 8.858712925259981663e-01
-1.362365869362434367e-01 3.624165876991495838e-01 9.220053195836208637e-01
-5.818654702078597529e-02 2.918419156599943998e-01 9.546950413664527790e-01
-3.265433299102141890e-02 2.025792097801991376e-01 9.787212873447574957e-01
-5.010452777636710542e-02 1.132048435988983470e-01 9.923075126602622920e-01
-6.575863116338384606e-02 2.363693529763053608e-02 9.975555612181405962e-01
-1.168822427058188590e-01 -1.635633822653212791e-02 9.930110832915410857e-01
-1.739141256132421820e-01 -3.172658171408969385e-02 9.842496131190290320e-01
-2.264222914869763181e-01 -1.450583579854768448e-02 9.739212117238003064e-01
-2.591405314541895266e-01 3.677257486915522233e-02 9.651393488482075123e-01
-2.551540827167356196e-01 1.110535814120318515e-01 9.605016898103534428e-01
-2.079042542545289918e-01 1.826469490502096449e-01 9.609453226201113418e-01
-1.338926845993823889e-01 2.227132968971231031e-01 9.656456577834221511e-01
-6.465923331882518499e-02 2.216201465260771442e-01 9.729869959050655437e-01
-2.208309722051592441e-02 1.883810951420472057e-01 9.818476968502973801e-01
-1.138501672017109070e-02 1.366142933058532294e-01 9.905588908585158947e-01
-2.824158582962648864e-02 7.813841838095460235e-02 9.965424227812694769e-01
-2.146992585989652286e-02 -2.344861328123016338e-03 9.997667447504517968e-01
-5.382143646332656489e-02 -3.949323491176900958e-02 9.977692806322021601e-01
-7.964220504448409066e-02 -6.055324881629502859e-02 9.949826245887337661e-01
-9.246566091918928532e-02 -5.892163546886669545e-02 9.939709967722852868e-01
-8.716473419265610700e-02 -3.306090593716362602e-02 9.956451604923026721e-01
-6.263148433001122783e-02 1.130280380163624539e-02 9.979727169601521064e-01
-2.480522129483993254e-02 6.076347884863265991e-02 9.978439259898044256e-01
1.377359568617923628e-02 9.909266355681320415e-02 9.949828803005064115e-01
3.991267011275174970e-02 1.158427784924136172e-01 9.924653290849112519e-01
4.691829861418433251e-02 1.088637491845532573e-01 9.929488191083228887e-01
3.548083896518713920e-02 8.173105634777028117e-02 9.960226626410674244e-01
1.055878570923109855e-02 4.150700049715540935e-02 9.990824195000735930e-01
3.559608476342698141e-02 -2.923069773823972275e-02 9.989386793288483890e-01
3.562126585543021889e-02 -8.775178024249544184e-02 9.955052739604488554e-01
5.318800292966952697e-02 -1.304233497535251252e-01 9.900306996166595708e-01
8.820239328308887572e-02 -1.455760349880818594e-01 9.854075075095816150e-01
1.338444651175889621e-01 -1.252352377829248908e-01 9.830573708460882409e-01
1.745384812357385074e-01 -7.071540826829722515e-02 9.821077586503921264e-01
1.930128183318131352e-01 2.205486261030220000e-03 9.811937564976448423e-01
1.829918452520908623e-01 6.846608578273881418e-02 9.807274747190725117e-01
1.520496424002175107e-01 1.075344102441735256e-01 9.825056014391809756e-01
1.133612524245758701e-01 1.114157180743687997e-01 9.872870728489897552e-01
7.749672170517017677e-02 8.317187851464157011e-02 9.935173359077764665e-01
5.049086833649019113e-02 3.217371538482880627e-02 9.982061531832790990e-01
8.195683534417781690e-02 -5.133509964213132937e-02 9.953129079265186085e-01
9.466888002846290950e-02 -1.367008227096098427e-01 9.860784391845723862e-01
1.450604293442060988e-01 -2.085076811421156251e-01 9.672031941340939465e-01
2.329067811900125129e-01 -2.471836345634709775e-01 9.405608338006147262e-01
3.419532693406036605e-01 -2.303104077830318841e-01 9.110571209612133847e-01
4.323427657333670515e-01 -1.490781080139691739e-01 8.893005401038733826e-01
4.606498785431688003e-01 -2.938698321528362273e-02 8.870953131516760015e-01
4.168653713211972756e-01 7.884110116611359187e-02 9.055425682761508721e-01
3.284224566473338824e-01 1.388165062631226965e-01 9.342744069911338434e-01
2.325971660085306703e-01 1.428840692619227637e-01 9.620201147148326193e-01
1.540090007999222466e-01 1.023039735589968829e-01 9.827589351751887525e-01
1.027413740457361474e-01 3.276637289153476462e-02 9.941682829716164127e-01
1.052662554624693853e-01 -7.675820001354161093e-02 9.914772787066674642e-01
1.243150387252464767e-01 -2.068854987633596543e-01 9.704350372632855048e-01
2.015591008366190429e-01 -3.274070429925389769e-01 9.231351781125103351e-01
3.438570618472929219e-01 -4.061416180591608804e-01 8.466470971414590263e-01
5.316700349551963800e-01 -3.906866152913023305e-01 7.514592088483369459e-01
6.927992908646510850e-01 -2.469795436745977069e-01 6.775177101624285658e-01
7.386079156584728356e-01 -2.611552484428992030e-02 6.736292201862729145e-01
6.523181125930358482e-01 1.593881164935989081e-01 7.409969691595574837e-01
4.943774095468668750e-01 2.429570490699115848e-01 8.346034083545237348e-01
3.350675162831113219e-01 2.299433970172174435e-01 9.137044345410771928e-01
2.121560214808932421e-01 1.552876758910327337e-01 9.648189261544353190e-01
1.355087501118508730e-01 4.759621742738234795e-02 9.896322441845452067e-01
9.750409834628827321e-02 -1.005448020086196909e-01 9.901432692265765834e-01
1.114393240338678731e-01 -2.876265262874480588e-01 9.512372251098616394e-01
1.964095961401445822e-01 -4.739149193404024740e-01 8.583868124398472688e-01
3.751117515900607713e-01 -6.143789188671261448e-01 6.941395521584271533e-01
6.411137970698462807e-01 -6.071660460594402453e-01 4.693852274190419283e-01
8.906795100634651297e-01 -3.564710098316918874e-01 2.821673785232963194e-01
9.601227972114664277e-01 4.555607903863524016e-02 2.758420887708668556e-01
8.231345500870200782e-01 3.450351219284608639e-01 4.509991985457025288e-01
5.972482158507786965e-01 4.362540262160130022e-01 6.730356552764433786e-01
3.874159087802904744e-01 3.738929295940922048e-01 8.426820223687745415e-01
2.338456457412972922e-01 2.390736953792754471e-01 9.424224011267815504e-01
1.390352151894346244e-01 7.615103238604400970e-02 9.873551687229110696e-01
5.746617085672440367e-02 -1.153294248282056983e-01 9.916636339888088569e-01
4.969359330775462852e-02 -3.559136725602103923e-01 9.331966590536439066e-01
1.037164787784072978e-01 -6.080650148104158603e-01 7.870831149207634381e-01
2.562144554821995657e-01 -8.220745935230014956e-01 5.084756783622600418e-01
5.320671103548040293e-01 -8.422517678255310170e-01 8.669803731017775017e-02
8.356598403912534057e-01 -4.569570200143906469e-01 -3.047341677869833121e-01
9.237029464553419000e-01 2.170032703553428921e-01 -3.157252719767997817e-01
7.666666403156785492e-01 6.395503265099258261e-01 5.654770099758177349e-02
5.409414136132099094e-01 6.937491682998301323e-01 4.754939311089274590e-01
3.447405616458279476e-01 5.457618146706838536e-01 7.637394757399077472e-01
2.020053339042600649e-01 3.343280899512956483e-01 9.205534060247378969e-01
1.087301214328533217e-01 1.120025690281777619e-01 9.877414566698724530e-01
-5.570662267373368767e-03 -1.135906525630093339e-01 9.935120187356581978e-01
-4.895053733040634347e-02 -3.808781449748712133e-01 9.233285891683145064e-01
-6.915487248457584391e-02 -6.658111379924556150e-01 7.429085624333831017e-01
-3.810043332725216586e-02 -9.229579289130162012e-01 3.830104677901647880e-01
8.251540634174973909e-02 -9.755949956181712013e-01 -2.034836903563025379e-01
2.717675608863108216e-01 -5.094756899796268890e-01 -8.164416171225459262e-01
3.555607698440819697e-01 4.295818082321242737e-01 -8.300819290792115224e-01
3.293263296739569745e-01 9.129771732561996478e-01 -2.408668713140353634e-01
2.693677618366233650e-01 8.999508126712910672e-01 3.428258211620504592e-01
1.925846253994577817e-01 6.727813170767753537e-01 7.143363783626242025e-01
1.164168194499573677e-01 4.034656280349320778e-01 9.075585992890718989e-01
5.002074547367237750e-02 1.422771002246526473e-01 9.885621638389288091e-01
-7.192167885799709282e-02 -9.335582537777936674e-02 9.930317024034489570e-01
-1.497097895195570461e-01 -3.446919194349868931e-01 9.267008468746525951e-01
-2.546766600754921117e-01 -6.031536899694892595e-01 7.558739478834887171e-01
-3.850366773890225858e-01 -8.231782307382338182e-01 4.172821078166243369e-01
-5.239130963408618058e-01 -8.424061365131341184e-01 -1.259641562015893779e-01
-6.206570415815240160e-01 -3.903325305081873364e-01 -6.800186411874137304e-01
-5.368211516624399327e-01 4.802797141393884695e-01 -6.936529732611126375e-01
-2.879865627375423620e-01 9.442278326522488552e-01 -1.596794906288219740e-01
-9.434886970470945933e-02 9.196082952269353239e-01 3.813382673365715569e-01
-7.330153684720493688e-03 6.850446446531456290e-01 7.284642089210625615e-01
6.832962562452043857e-03 4.132407153667875810e-01 9.105961902982849798e-01
-1.922975258756675146e-02 1.544039333158881144e-01 9.878206527462389808e-01
-1.196557565398136264e-01 -6.205736355861873887e-02 9.908740502985416976e-01
-2.123911849389433781e-01 -2.624627510118192619e-01 9.412774770977644367e-01
-3.612384541257877557e-01 -4.490688810263598896e-01 8.172171800412518783e-01
-5.713207304076600712e-01 -5.755448515118594122e-01 5.850989206148298205e-01
-8.155031914243126012e-01 -5.243958044716269251e-01 2.448746312489566701e-01
-9.848580085174044596e-01 -1.617113718714344728e-01 -6.248307984220625305e-02
-9.100559247568152932e-01 4.076170369031557050e-01 -7.514362941307105304e-02
-6.194613020639184731e-01 7.541548706506613353e-01 2.179865278387043970e-01
-3.334814801024030273e-01 7.602805053108607769e-01 5.574617975009458215e-01
-1.581510089266367769e-01 5.849285150655928467e-01 7.955167444112294373e-01
-8.293447048443296221e-02 3.631829879390119920e-01 9.280193914337887540e-01
-7.586463815083241413e-02 1.452025653283509632e-01 9.864891138275843074e-01
-1.358740717835769940e-01 -3.229498458426542651e-02 9.901996114863522713e-01
-2.200770319493551008e-01 -1.722122109351960084e-01 9.601609523476734021e-01
-3.592305952120514734e-01 -2.843665901999362644e-01 8.888695190193357520e-01
-5.498266547772574508e-01 -3.325132973204052989e-01 7.662411870955464499e-01
-7.547300694016615408e-01 -2.551920143231428684e-01 6.043670723713109316e-01
-8.815540877701333322e-01 -1.452204094290761305e-02 4.718596196567453882e-01
-8.309083905398911840e-01 3.067837012668955254e-01 4.641928555755787666e-01
-6.211812552587179237e-01 5.178219910346069099e-01 5.882127452853814775e-01
-3.842948513719290915e-01 5.394100540677374545e-01 7.492357845028739805e-01
-2.139952056460371344e-01 4.343029558647833466e-01 8.749782822948254379e-01
-1.254269344004616538e-01 2.814148493636516868e-01 9.513536496406240772e-01
-1.034614310528176040e-01 1.211791487380338567e-01 9.872240607864096740e-01
-1.197194642969735823e-01 -1.319879890767717417e-02 9.927200217462405218e-01
-1.820346481458824661e-01 -1.039557073497928141e-01 9.777814672941186336e-01
-2.827445920762935438e-01 -1.653044305701410199e-01 9.448438711689521874e-01
-4.130661957604661594e-01 -1.750264242452597985e-01 8.937237093956091893e-01
-5.427062468647627647e-01 -1.088535834382139827e-01 8.328390162490156845e-01
-6.162867646471404948e-01 3.488108454600867547e-02 7.867489648303470640e-01
-5.854590385368582117e-01 2.067608768602408886e-01 7.838926291243827338e-01
-4.605645569330985012e-01 3.245297402029860279e-01 8.261723407502632455e-01
-3.083914770619921031e-01 3.468663406573540553e-01 8.857643245212061256e-01
-1.875228622724315064e-01 2.927733045108441012e-01 9.376134428915551267e-01
-1.180324956374140394e-01 1.990353628083249282e-01 9.728582909783614063e-01
-9.741906087117059576e-02 9.185596442344136359e-02 9.909954633492644716e-01
-7.818240702465414915e-02 -7.454300561375954912e-03 9.969112019809097669e-01
-1.162925100701233672e-01 -6.820084755482341832e-02 9.908706759685694809e-01
-1.735554337952920356e-01 -1.043455046861164887e-01 9.792806171123277226e-01
-2.424423477695501761e-01 -1.032685384994629224e-01 9.646539882072547867e-01
-3.057380500276741797e-01 -5.744437429639277781e-02 9.503811806990755118e-01
-3.374671838089747800e-01 2.642709400930856947e-02 9.409662632391557757e-01
-3.179796884501853715e-01 1.211971026089276871e-01 9.403191905158068131e-01
-2.536017604894433841e-01 1.900966605846353963e-01 9.484457848033515104e-01
-1.746054289513441216e-01 2.117532854706172807e-01 9.615994437774838532e-01
-1.098477360885440207e-01 1.885458833833626169e-01 9.759015958258151491e-01
-7.218447262692935518e-02 1.344820844756523803e-01 9.882833454362367487e-01
-6.254635951472704847e-02 6.454899489316801020e-02 9.959524989525337935e-01
-2.215292998966373120e-02 -1.368290114815294729e-02 9.996609554789356311e-01
-3.911928493614444391e-02 -6.397656971304963025e-02 9.971843761681293827e-01
-5.695389710445074305e-02 -9.496824801991235465e-02 9.938497298247068734e-01
-7.218014231040426054e-02 -9.739042973814891757e-02 9.926253730645069329e-01
-8.030315254324232876e-02 -6.779569676260142896e-02 9.944622402042763154e-01
-7.700789065931139266e-02 -1.205312150932792703e-02 9.969576254977385865e-01
-6.139044831714100120e-02 5.333176219087346071e-02 9.966879832711021958e-01
-3.855022919784911045e-02 1.069687134708015436e-01 9.935147579010628061e-01
-1.741309514026756142e-02 1.333249519449484777e-01 9.909193919318123323e-01
-4.725475374435051355e-03 1.278967597153542746e-01 9.917762291650376039e-01
-2.398120005519109154e-03 9.490969124974464599e-02 9.954829981105960401e-01
-9.015042442045708218e-03 4.366547544890816285e-02 9.990055331496626723e-01
4.523399331974681248e-02 -1.512338138186110521e-02 9.988619369982812968e-01
7.007289938208426106e-02 -7.226788411516057997e-02 9.949206710575929646e-01
1.064351863122235398e-01 -1.088583321790020791e-01 9.883427617126988585e-01
1.491927534265136135e-01 -1.135176459498097312e-01 9.822704649855942272e-01
1.877908184360191080e-01 -8.036511173974444922e-02 9.789157559903586270e-01
2.068956559283689489e-01 -1.504077884246153574e-02 9.782473933161194291e-01
1.953138063784960188e-01 6.231339127631845692e-02 9.787591932163804964e-01
1.565247663513901766e-01 1.249975098825022168e-01 9.797324226756115584e-01
1.073260167541607857e-01 1.542492796848377867e-01 9.821854640771404688e-01
6.548302343685098725e-02 1.461129587386662265e-01 9.870982610308777216e-01
4.062347827533326072e-02 1.073467313944783813e-01 9.933913691349285369e-01
3.455800794299097867e-02 4.927838827949310163e-02 9.981870488718915801e-01
9.725683398457575513e-02 -1.791115805609506950e-02 9.950981351908660955e-01
1.443239938283417956e-01 -9.967875161971798126e-02 9.844971971930450705e-01
2.247375261422479009e-01 -1.573857469093621897e-01 9.616250677957780546e-01
3.305130833066242113e-01 -1.713276070068623924e-01 9.281206564022045358e-01
4.367409331437205333e-01 -1.234121285417856401e-01 8.910818165833683802e-01
5.008480103270165351e-01 -1.592832780467932918e-02 8.653886750615876755e-01
4.878746088089755406e-01 1.142270662445708101e-01 8.654077324687236006e-01
4.016533440998510396e-01 2.134722777307387354e-01 8.905639661550786013e-01
2.835206201406020865e-01 2.489850928142747777e-01 9.260790903110555083e-01
1.789026996477527942e-01 2.234843311560814616e-01 9.581485155164988221e-01
1.114728404195450551e-01 1.579106327681848443e-01 9.811411916271498557e-01
8.537049650449601845e-02 7.240059892212971637e-02 9.937152668658633115e-01
1.280300429300625376e-01 -3.408326253180905124e-02 9.911844628132978618e-01
1.962905709096175455e-01 -1.624241748799669927e-01 9.669996893414833927e-01
3.199809347473757115e-01 -2.654279766043787792e-01 9.094834746348545718e-01
4.931630076398299534e-01 -3.069940365424775330e-01 8.139686169767152979e-01
6.770491665828812788e-01 -2.387765461042442861e-01 6.961251231351820445e-01
7.928350365648719755e-01 -4.889678848233319081e-02 6.074715704222537482e-01
7.734747136952155877e-01 1.907737172835303197e-01 6.044354854472893113e-01
6.265940941246751494e-01 3.650878370828132824e-01 6.885424550615997230e-01
4.290045894660007852e-01 4.114462913544309486e-01 8.041560865576684591e-01
2.600890468751859697e-01 3.510922574131731255e-01 8.994931430978750919e-01
1.545056252245092798e-01 2.360530684423457481e-01 9.593784241126773749e-01
1.130904656994217022e-01 1.021511382127946177e-01 9.883196302460631744e-01
1.279287000516126094e-01 -6.238224329323283079e-02 9.898195307351629335e-01
2.082889168858338691e-01 -2.546513167474561135e-01 9.443349162142330444e-01
3.576339523660649333e-01 -4.274662021933997025e-01 8.302834468405213553e-01
5.783180046120958151e-01 -5.225539068846921653e-01 6.264867915136551613e-01
8.251304384238634659e-01 -4.368865424073148374e-01 3.581758069019056467e-01
9.815872172072804824e-01 -1.211747180448108779e-01 1.476591437129608220e-01
9.452073736833557227e-01 2.951501458993280869e-01 1.395328352403107652e-01
7.383013109849858591e-01 5.827724272872308875e-01 3.395400892259829440e-01
4.798492370222419701e-01 6.354033554635605263e-01 6.049853598185777059e-01
2.734305625123576444e-01 5.171026559922382582e-01 8.110737146831851208e-01
1.523141744682496024e-01 3.313840259547808365e-01 9.311203035043672527e-01
1.083044166596941887e-01 1.335440074405001287e-01 9.851071776252214862e-01
9.318164689546078183e-02 -9.576002850647905018e-02 9.910333988429849139e-01
1.654112785349188264e-01 -3.527074982132686332e-01 9.209975730899703228e-01
2.955236204807967781e-01 -6.036584528497020985e-01 7.404473391409859273e-01
4.931332901237004407e-01 -7.716784815600074010e-01 4.016613987788724693e-01
7.225725912832769993e-01 -6.879046964877804093e-01 -6.838112953315146625e-02
8.602478229195624770e-01 -2.346348757170657051e-01 -4.526810778676484404e-01
7.916874657762780210e-01 3.970168882508144370e-01 -4.643366741668727427e-01
5.766904055215485991e-01 8.114256339104823912e-01 -9.495586770923737652e-02
3.474422711470428471e-01 8.614420408274708896e-01 3.704071793515398836e-01
1.816906022422156153e-01 6.764837241351583375e-01 7.136934187990638945e-01
9.322342845977918402e-02 4.178271042086981746e-01 9.037311012545728994e-01
6.833219452931418858e-02 1.577056649147494105e-01 9.851190965790106446e-01
3.073437083268510880e-02 -1.218370112331020605e-01 9.920741611106006497e-01
7.154852272101593080e-02 -4.169672699847298825e-01 9.061010455009516074e-01
1.280756875412268625e-01 -7.186215624962153381e-01 6.835054265888347302e-01
2.042945886084074902e-01 -9.447448838594529885e-01 2.563607331217426788e-01
2.826782474375095777e-01 -8.902775717032851421e-01 -3.570698163493491450e-01
2.957421788775024263e-01 -3.712839427819822347e-01 -8.801618018665910981e-01
1.946349974783742887e-01 4.114250088387945703e-01 -8.904193842558671967e-01
8.690635257606292574e-02 9.182961645687413021e-01 -3.862375435147122893e-01
2.208965652551669531e-02 9.751787252666445083e-01 2.203145498188782692e-01
-7.913016520838044715e-03 7.559938198629311268e-01 6.545309224922690738e-01
-1.258424343898771787e-02 4.579388491680436157e-01 8.888946209983038527e-01
2.064458575386760291e-03 1.637984048263010362e-01 9.864916728422585823e-01
-4.022479663185721949e-02 -1.297196213949566579e-01 9.907344677365045316e-01
-4.074389190871696709e-02 -4.166446971164398660e-01 9.081558961086423354e-01
-7.912867355616691467e-02 -7.118847368201673964e-01 6.978243149272975732e-01
-1.657842893890451030e-01 -9.404044230840701291e-01 2.969092292867856475e-01
-3.025184306508170162e-01 -9.119624219585772407e-01 -2.771410111333832971e-01
-4.629775427353308159e-01 -4.468169735096279016e-01 -7.655105401667960940e-01
-5.573652081556443871e-01 2.961154156781915514e-01 -7.756672516842176845e-01
-4.928434406280650659e-01 8.137108548599149005e-01 -3.081882342222815319e-01
-3.486714495326211360e-01 8.999631022079260800e-01 2.617147969548636599e-01
-2.178418525873704603e-01 7.072571678414740770e-01 6.725564852100989199e-01
-1.268901555350654686e-01 4.280101304351952018e-01 8.948218910337236709e-01
-6.957097381366245115e-02 1.465339812355961335e-01 9.867561360061740672e-01
-9.604574538284874063e-02 -1.178098495722437189e-01 9.883805209218069487e-01
-1.270135670825855434e-01 -3.549936334431933460e-01 9.262003422541867925e-01
-2.293901452557519927e-01 -5.910771714485442141e-01 7.733097300900299009e-01
-4.176789811003824848e-01 -7.639686305078671191e-01 4.918294423343356203e-01
-6.724457505071509411e-01 -7.328760463816764714e-01 1.034862950581081908e-01
-8.994195430849450945e-01 -3.817014772403217737e-01 -2.129517968682244633e-01
-9.611305433039520896e-01 1.654704714914500829e-01 -2.210149356777364460e-01
-8.129722888194225172e-01 5.768518454242145266e-01 7.948588580622414912e-02
-5.678357361540565806e-01 6.791617993823618749e-01 4.650826023472522941e-01
-3.507903425984766344e-01 5.536291158837870485e-01 7.552754051241161726e-01
-2.045242492415478008e-01 3.407345513161551542e-01 9.176436111103069004e-01
-1.226800566191227071e-01 1.123011311032893339e-01 9.860720357361574262e-01
-1.206712150440276549e-01 -9.352107557543148930e-02 9.882774237444875709e-01
-1.605893863651648990e-01 -2.642614382588939215e-01 9.509873507235424572e-01
-2.733289897780509792e-01 -4.228080477188242980e-01 8.640165612597285882e-01
-4.652988236932704691e-01 -5.242109588199974635e-01 7.132319926382050257e-01
-7.045614939583811909e-01 -4.869959686064751492e-01 5.161666666806276060e-01
-8.954486931546525863e-01 -2.599647323985992409e-01 3.613723506807486330e-01
-9.317419564904448892e-01 7.584634148737935677e-02 3.551116148457324484e-01
-7.954846612079872203e-01 3.425571168427395952e-01 4.998587555331975296e-01
-5.736493002457969670e-01 4.324128232244415782e-01 6.956620089084456504e-01
-3.679364185274305865e-01 3.716514047573134527e-01 8.523485350859075771e-01
-2.234279175134944173e-01 2.361914868114343702e-01 9.456709508245242368e-01
-1.425890661190779285e-01 7.523398665033907695e-02 9.869185404459555055e-01
-1.106448755020769670e-01 -6.609984044378981738e-02 9.916594791653199348e-01
-1.422420106561839981e-01 -1.779431732422664392e-01 9.737060323839915599e-01
-2.280797099897734492e-01 -2.723368637016049254e-01 9.347792672926443780e-01
-3.669366247876523213e-01 -3.214976296122877830e-01 8.729242736590262508e-01
-5.307298143032475046e-01 -2.878989884775398633e-01 7.971449282553572102e-01
-6.555697333709217256e-01 -1.562159709601614876e-01 7.387996312295888046e-01
-6.782157190113357048e-01 2.889987486631702407e-02 7.342943794682305070e-01
-5.901921790330655337e-01 1.827908423001490812e-01 7.862955549787953302e-01
-4.426718524002344890e-01 2.483409287209684679e-01 8.616080397805674362e-01
-2.981116918468137977e-01 2.271468151286016868e-01 9.271104268430839790e-01
-1.904381711347402084e-01 1.508741284453214704e-01 9.700362366121769719e-01
-1.277205215263145510e-01 4.749907834586650918e-02 9.906721485624573331e-01
-7.198998709780579652e-02 -4.176030712558714136e-02 9.965307413755228882e-01
-8.707627128338170375e-02 -1.139577530871667410e-01 9.896622421264396063e-01
-1.331257839393385212e-01 -1.680647628667238658e-01 9.767454945548268430e-01
-2.076543474063471395e-01 -1.884134951925779677e-01 9.598854238045897436e-01
-2.944481914878286366e-01 -1.609345260089476426e-01 9.420192890104968075e-01
-3.613316993162610236e-01 -8.483302099578314548e-02 9.285702782331166638e-01
-3.772373432743582056e-01 1.631469287898024145e-02 9.259729032944600258e-01
-3.368393495179031749e-01 1.036055918520700225e-01 9.358446099397966789e-01
-2.631395189286673819e-01 1.479587123751143762e-01 9.533445405572410492e-01
-1.860154329670589690e-01 1.436163727475528173e-01 9.719941338181582458e-01
-1.243249651439185116e-01 1.008676863126552886e-01 9.871013184571952870e-01
-8.534238759926887630e-02 3.436386162868787508e-02 9.957589075136606960e-01
-1.566795294269663838e-02 -2.392265382736663559e-02 9.995910273129035017e-01
-1.153870039735824249e-02 -7.800837190207775274e-02 9.968859274291983485e-01
-1.661367353788830575e-02 -1.137367284790697375e-01 9.933720060714799072e-01
-3.157205857339418636e-02 -1.208896182916409656e-01 9.921637492403740932e-01
-5.348361337921177239e-02 -9.450762849924801423e-02 9.940864204159191031e-01
-7.503463473257654393e-02 -3.901728113210710391e-02 9.964173098474577994e-01
-8.770087138213365774e-02 2.944519121660596137e-02 9.957115736361744629e-01
-8.740419690127160246e-02 8.843798619849732590e-02 9.922395018145837575e-01
-7.646331202260597815e-02 1.203269146269962953e-01 9.897852269714120244e-01
-6.004972424918739171e-02 1.188015611132440669e-01 9.911005093807033761e-01
-4.253353795532452408e-02 8.744617477912894343e-02 9.952608023354860833e-01
-2.686001460594883775e-02 3.572573022856535829e-02 9.990006065138770097e-01
4.565204005861408371e-02 4.955874439959561707e-03 9.989451088758717345e-01
9.183713277371165218e-02 -3.516942552322665366e-02 9.951527784979959934e-01
1.406190696801668250e-01 -5.401321826197635206e-02 9.885893229725239983e-01
1.826800733713907776e-01 -4.366394467450703670e-02 9.822023471405844086e-01
2.057298441352828355e-01 -2.384255419184859622e-03 9.786059199484635762e-01
1.975571299740396247e-01 6.036099753490321157e-02 9.784312599120045251e-01
1.553573155411940854e-01 1.236667512901690885e-01 9.800870569154526146e-01
9.294759866545268534e-02 1.649046741457336485e-01 9.819201557902822453e-01
3.442686747224257132e-02 1.728632288852117171e-01 9.843439921568732931e-01
-1.345446238205679716e-03 1.506421893050305105e-01 9.885874369906763048e-01
-8.443659914244209044e-03 1.081865207773432813e-01 9.940947547036808052e-01
9.661612007189518056e-03 5.620284721291331914e-02 9.983726224304071417e-01
9.124523535796127960e-02 2.379952121692363240e-02 9.955440170149718604e-01
1.667688055157030835e-01 -3.149753950740564329e-02 9.854928059158170051e-01
2.640110608707301743e-01 -5.545323697402960300e-02 9.629242432543909658e-01
3.686076809211512040e-01 -3.363544903482151155e-02 9.289763366922383359e-01
4.514088595741658216e-01 4.270577966602903675e-02 8.912947087698154247e-01
4.736843092028908964e-01 1.596206099063515738e-01 8.661087899958489489e-01
4.140262496152625760e-01 2.736932504238498431e-01 8.681441523744245492e-01
2.933645480092831326e-01 3.353962232746552918e-01 8.952355083353342735e-01
1.650696962314182337e-01 3.262133101113937061e-01 9.307721910823557598e-01
7.438533984232957585e-02 2.655455963002779085e-01 9.612244053820473422e-01
3.603056561248564604e-02 1.829066771303525796e-01 9.824698192834089294e-01
4.495979991989050573e-02 9.846290954685656127e-02 9.941245756114913679e-01
1.237306558983807259e-01 2.159643164327149784e-02 9.920808026220152565e-01
2.355764465923191053e-01 -7.047647119547237327e-02 9.692970673734456755e-01
3.897174308936676712e-01 -1.243366469743713565e-01 9.125024505593557489e-01
5.687356840591760720e-01 -1.096134679824534858e-01 8.151837886725977755e-01
7.208332475247630766e-01 7.756525200259896564e-03 6.930651236208972277e-01
7.688242272040090031e-01 2.183100037471946975e-01 6.010408055432366892e-01
6.702027224440780806e-01 4.378306531604957419e-01 5.992767557494563802e-01
4.648154801595074659e-01 5.562392271706994018e-01 6.888718977869914273e-01
2.515266156177396462e-01 5.321976639096772654e-01 8.083934736036286761e-01
1.072392388148940279e-01 4.155935756004871529e-01 9.032063582470998275e-01
4.780479031741582258e-02 2.726358934758689179e-01 9.609289108000035329e-01
5.854103386344637616e-02 1.377874964449206374e-01 9.887302732179402698e-01
1.340952359646618297e-01 -4.911743436970371877e-03 9.909562767690551777e-01
2.795663847286998793e-01 -1.543923004014165212e-01 9.476316025262838671e-01
4.822381015159244999e-01 -2.699678053130120658e-01 8.334049421144384961e-01
7.246753821092581926e-01 -2.968421345973818459e-01 6.218764649771533204e-01
9.291323832210885980e-01 -1.479068976517919076e-01 3.388754403566422990e-01
9.743901304935006502e-01 1.919031681528632349e-01 1.172051519763091104e-01
8.092779272120683709e-01 5.772824851253192113e-01 1.086930029710057866e-01
5.135331961441197413e-01 7.957963372025241844e-01 3.209234272424722478e-01
2.352601366120422866e-01 7.634424023678693105e-01 6.015050842578453238e-01
6.865862990640143881e-02 5.780048760169317346e-01 8.131398132178820903e-01
1.505940755580860435e-02 3.615012096130014729e-01 9.322500145842967934e-01
4.404041106474349682e-02 1.655677349412219834e-01 9.852145793377827809e-01
1.160735063160827502e-01 -5.096185796387042721e-02 9.919323717695543996e-01
2.751702286113383855e-01 -2.660473310927318757e-01 9.238507254445611494e-01
4.835605618042423393e-01 -4.672100783897880083e-01 7.401918168411353305e-01
7.213423984099688324e-01 -5.763495322839498058e-01 3.840395303770774427e-01
8.943472806210180925e-01 -4.339732034995466003e-01 -1.086747454110718464e-01
8.678332343829643358e-01 2.543466315788594015e-02 -4.962041467082606294e-01
6.228790452094760122e-01 5.951064471752655072e-01 -5.078090306102490681e-01
2.965224850783824140e-01 9.455454778976837282e-01 -1.342317587987427729e-01
4.735067507602226666e-02 9.339338981078380009e-01 3.542956216705187011e-01
-6.333045503522789776e-02 6.987422038129377233e-01 7.125647942999239204e-01
-6.489342511320271567e-02 4.213609672539070372e-01 9.045682830234096361e-01
1.874167640835683714e-03 1.721940565935794476e-01 9.850612642721683354e-01
7.117845943659416308e-02 -1.016417683872590655e-01 9.922714234680773959e-01
2.118364374815033535e-01 -3.637636871913534908e-01 9.070839562224007890e-01
3.622422836924591438e-01 -6.383939459237137903e-01 6.791418833448892300e-01
4.926786331388822715e-01 -8.391946851891686210e-01 2.302608190697508772e-01
5.186958130191680061e-01 -7.556929254437124710e-01 -3.998535431763826642e-01
3.575027933009631287e-01 -2.629832066885561814e-01 -8.961202964902522661e-01
6.195979950078499277e-02 4.171544164289345824e-01 -9.067211126358823980e-01
-1.895912669857809929e-01 8.835954199966676859e-01 -4.281521753344358916e-01
-2.905238577676270140e-01 9.365324306105676788e-01 1.962215443890156508e-01
-2.627889397548979211e-01 7.114897859954876225e-01 6.517087214136210171e-01
-1.723624862484367526e-01 4.207945989954486321e-01 8.906307196534773984e-01
-5.710991479016285649e-02 1.509688201842517841e-01 9.868874672245306900e-01
1.271556206281212673e-02 -1.382999863045437927e-01 9.903087540103825415e-01
1.108833302998356030e-01 -4.051117176794292729e-01 9.075182550563029027e-01
1.670829028393567561e-01 -7.014814689395046932e-01 6.928254125775722416e-01
1.415822376922531156e-01 -9.513725766203016132e-01 2.735775766120288610e-01
-1.944347870472816833e-02 -9.479462244958772876e-01 -3.178362889914954637e-01
-3.075374057787124138e-01 -5.343139426340109965e-01 -7.873559263470096825e-01
-5.919234084705892185e-01 1.153661900190889877e-01 -7.976950048139154203e-01
-7.053500214019543524e-01 6.172745876492188311e-01 -3.485016940429041532e-01
-6.213798313545894070e-01 7.459057474251450381e-01 2.398160151947270891e-01
-4.442543786345935497e-01 5.928511865009684634e-01 6.716885570920515525e-01
-2.657561263173608967e-01 3.497708168042092947e-01 8.983507427708163906e-01
-1.131752701111833348e-01 1.052696964640511684e-01 9.879826158600309993e-01
-3.915689712761898783e-02 -1.497843630832637607e-01 9.879430054325540889e-01
1.446442513518310553e-02 -3.785678171734939701e-01 9.254605276325972296e-01
-7.185817425603133191e-03 -6.367255687545443354e-01 7.710570109415497697e-01
-1.426897059226802655e-01 -8.660775871138126636e-01 4.791129938989107107e-01
-4.116110333271963406e-01 -9.085028378378524616e-01 7.210375083105635685e-02
-7.369927760202502620e-01 -6.273189648083207226e-01 -2.516198809430740813e-01
-9.568345704668417273e-01 -1.321023316099528555e-01 -2.588756047655677572e-01
-9.553035891240821975e-01 2.914889733621366386e-01 4.928722973482496661e-02
-7.656492732143510560e-01 4.551695421313423084e-01 4.545347933242313010e-01
-5.192018327172932546e-01 3.943889531068520693e-01 7.582129058320560278e-01
-3.064239039765115358e-01 2.358941453408437139e-01 9.222029837653311635e-01
-1.473015314677149634e-01 5.095537761313410213e-02 9.877782181844169118e-01
-6.838409063925382503e-02 -1.366788855569341377e-01 9.882522443133563428e-01
-4.437330073174205330e-02 -3.055984823460339839e-01 9.511259526319277846e-01
-9.798008777037112149e-02 -4.921530057332866859e-01 8.649770640590238591e-01
-2.542284817632637917e-01 -6.548754267287534292e-01 7.116923875714715741e-01
-5.076515990058532157e-01 -6.974093466626332116e-01 5.058755352993798970e-01
-7.709274471717941779e-01 -5.366563316926288296e-01 3.430318539893832397e-01
-9.130182527168354545e-01 -2.296639144944367106e-01 3.371233551461679800e-01
-8.699916158101780317e-01 5.793373479311635793e-02 4.896511725636126799e-01
-6.891597365846067191e-01 2.046470746124675888e-01 6.951103742019734133e-01
-4.721071542288737266e-01 2.080095543071702191e-01 8.566486212227478747e-01
-2.865636959739221723e-01 1.276082224880341898e-01 9.495248231105894998e-01
-1.513234229393767560e-01 7.875303971293904845e-03 9.884529332534002233e-01
-6.920431647280511633e-02 -1.064749960336848905e-01 9.919041474866245878e-01
-5.668551400440098587e-02 -2.174369520090742025e-01 9.744269723294106678e-01
-1.037073497817242868e-01 -3.335837160806638391e-01 9.369987673241580994e-01
-2.211977431867145349e-01 -4.281946632817366649e-01 8.761968321936308701e-01
-3.952258323869118350e-01 -4.531071834734544113e-01 7.990559565504866679e-01
-5.644350932708165347e-01 -3.703579095490836526e-01 7.377316885689523263e-01
-6.496348157565287051e-01 -2.056074166445057139e-01 7.319154297989460822e-01
-6.178878993337242331e-01 -3.787821275763026546e-02 7.853532866520900324e-01
-5.005603441546497834e-01 6.656380968452881020e-02 8.631388075507108182e-01
-3.561171120192501149e-01 9.243559599421057038e-02 9.298581951675376489e-01
-2.264174138974089368e-01 5.893582259372445731e-02 9.722457114840833414e-01
-1.284909821975841471e-01 -1.176867170653801871e-02 9.916408451955495140e-01
-4.476439138156380892e-02 -6.771216684660791296e-02 9.967001613951698147e-01
-3.024454570542119136e-02 -1.360403213551100998e-01 9.902415353946074639e-01
-5.229392057101323044e-02 -2.002905120247777948e-01 9.783399494368827387e-01
-1.155102877863558308e-01 -2.452426465523416532e-01 9.625556699368296165e-01
-2.100391017117118897e-01 -2.512399124121246774e-01 9.448608797930316827e-01
-3.039234814458327549e-01 -2.056760854353725243e-01 9.302300066681462587e-01
-3.573971602956279581e-01 -1.206481456453534357e-01 9.261270402946556457e-01
-3.518707125862589602e-01 -3.042195369727335175e-02 9.355541172787885662e-01
-2.990902851872216939e-01 3.235553371743138396e-02 9.536761089303378292e-01
-2.247529233019847084e-01 5.394873895180416629e-02 9.729211977507318254e-01
-1.500933398848401101e-01 3.762608287215513797e-02 9.879555998170761466e-01
-8.738978427643882829e-02 -6.467109358038835958e-03 9.961532021233970857e-01
-3.136025161121593682e-03 -2.808701060631006025e-02 9.996005628156396927e-01
2.287920518459038433e-02 -7.278162723503106557e-02 9.970854410265822532e-01
3.298524127077238216e-02 -1.053325840741355657e-01 9.938898432877726341e-01
2.204571823311547718e-02 -1.170830011599962583e-01 9.928774129503378232e-01
-9.622205522508649189e-03 -1.023659411519749901e-01 9.947002700577504131e-01
-5.322914277005195288e-02 -6.218731443193004083e-02 9.966440669987114420e-01
-9.367136133460048086e-02 -7.731377384714731640e-03 9.955731524450904812e-01
-1.176719393473895092e-01 4.279396765605852221e-02 9.921300272758968308e-01
-1.201348102547986352e-01 7.358124757403355920e-02 9.900269831527228614e-01
-1.035316974503120713e-01 7.777382567808267810e-02 9.915807680982929861e-01
-7.383695914453540510e-02 5.712357821747118813e-02 9.956329646390248422e-01
-3.790945921208336428e-02 1.867256001013298250e-02 9.991067052146448413e-01
