Step    Position
0    55
1    55
2    55
3    44
4    44
5    44
6    45
7    33
8    33
9    34
10    22
11    22
12    22
13    23
14    11
15    11
16    11
17    0
18    132
19    132
20    132
21    133
22    121
23    121
24    121
25    110
26    110
27    110
28    111
29    99
30    99
31    99
32    88
33    88
34    88
35    77
36    77
37    77
38    66
39    66
40    66
41    55
42    55
43    55
44    44
45    44
46    44
47    33
48    33
49    33
50    34
51    22
52    22
53    22
54    11
55    11
56    11
57    11
58    132
59    132
60    132
61    132
62    121
63    121
64    121
65    121
66    110
67    110
68    110
69    111
70    99
71    99
72    100
73    88
74    88
75    89
76    77
77    77
78    77
79    66
80    66
81    66
82    55
83    55
84    55
85    44
86    44
87    44
88    33
89    33
90    33
91    34
92    22
93    22
94    22
95    11
96    11
97    11
98    11
99    132
100    132
101    132
102    132
103    121
104    121
105    121
106    121
107    110
108    110
109    110
110    99
111    99
112    99
113    100
114    88
115    88
116    89
117    77
118    77
119    78
120    66
121    66
122    67
123    55
124    55
125    55
126    44
127    44
128    44
129    33
130    33
131    33
132    22
133    22
134    22
135    22
136    11
137    11
138    11
139    11
140    132
141    132
142    132
143    132
144    121
145    121
146    121
147    121
148    110
149    110
150    110
151    99
152    99
153    99
154    88
155    88
156    88
157    89
158    77
159    77
160    78
161    66
162    66
163    67
164    55
165    55
166    56
167    44
168    44
169    44
170    33
171    33
172    33
173    22
174    22
175    22
176    22
177    11
178    11
179    11
180    11
181    132
182    132
183    132
184    132
185    121
186    121
187    121
188    122
189    110
190    110
191    110
192    99
193    99
194    99
195    88
196    88
197    88
198    77
199    77
200    77
201    66
202    66
203    66
204    67
205    55
206    55
207    56
208    44
209    44
210    45
211    33
212    33
213    33
214    22
215    22
216    22
217    23
218    11
219    11
220    11
221    0
222    132
223    132
224    132
225    132
226    121
227    121
228    121
229    122
230    110
231    110
232    110
233    99
234    99
235    99
236    88
237    88
238    88
239    77
240    77
241    77
242    66
243    66
244    66
245    55
246    55
247    55
248    44
249    44
250    44
251    45
252    33
253    33
254    33
255    22
256    22
257    22
258    23
259    11
260    11
261    11
262    0
263    132
264    132
265    132
266    133
267    121
268    121
269    121
270    110
271    110
272    110
273    111
274    99
275    99
276    99
277    88
278    88
279    88
280    77
281    77
282    77
283    66
284    66
285    66
286    55
287    55
288    55
289    44
290    44
291    44
292    33
293    33
294    33
295    34
296    22
297    22
298    22
299    11
300    11
301    11
302    11
303    132
304    132
305    132
306    132
307    133
308    121
309    121
310    121
311    110
312    110
313    110
314    111
315    99
316    99
317    100
318    88
319    88
320    88
321    77
322    77
323    77
324    66
325    66
326    66
327    55
328    55
329    55
330    44
331    44
332    44
333    33
334    33
335    33
336    34
337    22
338    22
339    22
340    11
341    11
342    11
343    11
344    132
345    132
346    132
347    132
348    121
349    121
350    121
351    121
352    110
353    110
354    110
355    99
356    99
357    99
358    100
359    88
360    88
361    89
362    77
363    77
364    78
365    66
366    66
367    66
368    55
369    55
370    55
371    44
372    44
373    44
374    33
375    33
376    33
377    22
378    22
379    22
380    22
381    11
382    11
383    11
384    11
385    132
386    132
387    132
388    132
389    121
390    121
391    121
392    121
393    110
394    110
395    110
396    99
397    99
398    99
399    100
400    88
401    88
402    89
403    77
404    77
405    78
406    66
407    66
408    67
409    55
410    55
411    56
412    44
413    44
414    44
415    33
416    33
417    33
418    22
419    22
420    22
421    22
422    11
423    11
424    11
425    11
426    132
427    132
428    132
429    132
430    121
431    121
432    121
433    122
434    110
435    110
436    110
437    99
438    99
439    99
440    88
441    88
442    88
443    77
444    77
445    77
446    78
447    66
448    66
449    67
450    55
451    55
452    56
453    44
454    44
455    45
456    33
457    33
458    33
459    22
460    22
461    22
462    23
463    11
464    11
465    11
466    0
467    132
468    132
469    132
470    132
471    121
472    121
473    121
474    122
475    110
476    110
477    110
478    99
479    99
480    99
481    88
482    88
483    88
484    77
485    77
486    77
487    66
488    66
489    66
490    55
491    55
492    55
493    44
494    44
495    44
496    45
497    33
498    33
499    33