-4.164013363515917110e-02 -8.321659325994594514e-02 9.956611360684124445e-01
-6.176890566979734848e-02 -5.303708127661644484e-02 9.966803250300307893e-01
-8.549800649157403287e-02 -2.943610817569286900e-02 9.959034121948470153e-01
-1.073991779387562240e-01 -1.784684955889204172e-02 9.940557864321053483e-01
-1.226023489963468521e-01 -2.218137734302136690e-02 9.922079673736790006e-01
-1.271150482881284183e-01 -4.327305547988588574e-02 9.909435943422942872e-01
-1.184537260555186544e-01 -7.679091163307964762e-02 9.899857931677142897e-01
-9.749827747527457789e-02 -1.126578988390993935e-01 9.888388562949190774e-01
-7.029014920262714738e-02 -1.386991280477496147e-01 9.878369535524237355e-01
-4.570966675219016034e-02 -1.470890506177996715e-01 9.880665147416890504e-01
-3.120350761637767992e-02 -1.371598488072488797e-01 9.900573301518623692e-01
-3.018048695457798553e-02 -1.135903475296469317e-01 9.930691673570176681e-01
-4.820453302846101212e-02 -9.233946370356140021e-02 9.945600768372047096e-01
-7.319086267838863236e-02 -5.665996283191836180e-02 9.957071588735568746e-01
-1.031137459113876664e-01 -2.889599163803080462e-02 9.942497558820539982e-01
-1.315725096896490087e-01 -1.499558368000884073e-02 9.911931230410646609e-01
-1.526512677310588040e-01 -1.968958722000259398e-02 9.880839592946287775e-01
-1.609098919032233010e-01 -4.480146790415800301e-02 9.859517407872210315e-01
-1.518975184246650623e-01 -8.613694326041831939e-02 9.846357554456074412e-01
-1.252182401925614197e-01 -1.312171752053682139e-01 9.834136694466696360e-01
-8.898500427219882547e-02 -1.633220118810858046e-01 9.825515708856312758e-01
-5.592931248408096467e-02 -1.723294651293630075e-01 9.834502872302062215e-01
-3.629129525733006123e-02 -1.585637263355600679e-01 9.866815527714061229e-01
-3.426582662205854279e-02 -1.289942378549795987e-01 9.910531467715888443e-01
-4.087754747180799564e-02 -9.323132069407323586e-02 9.948049793575437505e-01
-7.150704594304267692e-02 -5.144125663049080310e-02 9.961127142533793277e-01
-1.071257161237307853e-01 -1.752805091354632180e-02 9.940909658459829989e-01
-1.404372629249900362e-01 1.963200377175698241e-03 9.900876330035802697e-01
-1.648465479746147044e-01 8.212159513054670488e-04 9.863188841470421631e-01
-1.742211335715504461e-01 -2.524800065865419677e-02 9.843828193744729171e-01
-1.628923883526250671e-01 -7.414670887643316777e-02 9.838538180948057654e-01
-1.292477660782586635e-01 -1.315101733975828080e-01 9.828530354316022954e-01
-8.422255560306189659e-02 -1.732806767418510197e-01 9.812646779516048801e-01
-4.462902286435859595e-02 -1.855822024527445102e-01 9.816147393204406324e-01
-2.273954165110393666e-02 -1.698796207784446233e-01 9.852024298028692062e-01
-2.249828834534353672e-02 -1.356324648475278893e-01 9.905037412856195767e-01
-2.034824103999408051e-02 -8.537195656615249872e-02 9.961413444481186374e-01
-5.591883445850438089e-02 -3.863038807903079047e-02 9.976877152044307806e-01
-9.481414754115280452e-02 1.858063168169331834e-03 9.954932571481373005e-01
-1.290506403198372343e-01 2.907167137598184320e-02 9.912117685724576299e-01
-1.517461143646037514e-01 3.507588437642215201e-02 9.877969422459449422e-01
-1.571792803648824899e-01 1.213254391353798742e-02 9.874955570542740535e-01
-1.404260847039338622e-01 -4.176223881371426278e-02 9.892100030548851564e-01
-1.000021476678698007e-01 -1.120293987277275055e-01 9.886601965702296324e-01
-5.018400470512894562e-02 -1.647729500872164576e-01 9.850540292751608362e-01
-9.985135485831469690e-03 -1.821540604410331887e-01 9.832193017502329768e-01
8.757430077349033504e-03 -1.671326783115004433e-01 9.858955194436155312e-01
3.743962950418132200e-03 -1.311405090284496755e-01 9.913567216866906451e-01
8.080706470881925466e-03 -7.023402570398123990e-02 9.974978114342785140e-01
-3.013042283536538496e-02 -2.164397744611163549e-02 9.993116109904871536e-01
-6.849041183237723762e-02 2.357527667540448499e-02 9.973731848295279701e-01
-9.860452988510709504e-02 5.808779608281412765e-02 9.934298941709553965e-01
-1.134597892431571248e-01 7.259893859210100886e-02 9.908866082152258947e-01
-1.084620338105950627e-01 5.639950413116051608e-02 9.924994121687775728e-01
-8.197378095538167264e-02 3.164518017104241045e-03 9.966294622684594984e-01
-3.662786489615961483e-02 -7.464982994910202008e-02 9.965369046861674018e-01
9.865806318377549552e-03 -1.353020049082157283e-01 9.907552842823967865e-01
4.150484182232899721e-02 -1.587202079370015062e-01 9.864508318703980594e-01
5.070813809718053428e-02 -1.482265281242486354e-01 9.876525609196724620e-01
3.767836544795540032e-02 -1.151856422190197377e-01 9.926291395095994119e-01
3.551870155622145059e-02 -5.163680594518858802e-02 9.980340986717811669e-01
-2.011090103036827434e-03 -5.241033526519184131e-03 9.999842434180735706e-01
-3.617149859452476607e-02 4.095316106621111479e-02 9.985061147976235230e-01
-5.864452833373250823e-02 7.936975430180802371e-02 9.951187172385981272e-01
-6.258431867977694296e-02 1.001339299837825103e-01 9.930037256330155326e-01
-4.467468128506535407e-02 9.158482302823507670e-02 9.947946486803571631e-01
-7.455228065670380967e-03 4.603235860415357678e-02 9.989121290362126260e-01
3.868310904499041442e-02 -2.644975069403353654e-02 9.989014104318478804e-01
7.438723478632726371e-02 -8.862706830645884770e-02 9.932833342326350401e-01
9.167002543699451222e-02 -1.187070985902769771e-01 9.886886421823851689e-01
8.888310724979327226e-02 -1.167041211662401684e-01 9.891814501638911405e-01
6.828810105816635057e-02 -9.132507121351227108e-02 9.934769582741255212e-01
5.326430442333379006e-02 -3.508086313003880297e-02 9.979640509138906213e-01
1.951624170045849690e-02 5.993295614412270239e-03 9.997915766385987446e-01
-8.501657026315423069e-03 4.916196078205379433e-02 9.987546362546613210e-01
-2.329964891211906350e-02 8.675420006673957574e-02 9.959572456341164726e-01
-1.912454707057615125e-02 1.091179393982537049e-01 9.938448203822567439e-01
5.495298630002612601e-03 1.056005304754406016e-01 9.943934481161441630e-01
4.502438631769788840e-02 7.002255535419874000e-02 9.965287985693462858e-01
8.614363517145437465e-02 1.094904766918365982e-02 9.962225617174186310e-01
1.124927262994065286e-01 -4.487628924873722502e-02 9.926386579178050340e-01
1.196347794244311813e-01 -7.779511814695183602e-02 9.897653454959255415e-01
1.093506501348546628e-01 -8.372174163573842254e-02 9.904711531854034634e-01
8.541421254889247638e-02 -6.723664478201447914e-02 9.940742657836539875e-01
5.667376114812779780e-02 -2.554319618695950408e-02 9.980659446779055477e-01
2.845764004816767750e-02 9.164897440738074483e-03 9.995529837771328641e-01
6.496824363331410966e-03 4.682524194356246089e-02 9.988819689984553829e-01
-2.998938834879042240e-03 8.008305103131985181e-02 9.967836833051350043e-01
4.215883344868769089e-03 1.003338533138923294e-01 9.949448950602854946e-01
2.814292971269995169e-02 9.907882614262238097e-02 9.946815378388201845e-01
6.260610947573902463e-02 7.233852595851232581e-02 9.954132873930806591e-01
9.579485115885533197e-02 2.690237034699403604e-02 9.950374912338164624e-01
1.156713444687034326e-01 -1.933530480536028301e-02 9.930993334289098806e-01
1.187671003890184707e-01 -5.058677790974183686e-02 9.916326707838396537e-01
1.071923630122819243e-01 -6.063592189210807032e-02 9.923875665728461026e-01
8.484123170260783608e-02 -5.075725549790770230e-02 9.951008322866667921e-01
4.612675105355729804e-02 -2.560923777532986279e-02 9.986072750475337712e-01
2.347783052630834574e-02 3.633287358220542006e-03 9.997177555174919794e-01
6.038577375682916033e-03 3.524391930410321339e-02 9.993604963851980827e-01
-1.170677551719529830e-03 6.254118383884951782e-02 9.980416974446261191e-01
4.935418521815616334e-03 7.839055200788887234e-02 9.969105090228058685e-01
2.382883893136490336e-02 7.663464995621101228e-02 9.967744563648638367e-01
5.035512447992421953e-02 5.526427978374707367e-02 9.972011937510749657e-01
7.576326980552838819e-02 1.984328625819939407e-02 9.969283680079540355e-01
9.169190305140774433e-02 -1.719267321524408504e-02 9.956389942660219816e-01
9.489150575736243765e-02 -4.372920527606236063e-02 9.945267008688035704e-01
8.628100765977571307e-02 -5.353399069952156919e-02 9.948314930465619321e-01
6.868179285609649076e-02 -4.638186737697200246e-02 9.965598495367736787e-01
2.550892299214818290e-02 -3.487853878112553291e-02 9.990659549699991704e-01
7.047562073414788408e-03 -9.056773630564059901e-03 9.999341511919729308e-01
-8.189657402345645876e-03 1.741475752627532486e-02 9.998148107183860711e-01
-1.590525325101340912e-02 3.860150765929236394e-02 9.991280931520195585e-01
-1.346041842654141854e-02 4.882830927810483113e-02 9.987164829663610632e-01
-1.013815810529041829e-03 4.404467349472337284e-02 9.990290480833458053e-01
1.800661883591914841e-02 2.405742467270075360e-02 9.995483990264134588e-01
3.773410896436446560e-02 -5.738138656648245593e-03 9.992713399198810409e-01
5.222924694035437077e-02 -3.561181565040166808e-02 9.979999520794277101e-01
5.804350620148097245e-02 -5.619938349921337062e-02 9.967309469870340166e-01
5.444355560619086598e-02 -6.247613239504756083e-02 9.965604006449734209e-01
4.264335222170690526e-02 -5.432213690529451994e-02 9.976124748385251095e-01
2.451328497244639249e-04 -5.045732552371771235e-02 9.987261878067124066e-01
-1.626410490072802834e-02 -2.558951660496633709e-02 9.995402220679481253e-01
-3.192205689324861817e-02 -2.476532855431037242e-03 9.994872931000921001e-01
-4.255369461209651538e-02 1.349171113339626624e-02 9.990030814794840230e-01
-4.524003229458731928e-02 1.779740621391193156e-02 9.988175968665545801e-01
-3.910889195246921440e-02 8.123722044369122847e-03 9.992019313984097373e-01
-2.568060329710686318e-02 -1.393308714104957331e-02 9.995730967252621779e-01
-8.643587543591119485e-03 -4.213513546576454216e-02 9.990745311304397580e-01
7.182602348380929744e-03 -6.751399431651874949e-02 9.976924730570947419e-01
1.751338155733610583e-02 -8.239809583729543196e-02 9.964456007573186946e-01
1.974214222036083446e-02 -8.337518445659609923e-02 9.963226517737601151e-01
1.338747741067668369e-02 -7.145258949349768407e-02 9.973541511936210302e-01
-2.394876950759606757e-02 -6.805382682483607226e-02 9.973941713753187166e-01
-4.105955734790814327e-02 -4.165907465081231803e-02 9.982878513983549640e-01
-5.970113511390048172e-02 -1.960671525111387994e-02 9.980237227557063884e-01
-7.526610005449198282e-02 -7.108893021330812793e-03 9.971381438008970477e-01
-8.399927799393810957e-02 -8.037336414535392951e-03 9.964334009454635099e-01
-8.356225119423797698e-02 -2.352604500559998466e-02 9.962248116674610188e-01
-7.351222483816152731e-02 -5.033573700772735193e-02 9.960232258233131519e-01
-5.598260870300730829e-02 -8.058944941895603009e-02 9.951739989394177144e-01
-3.586993612751376154e-02 -1.045303593864511243e-01 9.938746156578645019e-01
-1.920890974913278329e-02 -1.150630975396442074e-01 9.931724429175644575e-01
-1.081611739514523780e-02 -1.102982155755248689e-01 9.938396828690126972e-01
-1.276348269400736334e-02 -9.291774656610250760e-02 9.955919776108094199e-01
8.713061445849863348e-03 -1.054365993645299676e-01 9.943878549514301168e-01
-3.136214469431711227e-02 -8.556012113137488606e-02 9.958392850013487729e-01
-7.164559650528327939e-02 -7.626244028552696397e-02 9.945104065333989496e-01
-1.034162027738001199e-01 -7.988833255519080245e-02 9.914247038104700982e-01
-1.190309238635191280e-01 -9.759180017790777817e-02 9.880827291793563560e-01
-1.128234821530891691e-01 -1.274471460852687754e-01 9.854075739659057254e-01
-8.329394366647899228e-02 -1.619438140362687295e-01 9.832783532875531973e-01
-3.698217196044615435e-02 -1.886226814688555242e-01 9.813530470693545560e-01
1.055272902691377010e-02 -1.972142169846028970e-01 9.803036226237473727e-01
4.342666074316856029e-02 -1.862092835397529678e-01 9.815499110387191362e-01
5.315808704203611040e-02 -1.617621334815672607e-01 9.853969910415192324e-01
3.966313486817522882e-02 -1.324766347512087716e-01 9.903922339039541445e-01
9.155516802614135571e-03 -1.191191481316766498e-01 9.928377536438923734e-01
-4.128759184075832950e-02 -9.579366356869788157e-02 9.945445735510690666e-01
-9.267100916043236047e-02 -8.592566932679777947e-02 9.919822898680231704e-01
-1.351225147808139126e-01 -9.189961409987790208e-02 9.865578375988374171e-01
-1.592330248564290673e-01 -1.153756405851971284e-01 9.804760605719504696e-01
-1.561998792225566535e-01 -1.548685513360860688e-01 9.755087542087319541e-01
-1.203806423012322990e-01 -2.013159985537276153e-01 9.721010079641884127e-01
-5.740606569370053369e-02 -2.366457807831813531e-01 9.698986122572624824e-01
8.663168137036865099e-03 -2.451481486128855025e-01 9.694469220899201156e-01
5.343709366468719912e-02 -2.263425131470778728e-01 9.725808674670032294e-01
6.608276082500572080e-02 -1.913084614510134340e-01 9.793028853725911365e-01
4.843587432865849307e-02 -1.526600286084980329e-01 9.870911212970142623e-01
1.944855283989690986e-02 -1.161814333253444326e-01 9.930375765010254208e-01
-4.303468776695628523e-02 -8.924057756999978497e-02 9.950799641054116629e-01
-1.066419570678403816e-01 -7.592646145530965174e-02 9.913943037176280448e-01
-1.606161724630263687e-01 -7.869374103488582795e-02 9.838748600636345598e-01
-1.939787907647973209e-01 -1.007645844970466859e-01 9.758169537596395049e-01
-1.945812221364646988e-01 -1.439827025461886401e-01 9.702613716721982806e-01
-1.508202454954004068e-01 -2.018920219566347485e-01 9.677256145307410184e-01
-6.460813651838841210e-02 -2.509489404379887656e-01 9.658418183060438755e-01
2.495726488233480575e-02 -2.641116365593059179e-01 9.641691648063127618e-01
8.172048975643377011e-02 -2.409998483990206108e-01 9.670785048928025596e-01
9.448919330000921102e-02 -1.988744935937379055e-01 9.754592396135139953e-01
6.952048869039691159e-02 -1.541778870897121678e-01 9.855942779789182984e-01
3.813743299328068576e-02 -9.613270471600623979e-02 9.946376422038116782e-01
-3.474403848269942696e-02 -6.664091251314065156e-02 9.971719212700028701e-01
-1.079679984179118118e-01 -4.734531332274753701e-02 9.930263504176488620e-01
-1.702610259183460761e-01 -4.049081238902092761e-02 9.845667459168185864e-01
-2.094424609794497405e-01 -5.104669521739103183e-02 9.764876294383365574e-01
-2.108524852746821165e-01 -8.650744982753283407e-02 9.736825409638580897e-01
-1.574130474367539390e-01 -1.496191579159844298e-01 9.761327983841162625e-01
-4.413791447969984960e-02 -2.167297880587669978e-01 9.752333277083923280e-01
6.599492701972969888e-02 -2.402759409681284042e-01 9.684586422762182512e-01
1.273145811575153996e-01 -2.195761527302255711e-01 9.672524544174969652e-01
1.340835987840554577e-01 -1.781350391141716394e-01 9.748279316764837388e-01
9.902475605772562139e-02 -1.342562213714088293e-01 9.859864931686250777e-01
5.977347194213675913e-02 -6.331922270209085213e-02 9.962016904666665118e-01
-1.803016247614270054e-02 -3.368746914001907733e-02 9.992697672121049202e-01
-9.437340108986863596e-02 -7.680141391681657298e-03 9.955072458776043076e-01
-1.574755405746678383e-01 1.295318882943783528e-02 9.874379317304052828e-01
-1.938033828183213791e-01 2.262616854032638986e-02 9.807794376440477357e-01
-1.870754670986194412e-01 9.288263144394336493e-03 9.823016327879542375e-01
-1.193654073934378723e-01 -4.236452353432873519e-02 9.919461410093167730e-01
1.560561370165799641e-02 -1.221160828570754392e-01 9.923931313389231512e-01
1.276608368082595146e-01 -1.611593353793294714e-01 9.786370008156425326e-01
1.780373713201555963e-01 -1.558471702011340332e-01 9.716040108777216355e-01
1.724453945070629768e-01 -1.286480422591102513e-01 9.765819305802526662e-01
1.276490608773420410e-01 -9.562979725568913902e-02 9.871983889442306204e-01
7.664795908802475577e-02 -2.715795640265407374e-02 9.966882841547037852e-01
1.645817067527162838e-03 -1.310596593170796850e-04 9.999986370538650471e-01
-6.978034982605783865e-02 3.047372553421928698e-02 9.970968131683081159e-01
-1.253129754650478267e-01 6.299889415996351438e-02 9.901150425654389187e-01
-1.502530116440362329e-01 9.210356874579973818e-02 9.843479898470176570e-01
-1.278148290948887267e-01 1.051643810700256532e-01 9.862067848163000860e-01
-4.502003047538363778e-02 8.244038791198746163e-02 9.955786153272735417e-01
8.501426213736160142e-02 1.750427845776269045e-02 9.962259660684397167e-01
1.761155408327055860e-01 -4.078220494229758269e-02 9.835243403379627658e-01
2.082952206296427300e-01 -6.520223358724835938e-02 9.758902447499138155e-01
1.926128970347213698e-01 -6.407834181190384670e-02 9.791803909426310959e-01
1.441877040245513886e-01 -4.931780921317848593e-02 9.883206259624676138e-01
8.313718612019473098e-02 9.470943732211031070e-04 9.965376617550633087e-01
1.745443749811905268e-02 2.383742632933705946e-02 9.995634645772868421e-01
-4.328738468198548711e-02 5.501286656275787557e-02 9.975468845322787992e-01
-8.703305669396461941e-02 9.195650897903044629e-02 9.919522405332248383e-01
-1.001635236039929988e-01 1.286014002226840702e-01 9.866250292791282073e-01
-6.978236587632931365e-02 1.524228138042136027e-01 9.858487243206569550e-01
7.841233946556733572e-03 1.458908223662958858e-01 9.892696209828267806e-01
1.102781208582769706e-01 1.021141199944850253e-01 9.886412102263404389e-01
1.808886575058293034e-01 4.674615811772431240e-02 9.823920247471765732e-01
2.037010233003260506e-01 7.193310620946449276e-03 9.790067157014974430e-01
1.870776658524247460e-01 -1.089687043311267020e-02 9.822846864091814290e-01
1.431393457152163318e-01 -1.157151218881814943e-02 9.896348962187623277e-01
7.831574785062400679e-02 1.289939734605537354e-02 9.968451480480899907e-01
2.478912715594074404e-02 3.185001345288021590e-02 9.991852059642951644e-01
-2.369387091266971293e-02 6.017785385957190314e-02 9.979064216576865043e-01
-5.637106630235739352e-02 9.449478770826864882e-02 9.939280849134388696e-01
-6.245718465054843349e-02 1.284336782399922439e-01 9.897494078701171150e-01
-3.417640023084965450e-02 1.512681736032059077e-01 9.879017731141434000e-01
2.659917697983606513e-02 1.504245072137955774e-01 9.882636042137999954e-01
1.003387201412030694e-01 1.213547545960007024e-01 9.875247666652150480e-01
1.538723981717846911e-01 7.720507775082344204e-02 9.850698762272452891e-01
1.733594369470356500e-01 3.788549011728094273e-02 9.841296638451627610e-01
1.617031236862393195e-01 1.370292466562531529e-02 9.867443081396946036e-01
1.270278507008407998e-01 6.002876482505350650e-03 9.918809861168176312e-01
6.512973290856105546e-02 6.436255661129278161e-03 9.978560479868827660e-01
2.281697849774120060e-02 2.275830332536307038e-02 9.994805876665431299e-01
-1.528265725690909280e-02 4.652519955651070183e-02 9.988002033407050728e-01
-4.004361080908920567e-02 7.407227019889575659e-02 9.964485977816519569e-01
-4.347587386885459759e-02 9.967631720126172989e-02 9.940696555979228188e-01
-2.137115890243775768e-02 1.153457847002600650e-01 9.930954755303759152e-01
2.276865929755520282e-02 1.133108311997795686e-01 9.932986679174392597e-01
7.500413173189950100e-02 9.170472213613874157e-02 9.929575137744206526e-01
1.157084528449913163e-01 5.867270729583208555e-02 9.915488224787820659e-01
1.336845503619312758e-01 2.749015558213289620e-02 9.906425855678924197e-01
1.279296105090990954e-01 7.204303588437792859e-03 9.917570835465521206e-01
1.028294018142700550e-01 4.791888524513800130e-04 9.946988913738205040e-01
4.793932132795674511e-02 -1.549513546383504518e-02 9.987300547432828024e-01
1.337317685706850695e-02 -2.140497026557347407e-04 9.999105521612500214e-01
-1.817153653149444423e-02 1.866214042591274672e-02 9.996607023261233627e-01
-3.882006352864343646e-02 3.771732950733207995e-02 9.985341284717023091e-01
-4.235316845291415416e-02 5.250883803643307396e-02 9.977219207022199887e-01
-2.621167775002239061e-02 5.802417452489688071e-02 9.979710131663384054e-01
6.367833705102132758e-03 5.077266549505563692e-02 9.986899354316521871e-01
4.565552837793823010e-02 3.181000026813993881e-02 9.984506480600109368e-01
7.875671214626833727e-02 7.762409363607327903e-03 9.968636442827824018e-01
9.638378817853605895e-02 -1.263748627222699948e-02 9.952640148810586451e-01
9.541341146639632786e-02 -2.369263158018407658e-02 9.951557366167610441e-01
7.760094820540243410e-02 -2.417323970560105242e-02 9.966914002438240772e-01
3.073890076148037484e-02 -4.660540849603186236e-02 9.984403116255160526e-01
-7.591466508856313479e-04 -3.094528099426663292e-02 9.995207918200573749e-01
-3.042582984911628569e-02 -1.648213226248972443e-02 9.994011247713791013e-01
-5.086245374408605857e-02 -6.164340698336751197e-03 9.986866433986210101e-01
-5.639159199042778625e-02 -2.958569634448582515e-03 9.984043445510087933e-01
-4.460494665771932987e-02 -8.975044047666866712e-03 9.989643874123764755e-01
-1.780830353100445324e-02 -2.372811966360480890e-02 9.995598234535046922e-01
1.652659875852038190e-02 -4.296916684450900054e-02 9.989396989977981089e-01
4.789568241397901271e-02 -6.003209281584379747e-02 9.970467147725284862e-01
6.725991982970717931e-02 -6.931271350552678512e-02 9.953249976418950817e-01
7.005505742109026379e-02 -6.890405375887222184e-02 9.951605500145411787e-01
5.651146075855224132e-02 -6.034132916581499972e-02 9.965768303535288419e-01
1.673772768183112714e-02 -7.914291599246915665e-02 9.967227534879471440e-01
-1.669284033356665045e-02 -6.190127136353585496e-02 9.979426745484502037e-01
-4.937224825867049527e-02 -5.083038195996462949e-02 9.974861670077229681e-01
-7.354710400166268591e-02 -4.846602260197634127e-02 9.961133811700348950e-01
-8.297324925621543668e-02 -5.652904149464541700e-02 9.949471882343926543e-01
-7.418104228741873030e-02 -7.461849473267867516e-02 9.944492210308756297e-01
-4.806357574827219148e-02 -9.847685896342329992e-02 9.939779680328386657e-01
-1.130870794141978358e-02 -1.201824752195106566e-01 9.926874058709359572e-01
2.469698257413737233e-02 -1.319918575789859883e-01 9.909430904872703616e-01
4.893466491253391226e-02 -1.306362004471121607e-01 9.902219860730506751e-01
5.517480095594627654e-02 -1.180955897941935034e-01 9.914681906196338712e-01
4.300690130780875087e-02 -9.925907768782306351e-02 9.941318031008277156e-01
6.841748277855033700e-02 -9.646347409561815966e-02 9.929822990445449360e-01
1.211934710988668562e-02 -9.800869210320928282e-02 9.951117614106661513e-01
-3.786121379179756274e-02 -1.140235572194655267e-01 9.927563431623640522e-01
-7.110645090206264840e-02 -1.424033023345512849e-01 9.872513216624809740e-01
-7.813008957979102054e-02 -1.799059862145369060e-01 9.805761190374586711e-01
-5.235075348104356596e-02 -2.193386659040162945e-01 9.742432695427540867e-01
4.668975380105955947e-03 -2.471557451709115449e-01 9.689645185960579221e-01
7.655462586829994698e-02 -2.487560776243057936e-01 9.655360185424908259e-01
1.359198379946211510e-01 -2.227537004437936119e-01 9.653530890706634171e-01
1.633795340590538658e-01 -1.814542900252589519e-01 9.697326788770731509e-01
1.556111965208245851e-01 -1.404667643601256732e-01 9.777802634679296778e-01
1.201268341374721743e-01 -1.107016902124195734e-01 9.865671186008080351e-01
8.052333692995992942e-02 -1.096672444101293997e-01 9.907013110483718910e-01
7.117032282399928661e-03 -1.140499061207046610e-01 9.934495290479360419e-01
-5.870301647736898137e-02 -1.377944419905521301e-01 9.887197012364280502e-01
-1.055250628192068163e-01 -1.788341323723252607e-01 9.782038714990007877e-01
-1.209466579827802313e-01 -2.341160197795651710e-01 9.646562057051469852e-01
-9.228507666046684155e-02 -2.946295421581024421e-01 9.511450454655173692e-01
-1.401413457328950368e-02 -3.388598782463465575e-01 9.407324736324840231e-01
9.397918865014176504e-02 -3.385377191753864423e-01 9.362478970850675042e-01
1.815069751188724545e-01 -2.927952360182395908e-01 9.387897356426513351e-01
2.169217237865353198e-01 -2.268274108135071576e-01 9.494705321666084830e-01
2.010557108795441306e-01 -1.668200373094398670e-01 9.652707787325718325e-01
1.498498718790706452e-01 -1.267536440511452533e-01 9.805501158110629945e-01
9.437032358384675468e-02 -9.951295321295160201e-02 9.905510659070677626e-01
1.060667321709401903e-03 -1.081614655917475243e-01 9.941327740024937798e-01
-8.470631189780346293e-02 -1.369616311386720187e-01 9.869479987923894804e-01
-1.514997788971295112e-01 -1.843411890941845932e-01 9.711159266521365296e-01
-1.842038745730172622e-01 -2.494592001329379860e-01 9.507044967082302067e-01
-1.612336232873271269e-01 -3.264392770711851410e-01 9.313651899802666279e-01
-5.949827600669469613e-02 -3.905650706409148354e-01 9.186505759795919879e-01
1.082164561054248936e-01 -3.901115276993212255e-01 9.143862392797733607e-01
2.395719753180790279e-01 -3.211695989842350274e-01 9.162179638767586898e-01
2.834989963074882602e-01 -2.305615470044429238e-01 9.308435379458227521e-01
2.549124161383864440e-01 -1.572860225839356474e-01 9.540863520658370289e-01
1.840543912953163941e-01 -1.142562327363478847e-01 9.762527819810801200e-01
1.066980196838117761e-01 -6.618015897769223554e-02 9.920865482169904936e-01
-3.535092349161793757e-03 -7.981202781547611091e-02 9.968036633852128681e-01
-1.080221127162680345e-01 -1.082136293612964706e-01 9.882413842704709239e-01
-1.965979899800937847e-01 -1.498309166426934347e-01 9.689684859445421017e-01
-2.531522821754470520e-01 -2.059358525901412440e-01 9.452535885397608251e-01
-2.480933143785269968e-01 -2.786633181640483792e-01 9.277911739559207005e-01
-1.307589405519658243e-01 -3.561169101603890441e-01 9.252474510981817390e-01
1.269951963526967098e-01 -3.615416471180780689e-01 9.236665293830528256e-01
3.078692682175529494e-01 -2.738644877946254108e-01 9.111612129651081027e-01
3.501496847964200021e-01 -1.724200940825794393e-01 9.206880630231317753e-01
3.032587375240615724e-01 -1.037205190973696928e-01 9.472466373830562558e-01
2.134900445204335750e-01 -7.146580779606595546e-02 9.743277883787144766e-01
1.122992334746307913e-01 -1.775462413726670852e-02 9.935158053512904708e-01
-4.916025742155934013e-03 -3.568373707855232446e-02 9.993510412257087250e-01
-1.195801308248880673e-01 -5.715431671399697627e-02 9.911780750162172415e-01
-2.227042963192005787e-01 -7.895583177991384594e-02 9.716834736832308250e-01
-2.981563335228127887e-01 -9.972051197296097347e-02 9.492937481477241590e-01
-3.121865285987014405e-01 -1.238471918098459773e-01 9.419137139049429397e-01
-1.933388559681127605e-01 -1.650841416634309111e-01 9.671438946426109684e-01
1.616176225991120818e-01 -1.744400599653750661e-01 9.713137544298828807e-01
3.570284119841817816e-01 -1.056145618690421256e-01 9.281035919322373484e-01
3.816410518724177581e-01 -4.259900829352573914e-02 9.233284529451923905e-01
3.216378778767997604e-01 -1.207251702844500986e-02 9.467857887863325717e-01
2.246701597558093955e-01 -7.460061190034394073e-03 9.744063150464479239e-01
1.075280966902938534e-01 3.037407101657828984e-02 9.937379555154981503e-01
-3.105518526579563194e-03 1.065865236620594687e-02 9.999383725433088621e-01
-1.142677127217087973e-01 -1.249293154374318132e-04 9.934499857678016355e-01
-2.162130785980642955e-01 3.385413408295668419e-03 9.763403318613853576e-01
-2.913325828642524540e-01 2.817948323314656972e-02 9.562066946461387218e-01
-3.034512453635107021e-01 7.915439661577204633e-02 9.495535388715393710e-01
-1.840622598082314876e-01 1.439465567903017995e-01 9.723170641835466865e-01
1.242982948687369055e-01 1.770624879123604278e-01 9.763190099895300289e-01
3.050007785861927889e-01 1.441182593772836751e-01 9.413843276663269588e-01
3.382222650016598053e-01 1.125728085920893878e-01 9.343088687489066180e-01
2.931131762164006505e-01 8.393462714134630742e-02 9.523862894304548909e-01
2.097397361894803580e-01 5.577295648150254470e-02 9.761652628467299975e-01
9.414212570028339389e-02 6.242782204829460529e-02 9.935995305973370773e-01
4.537913037944853287e-04 4.427616379260275459e-02 9.990192267385439306e-01
-9.519843928809557099e-02 4.275205854488216273e-02 9.945398527194199145e-01
-1.811568390885741342e-01 6.276720206903996235e-02 9.814491723955327540e-01
-2.386303221249382323e-01 1.095569336234718250e-01 9.649107977723174745e-01
-2.361881763174392412e-01 1.823774841181371453e-01 9.544388920484665473e-01
-1.341521740094995807e-01 2.603538423530551982e-01 9.561480382140737921e-01
6.370696688435320554e-02 2.965890240853485404e-01 9.528779424263859044e-01
2.070558186215966379e-01 2.580115545852180725e-01 9.436937668944183066e-01
2.549253281737953181e-01 1.965065502540787601e-01 9.467831075607930913e-01
2.355523320638936158e-01 1.399219940736838586e-01 9.617364162978558895e-01
1.762524612832920834e-01 9.471192061295734266e-02 9.797778942114736545e-01
7.764877791561493325e-02 7.006434325228426407e-02 9.945157892628661012e-01
4.198458286547661865e-03 5.604072440878891254e-02 9.984196563349134745e-01
-7.122003111942154518e-02 5.970224823764512523e-02 9.956723099105780905e-01
-1.364479755707311004e-01 8.406464743645400417e-02 9.870740017921992848e-01
-1.752103681218263043e-01 1.303317566819366669e-01 9.758662613815451969e-01
-1.668062858387909519e-01 1.926516110139264160e-01 9.669855323521717727e-01
-9.496812281231091502e-02 2.516507296206980659e-01 9.631474268933192251e-01
2.518189446921647451e-02 2.770595750711156713e-01 9.605227035590077067e-01
1.276595370373458105e-01 2.505567683364319231e-01 9.596480336269929134e-01
1.769701817252862242e-01 1.975013356364835881e-01 9.641964411890971975e-01
1.759820023344175477e-01 1.434778614146880182e-01 9.738811211530545853e-01
1.385629398067371731e-01 9.975060651013940849e-02 9.853172728684523873e-01
6.376217389370381072e-02 5.371546055420739485e-02 9.965184566668550126e-01
7.685322781978550996e-03 4.477405337615454617e-02 9.989675770303867441e-01
-4.947001573107874528e-02 4.964065875672859368e-02 9.975412385167623519e-01
-9.650944735589737922e-02 6.981466170857929254e-02 9.928805766967286894e-01
-1.210525636015783307e-01 1.042388544419133450e-01 9.871578080885192730e-01
-1.112316832212195961e-01 1.463393441359993330e-01 9.829609905818416093e-01
-6.205080952141178718e-02 1.824333691791300005e-01 9.812582549195498771e-01
1.380470566817569751e-02 1.959307275124330672e-01 9.805205658820853598e-01
8.445414178753014867e-02 1.791274985969830424e-01 9.801942854256074922e-01
1.257465465436493901e-01 1.439796824957852162e-01 9.815587894064051744e-01
1.320034080168183965e-01 1.061967503471875629e-01 9.855441900227309704e-01
1.084332623485947666e-01 7.481497016469879080e-02 9.912844939045409864e-01
5.592522686469752341e-02 1.964604458915305760e-02 9.982416550776996855e-01
1.098935616239084777e-02 1.521408165137558798e-02 9.998238673740394988e-01
-3.354033259780006548e-02 1.813878077011824019e-02 9.992727509151739795e-01
-6.775982928917478887e-02 2.934425527452847599e-02 9.972700337507098833e-01
-8.243464645811114655e-02 4.765754659708915097e-02 9.954563211491517238e-01
-7.100949961582657399e-02 6.861762711858888919e-02 9.951126932227187805e-01
-3.334410278461344412e-02 8.491672923838194942e-02 9.958299653579931743e-01
2.035855228409140863e-02 8.953606755955385854e-02 9.957754877255480253e-01
7.131194946394740775e-02 8.058933221433962901e-02 9.941931227868210375e-01
1.032411871321881891e-01 6.358472085641266036e-02 9.926219021124766950e-01
1.094666640944408770e-01 4.543554626058168150e-02 9.929514895441658995e-01
9.160774220273437685e-02 3.014769198852537344e-02 9.953387052839077764e-01
5.484607249748917057e-02 -2.316454717983901929e-02 9.982260826513603691e-01
1.360844829271163833e-02 -2.464618205850136259e-02 9.996036093596378791e-01
-2.533206286954984773e-02 -2.619704906728556951e-02 9.993357800114744949e-01
-5.277479592780442985e-02 -2.671116052736824051e-02 9.982491346442521341e-01
-6.109883433500559041e-02 -2.609547599991298220e-02 9.977905384274506906e-01
-4.625254191492101513e-02 -2.526659523606020544e-02 9.986101849729116520e-01
-1.039477293841311288e-02 -2.515155250432053041e-02 9.996296054550899424e-01
3.644389675629461367e-02 -2.570698847758962069e-02 9.990050015553586515e-01
7.913138010673181899e-02 -2.605224378743716679e-02 9.965237103430690802e-01
1.047575032443457677e-01 -2.527888527930230098e-02 9.941764649563200607e-01
1.076059564263622398e-01 -2.372978428941256018e-02 9.939103860404844282e-01
8.898432302712133701e-02 -2.276635935678466768e-02 9.957728069881968125e-01
5.948572351205073938e-02 -6.498139689091952942e-02 9.961118746185994022e-01
1.433554859317577763e-02 -6.549193786380741455e-02 9.977501180763195254e-01
-2.643475280539057948e-02 -7.360137407630586159e-02 9.969373308179284576e-01
-5.338732957852098532e-02 -8.765848424464850464e-02 9.947189468288742953e-01
-5.879969939008065916e-02 -1.057793318496778462e-01 9.926496503324009346e-01
-3.873738222349284305e-02 -1.246999199657126273e-01 9.914380188288067774e-01
3.760089953722686208e-03 -1.385761796785741073e-01 9.903446390773681385e-01
5.645178097604846429e-02 -1.409506647708556604e-01 9.884058410012487306e-01
1.016691844175637988e-01 -1.300806511908698393e-01 9.862770407576365583e-01
1.256572567656422390e-01 -1.103769484151171654e-01 9.859143893262418690e-01
1.237494713452695072e-01 -8.922973998827699038e-02 9.882935403227673943e-01
9.912576138174480911e-02 -7.304735924722735585e-02 9.923901282950442493e-01
1.174986373360779601e-01 -5.693917890246059238e-02 9.914393577673423774e-01
5.510673331462408175e-02 -8.850593143285129250e-02 9.945501234450855321e-01
8.887603723155074881e-03 -1.360539740042989720e-01 9.906615600990502646e-01
-1.076559586139935916e-02 -1.927430516457518950e-01 9.811902047962293150e-01
6.010107129287946444e-03 -2.496578376581629621e-01 9.683154665233029146e-01
6.392413409827407689e-02 -2.918562774461115339e-01 9.543236444703420140e-01
1.523473661021161329e-01 -2.983369899485850962e-01 9.422236042841435344e-01
2.387822821572067322e-01 -2.572649877225397508e-01 9.363747902521397659e-01
2.877735591135492932e-01 -1.861632996213947455e-01 9.394304681824264813e-01
2.872531646153685392e-01 -1.152628192273861679e-01 9.508943694870684027e-01
2.473692799537241249e-01 -6.642586392730842615e-02 9.666416315970439710e-01
1.856096610373624278e-01 -4.765289295850407697e-02 9.814673991134470477e-01
1.418927040369444004e-01 -6.131546770081357928e-02 9.879812113405179730e-01
5.772065342743192690e-02 -1.075272735183021439e-01 9.925251692615780774e-01
-5.115302425791147523e-03 -1.759946077372429862e-01 9.843778399215267205e-01
-3.484715625987799131e-02 -2.608518937514872071e-01 9.647496904517682825e-01
-1.623253262632790364e-02 -3.526427030096268012e-01 9.356172448702408939e-01
6.519633300282370869e-02 -4.286571994554683740e-01 9.011117819216076796e-01
2.039633720980817966e-01 -4.460767201845918795e-01 8.714439181908268939e-01
3.455581299285673813e-01 -3.707782706848132270e-01 8.620400529140522794e-01
4.163767241096472116e-01 -2.455598472558308820e-01 8.754032128313449235e-01
4.016655171319760131e-01 -1.330015541742252116e-01 9.060769277133521316e-01
3.310459424095751890e-01 -6.480866036116525453e-02 9.413864358256062159e-01
2.372799598423595835e-01 -4.394263658568550029e-02 9.704469410262333007e-01
1.567151371798130854e-01 -3.912975114062323956e-02 9.868683946476679569e-01
4.773271001610799452e-02 -1.046338145678928494e-01 9.933646627716887778e-01
-3.913445578605643377e-02 -1.939972520613016949e-01 9.802211794094243258e-01
-9.226746192831475346e-02 -3.046450610435454398e-01 9.479863407512949536e-01
-9.035932358159730338e-02 -4.312388962258110747e-01 8.977016247193221332e-01
-1.928433432957148770e-05 -5.503214107252516474e-01 8.349528995851308588e-01
2.043704932229932492e-01 -5.915299987936561976e-01 7.799518972520930182e-01
4.522263445144952820e-01 -4.528374819309664012e-01 7.683941360300120538e-01
5.594726930771259932e-01 -2.405157163335412129e-01 7.931850325729954410e-01
5.194985917241072837e-01 -8.293071251124344012e-02 8.504373640186013716e-01
4.090446111445127930e-01 -1.003724162007778135e-02 9.124591825798658018e-01
2.803986365642082146e-01 -3.058507130547085534e-03 9.598787684634568773e-01
1.564346985835469994e-01 6.797839646479832305e-03 9.876649100049481600e-01
2.741577375130420380e-02 -7.790268425407634312e-02 9.965839388309345459e-01
-8.578870911435194924e-02 -1.805224988479902093e-01 9.798223945176758320e-01
-1.748345902052979850e-01 -3.024539467620995237e-01 9.369922497843705678e-01
-2.180094913222856701e-01 -4.452565707014185525e-01 8.684575107284820961e-01
-1.649920805453219674e-01 -5.992136963386189841e-01 7.834031908779155451e-01
8.406757561093695930e-02 -6.933329943695942799e-01 7.156968643560933652e-01
5.483504871331011943e-01 -4.431237565630454234e-01 7.091918496643982994e-01
6.878872577298966728e-01 -1.100346822311957795e-01 7.174283862233779008e-01
5.991412097905650658e-01 6.189501650607508870e-02 7.982473411558285159e-01
4.503802254200497956e-01 1.012423984416305489e-01 8.870781416021101817e-01
2.983494143913804630e-01 7.105937492197930694e-02 9.518078546471810952e-01
1.375893282634536308e-01 6.325315023747592191e-02 9.884676098551307133e-01
2.290212874391496511e-03 -3.307105371273389577e-02 9.994503791240229029e-01
-1.301554280625811522e-01 -1.338373312334788789e-01 9.824190212501670016e-01
-2.566986918482016544e-01 -2.402704128813185069e-01 9.361495127902806912e-01
-3.651392606970038646e-01 -3.513210214142312160e-01 8.621176603053327669e-01
-4.154258055585470233e-01 -4.607440149252581274e-01 7.843062876113751081e-01
-2.589814452321869687e-01 -5.491279668973031436e-01 7.945986955670149010e-01
5.693818316839752702e-01 -1.130478802108444009e-01 8.142631678568048592e-01
6.717477137764881201e-01 2.245637264996184768e-01 7.059221924378318302e-01
5.557387429963642766e-01 2.870255036356278433e-01 7.802376623794335941e-01
4.156517061862202156e-01 2.391465373213547407e-01 8.775207079218606543e-01
2.753569540667358262e-01 1.559952087683858790e-01 9.486010977688994483e-01
1.042762782632866425e-01 1.104097426414330368e-01 9.884008025700635747e-01
-2.003795460238709525e-02 1.593923460493437347e-02 9.996721568472556330e-01
-1.549402786887374983e-01 -6.732902473455137926e-02 9.856268626961228740e-01
-2.995151066813636076e-01 -1.349781032433772510e-01 9.444954274714087994e-01
-4.493202440357957905e-01 -1.701946491761876512e-01 8.770091787953301354e-01
-5.820884425118413308e-01 -1.253211541614880353e-01 8.034100157541067544e-01
-5.873420213906230813e-01 1.043571342450806128e-01 8.025826676679782556e-01
-3.589343599257036749e-02 5.876634614182156824e-01 8.083089244628565151e-01
2.996014836302216544e-01 5.821994995346319035e-01 7.558324508435657618e-01
3.538588330827793782e-01 4.640271186198967612e-01 8.120731244379399971e-01
3.055190979558550235e-01 3.363434647334879735e-01 8.908036565458191669e-01
2.153498693410760279e-01 2.169682309531933695e-01 9.521287835855128945e-01
6.861417371732433934e-02 1.331687162708811156e-01 9.887154232497122885e-01
-3.297088578206801984e-02 5.273170179316645501e-02 9.980642706343370030e-01
-1.517590370012218415e-01 -6.364677265729782804e-03 9.883970283098459930e-01
-2.827477872367251122e-01 -3.564296704807333460e-02 9.585318292642797111e-01
-4.144868574425404906e-01 -1.579986736228865610e-02 9.099181332399327582e-01
-5.121112275988056739e-01 8.698215549743740227e-02 8.545034787479989236e-01
-4.860900350991830821e-01 3.013801453136272790e-01 8.202965840400099351e-01
-2.231956887691582125e-01 5.584875977329765151e-01 7.989213275994556662e-01
3.965851549477324156e-02 5.824149946172232362e-01 8.119236270696466029e-01
1.656437263046285913e-01 4.784389952632369103e-01 8.623562394667565467e-01
1.868890989312255724e-01 3.505775799931373782e-01 9.176970225007995419e-01
1.462035623418597996e-01 2.328250098174769467e-01 9.614660852896856902e-01
4.266487097258600536e-02 1.277517467022069586e-01 9.908880865161564522e-01
-3.388735503830287571e-02 6.683958296774060448e-02 9.971881052827353820e-01
-1.270606588432119932e-01 2.877893160707073114e-02 9.914773633672956388e-01
-2.278656822123234227e-01 2.208485172068845939e-02 9.734420836363834040e-01
-3.212149293556258445e-01 5.905732148226693762e-02 9.451630557412937783e-01
-3.776044874720693167e-01 1.511086087586520632e-01 9.135540703209537039e-01
-3.512529919862841798e-01 2.911054375577268316e-01 8.898758114731012414e-01
-2.170756658192328770e-01 4.237589581478098388e-01 8.793784740932221178e-01
-5.157052287378510735e-02 4.507708780636378032e-01 8.911487511411581020e-01
6.171098687122897331e-02 3.904055561556052378e-01 9.185724009691973446e-01
1.051706637159046526e-01 2.983316381815996898e-01 9.486502860133844139e-01
9.322162913738452072e-02 2.066064747289989290e-01 9.739730450381711702e-01
3.311237905381365920e-02 9.935728673989513426e-02 9.945007289715199761e-01
-2.333167905001073961e-02 5.684706750079408788e-02 9.981102362309596243e-01
-9.159442017377306122e-02 3.228865653732121421e-02 9.952727791172890637e-01
-1.615232294761419496e-01 3.268340699472696564e-02 9.863275527160805245e-01
-2.196499379210119784e-01 6.418180863664810221e-02 9.734652537258364768e-01
-2.471088980985155226e-01 1.274165976844865988e-01 9.605738925845213050e-01
-2.237681367974858060e-01 2.095265545387569039e-01 9.518542135733235598e-01
-1.459367093093747181e-01 2.787334863061293189e-01 9.492155289964560039e-01
-4.571725517941119254e-02 2.977978108497663090e-01 9.535336367594607898e-01
3.342482502857451604e-02 2.681482352981152673e-01 9.627976448759607564e-01
7.098309981998615625e-02 2.136523491838322186e-01 9.743274979328594432e-01
6.792645010695153029e-02 1.537906050109221490e-01 9.857659190629737278e-01
4.052073939913625189e-02 5.704812026748885823e-02 9.975487866026372386e-01
-4.029473307580469336e-03 2.781078418434658472e-02 9.996050838346089984e-01
-5.383253428693107051e-02 8.591731401123533715e-03 9.985130146391916206e-01
-9.928708608133329783e-02 5.291661794925040310e-03 9.950447592208758740e-01
-1.301236524763521862e-01 2.154236025616258765e-02 9.912637195927843647e-01
-1.360052607106561062e-01 5.596200672642479695e-02 9.891262926755433060e-01
-1.101271967487545134e-01 9.969757598860419512e-02 9.889046434709047873e-01
-5.638021984865670272e-02 1.370396546901029022e-01 9.889597584594654878e-01
6.645955482246020292e-03 1.529550257821515602e-01 9.882108031000680359e-01
5.569319286994394574e-02 1.454500598481817397e-01 9.877968153208123159e-01
7.738035721378792864e-02 1.219145028874287912e-01 9.895196482652967029e-01
7.046337369328613265e-02 9.032533681639068335e-02 9.934164516942651790e-01
6.104230776796464031e-02 1.062282837994400070e-02 9.980786502973884033e-01
1.937352033146909000e-02 -1.214869861710125322e-02 9.997385037256534268e-01
-2.038855002299843136e-02 -3.374930330631861070e-02 9.992223434021675343e-01
-4.927103189325576088e-02 -4.840019481037635685e-02 9.976120421078221723e-01
-5.939787209161128539e-02 -5.201065636726089764e-02 9.968785203901494585e-01
-4.588853056594901364e-02 -4.321919831566448794e-02 9.980111941554545840e-01
-9.993270319899213300e-03 -2.394725858794822040e-02 9.996632749853194833e-01
3.842343051821717204e-02 3.858711963191028258e-04 9.992614728340433183e-01
8.337109499633274523e-02 2.222280813130743035e-02 9.962707500060732357e-01
1.106347684884390337e-01 3.571475644814386952e-02 9.932192125474491595e-01
1.140637138924138066e-01 3.801920198479818991e-02 9.927456922362132286e-01
9.542173775719271778e-02 2.885294651341024225e-02 9.950186930109291561e-01
8.873847541990993737e-02 -3.037750686762170221e-02 9.955916281571227655e-01
4.099390744822492549e-02 -5.393888338370814856e-02 9.977024087429641197e-01
2.474985303200159716e-03 -8.520466509904336960e-02 9.963603963894726023e-01
-1.761899365772112355e-02 -1.177992401049131055e-01 9.928811157904577911e-01
-1.181753959805724105e-02 -1.453798834229180492e-01 9.893053296400096119e-01
2.243295491171505562e-02 -1.608743474898237102e-01 9.867199232069536752e-01
7.796956481948406903e-02 -1.570001052861334512e-01 9.845159795057495389e-01
1.364605630402779546e-01 -1.314476267164549350e-01 9.818859588390331794e-01
1.772423725836711761e-01 -9.245841654935511855e-02 9.798145653999155158e-01
1.890965979880160630e-01 -5.403385753960279758e-02 9.804707129071359439e-01
1.727444553209098177e-01 -2.805942105217627477e-02 9.845669210601154520e-01
1.359834170002419129e-01 -2.033504514072796698e-02 9.905023958780478921e-01
1.423311956665814781e-01 6.935522405676217616e-04 9.898188469235715825e-01
8.787945938371889698e-02 -6.247500552396384466e-02 9.941700429521922455e-01
6.063771426985031104e-02 -1.390009657962995304e-01 9.884340135364990676e-01
6.926716156183142237e-02 -2.175716489023875599e-01 9.735834005995120943e-01
1.217469775992780362e-01 -2.829272981119583252e-01 9.513831076010849097e-01
2.165758066711336860e-01 -3.121207493170889413e-01 9.250273281425714922e-01
3.281624367197579217e-01 -2.811145336734204303e-01 9.018226178598988119e-01
4.078714458004140675e-01 -1.911625452449492724e-01 8.928033182040330251e-01
4.223822933233210009e-01 -8.195920541721665731e-02 9.027047617766668086e-01
3.773114832083617198e-01 3.544890538815851939e-03 9.260796285362234981e-01
2.998852781952982549e-01 4.430600905458630112e-02 9.529458523355437416e-01
2.161500843872978250e-01 4.006883162842957841e-02 9.755376106287846349e-01
1.741830737241671923e-01 1.210857476403101769e-02 9.846388369575096444e-01
9.874630118893362729e-02 -8.053037641535015778e-02 9.918487921431482501e-01
6.053131887374140624e-02 -1.924902893851209995e-01 9.794301649060600523e-01
7.105474507230329084e-02 -3.143144643686556772e-01 9.466560308217311093e-01
1.470223185517908482e-01 -4.271662245646893341e-01 8.921398177633578230e-01
2.978749431847661500e-01 -4.892409963341313173e-01 8.197034620693283147e-01
4.899791511675460898e-01 -4.402139276833040848e-01 7.524175232505684319e-01
6.246729898457091812e-01 -2.705400042070756350e-01 7.325242397907771874e-01
6.322507648751335418e-01 -7.839472561156637931e-02 7.707874138251562535e-01
5.401046787189974774e-01 5.076527394368176432e-02 8.400653682824256174e-01
4.083732283575818300e-01 9.669517420717489709e-02 9.076791005888144026e-01
2.799582924078376500e-01 7.630140312374011913e-02 9.569751566229238726e-01
1.840172329533040774e-01 4.799604962173950606e-02 9.817504964077763407e-01
8.628235233027944928e-02 -8.252838886898990201e-02 9.928466249662886156e-01
2.780070111924315412e-02 -2.345687316334907624e-01 9.717019250556614418e-01
2.232582925140683128e-02 -4.053427379874358638e-01 9.138921282674378199e-01
9.972536024445105562e-02 -5.790736648293225430e-01 8.091529788767554132e-01
3.000320955801040745e-01 -6.963310242824986007e-01 6.519998820886312441e-01
6.124271311726781075e-01 -6.244742240414682399e-01 4.847318356696960762e-01
8.485014123637493189e-01 -2.927123005434214553e-01 4.408683049701273005e-01
8.347036275748258571e-01 3.553496521440067946e-02 5.495517449347845362e-01
6.742231773641886861e-01 1.977378851575349039e-01 7.115636555350279835e-01
4.846494997200574417e-01 2.164148935996501322e-01 8.475136908921213630e-01
3.171686391417874451e-01 1.531463204946077739e-01 9.359221435909508280e-01
1.653721476581402339e-01 1.009718683057978378e-01 9.810487931747244872e-01
5.198398653036729461e-02 -6.564934443487896454e-02 9.964877463971048011e-01
-3.357637031197804184e-02 -2.497502263777811871e-01 9.677279843948731752e-01
-7.940892069445863732e-02 -4.587198058797015698e-01 8.850256284468243084e-01
-4.958107511348688184e-02 -6.898503369360273751e-01 7.222521925336978788e-01
1.329229428422845360e-01 -8.891897417316536600e-01 4.378048588874186020e-01
5.587533804088008482e-01 -8.281421991828573637e-01 4.444274760027220467e-02
9.825976176183547350e-01 -1.700020905964772788e-01 -7.484123892235265696e-02
9.127235206670744061e-01 3.398589579251793946e-01 2.267855011665241560e-01
6.895821036296255757e-01 4.595404890850440793e-01 5.597312401904656065e-01
4.793968395911312741e-01 3.898404629926263132e-01 7.862589163906893441e-01
3.060824589202463808e-01 2.555815519622929854e-01 9.170559408442545690e-01
1.193771311820905900e-01 1.530453734290407597e-01 9.809822700857635525e-01
4.556509739254324676e-03 -3.274847588260539066e-02 9.994532382989050889e-01
-1.066964130987301668e-01 -2.254477167413923566e-01 9.683951685381401164e-01
-2.102994538430524585e-01 -4.379253812600796270e-01 8.740683612631799937e-01
-2.875696225694570063e-01 -6.772688954583965248e-01 6.772079115160491991e-01
-2.843613945715381952e-01 -9.142272295326268061e-01 2.886644592923758856e-01
-5.217595440056382872e-02 -8.994039554553999727e-01 -4.339933118073784901e-01
5.691407440159276243e-01 2.864637351609981009e-01 -7.707252052052090407e-01
5.804158537167760645e-01 8.130675498961108527e-01 -4.515081461523182127e-02
4.758352225581845008e-01 7.426561379351701575e-01 4.712140721161603985e-01
3.576770022724513054e-01 5.477457341262642609e-01 7.563344318433927738e-01
2.373979483674886481e-01 3.447148049010599902e-01 9.081926653485824508e-01
5.993058135209060333e-02 1.842540096732063759e-01 9.810498383559331792e-01
-4.120708848235594274e-02 6.341113999992630153e-03 9.991305050552342637e-01
-1.645285652748019467e-01 -1.647133199067565001e-01 9.725224282523668995e-01
-3.137362865135298051e-01 -3.349233225121331370e-01 8.884795498839144212e-01
-4.955338843395031834e-01 -4.950950748977350768e-01 7.136715184757147501e-01
-7.186397017265031550e-01 -5.789435005201220008e-01 3.852030663271243105e-01
-9.387306971247104670e-01 -3.159541154376451222e-01 -1.376868737894513250e-01
-6.412989597766766137e-01 6.768280335110693491e-01 -3.614408073848134340e-01
-1.095240641424218841e-01 9.845209472426053043e-01 1.368319546535477216e-01
1.195551436348034485e-01 8.309745050430534796e-01 5.433120094372584363e-01
1.693637372387177542e-01 5.990532265021458747e-01 7.825925864238975072e-01
1.354425241666823987e-01 3.794738666785156256e-01 9.152348917929443717e-01
8.137922133032266317e-03 1.859596925949086321e-01 9.825236724646132513e-01
-7.076948870598837038e-02 3.829028815487969806e-02 9.967575097791512295e-01
-1.853795328663176145e-01 -9.190470864960799402e-02 9.783598281420768927e-01
-3.378099250624670979e-01 -1.994420943094145082e-01 9.198409131727718346e-01
-5.307795475278336284e-01 -2.606713599515576019e-01 8.064263847537732621e-01
-7.500724903052018444e-01 -2.115522008604684145e-01 6.266074733023377918e-01
-9.069612245587970190e-01 6.127253210413849405e-02 4.167337446817886426e-01
-7.649795351015148404e-01 5.504253555129836606e-01 3.344222463951713742e-01
-3.880041267202689048e-01 7.766899656156452947e-01 4.961909863752468342e-01
-1.092036958490083670e-01 7.078040604007199699e-01 6.979168753462294816e-01
1.879102843638959588e-02 5.351875219481839752e-01 8.445242528199644605e-01
4.470831832204218148e-02 3.524867490838345940e-01 9.347482324098792539e-01
-2.024040120518485683e-02 1.624930201427870757e-01 9.865020752961051187e-01
-7.696852793628537748e-02 5.319907165419246464e-02 9.956132303672375894e-01
-1.685279271774575427e-01 -3.571778532141941381e-02 9.850495305177831007e-01
-2.915522709304022575e-01 -9.356078706767352593e-02 9.519683043246923715e-01
-4.385123929653936270e-01 -9.963628224891328544e-02 8.931850270102689171e-01
-5.824605829311317873e-01 -2.183444387356052452e-02 8.125656443588468170e-01
-6.583286147399639576e-01 1.628329125814474421e-01 7.349073938901207192e-01
-5.804980688037936210e-01 4.032215651228123754e-01 7.074138544975234755e-01
-3.718149008858862570e-01 5.361830970136388652e-01 7.578003470282249632e-01
-1.717555078152036285e-01 5.165701139892909799e-01 8.388416792625855711e-01
-5.053951796743324371e-02 4.130231638298053620e-01 9.093171191964627420e-01
-6.400197137106125762e-03 2.858253062261285615e-01 9.582603674353461498e-01
-1.993346078435663873e-02 1.241109934215602201e-01 9.920681017214157960e-01
-6.032036648421504332e-02 4.874873698549636591e-02 9.969879708549467257e-01
-1.260194445878645708e-01 -9.916313783064538076e-03 9.919782085845760822e-01
-2.104960975675785606e-01 -4.069394456507917368e-02 9.767473551460139625e-01
-3.032004530553546462e-01 -3.046096508301460518e-02 9.524398221794961872e-01
-3.825239225930021081e-01 3.186335507004750545e-02 9.233960013167912262e-01
-4.135390164364861065e-01 1.425959301013934033e-01 8.992507340018246476e-01
-3.655396704621373116e-01 2.657215335387765331e-01 8.920609933925245372e-01
-2.517240025745173249e-01 3.391345601278323851e-01 9.064340994551229880e-01
-1.310189525279570610e-01 3.381355439722155132e-01 9.319326091412099000e-01
-4.775169656867159218e-02 2.841969200156910791e-01 9.575760471777660099e-01
-1.267245777329383156e-02 2.064667449685191614e-01 9.783715511175907764e-01
5.651850905607701606e-03 8.093809353840997201e-02 9.967031060429871747e-01
-2.633402600780204716e-02 2.850133690570047160e-02 9.992468127889091445e-01
-7.090930549136671701e-02 -1.413956392790456304e-02 9.973825460308021196e-01
-1.210348874444993200e-01 -3.670147596667268364e-02 9.919695346546372194e-01
-1.679548020269891750e-01 -3.066067921419669828e-02 9.853177696693904419e-01
-1.994035066148392710e-01 7.338898739108969289e-03 9.798899846997572993e-01
-2.010419422769872955e-01 7.042737693182780923e-02 9.770476559636686043e-01
-1.650537756956994839e-01 1.383421073290881931e-01 9.765340303688362367e-01
-1.019808791320404723e-01 1.845115590513992931e-01 9.775251326016926035e-01
-3.834994605688113456e-02 1.953592501319803276e-01 9.799816554533961055e-01
4.041415989953746173e-03 1.746609544416141413e-01 9.846203420357476643e-01
1.790065927839559409e-02 1.329846966906088890e-01 9.909564253000244793e-01
4.812455065903738921e-02 4.126821944665052394e-02 9.979884576925182049e-01
1.641685009139588758e-02 -1.341456597350210297e-03 9.998643345610103150e-01
-1.448204680791278717e-02 -4.197840955527979562e-02 9.990135551890608756e-01
-3.787750040140273888e-02 -7.062210997085105468e-02 9.967837340900903564e-01
-4.766878107814249282e-02 -7.932505043776538756e-02 9.957084029391228830e-01
-3.963219238201512451e-02 -6.418336955749966155e-02 9.971508333241858590e-01
-1.388365069607437607e-02 -2.756374867171353799e-02 9.995236285363430229e-01
2.291477286163519714e-02 2.027959966283523000e-02 9.995317158661356505e-01
5.880474109992682441e-02 6.385073507258287595e-02 9.962254192976275347e-01
8.193099696779522489e-02 9.031552941318367334e-02 9.925373629655036556e-01
8.652815429131975600e-02 9.405696076797884220e-02 9.917994588856982041e-01
7.365195840995647503e-02 7.588095427393790060e-02 9.943930157641996948e-01
9.713496228980010583e-02 1.227410275913767487e-02 9.951955312915062857e-01
5.780149224217362436e-02 -3.392466904364360020e-02 9.977515243409599277e-01
3.274030210151650938e-02 -8.601596674100808748e-02 9.957556558131084312e-01
2.894013984678912507e-02 -1.332772601244219535e-01 9.906561665075012124e-01
5.152057162719610867e-02 -1.650694121100928502e-01 9.849353886853664530e-01
9.934493676222304337e-02 -1.710469029722921086e-01 9.802415725337384478e-01
1.596408433680863714e-01 -1.444656882160096911e-01 9.765472165015313122e-01
2.098034015942278063e-01 -9.011708306746679664e-02 9.735817603154869326e-01
2.315558624107930674e-01 -2.686478519277415988e-02 9.724505981794854259e-01
2.215058796023184340e-01 2.366155306313386109e-02 9.748719281056612562e-01
1.881170671028160879e-01 4.781712348559264553e-02 9.809819018546674929e-01
1.432881006102540711e-01 4.242509545716877106e-02 9.887712736011828873e-01
1.388236094246081131e-01 6.165945358278513561e-02 9.883957290731880674e-01
1.061574878850595482e-01 -2.634440695586110284e-02 9.940002816839578204e-01
1.097172147730758468e-01 -1.207994554973288587e-01 9.865949646810788787e-01
1.541259176589793722e-01 -2.070044915903536398e-01 9.661233575311440891e-01
2.420061718749707824e-01 -2.646315244998808658e-01 9.334897798128349855e-01
3.617199231652205582e-01 -2.667463984240427965e-01 8.933112873535052900e-01
4.742551967561635662e-01 -1.947800704947621753e-01 8.585701674806697214e-01
5.269886928466026577e-01 -6.714856956643093511e-02 8.472154314085296178e-01
4.969361350161141111e-01 6.187723859378137237e-02 8.655782373990672518e-01
4.066618858718611951e-01 1.440171098369446012e-01 9.021558527512842929e-01
2.984208563175371753e-01 1.634548560132656203e-01 9.403337187191384006e-01
2.044189388150330078e-01 1.300967676733905121e-01 9.701998394633652989e-01
1.703344748490296379e-01 9.093730833367125177e-02 9.811812129422976536e-01
1.238132256305316120e-01 -3.965197186583525879e-02 9.915129884606916910e-01
1.276129316890572685e-01 -1.806206381794015770e-01 9.752390090276811252e-01
1.902446387735033662e-01 -3.187817604257459081e-01 9.285392649951518251e-01
3.229960013252178852e-01 -4.247861289965962905e-01 8.457129109455930882e-01
5.176313824639474648e-01 -4.424557046470496968e-01 7.323187156654246133e-01
7.101896304993283726e-01 -3.176788547755426961e-01 6.282601642312111156e-01
7.975089404826056771e-01 -8.144126389310600567e-02 5.977849198381797180e-01
7.371503635523736220e-01 1.431435357856759572e-01 6.603932689523579480e-01
5.805560917975942647e-01 2.631714416233954523e-01 7.705163311642704294e-01
4.066652332591472740e-01 2.699703037391336102e-01 8.727768461395513100e-01
2.649436791374558675e-01 2.007075215091017328e-01 9.431443885719230646e-01
1.696850196917613074e-01 1.364706523303202967e-01 9.760034606213155994e-01
1.111279473246887112e-01 -4.753721570062014595e-02 9.926685209307101188e-01
1.057827989044131112e-01 -2.444613983131158907e-01 9.638716845051183979e-01
1.665704196205345933e-01 -4.480648986436128745e-01 8.783462539970614547e-01
3.193926332210474950e-01 -6.230281850061059057e-01 7.140197662055232097e-01
5.760751653772017145e-01 -6.711849985465763169e-01 4.665277071748116788e-01
8.587405797204882285e-01 -4.623831374015390239e-01 2.208312726673142545e-01
9.876742201364827611e-01 -3.550365525907279995e-02 1.524438432381088337e-01
8.896833046889355279e-01 3.324365250799524718e-01 3.129689667529966246e-01
6.712229748377017691e-01 4.785443407807243865e-01 5.660874773009805239e-01
4.504521459175680476e-01 4.384958328488864909e-01 7.776980576112670906e-01
2.809935738499154678e-01 3.050782549289318690e-01 9.099284970943486428e-01
1.319713654530880742e-01 1.863164640129682526e-01 9.735860177396061799e-01
6.869847238127900491e-02 -4.668405050771434750e-02 9.965445897304933132e-01
4.287685640106057156e-02 -2.921824826123822216e-01 9.554009483141417958e-01
6.770517361127637024e-02 -5.550706945949531734e-01 8.290431433093495839e-01
1.774399133787782634e-01 -8.026876065026642415e-01 5.693923809704871664e-01
4.121943546715343132e-01 -9.005047153919026881e-01 1.385174051657459826e-01
7.235964912172387908e-01 -6.008938864516955025e-01 -3.396095627679701634e-01
8.755332062672305238e-01 1.007192470298292203e-01 -4.725433715559302916e-01
7.667496390210926105e-01 6.281779198381111096e-01 -1.322402816427389882e-01
5.655083804622981214e-01 7.546697888595357284e-01 3.326766920137611550e-01
3.768737124008533224e-01 6.294217191323373539e-01 6.795546367920577424e-01
2.325905485532888395e-01 4.159258044547726185e-01 8.791515011148451908e-01
6.454073287694676864e-02 2.211152790260912937e-01 9.731097200115482737e-01
6.999694004292901853e-03 -3.559628564191213290e-02 9.993417377115533240e-01
-4.596914977697823257e-02 -3.003814507318581239e-01 9.527107752749256475e-01
-8.846003292423278153e-02 -5.853990518194803760e-01 8.059049402406647244e-01
-9.962606225328778098e-02 -8.646535600081811657e-01 4.923909715715923952e-01
-4.128641572105459789e-02 -9.972593305147595677e-01 -6.139429597638951241e-02
9.941948979532121144e-02 -6.624901943645005176e-01 -7.424436055484976427e-01
2.070229522308026093e-01 2.725283404659236686e-01 -9.396115159428309882e-01
2.287304649574876392e-01 8.810018281397181683e-01 -4.141475017608760578e-01
2.211650428907236399e-01 9.534578410298015783e-01 2.049491868292233065e-01
1.809681735198128694e-01 7.544492367697477331e-01 6.309174821722763893e-01
1.242775771385202649e-01 4.862011890972852690e-01 8.649644429343226193e-01
-1.078567367299732190e-02 2.258995120484592611e-01 9.740908990950463142e-01
-5.474439986797916685e-02 -1.691535226321089561e-02 9.983571112286239169e-01
-1.292262453336048555e-01 -2.600598731190379431e-01 9.569061813524296634e-01
-2.382184219563538430e-01 -5.114690618782939957e-01 8.256218154711700841e-01
-3.850765458703979127e-01 -7.428328295382413682e-01 5.476453607771168963e-01
-5.596228862685048711e-01 -8.259952679149895616e-01 6.748364651042325357e-02
-7.087837444151555699e-01 -4.981283014019696753e-01 -4.994935424961644554e-01
-6.816964776759425471e-01 3.111094190173541163e-01 -6.621939608023519330e-01
-4.283438772585259069e-01 8.719671914773956534e-01 -2.370542971600927140e-01
-1.842481439313980451e-01 9.376311979529063922e-01 2.947886668166890822e-01
-4.872785673556199321e-02 7.421940392589798652e-01 6.684112536952901973e-01
-2.406369024655367374e-03 4.812539416968563688e-01 8.765779218012492713e-01
-6.808332000998795763e-02 2.013636454246857110e-01 9.771475547929325822e-01
-9.676375553633403959e-02 2.612192484098135002e-03 9.953039495877060716e-01
-1.757465507371659408e-01 -1.888409980457337878e-01 9.661533146251479742e-01
-3.115505781556927589e-01 -3.695564943606201580e-01 8.754223179280271605e-01
-5.121768691622988756e-01 -5.067684424077343319e-01 6.934411297828065868e-01
-7.614022896967251874e-01 -5.060009561930856048e-01 4.052524960766076823e-01
-9.673462427978405387e-01 -2.324397448175210823e-01 1.010594457433314219e-01
-9.593219046872180078e-01 2.820602489321236694e-01 1.197911347962783875e-02
-7.074054017105327885e-01 6.712347971938379398e-01 2.214078694784754053e-01
-4.080909849989038940e-01 7.450790640638458306e-01 5.275594149060480742e-01
-1.999915444324782410e-01 6.115372294282787058e-01 7.655230885993573597e-01
-9.566826771678153818e-02 4.091423430300520914e-01 9.074415274229788997e-01
-9.130271695543926147e-02 1.605681607644487141e-01 9.827927958756713656e-01
-1.081692723250849281e-01 1.594536703273382108e-02 9.940046045139293573e-01
-1.751800454846916544e-01 -1.178773874374534347e-01 9.774542818949937262e-01
-2.949211173929849883e-01 -2.293307315794561874e-01 9.275930950955515453e-01
-4.671367512129246946e-01 -2.904847637653211190e-01 8.351058960911308393e-01
-6.663014141907239729e-01 -2.498494238731185646e-01 7.025793128451416347e-01
-8.155960630819727442e-01 -6.248519057123187725e-02 5.752379184687519409e-01
-8.133531746321569500e-01 2.250700674303262594e-01 5.364700159960332781e-01
-6.449659481189239374e-01 4.507654797176106620e-01 6.171137723806040531e-01
-4.182003291605345674e-01 5.116283657774342020e-01 7.505630553270358218e-01
-2.361255084248091163e-01 4.398618352043385804e-01 8.664677202307254911e-01
-1.297831070200474723e-01 3.079058024987755826e-01 9.425234012585059773e-01
-7.825700054989007115e-02 1.178757982216223771e-01 9.899399668962605148e-01
-8.879493407625123347e-02 1.984875699566079552e-02 9.958521408963169064e-01
-1.364289150453223132e-01 -6.839294707310614174e-02 9.882861710709680558e-01
-2.198965512994626448e-01 -1.330759165079593576e-01 9.664038013025888496e-01
-3.337196401961584624e-01 -1.553463671589689621e-01 9.297842265591237387e-01
-4.561003341008177947e-01 -1.131993151792375085e-01 8.826994960213139230e-01
-5.410326129982031551e-01 1.386964450414218154e-03 8.410004684911174255e-01
-5.386047510028583174e-01 1.553067077645713667e-01 8.281212161999049748e-01
-4.428673148326950360e-01 2.781112899501720359e-01 8.523629812792200555e-01
-3.056840749443983651e-01 3.211775798259498549e-01 8.963270656085771115e-01
-1.853813709079068783e-01 2.895024854128231406e-01 9.390538100980636571e-01
-1.087365989053736687e-01 2.132174593676631758e-01 9.709349448234870783e-01
-3.629961418189124600e-02 8.261751671417714993e-02 9.959200188480110683e-01
-4.578816281266642058e-02 1.496158841688040482e-02 9.988391236922797844e-01
-7.450831175915685611e-02 -4.637970660166167852e-02 9.961412722571046929e-01
-1.198020031475582614e-01 -8.818806688979270725e-02 9.888732703941570668e-01
-1.764701215883542340e-01 -9.806341991646645717e-02 9.794089349504777609e-01
-2.322920012518838173e-01 -6.754403555775280454e-02 9.702980106209763145e-01
-2.666417797414263879e-01 9.566608236387600783e-04 9.637952303765602302e-01
-2.601223826229489000e-01 8.736078602520488956e-02 9.616155360243748840e-01
-2.122875836098462310e-01 1.593702091098281037e-01 9.641240160338908627e-01
-1.456786138376504613e-01 1.930185728865954353e-01 9.703203450360119442e-01
-8.658336405188121754e-02 1.845645510767009723e-01 9.789991049818934643e-01
-4.914540907216794624e-02 1.434781977513796547e-01 9.884324638219498249e-01
2.273701894296466935e-02 5.958224132087796415e-02 9.979644204524298345e-01
9.660097424381775683e-03 3.763800813334343756e-03 9.999462567163647231e-01
-3.944102045001864759e-03 -4.994183373825331063e-02 9.987443403102868045e-01
-1.542628421863074389e-02 -8.866745115938791388e-02 9.959418220257569843e-01
-2.219350128272505607e-02 -1.017985134608576925e-01 9.945574448759901820e-01
-2.195831981928602489e-02 -8.354529741484868766e-02 9.962620214936664942e-01
-1.365826630000920375e-02 -3.631671677225609823e-02 9.992469904104274159e-01
1.196387964788956986e-03 2.680611371837144166e-02 9.996399356384118029e-01
1.799316264968514600e-02 8.547117319480175557e-02 9.961781590912596185e-01
3.070717310808856668e-02 1.218913296159732651e-01 9.920683309551506790e-01
3.553558493053039780e-02 1.278947195019398686e-01 9.911509284297290723e-01
3.227896114204013844e-02 1.046489807941547168e-01 9.939852410807854532e-01
8.552398518767115321e-02 5.171481898599068761e-02 9.949930780939515440e-01
6.456659280227512732e-02 -1.091704481035291052e-02 9.978536832754664188e-01
6.177948328612262868e-02 -7.572711513194804733e-02 9.952128915355704653e-01
8.002458279481484971e-02 -1.290272553900930208e-01 9.884068157975740565e-01
1.200477973322968961e-01 -1.573790570128742183e-01 9.802144452971871535e-01
1.755621392118860147e-01 -1.493432317414817856e-01 9.730747835642018506e-01
2.292100215213114522e-01 -1.013721257129052561e-01 9.680839107033470947e-01
2.585428929287935662e-01 -2.586336381082674982e-02 9.656534880215744687e-01
2.519876474137848765e-01 5.083512427435139813e-02 9.663943375718818674e-01
2.161742231765796385e-01 1.033759545437958616e-01 9.708666835646361237e-01
1.676838196271442927e-01 1.192137903616164452e-01 9.786062583200261233e-01
1.213415397204563734e-01 9.907573659495572116e-02 9.876539015041716496e-01
1.066909150954851726e-01 1.137841480101570574e-01 9.877602018189276523e-01
1.068991598335154586e-01 1.543554610903060710e-02 9.941500457895314780e-01
1.473154015347658552e-01 -7.875291061509033519e-02 9.859493656068305523e-01
2.265168590373817792e-01 -1.535582170332155383e-01 9.618263806704064889e-01
3.393158819460482811e-01 -1.877423507829065197e-01 9.217470054095744381e-01
4.639947624774119483e-01 -1.568871824723624964e-01 8.718344294472326617e-01
5.554537992600282470e-01 -5.286485731292153017e-02 8.298652804815682682e-01
5.672506655777069806e-01 9.275825072387770820e-02 8.183047044496649658e-01
4.902703516544101303e-01 2.190898522061740517e-01 8.435843875682502713e-01
3.624500606804055280e-01 2.789203175996554651e-01 8.892881478705185749e-01
2.375431858987121503e-01 2.662633047975426215e-01 9.341718724898094850e-01
1.494373076597199923e-01 2.031048523394828331e-01 9.676863696652028279e-01
1.292277444923206620e-01 1.580557772354278800e-01 9.789374654878287840e-01
1.283370880056110552e-01 9.958845336565241846e-03 9.916806004161681232e-01
1.840036331381771639e-01 -1.345264908073196264e-01 9.736761711488428617e-01
2.984078090777375625e-01 -2.610260138421185427e-01 9.180513055266779077e-01
4.711666484691741097e-01 -3.353186964313301099e-01 8.158206672999902542e-01
6.731460098860551078e-01 -3.006169794336982504e-01 6.756507093540961018e-01
8.262690796570970608e-01 -1.221329238819382490e-01 5.498754012562643290e-01
8.458652931085755000e-01 1.435955189012753375e-01 5.137044216920414463e-01
7.181148455896892990e-01 3.675780374174365539e-01 5.909293146833737298e-01
5.126804827548845367e-01 4.568045994123636211e-01 7.269719943422061625e-01
3.204374206487868859e-01 4.153194689113283711e-01 8.513692490283675252e-01
1.906461784162583051e-01 3.002632141985416836e-01 9.346100988402779031e-01
1.153575204396549564e-01 2.055252030815376829e-01 9.718292202728434637e-01
1.185538737794221836e-01 -3.490701338706092820e-03 9.929414856959455360e-01
1.818243575051349536e-01 -2.118504360507285356e-01 9.602391867463980768e-01
3.118843466537469244e-01 -4.109498017076204102e-01 8.566495285640107760e-01
5.176000073678755919e-01 -5.522801101343275398e-01 6.535112182074029885e-01
7.715104313806266934e-01 -5.270183398422523258e-01 3.564033161192967092e-01
9.667269924109810342e-01 -2.434161211714397921e-01 7.866075322553103821e-02
9.782730280510244514e-01 2.073203360274175899e-01 4.010701170556150996e-04
7.996712544377790888e-01 5.734466756904514906e-01 1.780022330349418647e-01
5.412239369176533588e-01 6.932882144450542850e-01 4.758446194073391866e-01
3.176693395990315971e-01 6.020475905942921369e-01 7.325468512923942743e-01
1.770020870188003526e-01 4.147346097018958511e-01 8.925611826125697812e-01
6.363798590165871405e-02 2.416663286697530444e-01 9.682704128174234315e-01
7.694720635718430013e-02 -2.148185434391972071e-02 9.968037205828509384e-01
1.323716393255011670e-01 -2.886379792392824717e-01 9.482435689435586568e-01
2.369348113465191974e-01 -5.607827488102423708e-01 7.933376354421340926e-01
4.035702975131110204e-01 -7.810980810725258738e-01 4.764628030705514994e-01
6.162674947549159343e-01 -7.874565482084801005e-01 -1.124987075658522538e-02
7.739965237360858508e-01 -4.046021129329878674e-01 -4.870590430887100086e-01
7.455317806524821567e-01 2.557576993168789725e-01 -6.154432250639569890e-01
5.619290635179251536e-01 7.725846303287465799e-01 -2.955481628321279808e-01
3.497237625389745808e-01 9.144020541434757510e-01 2.038680291111470144e-01
1.877611426052569477e-01 7.684950404193978679e-01 6.116871146087395905e-01
9.611493410079974264e-02 5.115875141549206528e-01 8.538384711427335905e-01
-1.327600199476092202e-02 2.497597711461142234e-01 9.682168168794534902e-01
1.341359266369008575e-02 -3.754182188218963684e-02 9.992050275802230042e-01
4.495482946423549897e-02 -3.326262981644846350e-01 9.419866289269672732e-01
8.151244539077605322e-02 -6.433725936929332034e-01 7.612013051296612209e-01
1.257522787940555942e-01 -9.142459586225258894e-01 3.851502194216347985e-01
1.698726646325993961e-01 -9.626636233077919824e-01 -2.107653343665659984e-01
1.686596993261328947e-01 -5.555500790977031533e-01 -8.141977741542206770e-01
7.655750831456385741e-02 2.228676291981392665e-01 -9.718379328758143254e-01
-1.081385074551500375e-02 8.325747538895974520e-01 -5.538071323283904057e-01
-4.454092494802783242e-02 9.969767889275121808e-01 6.366622609283072165e-02
-4.684966048834877245e-02 8.318122663182471177e-01 5.530763626430673652e-01
-3.427897472383910349e-02 5.458845904220425149e-01 8.371588653486438103e-01
-8.966767681802528811e-02 2.231256172818049666e-01 9.706568222842636429e-01
-5.226630676064908387e-02 -4.564346081463924176e-02 9.975895486935524303e-01
-4.972119760322649823e-02 -3.230406088500645256e-01 9.450780748396599984e-01
-9.095870512852857748e-02 -6.153508054752619971e-01 7.829878033292042572e-01
-1.892584852475034107e-01 -8.730942013312391614e-01 4.493191976350904282e-01
-3.490710292951545446e-01 -9.340374737636761848e-01 -7.565324918376144236e-02
-5.393789562204754917e-01 -5.883242302819342573e-01 -6.024491195524476206e-01
-6.631431033704762168e-01 1.065916366547393357e-01 -7.408639871444051561e-01
-6.111042763146125045e-01 6.927250892373993940e-01 -3.829928383286459459e-01
-4.468312683661886386e-01 8.800471826530144037e-01 1.608066351696108287e-01
-2.823570132760735429e-01 7.503750012160640415e-01 5.976720460283448944e-01
-1.634986652418730368e-01 4.957355929421239926e-01 8.529445517469596005e-01
-1.395065710967970662e-01 1.727683816283419327e-01 9.750328214631506230e-01
-9.890510288868820110e-02 -4.400965691485917569e-02 9.941231969534954915e-01
-1.161469751190988137e-01 -2.676207325523535796e-01 9.564983134740778770e-01
-2.036798972064388369e-01 -4.956567289144936939e-01 8.442978778581350374e-01
-3.785864759113497513e-01 -6.856288121441309613e-01 6.217599313359880586e-01
-6.326568782928712054e-01 -7.201949650582597506e-01 2.847182583773301690e-01
-8.840935093300387182e-01 -4.655187268920454868e-01 -4.087764270770002928e-02
-9.913457354143188072e-01 2.441678529780421172e-02 -1.289862530324888124e-01
-8.829468228810732899e-01 4.620626722270740894e-01 8.308426384379459517e-02
-6.447340434910432405e-01 6.344553991055976727e-01 4.263617709286388613e-01
-4.091740751037924451e-01 5.659406041352225136e-01 7.157428370957663599e-01
-2.395488809960976684e-01 3.842481603556265335e-01 8.916107249674858348e-01
-1.501509944896170512e-01 1.196053257866380309e-01 9.814016735757464804e-01
-1.139580093053139537e-01 -3.502935788881585827e-02 9.928678241340377353e-01
-1.359888495327664926e-01 -1.938309659338707247e-01 9.715639914323481729e-01
-2.258041007646949538e-01 -3.461884920023181045e-01 9.105855457248129836e-01
-3.926483956953397692e-01 -4.591925572355305962e-01 7.968496926881931675e-01
-6.179329483679337764e-01 -4.649722768842107778e-01 6.340028809479499872e-01
-8.228193654755577846e-01 -3.013888960697808650e-01 4.818018525541042929e-01
-8.991726881728027143e-01 -9.403894604731346044e-03 4.374929069258186032e-01
-8.059872614995424733e-01 2.611830299823288959e-01 5.311948410419691236e-01
-6.066097639263634544e-01 3.889347530022410626e-01 6.933645161214370134e-01
-4.003513448970568711e-01 3.685385475646376086e-01 8.389863762887419529e-01
-2.443537748415845479e-01 2.617415588889549505e-01 9.336929843750124691e-01
-1.240738835617949815e-01 8.020941464099885787e-02 9.890258445666494369e-01
-9.634431927430209264e-02 -2.221595061987668984e-02 9.951001073669797359e-01
-1.120524388204502120e-01 -1.265146734653865568e-01 9.856156899888696143e-01
-1.765048775244865142e-01 -2.188660771266381921e-01 9.596580997903614296e-01
-2.915877385570964653e-01 -2.770615687506685076e-01 9.155399924878198092e-01
-4.396291411011168382e-01 -2.689815721771532386e-01 8.569569021390778252e-01
-5.694686990986174147e-01 -1.730331699836828718e-01 8.035949992579318746e-01
-6.181527664606417671e-01 -1.447334049081849990e-02 7.859247290500415151e-01
-5.627039400694199278e-01 1.367502632956282271e-01 8.152690606904049453e-01
-4.383679432483074123e-01 2.200527800744454809e-01 8.714415185850111767e-01
-3.025674280038208042e-01 2.230646842758746140e-01 9.266580265340544909e-01
-1.934227909035574344e-01 1.679165621667943753e-01 9.666393599006908310e-01
-7.191088951972805787e-02 6.113662239437413215e-02 9.955356032662424637e-01
-5.319905422985987675e-02 -8.400772823805599185e-03 9.985485905278083107e-01
-5.746408280690350895e-02 -7.798520547394678648e-02 9.952970345150289333e-01
-8.770122348657494182e-02 -1.339319897277598537e-01 9.871021819075036507e-01
-1.439751212163132288e-01 -1.619230209804069787e-01 9.762438730908951090e-01
-2.165867615407560398e-01 -1.487758612993730634e-01 9.648605691083319558e-01
-2.814065268380027685e-01 -9.031892784255254880e-02 9.553286648721027730e-01
-3.094915246576275814e-01 -2.050731677529813585e-03 9.508999898332242129e-01
-2.888904278145942306e-01 8.353465619720869262e-02 9.537107957506355538e-01
-2.334247985370450085e-01 1.367263132322934782e-01 9.627142767705574311e-01
-1.680254808159628854e-01 1.462194406270852509e-01 9.748781015999794519e-01
-1.112691654772799271e-01 1.170991894295308755e-01 9.868672416535405612e-01
-6.902946405939173850e-03 6.211595840243209349e-02 9.980450676410987931e-01
3.927013333268842242e-03 4.090325565404438236e-03 9.999839237722836227e-01
1.308109198268977806e-02 -5.231552490632484370e-02 9.985449268240739196e-01
1.799333952461590683e-02 -9.383627034781862053e-02 9.954250318833728350e-01
1.664564914728730582e-02 -1.092573779205604917e-01 9.938741106066910636e-01
8.573990309774690358e-03 -9.201232745467183283e-02 9.957209540260569813e-01
-4.096086984030070620e-03 -4.391354716156769394e-02 9.990269377985806498e-01
-1.693019374454988665e-02 2.189290097376652214e-02 9.996169613541964205e-01
-2.559426047585215691e-02 8.420425220726487914e-02 9.961197607421115041e-01
-2.816764851987899748e-02 1.238354459357064175e-01 9.919029014509466169e-01
-2.495142584812854586e-02 1.315748615207568417e-01 9.909921705865532005e-01
-1.721789095834074315e-02 1.084396508976084167e-01 9.939539156037519030e-01
5.715209145935903901e-02 8.057424113030570156e-02 9.951087529048866509e-01
6.168091814607327278e-02 1.286059683201238278e-02 9.980130607290208511e-01
8.576486452994433463e-02 -5.167850930845768742e-02 9.949742306650328771e-01
1.267967019582865174e-01 -9.904506676048355218e-02 9.869714641888330808e-01
1.800339248140833959e-01 -1.158321137858686761e-01 9.768166190908984525e-01
2.342924374929057085e-01 -9.240374162745509934e-02 9.677647453110169717e-01
2.704874182198321875e-01 -2.990471310128883092e-02 9.622589384980630989e-01
2.704577234010319131e-01 5.360000742315405853e-02 9.612386067240865639e-01
2.318784351410544120e-01 1.286209522743415323e-01 9.642038383829726333e-01
1.718993310208632441e-01 1.707160872532082763e-01 9.702095843411913112e-01
1.141451818810775426e-01 1.718755733176250688e-01 9.784833492452588155e-01
7.432595309270217943e-02 1.379277444562002908e-01 9.876495279228345581e-01
4.661490434822083279e-02 1.424299985459705487e-01 9.887066026919555384e-01
8.474321698792684765e-02 5.610525851779685214e-02 9.948219876647292903e-01
1.585688026126381434e-01 -1.274239448491340694e-02 9.872657019368439313e-01
2.610168580374345737e-01 -5.259136958276792312e-02 9.639005901365127471e-01
3.799345949699652336e-01 -4.698024080592179408e-02 9.238195497600251160e-01
4.871219856624405264e-01 1.960424038941170621e-02 8.731138785078925713e-01
5.379998568762238698e-01 1.422724391678810985e-01 8.308517960831315330e-01
4.981351445801103228e-01 2.796203673033787473e-01 8.207763568253200193e-01
3.770861023514898158e-01 3.711230117655253125e-01 8.485716125062202631e-01
2.292606780260940669e-01 3.819724113811874266e-01 8.952857747416870238e-01
1.125985981092877952e-01 3.255463863649226686e-01 9.387976917466273052e-01
5.250143882302536064e-02 2.368957311034620150e-01 9.701154629767517745e-01
5.105436752164004000e-02 1.932744952247755776e-01 9.798155035782888378e-01
1.053045231016565136e-01 6.035894272111001074e-02 9.926065461439652626e-01
2.111154188925636332e-01 -5.061758618091062589e-02 9.761496503482997023e-01
3.650480150649275113e-01 -1.290719972792195303e-01 9.219980293989125109e-01
5.556622179958848884e-01 -1.453044822836142280e-01 8.186123056248798546e-01
7.374264747107661666e-01 -5.440807268275994063e-02 6.732324680394597971e-01
8.262526289783092004e-01 1.563627458309481688e-01 5.411629004492881645e-01
7.586640524363827964e-01 4.135330919153078488e-01 5.034076255201703765e-01
5.564813086404646336e-01 5.885874070882463061e-01 5.864242639511096922e-01
3.188684008630300881e-01 6.049291464247270600e-01 7.296462641150309736e-01
1.421610640260800029e-01 4.972356311526182626e-01 8.558895717247730905e-01
5.732477295963209207e-02 3.439878697037248023e-01 9.372226074427296716e-01
2.334234377595995058e-02 2.326680685038018115e-01 9.722760435624971942e-01
1.020402766257053062e-01 4.403273911573979404e-02 9.938052625299271803e-01
2.370346501871255784e-01 -1.253762251062796040e-01 9.633770688514441405e-01
4.305869362547133927e-01 -2.710975907449224565e-01 8.608722243277319164e-01
6.747219213412852801e-01 -3.471161478274246703e-01 6.513529832426109278e-01
9.060135087751475247e-01 -2.550429767594261099e-01 3.377759640986311984e-01
9.969769129278851505e-01 6.401766928584881611e-02 4.403150131469921180e-02
8.681566045084614380e-01 4.946797769667402589e-01 -3.995032300883950838e-02
5.795155736330339646e-01 8.015706569218958855e-01 1.471264146185990995e-01
2.794261189854647665e-01 8.401607882495983892e-01 4.648127514563235585e-01
8.349912041079043945e-02 6.748934858304378448e-01 7.331757495132460445e-01
8.654566301758065405e-03 4.472938112853293013e-01 8.943452045312114684e-01
-3.334036561283689609e-02 2.463419238982741677e-01 9.686093518807536995e-01
7.286285839082183580e-02 9.757059970424669659e-03 9.972942412587832983e-01
2.197339403765958821e-01 -2.188402835809173663e-01 9.506975995177653349e-01
4.111333878089695748e-01 -4.461304128791671042e-01 7.949446472133344654e-01
6.369980430743789057e-01 -6.154080061029574278e-01 4.642267540156106431e-01
8.229598857715102467e-01 -5.660829100182003248e-01 -4.782431804259783953e-02
8.316132363787011039e-01 -1.672438398420477146e-01 -5.295742847932553010e-01
6.145538606760744260e-01 4.339508726695520680e-01 -6.587944993983507747e-01
2.951469024421307652e-01 8.910482356986575425e-01 -3.448497464656187228e-01
3.612582269795539675e-02 9.837334919264346667e-01 1.759640355207493234e-01
-8.654519158554369040e-02 7.903627223529531287e-01 6.064954220177000144e-01
-9.467181665123809708e-02 5.101823008377690538e-01 8.548399072597174797e-01
-1.029845545008398616e-01 2.234051161220852177e-01 9.692700014054698165e-01
2.393206699408801166e-02 -3.204533251942436739e-02 9.991998563016881718e-01
1.565720365557811966e-01 -2.949402559271305790e-01 9.426003621908860541e-01
2.923380189907795468e-01 -5.810794816089464021e-01 7.595295377439466034e-01
4.089524627935317014e-01 -8.352490116926589714e-01 3.675826051943714146e-01
4.366556788038202241e-01 -8.647264603712786490e-01 -2.481531118122304869e-01
2.905562860889818189e-01 -4.755567723123267920e-01 -8.303148805856704895e-01
2.355126918037909502e-03 1.992327221223030020e-01 -9.799493741070902653e-01
-2.543799650319467087e-01 7.602230118606274623e-01 -5.977890979502068491e-01
-3.592808389571937044e-01 9.327899218819490912e-01 2.863983927977631003e-02
-3.250579381979020188e-01 7.727927139363628406e-01 5.450951826070967732e-01
-2.239706427203835004e-01 4.962472834525509802e-01 8.387942446543366071e-01
-1.608365139681797173e-01 1.673454552345328417e-01 9.726906570883476766e-01
-2.953698737160767238e-02 -6.711424296205580065e-02 9.973079989494262332e-01
6.971077235324447952e-02 -3.218954154785104160e-01 9.442053535708294643e-01
1.249561976047028344e-01 -6.127017578758121585e-01 7.803733110351461777e-01
1.014135422234074407e-01 -8.946795845210812059e-01 4.350445201296409548e-01
-5.304901199421457186e-02 -9.927158410933905053e-01 -1.081714434067065078e-01
-3.405222266125917940e-01 -7.006357652603564246e-01 -6.270200456291730173e-01
-6.401286913092808506e-01 -9.754254458835284747e-02 -7.620503333494118570e-01
-7.798716154130759248e-01 4.600532765971968585e-01 -4.244422765996513358e-01
-7.093648519462050217e-01 6.924558352847963727e-01 1.315538787090815009e-01
-5.223022031946523702e-01 6.131363957009366983e-01 5.926754329352387218e-01
-3.258686312469359359e-01 4.006002297434533288e-01 8.563463616426703062e-01
-1.869896227906831798e-01 9.907041272552247202e-02 9.773535359791581945e-01
-6.982299014875317789e-02 -8.487215976648773696e-02 9.939423859276084183e-01
-6.419309954701432272e-03 -2.949028552300791972e-01 9.555056768207506046e-01
-1.362175683156192571e-02 -5.376085574337708950e-01 8.430845074574437881e-01
-1.265361785018528917e-01 -7.780147899105872566e-01 6.153710930896465481e-01
-3.729108020056818851e-01 -8.894502833833027866e-01 2.642266586418137719e-01
-6.976232440520145905e-01 -7.128286700097933304e-01 -7.209089103624453931e-02
-9.454519286707177006e-01 -2.821779032539460386e-01 -1.627767842418416100e-01
-9.864638680925787995e-01 1.551924139292703009e-01 5.295612907420147591e-02
-8.259821225856227578e-01 3.845063333510916337e-01 4.121994817829264801e-01
-5.817557813951198531e-01 3.854394815732827828e-01 7.162378214378628538e-01
-3.575305619890048470e-01 2.634164172485007338e-01 8.959819687739180027e-01
-1.772999734286542506e-01 4.426769957528049054e-02 9.831607651835934103e-01
-8.557700737030438098e-02 -8.241243138046915051e-02 9.929173011703269491e-01
-4.780486909192439154e-02 -2.332267130574184055e-01 9.712466189426754992e-01
-7.940656881095739528e-02 -4.043237892078828111e-01 9.111623731859591624e-01
-2.039131142849674727e-01 -5.682092660650611693e-01 7.972187101294260225e-01
-4.267880367641735950e-01 -6.492289876922308078e-01 6.295662738863798680e-01
-6.842768926254177986e-01 -5.572969711777491231e-01 4.703033277949896229e-01
-8.530095023216611727e-01 -3.049792053616575682e-01 4.235120697760026975e-01
-8.530797935718837932e-01 -2.622438610167093093e-02 5.211210486759375593e-01
-7.073085281818415337e-01 1.501493512175879064e-01 6.907747956390893895e-01
-5.045295938167293492e-01 1.924332132390273731e-01 8.416765099523684235e-01
-3.184798019821994397e-01 1.425242854156043015e-01 9.371539061414139171e-01
-1.403961092778741870e-01 1.782576622392534685e-02 9.899349345074361928e-01
-7.493193087815870623e-02 -6.286897049212809840e-02 9.952048524218701786e-01
-4.956546364545766359e-02 -1.608114907717346775e-01 9.857397877987180701e-01
-7.568159989116103603e-02 -2.666314398881837189e-01 9.608225490178606831e-01
-1.649620883879253097e-01 -3.606222218627354592e-01 9.180082366152320095e-01
-3.127067255197197304e-01 -4.047068506685947975e-01 8.593176763203534962e-01
-4.742798878476630065e-01 -3.590099917499583460e-01 8.038472577591551094e-01
-5.769946712948305079e-01 -2.285829630933918499e-01 7.841090346889880713e-01
-5.769683546097268412e-01 -7.376823468837853670e-02 8.134284020917895708e-01
-4.889853743326838531e-01 3.997343646336857376e-02 8.713755952895461121e-01
-3.621188767321829038e-01 8.558654884568291099e-02 9.281944094697621717e-01
-2.388933818626167993e-01 7.202167388132377224e-02 9.683712256121862483e-01
-8.845141020582117375e-02 2.115596315836623317e-02 9.958557994285758275e-01
-4.309531623750924301e-02 -3.213933616560391004e-02 9.985538827670390472e-01
-1.912012455907027147e-02 -9.393477494470543754e-02 9.953947352145795513e-01
-2.498658526321308193e-02 -1.537561085456977394e-01 9.877928576588743681e-01
-6.703552991724433252e-02 -1.988592775925747125e-01 9.777326963151795614e-01
-1.417096281976831240e-01 -2.132089340730035920e-01 9.666748841816883431e-01
-2.269817274144041996e-01 -1.838231492875168904e-01 9.563934050409417242e-01
-2.882129313401529114e-01 -1.152733478846845877e-01 9.506026306904996614e-01
-3.019266563398891323e-01 -3.344274992854021078e-02 9.527443920949923983e-01
-2.703984770542858795e-01 3.119958959078174277e-02 9.622428223770511657e-01
-2.125922651637197347e-01 6.133954245205888722e-02 9.752138172340545363e-01
-1.476889779791488166e-01 5.561616033542297888e-02 9.874688898862002961e-01
-3.290832703552908078e-02 4.829688978608376315e-02 9.982907654831107980e-01
9.893145708188590126e-04 2.875178173465958980e-03 9.999953772928937834e-01
3.263178001795639938e-02 -4.194702754690404767e-02 9.985868083511028059e-01
5.444575477592101392e-02 -7.589954114715631583e-02 9.956279021001772644e-01
5.983389944481286998e-02 -9.004927322762606989e-02 9.941383368871125059e-01
4.526447886689091704e-02 -7.863913613672150749e-02 9.958749987926585057e-01
1.325814097927984457e-02 -4.213129151415752338e-02 9.990241118076492732e-01
-2.643112304654430741e-02 9.771824239493187569e-03 9.996028747385868884e-01
-6.068293457993725187e-02 6.013563929225484300e-02 9.963439598540277942e-01
-7.943881181690715110e-02 9.309208753571478201e-02 9.924834197179380757e-01
-7.914755143267794557e-02 1.008188302729862429e-01 9.917515961996885565e-01
-6.184412296060159964e-02 8.392348659341315742e-02 9.945512318896181370e-01
1.555031984430119488e-02 9.131760731091893846e-02 9.957003977841621944e-01
4.699217023297624918e-02 3.477558843711790748e-02 9.982897346891265178e-01
9.519543116203231514e-02 -1.221849598539677742e-02 9.953836136093155984e-01
1.523958424328432093e-01 -3.900100152974943224e-02 9.875497096798410146e-01
2.090539892146858758e-01 -3.583451152951265539e-02 9.772473163825564635e-01
2.510412502241633481e-01 2.127526905755164257e-03 9.679740514678070173e-01
2.609116675875960412e-01 6.828930658331644477e-02 9.629442726986273682e-01
2.280935616247193043e-01 1.414808781923621583e-01 9.633049819508400224e-01
1.612599531041150613e-01 1.944786606079896563e-01 9.675604777445206972e-01
8.692561986075572622e-02 2.104922625091573685e-01 9.737232379046020236e-01
3.176886798647256954e-02 1.907893567489023501e-01 9.811167924250495664e-01
8.288755266924428822e-03 1.469408787467055555e-01 9.891105472541806831e-01
