7.650953863342951217e-03 -1.018575254364498528e-01 9.947695750358309663e-01
3.370649256129167048e-02 -1.245462156147016802e-01 9.916411208371929131e-01
3.734144362451168042e-02 -1.141597905848669714e-01 9.927603733034655598e-01
2.010152596816481077e-02 -8.174006174897183175e-02 9.964509475932060711e-01
-1.192476834616098755e-02 -3.763593195923264911e-02 9.992203643468222651e-01
-5.051543220368025916e-02 1.018307603252085330e-02 9.986713654009529151e-01
-8.696709574926579644e-02 5.493944773915802882e-02 9.946951197924285282e-01
-1.132200851625520394e-01 8.915433557821506039e-02 9.895618812199217240e-01
-1.229387230241854312e-01 1.033130416992686512e-01 9.870220290326686685e-01
-1.125886874229226620e-01 8.671408177060629940e-02 9.898507238402216579e-01
-8.199203112439770735e-02 3.358404873167211008e-02 9.960669749081866309e-01
-3.562936435643192234e-02 -4.277475658258066832e-02 9.984492318564937019e-01
7.549455946047840815e-02 -5.755831363250141219e-02 9.954836071093886574e-01
8.763724891899916936e-02 -8.771912991074733157e-02 9.922827554932948102e-01
7.911974356150074106e-02 -8.540141600372637420e-02 9.932002136143075477e-01
5.353041932702955197e-02 -5.959255167163303446e-02 9.967864475361647436e-01
1.713146762006057325e-02 -1.944566645567955693e-02 9.996641330333942976e-01
-2.212179946614450596e-02 2.759764384987005784e-02 9.993743022723300395e-01
-5.558680193637567657e-02 7.482911375946067756e-02 9.956458763959823433e-01
-7.496398713377530609e-02 1.144334786508126728e-01 9.905984956566258326e-01
-7.379299192370443461e-02 1.360303692908264306e-01 9.879525965214629446e-01
-4.967569055505145076e-02 1.273526954592496818e-01 9.906127481145688973e-01
-6.802794619128079562e-03 8.035681345863922298e-02 9.967429480645786377e-01
4.204623935042678395e-02 5.687884224989481728e-03 9.990994753923718719e-01
1.191668574938242325e-01 -1.115540608572039918e-02 9.928115717447976163e-01
1.213880278344175584e-01 -4.554121948158399574e-02 9.915598539809955536e-01
1.050459935933953370e-01 -5.170388109038297902e-02 9.931223730792427817e-01
7.536700128637138785e-02 -3.465984895406565292e-02 9.965533151757647312e-01
3.861702968440772904e-02 -1.434730787014063241e-03 9.992530543189671599e-01
2.150574215995134254e-03 4.125402520014675306e-02 9.991463758805301243e-01
-2.600598099497282781e-02 8.669493988130255735e-02 9.958954143641959300e-01
-3.813438665142741824e-02 1.268364378240434409e-01 9.911903382273363761e-01
-2.865928681262418926e-02 1.512266799106946613e-01 9.880835676007211354e-01
2.995164690810204425e-03 1.481285651573162332e-01 9.889635772732114916e-01
4.934082417095918965e-02 1.105596701509360680e-01 9.926439655818053431e-01
9.425085263793304968e-02 4.772867095273414934e-02 9.944037161767175226e-01
1.266775855694250719e-01 2.058867466876549215e-02 9.917302535417055198e-01
1.253374568970107572e-01 -1.337187697593331462e-02 9.920240495093641808e-01
1.077865184626224937e-01 -2.478539400733753562e-02 9.938650565754805211e-01
7.948071702947029360e-02 -1.504961170442806022e-02 9.967227923590477046e-01
4.638045780851979966e-02 1.102808126196796849e-02 9.988629708608884883e-01
1.510489786621248449e-02 4.758919423366753110e-02 9.987527775443152400e-01
-7.293461595120034197e-03 8.809335602777651486e-02 9.960855214496128207e-01
-1.431345633665654163e-02 1.246810938314006217e-01 9.920936194777884021e-01
-1.878220215747607169e-03 1.477921766425277228e-01 9.890166554775442487e-01
2.906325056459158757e-02 1.477006879950354956e-01 9.886049940357972687e-01
7.035050776868922995e-02 1.195535300446105564e-01 9.903321460553464739e-01
1.075492607951393370e-01 7.059918826076745646e-02 9.916899269023194963e-01
1.044897664161409112e-01 2.975283841528414061e-02 9.940808102565666937e-01
1.038098345189664151e-01 -1.610548701591881329e-04 9.945971507694436609e-01
8.972067703454603138e-02 -1.240840240844678748e-02 9.958896684183097259e-01
6.656041127170095328e-02 -6.436325121302277803e-03 9.977616375519702263e-01
3.942409642218491772e-02 1.445736643898001134e-02 9.991179736031794434e-01
1.403188623128327761e-02 4.516511901849466770e-02 9.988809829968924303e-01
-3.640210715855738462e-03 7.953838531281080815e-02 9.968251572506561242e-01
-8.384372963014027208e-03 1.103638409826909889e-01 9.938558873867453514e-01
2.589632753335157841e-03 1.295614994837343548e-01 9.915680065702449086e-01
2.776216890772035054e-02 1.298010825760564924e-01 9.911513209089668486e-01
6.020820164599687691e-02 1.081796329145154334e-01 9.923064745718304103e-01
8.907255034501163071e-02 7.032336770188692132e-02 9.935394832265229681e-01
6.475696958063260900e-02 1.701212475074976790e-02 9.977560435808984218e-01
6.696138693173768475e-02 -7.018065509810728769e-03 9.977308852675990103e-01
5.844966236540970195e-02 -1.642508008039040429e-02 9.981552252600638386e-01
4.181154725879617645e-02 -1.041255495695346533e-02 9.990712553242389049e-01
2.090348147764479331e-02 8.214240622127295249e-03 9.997477535422835127e-01
4.879501065372615588e-04 3.473633116571130108e-02 9.993963924299571477e-01
-1.437740019456875892e-02 6.342791881483415828e-02 9.978828535847333869e-01
-1.940890761633215153e-02 8.790328450432155494e-02 9.959399112789528719e-01
-1.244825680486691399e-02 1.016610062196378755e-01 9.947412129377926071e-01
5.321921752223307371e-03 9.959460172714290627e-02 9.950138654589438802e-01
2.897562364700262058e-02 8.057407650769488061e-02 9.963273716149357861e-01
5.110178397184002991e-02 4.965635899625273769e-02 9.974581964604417594e-01
1.836079552996967845e-02 -1.165793953789976724e-02 9.997634588407444678e-01
2.487231104409851762e-02 -2.959323010578400470e-02 9.992525250782247070e-01
2.250249358907572758e-02 -3.395965479342836352e-02 9.991698452359730753e-01
1.202739450339651399e-02 -2.489392710355694052e-02 9.996177440274636172e-01
-3.923713752504130736e-03 -5.631726339254243714e-03 9.999764437868843281e-01
-2.136055995693708978e-02 1.900651455275369564e-02 9.995911558646800588e-01
-3.577122432908652616e-02 4.352002861226284686e-02 9.984119523620285097e-01
-4.323218177417616215e-02 6.222301184480939773e-02 9.971255062709756256e-01
-4.150723153696798950e-02 6.995347616503888588e-02 9.966863402808656680e-01
-3.081163118587844710e-02 6.348928017012231417e-02 9.975067692437711298e-01
-1.397944107439325415e-02 4.346601752147311037e-02 9.989570964500821271e-01
4.190560263166504505e-03 1.545754653973597723e-02 9.998717435050161750e-01
-2.643199957589849325e-02 -4.817019807537011034e-02 9.984893496757133446e-01
-1.427524252991077720e-02 -6.104732487326582774e-02 9.980327858224252724e-01
-1.056415083469042573e-02 -5.958855558107075540e-02 9.981671216589527162e-01
-1.614025610860025245e-02 -4.551646639171356978e-02 9.988331909883285675e-01
-2.925227367923646099e-02 -2.317737768564934533e-02 9.993033141383488305e-01
-4.624501935358463905e-02 2.034173326827458123e-03 9.989280556295436764e-01
-6.264817871692127116e-02 2.452017427170554570e-02 9.977344169453941092e-01
-7.433300367230860628e-02 3.895517184586388959e-02 9.964723273384645807e-01
-7.841638159651609374e-02 4.104746272453101141e-02 9.960752867636243346e-01
-7.375696149842676796e-02 2.897184957603276406e-02 9.968553267965641895e-01
-6.119794482799580104e-02 5.066258995963525760e-03 9.981127915064174072e-01
-4.375657573994381350e-02 -2.370144886756466590e-02 9.987610341823786042e-01
-6.281725288074301028e-02 -8.436611136959924762e-02 9.944527902283533116e-01
-4.373593634460436197e-02 -9.417102520991368908e-02 9.945948853091947095e-01
-3.434084112879162015e-02 -8.720600856042251547e-02 9.955982215238440292e-01
-3.674746386850758634e-02 -6.713903710307154993e-02 9.970666846284830243e-01
-4.948620610931287606e-02 -3.987902537134559167e-02 9.979783458273823182e-01
-6.862723772924156362e-02 -1.173499398484345764e-02 9.975733517681445450e-01
-8.920929686532284852e-02 1.130139606394852531e-02 9.959487837232730012e-01
-1.064577212816808643e-01 2.384051709298727270e-02 9.940313794464956665e-01
-1.165113867346009024e-01 2.179444385989864202e-02 9.929501996466449931e-01
-1.166959726528710439e-01 3.951382656633135697e-03 9.931598242687728062e-01
-1.059363478592115076e-01 -2.603873367395564964e-02 9.940319283358528546e-01
-8.602374724009356766e-02 -5.914926858323235614e-02 9.945357102370705471e-01
-8.391438133802170407e-02 -1.130646499403862998e-01 9.900377576327182849e-01
-5.733753820800240736e-02 -1.224548972644088490e-01 9.908164334769952175e-01
-4.336487091396445254e-02 -1.111144904641337555e-01 9.928610466622936892e-01
-4.480281019318934493e-02 -8.494705173458712288e-02 9.953776703344966448e-01
-5.969420300786169170e-02 -5.166683870297032743e-02 9.968786986918694026e-01
-8.318606916418025410e-02 -1.859929823457254217e-02 9.963604488348342114e-01
-1.093808446799275497e-01 7.747380570816557108e-03 9.939697223313437302e-01
-1.326180615751889891e-01 2.154656982467173867e-02 9.909329922213712116e-01
-1.480338258338996515e-01 1.810335380434074590e-02 9.888165932013284198e-01
-1.515616084804431718e-01 -4.389256041077705707e-03 9.884380674913264553e-01
-1.403403466652435316e-01 -4.197176165261226610e-02 9.892133027418882341e-01
-1.151740325855030306e-01 -8.316295721392084894e-02 9.898580023242726789e-01
-8.217140339701453633e-02 -1.284628414491899295e-01 9.883041833518095842e-01
-4.955744434731461368e-02 -1.402623411472444237e-01 9.888733666984759196e-01
-3.367671908389059665e-02 -1.263083450191945789e-01 9.914192254390798986e-01
-3.704298189386110579e-02 -9.497632169009315173e-02 9.947900863049496945e-01
-5.642778109477029208e-02 -5.570219162536876878e-02 9.968516295662845916e-01
-8.559092966019955784e-02 -1.658888937327980193e-02 9.961922512794710860e-01
-1.174693647347193615e-01 1.547876362301930236e-02 9.929558682163941441e-01
-1.454836487511871612e-01 3.404573903618779429e-02 9.887746940528614470e-01
-1.640300836632437032e-01 3.303013508961864103e-02 9.859021968883761033e-01
-1.682797192995447721e-01 8.498846292510202696e-03 9.857026456715930474e-01
-1.542286425454360566e-01 -3.707094141713165175e-02 9.873394913205606471e-01
-1.218997054162190008e-01 -8.991885962081695716e-02 9.884609554776416784e-01
-5.122936699801623056e-02 -1.259400963677936303e-01 9.907142090854025307e-01
-1.763319264150187832e-02 -1.424096424601475341e-01 9.896507284145645844e-01
-4.785652589559718367e-03 -1.283496150174092687e-01 9.917174364979571832e-01
-1.360424469761413631e-02 -9.430529815711004293e-02 9.954503680574818825e-01
-3.918834354120429020e-02 -5.077289125708907974e-02 9.979410740338073849e-01
-7.395034698880496860e-02 -6.069184053804994351e-03 9.972434563261820539e-01
-1.097711005665964329e-01 3.286779970075934254e-02 9.934133143980978797e-01
-1.392467778824617586e-01 5.899308032260124762e-02 9.884989384532959500e-01
-1.563580588802344351e-01 6.440614669050005736e-02 9.855982983407378661e-01
-1.565430274629061314e-01 4.177935466041388102e-02 9.867870925771172752e-01
-1.364188626827758932e-01 -1.006950949673448593e-02 9.906000701003123687e-01
-9.640595795162090753e-02 -7.639318121206715995e-02 9.924061533142142233e-01
1.034566313743155441e-01 -1.339412300865907013e-01 9.855741840713432289e-01
1.472241703484115649e-01 -1.313784528174630484e-01 9.803390973536835196e-01
1.365513265195027470e-01 -1.072980482059351925e-01 9.848049878413218661e-01
8.861803533961953860e-02 -7.672429890676155106e-02 9.931063516914979683e-01
1.936055652462596519e-02 -4.617664580126505658e-02 9.987456564280993154e-01
-5.807711268049518816e-02 -1.753972392532788735e-02 9.981580070646050018e-01
-1.321581456156334378e-01 8.549092432854921500e-03 9.911917763813110627e-01
-1.912772427985892643e-01 3.012153196636120980e-02 9.810737534452147468e-01
-2.222565225651213228e-01 4.127472843023360927e-02 9.741141796371853845e-01
-2.095452637342576085e-01 2.974679261423015739e-02 9.773463617242261758e-01
-1.369505678063482890e-01 -1.938539027371114984e-02 9.903881807763951217e-01
-2.712972233066513698e-03 -9.501190107639467808e-02 9.954724398170977651e-01
1.608520899302371410e-01 -1.582852856170664790e-02 9.868515910960040660e-01
1.867682747715815050e-01 -4.347004340236688968e-02 9.814417796615764189e-01
1.645711355839116208e-01 -4.453628911310711369e-02 9.853592544268376940e-01
1.105860367784079756e-01 -3.112509827472031629e-02 9.933790599399060506e-01
3.882444958370836335e-02 -9.717748637753619023e-03 9.991987927715135775e-01
-3.876170836369682154e-02 1.736290819138350608e-02 9.990976225494486718e-01
-1.108122977402124509e-01 4.936115665278831277e-02 9.926147847393279600e-01
-1.648714746333776182e-01 8.462512795010815325e-02 9.826779658521394012e-01
-1.860166090613427359e-01 1.175768790873698844e-01 9.754862882980663841e-01
-1.571646756922290555e-01 1.347883510529387374e-01 9.783309077888553418e-01
-6.559685262172705589e-02 1.143754417910334553e-01 9.912695452001594187e-01
7.214262430610875187e-02 4.675598204573432060e-02 9.962978068335228699e-01
1.731450814068404842e-01 7.981804111996450291e-02 9.816566920755400716e-01
1.905233303380721999e-01 3.466556801123196058e-02 9.810704148997390073e-01
1.666069764275416309e-01 1.296696953467456510e-02 9.859381182949238376e-01
1.154895094722050569e-01 1.029223841011731033e-02 9.932553765424013692e-01
4.929578544455045369e-02 2.204055200497780087e-02 9.985410054699213056e-01
-2.103183150814778857e-02 4.559034121581893167e-02 9.987387961078835197e-01
-8.435464358719178823e-02 7.941565306919144696e-02 9.932660510421683631e-01
-1.280967548167204206e-01 1.210216391487926729e-01 9.843500313725641604e-01
-1.378406854471637133e-01 1.638536538180468682e-01 9.768070052808480730e-01
-9.985071054483472819e-02 1.937491832040375561e-01 9.759564998561844895e-01
-1.090542664860381233e-02 1.898081667192273170e-01 9.817606284204176692e-01
1.018485878221302432e-01 1.421489390690392762e-01 9.845915621617380431e-01
1.475870324348598772e-01 1.214300954839108437e-01 9.815665029777528305e-01
1.633826331378772367e-01 7.502859712744171239e-02 9.837056596370962192e-01
1.452162113122526799e-01 4.537733645605478844e-02 9.883588160724743332e-01
1.033889654206974623e-01 3.423719490498445400e-02 9.940515762847407233e-01
4.810621474439837064e-02 3.964415912311838874e-02 9.980551752034050317e-01
-1.062048802112868819e-02 5.928042478829355366e-02 9.981848708887561816e-01
-6.225944906268783552e-02 9.089345600805280589e-02 9.939125417547536312e-01
-9.535182232630466659e-02 1.309114834888010226e-01 9.867979598021843213e-01
-9.825121865806110688e-02 1.720939707968655585e-01 9.801685381849208900e-01
-6.261887179898556477e-02 2.016946633413714551e-01 9.774446990362658516e-01
8.603842619876974837e-03 2.040295949394886343e-01 9.789269116133112458e-01
9.166575059091298938e-02 1.723523199275628637e-01 9.807609637339400610e-01
1.065065979169099175e-01 1.121140399392512449e-01 9.879710454506370754e-01
1.222001192926583379e-01 7.368018954047340918e-02 9.897668212837601454e-01
1.114412617412710582e-01 4.682157736447908891e-02 9.926674090925706739e-01
8.041937660619796757e-02 3.541585369986368498e-02 9.961317388644447268e-01
3.711763793375796178e-02 3.901432908155354901e-02 9.985490288817049365e-01
-9.625690603471513326e-03 5.565707341735438157e-02 9.984035437934214441e-01
-5.030641971682860841e-02 8.271759430272060398e-02 9.953024986041887345e-01
-7.520960876690079011e-02 1.161476366284154432e-01 9.903803518117660909e-01
-7.579285821156250824e-02 1.491257808590207845e-01 9.859091966947860497e-01
-4.774348522848945175e-02 1.716606973792847990e-01 9.839985592435938067e-01
4.276356559635693944e-03 1.733978618982789932e-01 9.848425733402905724e-01
6.339532083398904949e-02 1.506742722536007772e-01 9.865486794767218681e-01
6.516895357407620493e-02 6.700949825040082575e-02 9.956217829245407325e-01
8.093472091747892783e-02 3.984855127442106515e-02 9.959225190301603803e-01
7.623764800463102287e-02 2.187806057720393174e-02 9.968496233094362724e-01
5.411946824785668353e-02 1.596962777149903145e-02 9.984067578623129213e-01
2.053888422859974708e-02 2.156420719721142271e-02 9.995564712422784215e-01
-1.686689261544282656e-02 3.664119549181276553e-02 9.991861341744145975e-01
-4.966537365994141279e-02 5.844414694968799034e-02 9.970544781236951870e-01
-6.969127244912699803e-02 8.309180073341043693e-02 9.941020466709299397e-01
-7.060468403802992732e-02 1.049975791420707794e-01 9.919629463674598524e-01
-5.011980465214094932e-02 1.172951340975262186e-01 9.918315666980149770e-01
-1.247002446273879316e-02 1.142677638052998490e-01 9.933717212830200927e-01
3.086835776665815267e-02 9.533039863170235384e-02 9.949669640675284921e-01
3.032805179495411466e-02 1.792882709648195225e-03 9.995383908813790796e-01
4.725752129611630187e-02 -1.366655313981306880e-02 9.987892430369362806e-01
4.695153215269731034e-02 -2.017682249144707798e-02 9.986933710917783591e-01
3.054457345719132147e-02 -1.745769033264077050e-02 9.993809374209785545e-01
2.712102592001548133e-03 -7.371642920984289131e-03 9.999691512142357963e-01
-2.967212121431425653e-02 7.517940033288241820e-03 9.995314131133027358e-01
-5.883553182862368003e-02 2.437396786641472107e-02 9.979700846643481116e-01
-7.746909646138719352e-02 3.981256621945351154e-02 9.961995275368166203e-01
-8.021681629876606379e-02 4.979962854333284256e-02 9.955326510867176237e-01
-6.527978093494751777e-02 5.053261715564946743e-02 9.965866770152481680e-01
-3.584164044510271263e-02 4.044573859911573810e-02 9.985386918089015351e-01
-2.744798926198077117e-04 2.212895428524324498e-02 9.997550870302961412e-01
4.280234668884075680e-03 -7.028989629671794637e-02 9.975174234418374697e-01
2.470534513105002508e-02 -7.468016611048661213e-02 9.969014588772801000e-01
2.778334593484275972e-02 -6.905418003564284257e-02 9.972259552919460202e-01
1.379607831556439561e-02 -5.636892829285904821e-02 9.983146859313468680e-01
-1.281855641655897486e-02 -4.038803622736993060e-02 9.991018422268402865e-01
-4.514731350243712110e-02 -2.449796114025729402e-02 9.986799136778071739e-01
-7.538356609851511181e-02 -1.165477323342451431e-02 9.970864978642707266e-01
-9.623082921728867700e-02 -4.734406589894733786e-03 9.953477848984655374e-01
-1.021757733450514849e-01 -6.351661604865183747e-03 9.947460820411385685e-01
-9.073887221637363942e-02 -1.759076035875077257e-02 9.957193491234664906e-01
-6.380710124327582111e-02 -3.616917998679297641e-02 9.973065949095935023e-01
-2.849634818256603641e-02 -5.603296057949205128e-02 9.980221768422127271e-01
-1.164810467864054420e-02 -1.379939803301027668e-01 9.903645707767850803e-01
1.546647285048605679e-02 -1.324469761662239453e-01 9.910694156930487386e-01
2.144561430633159030e-02 -1.149949612355618128e-01 9.931345550918181386e-01
6.755179035621033078e-03 -9.212494748703976832e-02 9.957245410286006404e-01
-2.315795244543014317e-02 -6.962628151785885122e-02 9.973043117126219048e-01
-6.038455744750396981e-02 -5.166946506992426552e-02 9.968369834637736959e-01
-9.637272949387364063e-02 -4.130856209611338120e-02 9.944877574446753243e-01
-1.231208037963026219e-01 -4.111956706585508797e-02 9.915394338486482884e-01
-1.340316115975282163e-01 -5.288058808765014329e-02 9.895651421186535401e-01
-1.248647506966870241e-01 -7.578902767018722009e-02 9.892748947174382357e-01
-9.558223791318316842e-02 -1.041580588556887954e-01 9.899571377443373565e-01
-5.315732996404092664e-02 -1.278067902751932605e-01 9.903735268223308186e-01
-1.478036106556080385e-02 -1.907096635286106290e-01 9.815352083157750096e-01
2.213267226251370429e-02 -1.770990413599263236e-01 9.839441418941644590e-01
3.022482950522149478e-02 -1.490948328091560582e-01 9.883608604711746626e-01
1.164862625998307546e-02 -1.169232068730196861e-01 9.930726424592114521e-01
-2.572718237560247395e-02 -8.809534019533418747e-02 9.957797563329626733e-01
-7.215280669589028972e-02 -6.713233206232438466e-02 9.951317613652023164e-01
-1.178798538872599805e-01 -5.697340434866798864e-02 9.913921379779163656e-01
-1.538324156096590734e-01 -6.017064390215842024e-02 9.862631907965874190e-01
-1.717662956552623854e-01 -7.868337533542518747e-02 9.819904613196291931e-01
-1.646605161466004330e-01 -1.115386362693218947e-01 9.800234931069823352e-01
-1.291367671260932881e-01 -1.509736467211644784e-01 9.800666576167684774e-01
-7.200800413093111363e-02 -1.816715455890772768e-01 9.807192752590006002e-01
1.951548207404140626e-04 -2.168989091855250129e-01 9.761940509491746631e-01
4.769530777330050625e-02 -1.986097839411254951e-01 9.789174180385260549e-01
5.538522941392950982e-02 -1.631617679270086496e-01 9.850435086075427504e-01
2.943010146682176892e-02 -1.244355648960723676e-01 9.917911369419004641e-01
-1.865721434739489246e-02 -9.080036459729255716e-02 9.956943316809729883e-01
-7.696973634427822786e-02 -6.631635434469369816e-02 9.948255127577489976e-01
-1.345976876081069473e-01 -5.336871862944498474e-02 9.894620974864142271e-01
-1.814535984583503792e-01 -5.460532740887014819e-02 9.818822993744448224e-01
-2.075825998669841854e-01 -7.331674246539203466e-02 9.754661037201600715e-01
-2.026348604719339364e-01 -1.111387601835348432e-01 9.729271757465873804e-01
-1.580156857401261716e-01 -1.617625922133892613e-01 9.740964566306635763e-01
-7.854442241542382297e-02 -2.043890836195114136e-01 9.757335067551843322e-01
4.000873456007247864e-02 -2.027423818100247965e-01 9.784144458138325229e-01
9.255273665702752617e-02 -1.861584925997404050e-01 9.781508097272526570e-01
9.431857661581073693e-02 -1.501164850703392561e-01 9.841590557503505643e-01
5.770099890512922491e-02 -1.107617015985409570e-01 9.921705701059013727e-01
-2.257854728516547112e-03 -7.591400848125416656e-02 9.971118118888478987e-01
-7.221508462568486386e-02 -4.840561498574463828e-02 9.962137712309805382e-01
-1.406340259839455042e-01 -2.965719290091213892e-02 9.896173612283716281e-01
-1.966690841457328642e-01 -2.217786866942247220e-02 9.802190640272858690e-01
-2.288529210585841522e-01 -3.104911548377902591e-02 9.729657203367788609e-01
-2.238928027355598371e-01 -6.329668897493320734e-02 9.725561896610698254e-01
-1.675970659599074486e-01 -1.205689271736404555e-01 9.784550870028513314e-01
-5.984859258612677119e-02 -1.804551141407949866e-01 9.817607130792772585e-01
3.155970941208587899e-01 -1.100173781459470729e-01 9.424938464989758291e-01
3.363268275389106332e-01 -5.165928507101388845e-02 9.403273809389594007e-01
2.741793148551743831e-01 -2.318160512408307117e-02 9.613991452510223246e-01
1.759438086924850764e-01 -1.896817855473451053e-02 9.842174477141508726e-01
6.341085002685448169e-02 -2.948885367086112250e-02 9.975517388126458052e-01
-5.249527256137827280e-02 -4.779542761669264284e-02 9.974767383040596957e-01
-1.641822542001679375e-01 -6.933809152789949248e-02 9.839900489685640128e-01
-2.626169824119432561e-01 -9.111672070033982607e-02 9.605883945569601012e-01
-3.317911934012431341e-01 -1.119302907377886652e-01 9.366889633153667738e-01
-3.383493475243046777e-01 -1.359043318085657592e-01 9.311550524083138658e-01
-2.128703293717426059e-01 -1.743922305055373989e-01 9.613914773974863159e-01
1.294106794064334154e-01 -1.753685291904964472e-01 9.759604269771133822e-01
2.888256993606574952e-01 1.448367234040786045e-01 9.463625303985002679e-01
3.141643375820121764e-01 1.072825724009327797e-01 9.432874528216894650e-01
2.608598167702498305e-01 7.620456210844933631e-02 9.623642869041831860e-01
1.703514376882980519e-01 4.692806181812846783e-02 9.842652816651652481e-01
6.256848913854032301e-02 2.054648807443429717e-02 9.978291567170368692e-01
-5.199936498235283033e-02 -6.069253713239540683e-05 9.986471160314353002e-01
-1.657195087305629033e-01 -1.096930066084043920e-02 9.861119200521181183e-01
-2.691382644787914669e-01 -6.534129748020994603e-03 9.630793839252707045e-01
-3.448331967966309919e-01 2.119665379292680341e-02 9.384246204436624827e-01
-3.556092544122806953e-01 7.917926707943685749e-02 9.312747724709454777e-01
-2.270369353693076353e-01 1.553966220224594630e-01 9.614084042914333716e-01
1.085988898312280349e-01 1.902921092094572164e-01 9.757024107275678038e-01
1.975044336510864140e-01 2.828424344626354059e-01 9.386118238950492687e-01
2.405936337216965371e-01 2.089003040301204150e-01 9.478794049817987899e-01
2.122043202407944418e-01 1.445147260072890683e-01 9.664806363492186581e-01
1.434619887271743610e-01 9.457307241811438447e-02 9.851266881796501007e-01
5.284192599055849426e-02 5.928385370126574433e-02 9.968415899970837213e-01
-4.817729122616071225e-02 3.967132682015162698e-02 9.980506672702113002e-01
-1.502189866091154236e-01 3.891970157529256458e-02 9.878863866313482012e-01
-2.415569150566514722e-01 6.261784798483660541e-02 9.683642196518768008e-01
-3.023476256515644223e-01 1.173734973817536498e-01 9.459436428112938389e-01
-2.975691700366297487e-01 2.036106132126670187e-01 9.327353897171821728e-01
-1.805960693121385352e-01 2.966565307044899402e-01 9.377526126540489670e-01
4.506877139735918775e-02 3.356788720599971354e-01 9.408977100073657729e-01
1.102400916006748693e-01 2.932930596673039014e-01 9.496453566225540044e-01
1.597548224503695102e-01 2.267498108166314807e-01 9.607616353698132938e-01
1.529424073983071120e-01 1.615617502071956535e-01 9.749391883031941486e-01
1.074500235042551155e-01 1.100495548559922987e-01 9.881010008723348781e-01
3.818066230074695921e-02 7.556689156859570933e-02 9.964094950996877920e-01
-4.321202978962044444e-02 5.973025067185349507e-02 9.972788063706727879e-01
-1.260007846633463269e-01 6.514621788119760726e-02 9.898887677713557043e-01
-1.974118968202649427e-01 9.530808083771644124e-02 9.756766435253398928e-01
-2.394308719406600672e-01 1.519229332871784854e-01 9.589537423166213381e-01
-2.279569695799486539e-01 2.283848662575569399e-01 9.465072492507258239e-01
-1.432150120051711162e-01 3.006476546596586474e-01 9.429212311131637270e-01
-3.473895636115802241e-03 3.297028740599217689e-01 9.440783584459027100e-01
5.601796215994310491e-02 2.305489836967729855e-01 9.714469383511793454e-01
9.986866354961909664e-02 1.836523203762660261e-01 9.779049418329168741e-01
1.036807873411511732e-01 1.342260711514852434e-01 9.855118751996250204e-01
7.493215568801978033e-02 9.384118649247574773e-02 9.927633170910770133e-01
2.404571345527382886e-02 6.710812429863252659e-02 9.974559154758657620e-01
-3.843119455960111036e-02 5.630882105147373695e-02 9.976734736157311101e-01
-1.017385673964031484e-01 6.357373442293164090e-02 9.927777415896831270e-01
-1.539018403284563574e-01 9.044818036381474524e-02 9.839376759797221483e-01
-1.810169026305899764e-01 1.354365549488010800e-01 9.741097579563987585e-01
-1.690208149998030374e-01 1.901928897571151522e-01 9.670877048038133417e-01
-1.115222305427072957e-01 2.369923198494972294e-01 9.650893390909830449e-01
-2.360028155914434267e-02 2.538799573856235781e-01 9.669477720891599404e-01
3.358305132737337412e-02 1.348985109046360042e-01 9.902901445633606192e-01
6.795842167843897663e-02 1.079099186498747587e-01 9.918352193686742480e-01
7.379315182067058831e-02 7.887252707162381582e-02 9.941497348074821439e-01
5.360446048886057663e-02 5.462733288817495786e-02 9.970669066403118341e-01
1.459490897796232242e-02 3.845594275696324199e-02 9.991537064428115400e-01
-3.406748316062515464e-02 3.237376864260468196e-02 9.988950624038595016e-01
-8.234716550516106570e-02 3.808382812677484769e-02 9.958757785830961717e-01
-1.197960762190563716e-01 5.621555810372775436e-02 9.912056855918569553e-01
-1.362693799152087937e-01 8.458318345393346649e-02 9.870543759967088659e-01
-1.240665189777299948e-01 1.165888455529865558e-01 9.854007002034188556e-01
-8.243745337269962892e-02 1.415308990421168811e-01 9.864953476311800751e-01
-2.266226317891472525e-02 1.487998710851228534e-01 9.886076169000580505e-01
3.464802723032228693e-02 2.824150797289659565e-02 9.990004661844433809e-01
6.125798241785782028e-02 1.984012688680538566e-02 9.979247611695262199e-01
6.457489701445523478e-02 1.115135972440490543e-02 9.978505548687395255e-01
4.594597522390794775e-02 3.554364813411191228e-03 9.989376025816384397e-01
1.143644617080586193e-02 -2.205849546102982891e-03 9.999321686628586114e-01
-3.043878618956704502e-02 -5.007769329648206758e-03 9.995240880247325821e-01
-7.021322894372863943e-02 -3.465173286512089005e-03 9.975259871579726934e-01
-9.859752816715221246e-02 3.057555479611858036e-03 9.951226953467112724e-01
-1.077692182677334742e-01 1.338814570511167971e-02 9.940857876201586452e-01
-9.335866925535023231e-02 2.434533298430770903e-02 9.953348500061147686e-01
-5.721605836985566018e-02 3.189259202862755604e-02 9.978522862819448891e-01
-9.338579103944574800e-03 3.323223973048331642e-02 9.994040269994913794e-01
5.251016013037916597e-02 -7.732635156260407594e-02 9.956220761098598659e-01
7.532149940617006989e-02 -6.710211205177477045e-02 9.948989789348746671e-01
7.403772393873964131e-02 -5.620876204486408012e-02 9.956701213270470197e-01
5.127800136571394884e-02 -4.836596828855833224e-02 9.975125561553107589e-01
1.404967217526414611e-02 -4.533248882606821795e-02 9.988731511901720594e-01
-2.860953599268434289e-02 -4.683285516218332195e-02 9.984929534692024156e-01
-6.711152308112298959e-02 -5.156662383383479875e-02 9.964120266117292291e-01
-9.241431834448876614e-02 -5.837987587927115363e-02 9.940077383286283208e-01
-9.730472267552808807e-02 -6.665012298110016553e-02 9.930204187485662803e-01
-7.837054692173309189e-02 -7.540484402527708463e-02 9.940684920429982974e-01
-3.873951455910080305e-02 -8.203879106107335450e-02 9.958759394488420069e-01
1.024914306209831656e-02 -8.301890263934985636e-02 9.964952668582824913e-01
8.350993770539072436e-02 -1.729458925954018012e-01 9.813846384261233347e-01
1.072009071054182694e-01 -1.424201159156631702e-01 9.839839816269242423e-01
9.991774755095425564e-02 -1.123429542545447690e-01 9.886331495320221929e-01
6.787323343884869853e-02 -9.088282894306543014e-02 9.935459403499853348e-01
2.104166384993155087e-02 -8.135536823230990477e-02 9.964630211112440739e-01
-2.989138395288730779e-02 -8.362314945490746665e-02 9.960490319460731934e-01
-7.456230258997233185e-02 -9.612946804189022310e-02 9.925722081574808175e-01
-1.032748086598189036e-01 -1.171640214707362071e-01 9.877281538808792005e-01
-1.076775101490606845e-01 -1.444483168068149415e-01 9.836362323438433419e-01
-8.276291374828168013e-02 -1.728454535923656665e-01 9.814656128874685859e-01
-3.120976540838898972e-02 -1.924410603910518269e-01 9.808121067862765052e-01
3.194692879749407022e-02 -1.926451292503636448e-01 9.807483101777295653e-01
1.268040805173308860e-01 -2.482689667505121878e-01 9.603557910029363320e-01
1.558003886525940740e-01 -1.950208884660185327e-01 9.683455436763097612e-01
1.403640035639372174e-01 -1.466914811441331901e-01 9.791728937543667799e-01
9.385783880898596054e-02 -1.146130246519574403e-01 9.889664102861194239e-01
3.119644871773305170e-02 -1.016782827119751542e-01 9.943280688044269233e-01
-3.473124159242904629e-02 -1.065765710570416996e-01 9.936977283657623117e-01
-9.274035561590031340e-02 -1.270791494529360244e-01 9.875475260535574451e-01
-1.321285159172000678e-01 -1.613308861451571985e-01 9.780155420325147286e-01
-1.419444998225534993e-01 -2.066203331513778441e-01 9.680701404848983671e-01
-1.122333261869260801e-01 -2.550957035076006352e-01 9.603800615095988702e-01
-4.082270679119076595e-02 -2.888759428215167957e-01 9.564957899902701843e-01
5.276327555860454988e-02 -2.862224387833968708e-01 9.567093353204098038e-01
1.835923738220505697e-01 -2.862837621436467028e-01 9.403911142748909713e-01
2.195979289546637070e-01 -2.100737611774543268e-01 9.527044475929736800e-01
1.918213976770599960e-01 -1.481449865866671378e-01 9.701843197777663130e-01
1.261448004206025542e-01 -1.116770716964732846e-01 9.857056969419667469e-01
4.344400252634118137e-02 -9.994510779906622122e-02 9.940440604276834513e-01
-4.190123392760672361e-02 -1.089260788598417629e-01 9.931663485738621011e-01
-1.188111901310590357e-01 -1.353511317758771260e-01 9.836482970180826513e-01
-1.761841648821572959e-01 -1.777331178007446055e-01 9.681787432501959278e-01
-2.000773652180344309e-01 -2.349072585566834570e-01 9.512032526251357201e-01
-1.721268120526714407e-01 -3.004546190447666687e-01 9.381361215022389066e-01
-7.580986524011508465e-02 -3.513529573756134505e-01 9.331687755576298926e-01
7.142570333776837588e-02 -3.460089876657385100e-01 9.355084977472688523e-01
2.535383434218056453e-01 -2.559077282393018016e-01 9.328609451799542152e-01
2.896047527010236489e-01 -1.675207852219180726e-01 9.423724708051818277e-01
2.437593700507491301e-01 -1.068428278279263538e-01 9.639325597023455927e-01
1.576231795138353653e-01 -7.808683575442618152e-02 9.844071207390613365e-01
5.560218783488399263e-02 -7.414602154431923497e-02 9.956961204087881878e-01
-4.873318643489137764e-02 -8.799576216613615165e-02 9.949280488461493821e-01
-1.458795924063006344e-01 -1.153528799106627589e-01 9.825542517417278354e-01
-2.255822687229438184e-01 -1.548154609794899772e-01 9.618444848724789775e-01
-2.721827146770215422e-01 -2.073041722849320867e-01 9.396496953569010158e-01
-2.582108570594739416e-01 -2.732484942244526316e-01 9.266403907129634465e-01
-1.405418938147822705e-01 -3.378965520134384892e-01 9.306309129943493019e-01
9.305929645119083438e-02 -3.342587729675655095e-01 9.378758126948922857e-01
6.537331734642409797e-01 1.524937068906320747e-01 7.412007874194830315e-01
5.334687141968249557e-01 2.258603720799040315e-01 8.151062650336697857e-01
3.856678809372761085e-01 1.874429079483138361e-01 9.033966138265826507e-01
2.394319489914149557e-01 1.108301645043539563e-01 9.645667506388799772e-01
9.926289883750073761e-02 2.151626158302254871e-02 9.948285919704775715e-01
-3.460304024966549125e-02 -7.375285099499896690e-02 9.966760489625214881e-01
-1.617948034280937419e-01 -1.747839366603471112e-01 9.712224343935513815e-01
-2.783216693619262050e-01 -2.830565802404347853e-01 9.178322399796325914e-01
-3.703412584381192141e-01 -3.982726646449176178e-01 8.391818854666117655e-01
-3.951713285686457300e-01 -5.151221335093044695e-01 7.605845177533712143e-01
-2.032538557524276868e-01 -6.063683196974579692e-01 7.687687109846923494e-01
5.563167182990045312e-01 -1.849743742249195522e-01 8.101210957759938935e-01
3.321867637315409905e-01 5.583027072709010330e-01 7.602302552882581610e-01
3.644131003292370719e-01 4.313811355940769809e-01 8.252959518633826708e-01
2.963275868734559504e-01 3.019180510549940855e-01 9.061100659991074835e-01
1.914599699708981750e-01 1.816921012665710933e-01 9.645367075627376829e-01
7.066597659100391782e-02 7.345070156638104641e-02 9.947920959636664673e-01
-5.930307520903684709e-02 -2.387434869135887996e-02 9.979544883135671451e-01
-1.970067590662733792e-01 -1.110082540498479875e-01 9.740972766695644713e-01
-3.421526843239866000e-01 -1.842200680093753762e-01 9.214089793095718850e-01
-4.918901856968069808e-01 -2.267482743256991895e-01 8.406124346602603659e-01
-6.289219055114513290e-01 -1.866995666248887076e-01 7.547188275046100570e-01
-6.449423842333782408e-01 6.048888991060109854e-02 7.618335876140582830e-01
-7.412729055712811814e-03 5.997833817947455515e-01 8.001280812287927535e-01
4.978341902330375712e-02 6.117175579107098082e-01 7.895082270211409847e-01
1.729735610798238121e-01 4.837571507053060049e-01 8.579389059303490495e-01
1.809361157350813931e-01 3.404371600930066188e-01 9.226942408243259397e-01
1.262276579885392436e-01 2.128833022667244168e-01 9.688897140411393272e-01
3.672218414279111026e-02 1.061909276203904517e-01 9.936674333411583682e-01
-7.474013986777043594e-02 2.014468615201646731e-02 9.969995502067147131e-01
-2.026731752626362293e-01 -4.337923722241708580e-02 9.782851454494345678e-01
-3.431299564899832899e-01 -7.571900332114538112e-02 9.362309893904673386e-01
-4.856684842968936877e-01 -5.488717630244142887e-02 8.724182031791655190e-01
-5.939665468241580593e-01 6.099669709554618457e-02 8.021740111703159481e-01
-5.633782016748515309e-01 3.113817968832515160e-01 7.652753611919006493e-01
-2.449166893367691056e-01 6.082313039956823708e-01 7.550301292822487742e-01
-7.333319181417140287e-02 4.972636220247595995e-01 8.644947271030886116e-01
4.958418015213417879e-02 4.169243320345563109e-01 9.075877425551392985e-01
8.993422611382903553e-02 3.060780742025193124e-01 9.477489369373200967e-01
6.951071959936318267e-02 2.003483876532615449e-01 9.772557410553583956e-01
9.105801012417102241e-03 1.117205947691473633e-01 9.936979385570174905e-01
-7.767565383581208349e-02 4.451007580491962712e-02 9.959846113033588022e-01
-1.820153981401315679e-01 3.586492211057222199e-03 9.832891395278016144e-01
-2.951238264511683029e-01 -1.901606541325718755e-03 9.554571214625088293e-01
-4.008305094993417916e-01 4.274650452135777406e-02 9.151544345113021839e-01
-4.649112639079733822e-01 1.527222860928030002e-01 8.720856724095453760e-01
-4.310581301581054570e-01 3.207245114116018536e-01 8.434006617285754182e-01
-2.669065142604835628e-01 4.765732274240024324e-01 8.376388670234085065e-01
-8.872118268808293351e-02 3.451293794146260696e-01 9.343523228456117602e-01
1.974757239505368824e-03 3.012136901096190700e-01 9.535546199480460228e-01
4.242859631107129964e-02 2.301366344072790504e-01 9.722329678213987858e-01
3.645638306677715518e-02 1.563789327669363738e-01 9.870240936879881577e-01
-4.320575841365303926e-03 9.215707658124909496e-02 9.957351082796194186e-01
-6.861348889788310146e-02 4.423999107909987877e-02 9.966619348257161892e-01
-1.465306464188599056e-01 1.892850830219914779e-02 9.890250154741304645e-01
-2.274085483702187049e-01 2.360492623701174533e-02 9.735133073490225275e-01
-2.959662197068094192e-01 6.525996610626906558e-02 9.529664913395113901e-01
-3.292484479593175695e-01 1.447743213780975646e-01 9.330786973164206799e-01
-3.016005873194060882e-01 2.461257315885638786e-01 9.211184559971394847e-01
-2.077626355106287626e-01 3.286851857565967205e-01 9.213038239092596893e-01
-4.897415448751409744e-02 1.962594589085628338e-01 9.793282171881823039e-01
9.371941403018163932e-03 1.775894356892440129e-01 9.840600383340361024e-01
3.623649152744600616e-02 1.403452164448332484e-01 9.894393043046280090e-01
3.046158759267002941e-02 9.674217527412629081e-02 9.948432254403298813e-01
-1.338276872354811223e-03 5.516192005679535632e-02 9.984765253077384495e-01
-5.010252731285977368e-02 2.219528183567985244e-02 9.984974242436756020e-01
-1.062810302126813156e-01 4.233116431513404311e-03 9.943271208924410187e-01
-1.596929595482615705e-01 7.097500523910169230e-03 9.871412179403683540e-01
-1.986002028133398156e-01 3.396936302705367422e-02 9.794917262632203414e-01
-2.099423944573522993e-01 8.197331816607193733e-02 9.742713000587068795e-01
-1.837507093756104160e-01 1.387564281740953642e-01 9.731301713770520445e-01
-1.228264279323760949e-01 1.833124481240720749e-01 9.753513289909107042e-01
1.951794459218411659e-02 6.087658813761640669e-02 9.979544532971512671e-01
5.308307426833787368e-02 6.377535077622960291e-02 9.965514998532174484e-01
6.237685667267151707e-02 5.405077935377933240e-02 9.965879996281865605e-01
4.786708390644874717e-02 3.477181539556925549e-02 9.982482973351008981e-01
1.550322882359265672e-02 1.012906692565686446e-02 9.998285112454426971e-01
-2.636438281298167721e-02 -1.445508874040192342e-02 9.995478826592270050e-01
-6.861760527186909486e-02 -3.289238936731021107e-02 9.971006543815592593e-01
-1.020986875595747134e-01 -3.985314836762542112e-02 9.939756458605075728e-01
-1.182623572456074218e-01 -3.248152016667055220e-02 9.924509890702578607e-01
-1.107464369661102788e-01 -1.180327328174104150e-02 9.937786018218252027e-01
-7.860028308768346461e-02 1.668031768339181889e-02 9.967666539870202458e-01
-2.983016976917520630e-02 4.396160435966803975e-02 9.985877719629233651e-01
1.068309469610183721e-01 -5.822070650405405251e-02 9.925711551852171022e-01
1.223278699856265583e-01 -3.194062875996700468e-02 9.919756491262183840e-01
1.123554851869988519e-01 -1.778216669244601575e-02 9.935089529017872012e-01
8.239313506328435621e-02 -1.880181451703260773e-02 9.964225323954254421e-01
4.084956797050373623e-02 -3.342323144777780558e-02 9.986061287595676683e-01
-3.050412339579714350e-03 -5.687709485136682036e-02 9.983765277017114803e-01
-4.001846447130662232e-02 -8.308337440428875675e-02 9.957387586103044752e-01
-6.122629711472435399e-02 -1.062676772819161203e-01 9.924507651801135477e-01
-5.954814130645698367e-02 -1.216664887127858752e-01 9.907831671921647487e-01
-3.226702910704390415e-02 -1.252583422656358692e-01 9.915993074450287770e-01
1.505668333635587844e-02 -1.140479945625811203e-01 9.933611383696557828e-01
6.734555674626846455e-02 -8.903960437139062101e-02 9.937487231890627104e-01
2.112498346444542097e-01 -1.572507571822413519e-01 9.646998013517285031e-01
2.123339974973069977e-01 -1.018775252049132496e-01 9.718720303439399855e-01
1.798510756527085530e-01 -6.555956423965600410e-02 9.815067672324586656e-01
1.275668363625162283e-01 -5.431643358203660371e-02 9.903415710265635052e-01
6.855703705516685842e-02 -6.629705937354050949e-02 9.954419282854756190e-01
1.379810987847985247e-02 -9.591130347531089118e-02 9.952942449493971111e-01
-2.682066336166733303e-02 -1.366593139462420337e-01 9.902549590527174317e-01
-4.369145884772614868e-02 -1.821175903084281400e-01 9.823055734976666731e-01
-2.842742267947086926e-02 -2.247392766762273120e-01 9.740041782038518781e-01
2.192044816901004070e-02 -2.530642898338263946e-01 9.672010955138912180e-01
9.697743231121604135e-02 -2.521583043697329662e-01 9.628143991235950105e-01
1.694698737055415072e-01 -2.151638532992936337e-01 9.617611336186780990e-01
3.345076504289928310e-01 -2.257915494657068700e-01 9.149441556697580635e-01
3.204918518314680553e-01 -1.333417926773407258e-01 9.378192465690085022e-01
2.589991467462998687e-01 -7.784599556937971121e-02 9.627353961285101125e-01
1.769431430417739426e-01 -6.237340606145040656e-02 9.822426799659746965e-01
9.303259202004524053e-02 -8.011580671700796463e-02 9.924345793734736798e-01
1.934403197735849039e-02 -1.227558540367997414e-01 9.922483604050665873e-01
-3.421114324021126002e-02 -1.834015224448055648e-01 9.824426086256354829e-01
-5.659132931257436494e-02 -2.560281581160466780e-01 9.650114008126245979e-01
-3.490554441749478543e-02 -3.315019864169351238e-01 9.428085892537770851e-01
4.072597765263506753e-02 -3.899343805549652653e-01 9.199416142372156546e-01
1.608953940609743893e-01 -3.971449103823719851e-01 9.035422471181391302e-01
2.777801840790191101e-01 -3.301207531829145059e-01 9.021410408860826013e-01
4.760011891510175230e-01 -2.387244211822282525e-01 8.464239591705537968e-01
4.385462507281850941e-01 -1.045360015270131310e-01 8.926082065255654951e-01
3.388557268079955831e-01 -4.116063740055212611e-02 9.399375502330560295e-01
2.218942856289835563e-01 -3.524656619753394060e-02 9.744334792978662785e-01
1.093734759646731031e-01 -6.882937134061284379e-02 9.916148246150260359e-01
1.146361759575925676e-02 -1.298322382565823552e-01 9.914697047217277959e-01
-6.389069487596557573e-02 -2.119817359874223983e-01 9.751829175677779737e-01
-1.050705983871758342e-01 -3.118684667823505841e-01 9.442977437129318474e-01
-9.278092581313858445e-02 -4.228196971621554501e-01 9.014517200032188260e-01
-4.643248071938239972e-04 -5.209785274725806659e-01 8.535696563930162961e-01
1.839817467314716071e-01 -5.442811246391832114e-01 8.184795502828466907e-01
3.899533906456350563e-01 -4.187791776483409389e-01 8.200977706909862164e-01
6.161678940051668052e-01 -1.417381526587537521e-01 7.747563633027123586e-01
5.351837089540524284e-01 1.356793366423128880e-02 8.446267275231256200e-01
3.943317334033649146e-01 5.302183960133750179e-02 9.174372831734008971e-01
2.483596089469889689e-01 2.767856777746953087e-02 9.682723798238082047e-01
1.127284083457428115e-01 -3.193699846717826946e-02 9.931124478532851185e-01
-8.305437662570963955e-03 -1.127689430289088440e-01 9.935865262740007919e-01
-1.109589409557484307e-01 -2.110970732191249644e-01 9.711468164496928068e-01
-1.859294100693532625e-01 -3.274987902402526352e-01 9.263772432774884935e-01
-2.113597413048559359e-01 -4.617706842230226982e-01 8.614492991161291080e-01
-1.409545220522211151e-01 -5.997146355665995410e-01 7.877018335640741942e-01
1.030758983771580400e-01 -6.655224478637241647e-01 7.392261024633087763e-01
4.966895165255165723e-01 -4.317775129078285645e-01 7.529061717909055762e-01
7.004903545701121059e-01 7.113594703337838832e-01 5.727972695793359659e-02
5.290459750972640318e-01 6.587250177781319715e-01 5.349688843165605334e-01
3.724667013958888329e-01 4.757552071799259208e-01 7.968221502898131803e-01
2.317220152922682685e-01 2.807049079989977769e-01 9.314019874651756625e-01
1.052604644886823010e-01 9.368659592332177766e-02 9.900217453976214443e-01
-9.070293078073115786e-03 -8.989505281702243888e-02 9.959099403372798642e-01
-1.119668116818396397e-01 -2.813853145640809461e-01 9.530402603402675643e-01
-1.966323343120105205e-01 -4.926349187735150070e-01 8.477302412371567897e-01
-2.378638747867489744e-01 -7.280116597942370982e-01 6.429772937476275763e-01
-1.681149179605550548e-01 -9.506027043420692824e-01 2.609441949084441714e-01
1.751251479257307508e-01 -9.041873070182577798e-01 -3.895850310152579321e-01
7.776798134331842638e-01 1.921950777387384790e-01 -5.985609074033159116e-01
2.074238673092443710e-02 9.942463081946725234e-01 1.050905896543834761e-01
1.920005986046572632e-01 8.095821866144620182e-01 5.547183548900971317e-01
2.006163020890566195e-01 5.616990019040674076e-01 8.026501919242897687e-01
1.403929570817747108e-01 3.339091562425342552e-01 9.320914617027521443e-01
4.988869723999299344e-02 1.328535491674317504e-01 9.898793120180722216e-01
-5.792433642686103945e-02 -5.099891548041479705e-02 9.970174932613927732e-01
-1.815428448969672037e-01 -2.293021521714728728e-01 9.562754406948870134e-01
-3.234984697565507772e-01 -4.096339402024723464e-01 8.529646974520510572e-01
-4.872166595423942370e-01 -5.839687475280481710e-01 6.493076532546142587e-01
-6.773340131854189705e-01 -6.834008220996191652e-01 2.723636373231608232e-01
-8.520674559034121520e-01 -4.069759086762466671e-01 -3.291681338575388471e-01
-4.803359524171215145e-01 7.077903133618563825e-01 -5.179867229250476601e-01
-3.537120522016994340e-01 8.343249050856090809e-01 4.228353543416946136e-01
-7.245613418213221746e-02 7.315044040899616462e-01 6.779759696451996831e-01
3.931437075036150336e-02 5.293475447843656312e-01 8.474936914709488844e-01
4.727933376209192406e-02 3.268229480558478284e-01 9.439022328733003286e-01
-3.604401498185662127e-03 1.464633293630012711e-01 9.892095336386456106e-01
-9.312351731185275483e-02 -1.239782699352085134e-02 9.955773723871571557e-01
-2.164057013830159859e-01 -1.533128671040905888e-01 9.641907161913272351e-01
-3.764605615956504447e-01 -2.724017839649824912e-01 8.854799340785042272e-01
-5.771674916668330102e-01 -3.441855943484068980e-01 7.405497709176263044e-01
-8.058708040865075750e-01 -2.933079671749377892e-01 5.143371302099692954e-01
-9.663000187105281746e-01 2.312984865555277672e-02 2.563772297636985886e-01
-7.783852539493576472e-01 5.998462593701934242e-01 1.852049177361938248e-01
-3.995401128636066890e-01 5.926403540073120757e-01 6.993890970089442494e-01
-1.765164269201685288e-01 5.530264429379624369e-01 8.142503941900813835e-01
-5.219236032419168059e-02 4.228184201260035691e-01 9.047101973151083776e-01
-1.467791015964924929e-02 2.736416618047219917e-01 9.617197096233619513e-01
-3.805822192781358609e-02 1.341010000528195523e-01 9.902365846242829894e-01
-1.053404163736647303e-01 1.281435124787656116e-02 9.943536539281261355e-01
-2.093310026447017247e-01 -8.523848367403302762e-02 9.741226474282673742e-01
-3.474918766800070280e-01 -1.494098874792243181e-01 9.257030199609038723e-01
-5.123722257686045278e-01 -1.556648336866328086e-01 8.445372471445488083e-01
-6.735446181000727117e-01 -6.348082290593815014e-02 7.364155298142230910e-01
-7.537371776786411237e-01 1.586538872519107357e-01 6.377375722386859902e-01
-6.494526525362471769e-01 4.467597239292035449e-01 6.153186176187239731e-01
-3.071100856296288262e-01 3.827859547573126409e-01 8.712969115892955640e-01
-1.643169976045762704e-01 3.699504231853580349e-01 9.144050572273890731e-01
-7.047870094906664995e-02 2.963692142819009390e-01 9.524694438870001667e-01
-3.412105656926275876e-02 2.000977119859053688e-01 9.791816272563540480e-01
-4.551306108406760059e-02 1.034724527765937541e-01 9.935904653262437325e-01
-9.368571261251608384e-02 1.842328015262166899e-02 9.954313487130896920e-01
-1.709464183413116345e-01 -4.562414833054932034e-02 9.842234294840475073e-01
-2.707086414963257304e-01 -7.713808522766218978e-02 9.595658118267793579e-01
-3.809827211175024209e-01 -6.097168515080768347e-02 9.225695745145294779e-01
-4.752992727809639550e-01 1.705623633423051372e-02 8.796588464263634943e-01
-5.100087337108888397e-01 1.531508872183149628e-01 8.464253642719210546e-01
-4.474198762138513752e-01 3.015988772984191657e-01 8.419344223756772827e-01
-1.696002706155795847e-01 2.154189920059093877e-01 9.616810313666133148e-01
-8.924220481077953238e-02 2.171898141845300390e-01 9.720413640864224991e-01
-3.493070235455447703e-02 1.822146939008218447e-01 9.826381080334609663e-01
-1.532704255912374983e-02 1.266429024085180544e-01 9.918299536895063273e-01
-2.701000013804247604e-02 6.406797700404828766e-02 9.975799487837174739e-01
-6.284436985742655746e-02 5.563334732250400580e-03 9.980078328769156348e-01
-1.156342938957403838e-01 -3.841387859827548323e-02 9.925487816759072102e-01
-1.778992797889799304e-01 -5.754862994372249990e-02 9.823644952064359837e-01
-2.392201755843257893e-01 -4.306687094032997376e-02 9.700097691367082220e-01
-2.833793153718520141e-01 8.221896430704806261e-03 9.589726607355733012e-01
-2.902871530262061128e-01 8.705029698691543749e-02 9.529719904498963334e-01
-2.481019482184931013e-01 1.673182765800577121e-01 9.541750455825221966e-01
-1.636367710751832072e-02 8.466781994312333470e-02 9.962748568229830015e-01
1.894719946224309240e-02 1.015071350579175857e-01 9.946543646737840971e-01
3.546657674647307051e-02 9.368921879758174143e-02 9.949695735120582807e-01
3.135687098537977280e-02 6.546215228551086063e-02 9.973622477616006510e-01
1.053160697474559739e-02 2.426098269339818994e-02 9.996501838009488328e-01
-2.076073117811782012e-02 -2.051683353282790501e-02 9.995739350256395150e-01
-5.572414900942710553e-02 -5.857659934696610865e-02 9.967264425237912784e-01
-8.745537795706435913e-02 -8.034191470979362704e-02 9.929233271542325934e-01
-1.088402999441579061e-01 -7.895643304104289772e-02 9.909185994770828287e-01
-1.130265192615407949e-01 -5.257130206473098477e-02 9.922002137384903220e-01
-9.581826630423814772e-02 -6.746487560830045395e-03 9.953759816009064565e-01
-5.983298391963275814e-02 4.482214963285660603e-02 9.972015788885433274e-01
1.489412334789678438e-01 -1.424350381454748612e-02 9.887434609485603598e-01
1.484879998007340440e-01 2.360212711947207512e-02 9.886325169194463136e-01
1.278568611385251519e-01 3.684079787431252667e-02 9.911081568991417790e-01
9.481968410237721911e-02 2.431819398416436642e-02 9.951973939617017040e-01
5.734223814403864583e-02 -8.680944442908806319e-03 9.983168379467742826e-01
2.270832935568143848e-02 -5.316653114627815230e-02 9.983274271218646190e-01
-2.127659778722302414e-03 -9.876771283131334511e-02 9.951082413314122910e-01
-1.053718100298611272e-02 -1.354688213227094873e-01 9.907255756595505503e-01
2.422050676431009106e-03 -1.545687780270146305e-01 9.879790617871886393e-01
3.669884586640446977e-02 -1.493908051472937204e-01 9.880969497216907094e-01
8.332931933752595055e-02 -1.178070272765121967e-01 9.895340968673056459e-01
1.255664152169124470e-01 -6.708874376330037359e-02 9.898142127843098104e-01
3.317682471984259585e-01 -7.880813500295419383e-02 9.400633531886443128e-01
2.957990328787287737e-01 -1.103596897207960274e-02 9.551864422910946173e-01
2.333035655808560482e-01 1.877367479234070408e-02 9.722227087566194248e-01
1.645749447530384935e-01 1.041505948748733430e-02 9.863095934317722691e-01
1.030434576601500229e-01 -2.791670361992900501e-02 9.942850212552257760e-01
5.728294795158275776e-02 -8.555251804278653227e-02 9.946855938086993643e-01
3.461836030745720633e-02 -1.517457424329989868e-01 9.878131396082990845e-01
4.278294647800690020e-02 -2.155892349218865855e-01 9.755464628999478416e-01
8.788148207637803966e-02 -2.639247582345303766e-01 9.605313982891204860e-01
1.669456881920061142e-01 -2.793022268357120419e-01 9.455788720558576665e-01
2.574499568831913332e-01 -2.458564621611172285e-01 9.344913695238310503e-01
3.206053365530746047e-01 -1.682172922183970964e-01 9.321561890436943498e-01
5.370854213323429382e-01 -9.181805426405152681e-02 8.385157691441977867e-01
4.556540557173484052e-01 1.426899068074890392e-02 8.900425705623802308e-01
3.412204122556183883e-01 5.126053163063763046e-02 9.385845663323115762e-01
2.295905229492328503e-01 3.149428862911544946e-02 9.727776218414003750e-01
1.379802429615130388e-01 -2.720869749192532036e-02 9.900611795910280177e-01
7.408688321676502875e-02 -1.109251282354603019e-01 9.910634438123169243e-01
4.474055630510856418e-02 -2.095860049586276697e-01 9.767660872221175516e-01
6.040459815814240574e-02 -3.129998132982983461e-01 9.478303653063416823e-01
1.340735689383840135e-01 -4.032565461016143216e-01 9.052118183819672925e-01
2.690047689475653092e-01 -4.452597466482734467e-01 8.540375824857679987e-01
4.304974488224988516e-01 -3.942814597793856124e-01 8.119199942307883111e-01
5.367795085275545164e-01 -2.501590579921134649e-01 8.057842173493476867e-01
7.522728832980082325e-01 -9.647518346550133100e-03 6.587810216180715051e-01
6.043294932222795790e-01 1.298055709637030986e-01 7.860892935083055866e-01
4.296691420032062170e-01 1.477941528638620217e-01 8.908093605196940601e-01
2.750836477134624980e-01 9.247935667418177852e-02 9.569621493819350233e-01
1.536108619392714814e-01 -2.906593911451207327e-03 9.881271450608039020e-01
6.756421409493194863e-02 -1.227796231205142696e-01 9.901314261854107235e-01
2.131256458155897371e-02 -2.611570242308625667e-01 9.650610256796413600e-01
2.838633033491960028e-02 -4.128869179502305808e-01 9.103398317308073473e-01
1.147818569912663483e-01 -5.601112670537470306e-01 8.204270191948710433e-01
3.087776066158520738e-01 -6.472945425529038621e-01 6.968975282160990714e-01
5.840289784881548263e-01 -5.677365772269046262e-01 5.801597462463361499e-01
7.741967359109510616e-01 -2.845067876241295646e-01 5.653983568250732228e-01
8.943681213618372983e-01 2.467775236065677391e-01 3.731038961662815900e-01
6.695286389511526659e-01 3.626229894252980257e-01 6.482560984396908976e-01
4.555773155761758120e-01 3.063309542422285037e-01 8.358293222933731448e-01
2.808700580765313704e-01 1.858161058107534458e-01 9.415861008411884336e-01
1.431482204171849737e-01 4.189282026521751884e-02 9.888142285594913039e-01
3.749456852267226553e-02 -1.160243356185054892e-01 9.925384178336315033e-01
-3.535136588533466934e-02 -2.905638006489235092e-01 9.562023628304442413e-01
-6.196131437450425744e-02 -4.861542440779021979e-01 8.716735894164223675e-01
-5.996377769236957769e-03 -6.951634492556603151e-01 7.188266983582537462e-01
2.018894151578666807e-01 -8.580538971251991942e-01 4.722120007746897219e-01
6.168032719651611595e-01 -7.685075609823909248e-01 1.701465615466949688e-01
9.734021996755456430e-01 -1.962228129375716279e-01 1.182571999904148824e-01
4.066744001928946917e-01 8.544919654773976969e-01 -3.232018149118979777e-01
3.277228064804618701e-01 9.025639536050239498e-01 2.792419591773765974e-01
2.357161330299885615e-01 6.931322296160747909e-01 6.811795775688093135e-01
1.491306820145156531e-01 4.237388289255375473e-01 8.934234407842275294e-01
7.643679562083328938e-02 1.605674577432086858e-01 9.840607236287874926e-01
1.832642662308843137e-02 -9.359471706591110385e-02 9.954416964466299422e-01
-2.475350720141704028e-02 -3.544126362551540121e-01 9.347614386269238462e-01
-4.367145521795113422e-02 -6.311598556102450130e-01 7.744223916345721603e-01
-1.182443610561620916e-02 -8.917400629863045936e-01 4.523934601382161858e-01
1.109888545678276717e-01 -9.898319327010858260e-01 -8.896189727682890513e-02
3.180757743132009985e-01 -6.231324738719956624e-01 -7.145164251443533177e-01
4.404580320750171585e-01 2.818605197703804022e-01 -8.523798269406251960e-01
-2.716466999064275911e-01 9.194614542864831819e-01 -2.842511293051690480e-01
-7.717012106269784122e-02 9.506526614629634553e-01 3.005067215032445893e-01
1.335713306395097319e-02 7.235021204461491440e-01 6.901929213678298369e-01
2.876055681826711341e-02 4.428604994586405885e-01 8.961291248422886824e-01
3.389363018058773932e-03 1.754657263163030556e-01 9.844797057871019774e-01
-4.666147297241490105e-02 -7.632488238586597473e-02 9.959905718774905159e-01
-1.184386788766987886e-01 -3.278104722517595215e-01 9.372900157518155861e-01
-2.133907497091765137e-01 -5.869817592131045814e-01 7.809717038982222359e-01
-3.292085490135592818e-01 -8.209316848463249494e-01 4.665757174049757205e-01
-4.520128062628750443e-01 -8.901013623073105174e-01 -5.834370397294062760e-02
-5.458433978042377399e-01 -5.200873695983688760e-01 -6.569353948889168349e-01
-5.007007031654092666e-01 3.537707663915544143e-01 -7.900285125843511391e-01
-6.578267559519574981e-01 7.441015950287714897e-01 1.165194208246376206e-01
-3.556407034491004815e-01 7.946212005380142163e-01 4.920333705205462982e-01
-1.609666431108646156e-01 6.236610586376802878e-01 7.649422355607006230e-01
-7.350995054303972875e-02 3.914078913434025919e-01 9.172764849079296789e-01
-5.914449256313406705e-02 1.626091869866070072e-01 9.849163321353333611e-01
-9.658821081153781685e-02 -5.236441816755803280e-02 9.939460172676604088e-01
-1.814243401330286887e-01 -2.589079134428447504e-01 9.487106519713317532e-01
-3.200584169876265483e-01 -4.548123349021930273e-01 8.310886533556397504e-01
-5.194248126927394349e-01 -6.027783574964639124e-01 6.056864830032869795e-01
-7.623906777598178364e-01 -5.932020507063057169e-01 2.585957878675398947e-01
-9.581432403138231413e-01 -2.707538007104731692e-01 -9.302639647792468325e-02
-9.318999569570148855e-01 3.218960941892305416e-01 -1.671687015234144535e-01
-6.753144265201111995e-01 5.118190742200894316e-01 5.310288698351077752e-01
-4.211880738629101284e-01 5.617174399766247106e-01 7.120913733939348012e-01
-2.288908901378174099e-01 4.605157879175520441e-01 8.576328873652389051e-01
-1.242747955310692237e-01 3.001135336655468278e-01 9.457735680947065848e-01
-9.215729089400372109e-02 1.307185795549983542e-01 9.871269861036955362e-01
-1.173194693801365290e-01 -3.096447164338409982e-02 9.926113759171951711e-01
-1.952756780959269967e-01 -1.793690215184635395e-01 9.642064943070545180e-01
-3.294799624242816805e-01 -3.033966989481568510e-01 8.940880255481089556e-01
-5.197874293638619081e-01 -3.704045874477283062e-01 7.698191150347873934e-01
-7.370002233606702813e-01 -3.169887894490664437e-01 5.969495607919532709e-01
-8.938633817760034406e-01 -8.798006345990480592e-02 4.396222960150481529e-01
-8.765747373355061711e-01 2.561294003498873484e-01 4.074487208738771793e-01
-5.069083584099234319e-01 3.164502627473071983e-01 8.018124140852910253e-01
-3.416644380209690746e-01 3.542234693389337274e-01 8.705120019628819206e-01
-2.033503249771500265e-01 3.033739395296876085e-01 9.309204574752026895e-01
-1.197126918064068957e-01 2.058362573356647129e-01 9.712364833483470017e-01
-8.967944720083854959e-02 9.277643581298035402e-02 9.916401210659453458e-01
-1.060205808022245816e-01 -1.868101974015979119e-02 9.941884408641835646e-01
-1.649758426474286499e-01 -1.169014566789530474e-01 9.793452000031293014e-01
-2.656008097404096713e-01 -1.879166564125701322e-01 9.455916349607912386e-01
-4.014073414825439223e-01 -2.097227583541213525e-01 8.915652027935018209e-01
-5.452650622225363453e-01 -1.544146336077449611e-01 8.239187659272767528e-01
-6.406854848719989448e-01 -1.164805822187576709e-02 7.677150722852912335e-01
-6.288936554747134311e-01 1.754432728766259775e-01 7.574380688252896343e-01
-2.870597581610776494e-01 1.773552948607820812e-01 9.413510475000766986e-01
-1.984077384113862585e-01 2.065939190317156449e-01 9.580988059472672624e-01
-1.212201201812355272e-01 1.859693853895789395e-01 9.750492655046851809e-01
-7.302697543185701634e-02 1.310174750802620136e-01 9.886867461855237682e-01
-5.637941244298821930e-02 5.852249561400082317e-02 9.966927707973595174e-01
-6.832389932468026228e-02 -1.713287189399207919e-02 9.975160697860910863e-01
-1.058333793742021328e-01 -8.275680153787791371e-02 9.909342095263041772e-01
-1.660096216095761912e-01 -1.250563297191417123e-01 9.781624200154300786e-01
-2.420344917054533529e-01 -1.306326219371586606e-01 9.614335249566050567e-01
-3.168923959277192282e-01 -8.950386307502004868e-02 9.442289276961157718e-01
-3.621226887379648818e-01 -4.811874955482970360e-03 9.321180205106065486e-01
-3.520340199671394554e-01 9.775085238885038164e-02 9.308688520103470809e-01
-6.219927281693699711e-02 8.837422168391530219e-02 9.941434742544673631e-01
-3.237733814789395953e-02 1.183059335353082303e-01 9.924491997400579635e-01
-1.023748193683769563e-02 1.155515272687242523e-01 9.932487294275579304e-01
-4.303355356646468136e-04 8.411950061377267140e-02 9.964555807599932979e-01
-2.672706689073121433e-03 3.334522597672571337e-02 9.994403196505737830e-01
-1.459351774345204328e-02 -2.472100720104989519e-02 9.995878655940617641e-01
-3.346569360627262013e-02 -7.697777615330010648e-02 9.964710077718290648e-01
-5.641626683896884542e-02 -1.109936917479188850e-01 9.922185269527568074e-01
-7.956886047760981795e-02 -1.169811073853957578e-01 9.899415219886301687e-01
-9.703026185698671036e-02 -9.043620897972937112e-02 9.911641742865273663e-01
-1.016000478643654392e-01 -3.581734261885483050e-02 9.941803398989876861e-01
-8.890959749405051571e-02 3.122642459037854729e-02 9.955500961179739594e-01
1.648956486686732337e-01 4.221302745758455377e-02 9.854072687791819440e-01
1.443090247027287998e-01 8.374728309136035553e-02 9.859824024617455107e-01
1.142037837418865415e-01 9.185642548446976141e-02 9.892016441940807425e-01
8.371244759802655422e-02 6.793250362455360847e-02 9.941717160874922188e-01
5.863946667183970313e-02 2.039639459852427353e-02 9.980708391870865004e-01
4.248116948207256854e-02 -3.877955423210320551e-02 9.983443776639354672e-01
3.805603604178813687e-02 -9.634175777964427978e-02 9.946205325794098551e-01
4.796344017063566834e-02 -1.393982578659819782e-01 9.890741297349935346e-01
7.312935763254233001e-02 -1.567285059282416959e-01 9.849305927229593527e-01
1.095015409410553392e-01 -1.407302996930247241e-01 9.839737777399178986e-01
1.455724027037302581e-01 -9.179819936868810482e-02 9.850795735187050095e-01
1.665140591671128711e-01 -2.316320537501739135e-02 9.857669775441522120e-01
4.027865474955038549e-01 4.114167343842756175e-02 9.143688314149702734e-01
3.285706513635334725e-01 1.057677214614926864e-01 9.385385000942714218e-01
2.414205235795139071e-01 1.179812269855191748e-01 9.632219686414753568e-01
1.662215106194933900e-01 8.537986483498535839e-02 9.823852035164843954e-01
1.143429457594452997e-01 2.238865045338688659e-02 9.931890248518308040e-01
8.979192203030587904e-02 -5.656114690912018156e-02 9.943531804136103158e-01
9.541162633059802056e-02 -1.379086056200329868e-01 9.858386470702170667e-01
1.348684790257135835e-01 -2.074078578497042802e-01 9.689130373089919201e-01
2.090488518510539018e-01 -2.477636279688437970e-01 9.459977601429738758e-01
3.063023944179181224e-01 -2.392535270275331361e-01 9.213775518096209982e-01
3.939265183836155870e-01 -1.716824009654212280e-01 9.029656977497012571e-01
4.311226735309623970e-01 -6.370721389997589801e-02 9.000414608587508081e-01
6.475382184918357931e-01 1.043743578839586850e-01 7.548511436096185800e-01
5.077090924767235780e-01 2.003721414370152609e-01 8.379036235466303939e-01
3.554255767250386056e-01 2.026068288848545118e-01 9.124818531339029537e-01
2.324202913633399148e-01 1.401523819418895311e-01 9.624646061017178011e-01
1.520330786962383884e-01 4.159004368573535754e-02 9.874999803788934161e-01
1.157186087362276766e-01 -7.512104950498964262e-02 9.904372930748157611e-01
1.255721774742270258e-01 -1.980291427015701267e-01 9.721193789270337060e-01
1.887188913648599753e-01 -3.129070730848753645e-01 9.308460364932784614e-01
3.122907745141976221e-01 -3.929174178634503578e-01 8.649221785183633937e-01
4.835890337981955112e-01 -3.932095566551755961e-01 7.820024878125354517e-01
6.438161379205556978e-01 -2.775406496807927836e-01 7.130722041476345030e-01
7.083341711659617568e-01 -7.881247961999397755e-02 7.014636804671766646e-01
8.440454542377389124e-01 2.691730812134773276e-01 4.638244533557857596e-01
6.334585339863176845e-01 3.895575706840291863e-01 6.685620276702187725e-01
4.230041491447613100e-01 3.512348689866843787e-01 8.352853144968612753e-01
2.631067930016847689e-01 2.309120832930580680e-01 9.367253734502798412e-01
1.610452185052427543e-01 7.744432594383447721e-02 9.839038641939931162e-01
1.121500467037785387e-01 -9.065255578691536198e-02 9.895476143944095249e-01
1.168057009627466170e-01 -2.679089992423652755e-01 9.563373862541469927e-01
1.872000547527628567e-01 -4.447826663529280133e-01 8.758564489757810767e-01
3.443349222399635923e-01 -5.855858052187113971e-01 7.338410768363149428e-01
5.896898311370435408e-01 -6.050329478472398215e-01 5.349776024030630239e-01
8.424264276598619761e-01 -4.061328538085055007e-01 3.540816558896615618e-01
9.458813967041935777e-01 -3.923372040030474045e-02 3.221321135072447994e-01
8.304926746292317086e-01 5.555390278403380400e-01 4.072230265202862742e-02
6.020743979923226519e-01 6.612942988667713795e-01 4.474329777390380625e-01
3.923498258262498317e-01 5.402563389130793370e-01 7.444358282876467614e-01
2.371643430955379661e-01 3.392464810276897280e-01 9.103103314114214806e-01
1.347933634805774661e-01 1.224187110420121433e-01 9.832824662061016019e-01
7.716218523440790400e-02 -9.826474104798484099e-02 9.921643199776898348e-01
6.347672733950288082e-02 -3.287543746481530471e-01 9.422798237445443315e-01
1.082677931461893811e-01 -5.694839874833530491e-01 8.148411335758575236e-01
2.450940017250763658e-01 -7.832639521780816461e-01 5.713374760479389414e-01
5.044911016440861706e-01 -8.417462298138679300e-01 1.922290637645341360e-01
8.192192322665025062e-01 -5.388504178680640910e-01 -1.962653220724960845e-01
9.578976448492501072e-01 9.110663143567201971e-02 -2.722713420481497892e-01
1.729481712896560330e-01 8.645662306909684958e-01 -4.718200534060172924e-01
8.133692151602542331e-02 9.869047720155288417e-01 1.392956430452613192e-01
3.020469739898287015e-02 7.946504740189167526e-01 6.063153473208289235e-01
1.205202837949334235e-02 4.982575724043725174e-01 8.669452924802436566e-01
1.900961897106401982e-02 2.006606443685999830e-01 9.794763601986816726e-01
4.439050197302101680e-02 -8.409449062624080318e-02 9.954685328934511634e-01
8.519508321236703152e-02 -3.727432969745991254e-01 9.240152771230810691e-01
1.444744785025445510e-01 -6.690415104053548667e-01 7.290477230031268130e-01
2.286265253494193239e-01 -9.104739126896577162e-01 3.446261252692535693e-01
3.263890925145027655e-01 -9.148151796861798690e-01 -2.378725442403172019e-01
3.730025767312809548e-01 -4.751173978383064211e-01 -7.969520286836649925e-01
2.955181624874392843e-01 2.926987319210089256e-01 -9.093934615841798852e-01
-4.555496746359066207e-01 7.773259081469409137e-01 -4.338651016877778654e-01
-3.321480784153991728e-01 9.292283753277572611e-01 1.619020706806186816e-01
-2.071744829418189493e-01 7.581348598041747211e-01 6.183124355595361887e-01
-1.165084390794586394e-01 4.746188863025347371e-01 8.724463859678367461e-01
-5.756532627841968314e-02 1.849017231243589854e-01 9.810696132262640701e-01
-2.410848842598756550e-02 -9.474912667879946404e-02 9.952092160844575597e-01
-1.663603663056522144e-02 -3.802179408845464681e-01 9.247472950568221828e-01
-4.165386226307794121e-02 -6.763655208015729725e-01 7.353874067656688274e-01
-1.081773855362696685e-01 -9.254379433948990430e-01 3.631284430937004037e-01
-2.215354575233688394e-01 -9.541489353817756980e-01 -2.013003978379061254e-01
-3.697952764585878405e-01 -5.565269052918760950e-01 -7.439954685313445726e-01
-4.846617498176082339e-01 1.854337179338716168e-01 -8.548200538807715354e-01
-8.326069545101026925e-01 5.528680350086256912e-01 -3.320534846916516070e-02
-5.936964953501647768e-01 7.084978206500841535e-01 3.815171156619310278e-01
-3.659033715455163316e-01 5.996467807187303434e-01 7.117151544442502642e-01
-2.072232517934206042e-01 3.815409888483338730e-01 9.008246209695145446e-01
-1.155140125015316488e-01 1.441218336098623043e-01 9.827946937142113537e-01
-7.947358934161931343e-02 -9.188337509249724921e-02 9.925932671435562238e-01
-9.873179044322767661e-02 -3.326907289914673993e-01 9.378533533549713308e-01
-1.854399658364907499e-01 -5.765020064568069369e-01 7.957747518121530694e-01
-3.556305293281705748e-01 -7.732786781861588077e-01 5.249447708782055688e-01
-6.008839046516271098e-01 -7.890725724938270069e-01 1.276832348766266112e-01
-8.440020175605844610e-01 -4.802090088945465962e-01 -2.388721459906164857e-01
-9.467047841505633610e-01 7.919438858653762847e-02 -3.122151509505657896e-01
-8.419445275539425566e-01 3.248947014990196669e-01 4.307816679707248131e-01
-6.165185334448629595e-01 4.496043960676187612e-01 6.463441691202796990e-01
-3.935748702390496345e-01 4.012033303483684699e-01 8.271243614074008654e-01
-2.319137484962933149e-01 2.632489413584966909e-01 9.364379360811095898e-01
-1.380721525750589762e-01 9.590632218528383213e-02 9.857677505619522051e-01
-1.054887208462393228e-01 -7.873577596392748734e-02 9.912985460281769079e-01
-1.347998938095885391e-01 -2.556935095061196872e-01 9.573138554440839831e-01
-2.365641042667794014e-01 -4.250049724111844562e-01 8.737323377317645079e-01
-4.207173944551301781e-01 -5.475682275486468686e-01 7.233020877765261591e-01
-6.655976279898109249e-01 -5.409357936063807770e-01 5.141675454652367971e-01
-8.833631980148166640e-01 -3.335901746996108863e-01 3.292218943764620431e-01
-9.563107484804390657e-01 1.709159434369523708e-02 2.918520682525161947e-01
-6.334384584958594466e-01 1.662675059577802261e-01 7.557187544060398610e-01
-4.796967417067695139e-01 2.515434097812176417e-01 8.406051088302181062e-01
-3.201302348024419042e-01 2.391990732397158981e-01 9.166790256826342631e-01
-1.975875487034931266e-01 1.634124765494050502e-01 9.665689437930924388e-01
-1.234402562061335251e-01 5.703001341213100733e-02 9.907119060140961997e-01
-9.767916971225144851e-02 -6.088694755791451696e-02 9.933536930124985398e-01
-1.222564996185031699e-01 -1.788016996068512443e-01 9.762598529688228943e-01
-2.031800133091642147e-01 -2.828829726700329283e-01 9.373873830840744326e-01
-3.421696520321939605e-01 -3.468047187548208843e-01 8.732962935210916156e-01
-5.165930739768779256e-01 -3.298514890086896578e-01 7.901452974727051215e-01
-6.637784637237212904e-01 -2.058430773101119771e-01 7.190457416742763730e-01
-7.104298394017287688e-01 -1.029068550053761563e-02 7.036927916922633974e-01
-3.660999731805899549e-01 8.569086647836499093e-02 9.266217594248027378e-01
-2.863720011251181252e-01 1.406054387221842561e-01 9.477453178852588422e-01
-1.985940040507276350e-01 1.427100371939911405e-01 9.696361517801986851e-01
-1.265695759301583567e-01 1.023802964456422132e-01 9.866602339957282197e-01
-7.979444806432062220e-02 3.561018627743834514e-02 9.961750652828158525e-01
-6.118348298281987840e-02 -4.279879298660552167e-02 9.972085262015862872e-01
-7.325779343442775926e-02 -1.194675699059729868e-01 9.901317061087046012e-01
-1.190276934146750065e-01 -1.806220467060020429e-01 9.763237600530969562e-01
-1.973357709810645289e-01 -2.101945233318893436e-01 9.575368691871335436e-01
-2.935728700205497699e-01 -1.915203614067199911e-01 9.365548148156127573e-01
-3.744083190645687842e-01 -1.188953758151132800e-01 9.196098630533303675e-01
-4.027596128376095819e-01 -1.259199617322383745e-02 9.152191736953094736e-01
-1.041790663325165289e-01 6.735322025706792781e-02 9.922752974145041538e-01
-8.673130972743800515e-02 1.055256472428974940e-01 9.906270830575348851e-01
-6.270607588700888302e-02 1.096693048805952170e-01 9.919882013480548766e-01
-3.890164135266917234e-02 8.227421629055184371e-02 9.958501973861131340e-01
-1.931970056169167102e-02 3.245985829297883679e-02 9.992862987001895902e-01
-6.598666669533031874e-03 -2.745812548761715835e-02 9.996011749407072156e-01
-3.265307759001408443e-03 -8.406159015929763612e-02 9.964552106468271830e-01
-1.164607229796796664e-02 -1.244434490304409391e-01 9.921583527810675651e-01
-3.234404008912428879e-02 -1.377432138081937374e-01 9.899397305495134525e-01
-6.168506326450447219e-02 -1.174387632630661954e-01 9.911624941719702209e-01
-9.026412410363066074e-02 -6.554991238734268755e-02 9.937583191529899551e-01
-1.065180946164245163e-01 3.669167571021634579e-03 9.943039941229341316e-01
1.483133350461090516e-01 9.804757801059875433e-02 9.840679992224795614e-01
1.079417728636548890e-01 1.331808376837924357e-01 9.851961419658512575e-01
7.227670440281722120e-02 1.321369549376893715e-01 9.885928904966456710e-01
5.043275530642443022e-02 9.941235433591735782e-02 9.937674380847765221e-01
4.454930506055115175e-02 4.532509564212714587e-02 9.979784542381405776e-01
5.301487153224374027e-02 -1.736897100260980167e-02 9.984426584649503944e-01
7.327008343976368354e-02 -7.505035120411220062e-02 9.944842581243675816e-01
1.026586711604199065e-01 -1.144832921195096526e-01 9.881066607715840444e-01
1.371644295175702966e-01 -1.244015055566439487e-01 9.827055432276770031e-01
1.689316833550973673e-01 -9.842706741994218522e-02 9.807008711925753186e-01
1.860250031892344003e-01 -4.009698975840118862e-02 9.817265044812409913e-01
1.786136689732948646e-01 3.364791459174180238e-02 9.833437725940611385e-01
4.013621388586057215e-01 1.763355155325140866e-01 8.987848571558720856e-01
2.957648714425129555e-01 2.215309858846331026e-01 9.292185766082082798e-01
1.960870566479311627e-01 2.074483136921098092e-01 9.583919153255581191e-01
1.281272037574017753e-01 1.509759906744170543e-01 9.801987910098513002e-01
9.828333730346333619e-02 7.156019943044471254e-02 9.925822502271558490e-01
1.042107172479534577e-01 -1.505421607762520708e-02 9.944412989156120597e-01
1.428253037042268858e-01 -9.513902548935643244e-02 9.851647062551290857e-01
2.119407802310680766e-01 -1.539248649005056091e-01 9.650845774545120381e-01
3.054560302147280026e-01 -1.737451680759321271e-01 9.362207165919318452e-01
4.037785146352222410e-01 -1.378013605941686426e-01 9.044189826277039268e-01
4.704061104254718129e-01 -4.490970720465718713e-02 8.813065354762561476e-01
4.705753759120392399e-01 7.582279068007442835e-02 8.790959674568162852e-01
6.412858590682167792e-01 3.128433345209635785e-01 7.006293563681619263e-01
4.582374743582097176e-01 3.786407979754338182e-01 8.041452376296056581e-01
2.902251016110006798e-01 3.371825171715484570e-01 8.955877067650558354e-01
1.787701407980780144e-01 2.345864188375340886e-01 9.555158025150450873e-01
1.292254983627887377e-01 1.082658513722453836e-01 9.856872100213315280e-01
1.348546460159163185e-01 -2.253064473662601958e-02 9.906092037204881073e-01
1.914496643481085891e-01 -1.464497725811775564e-01 9.705150643508194674e-01
2.997384289926548484e-01 -2.479699151822828962e-01 9.212316730060570169e-01
4.561090739223230273e-01 -2.968115474704147161e-01 8.389680673149289003e-01
6.308709297728107845e-01 -2.498496683229609605e-01 7.345590603937205421e-01
7.556536759583467600e-01 -8.839203697947826954e-02 6.489794833498565563e-01
7.613966314366860111e-01 1.337633960827473156e-01 6.343362858179368846e-01
7.837160412608448201e-01 5.154401407493289788e-01 3.465698024565809776e-01
5.329696858580333929e-01 6.043266841154033564e-01 5.922267917128559711e-01
3.174818026714694708e-01 5.131897701554919422e-01 7.973967423937478038e-01
1.832089778851836714e-01 3.409636359551327933e-01 9.220511208054390506e-01
1.271326984837696794e-01 1.500059458459689909e-01 9.804771762702647608e-01
1.358013996545806568e-01 -3.981250247345131249e-02 9.899358284750908732e-01
2.039086086389778063e-01 -2.247837865046366790e-01 9.528344707490127297e-01
3.371486118553360667e-01 -3.926179811177765155e-01 8.556763023639264443e-01
5.402485159616121635e-01 -4.966551546859376831e-01 6.793122980817858370e-01
7.808075854972064134e-01 -4.463132614128383358e-01 4.372001682491167829e-01
9.572326835500953868e-01 -1.796739588854288083e-01 2.267660866218220717e-01
9.595359327271192340e-01 2.111875077153836378e-01 1.862542090538131523e-01
6.593653959612151283e-01 7.420285665905148598e-01 -1.209581786088952393e-01
4.185842047751912598e-01 8.469725168506635482e-01 3.277572565362516510e-01
2.318928672630783394e-01 6.924579778025600207e-01 6.831746827055343863e-01
1.254719192116722781e-01 4.431788333624927523e-01 8.876087646868192627e-01
8.780881473766490031e-02 1.858263047548194824e-01 9.786512129026048168e-01
1.035609820438088552e-01 -6.301006748061001306e-02 9.926252336074103955e-01
1.676489028811851134e-01 -3.113512865069614777e-01 9.353898768714005163e-01
2.881480910164459508e-01 -5.549983045820885419e-01 7.803509207749943499e-01
4.770436093351151374e-01 -7.343827241442377751e-01 4.828161236649939902e-01
7.113003411296476841e-01 -7.011834299419994476e-01 4.892465925967864199e-02
8.816415850323581216e-01 -3.183885546726316629e-01 -3.483343850314283840e-01
8.571969966794524831e-01 2.874927165881061564e-01 -4.272718652014301788e-01
-8.874274582244527643e-02 8.516390365658044193e-01 -5.165613966036697313e-01
-2.349906334408354280e-01 9.661894872772379683e-01 1.061003151266684125e-01
-2.400768909652179484e-01 7.651455863099381194e-01 5.974239015765270278e-01
-1.659952262470358042e-01 4.713025681777724962e-01 8.662098325995616355e-01
-5.824037479215411761e-02 1.945033267719238623e-01 9.791713407870944463e-01
6.656528745100064037e-02 -5.855793268868270118e-02 9.960622626250755784e-01
2.062107528948531054e-01 -3.135333006379060761e-01 9.269163903944074301e-01
3.602373553625068947e-01 -5.809559462892718296e-01 7.298761787266992984e-01
5.082839144473506598e-01 -7.964005223541353873e-01 3.277097348387892350e-01
5.757304148802491195e-01 -7.694860501118165885e-01 -2.764519995683594189e-01
4.640060092492045984e-01 -3.399892121889617758e-01 -8.179888501538147283e-01
1.886888408318338206e-01 3.319928443414682517e-01 -9.242171133731221788e-01
-6.503567974154569331e-01 5.911085295562745756e-01 -4.771024442833508572e-01
-6.110011718240566658e-01 7.808282270016942972e-01 1.303259296800946543e-01
-4.518965536689058538e-01 6.497410328290377235e-01 6.112496176198629616e-01
-2.751244218905479211e-01 4.014523200983773910e-01 8.735803266826677183e-01
-1.194693135898002162e-01 1.484413597433559551e-01 9.816782802059377255e-01
1.141618544603652252e-02 -9.704167520120657309e-02 9.952148431288023733e-01
1.178346208675620371e-01 -3.588572479174153007e-01 9.259246609428336550e-01
1.896931459928447028e-01 -6.509506657289042542e-01 7.350372379345657681e-01
1.938066756019101722e-01 -9.172701453543190553e-01 3.479288044031872418e-01
7.352481389743217854e-02 -9.686902100671058724e-01 -2.371357810654937948e-01
-1.885818889598125381e-01 -6.138682207972414595e-01 -7.665524630783875359e-01
-4.879982513453888782e-01 3.264672522184574460e-02 -8.722338551191680667e-01
-9.615083730524883743e-01 2.656571007946653129e-01 -7.019938281150635284e-02
-7.989872056009638124e-01 4.793996520850082321e-01 3.630363877996987121e-01
-5.511422886510524144e-01 4.379236822579172239e-01 7.102570141703300477e-01
-3.264466777796737329e-01 2.769898059591376915e-01 9.037196545174982498e-01
-1.557003619781610892e-01 8.586135225991131659e-02 9.840656611567744072e-01
-3.666630851954382625e-02 -1.171311457944041456e-01 9.924393565878827372e-01
3.014047836641774517e-02 -3.444278332094868333e-01 9.383288438892012362e-01
2.790654052638631699e-02 -6.038333451846394917e-01 7.966219405960444089e-01
-7.998018185494383536e-02 -8.516153184807512266e-01 5.180294584668416746e-01
-3.244908302259111310e-01 -9.403907216858480300e-01 1.018380659007365463e-01
-6.538463770254168139e-01 -7.045159585070125408e-01 -2.759387241033579019e-01
-9.129835546039365424e-01 -2.067917409672999085e-01 -3.517075559188281297e-01
-9.087745755140105297e-01 3.067605595984282743e-02 4.161583238265942897e-01
-7.370983627299613206e-01 2.112565596361573594e-01 6.419164039588955983e-01
-5.089569797456283684e-01 2.308485830766737468e-01 8.292597448686862549e-01
-3.071308658785193435e-01 1.526572033875051304e-01 9.393436056517373567e-01
-1.579019606962289712e-01 3.085484973521599242e-02 9.869726181896782968e-01
-6.289454717753265034e-02 -1.152389126920366630e-01 9.913446771617578923e-01
-2.613647882087481028e-02 -2.854537351769192988e-01 9.580360377084498058e-01
-6.430337741818063779e-02 -4.775007743689514972e-01 8.762751201133449630e-01
-2.041175488849872044e-01 -6.579522345744709400e-01 7.248688731460080081e-01
-4.520327945099941735e-01 -7.336538653935387178e-01 5.073641280980464296e-01
-7.357116685135928202e-01 -6.012323515705163546e-01 3.118461162786503871e-01
-9.177510016856506025e-01 -2.899701335441828287e-01 2.713861097353971186e-01
-6.540743265181006016e-01 -6.397150229664229359e-02 7.537203873344440197e-01
-5.378894290499025566e-01 6.039325806763073262e-02 8.408493423298560865e-01
-3.830196056360541390e-01 9.867996576683624177e-02 9.184542699855861025e-01
-2.401629349620475473e-01 7.007118084639794853e-02 9.682002862451409841e-01
-1.308564071022508268e-01 3.739044529566961208e-04 9.914012613042497701e-01
-6.194381074577934299e-02 -9.497429589785193194e-02 9.935506265052426178e-01
-4.028837774404438882e-02 -2.084466481695909645e-01 9.772035824154254868e-01
-7.834391764375621403e-02 -3.312136634534810220e-01 9.402976867513691550e-01
-1.895488881156489613e-01 -4.395527769654613004e-01 8.779889380146957967e-01
-3.672640349438494600e-01 -4.844937971445537617e-01 7.939665541856079090e-01
-5.556795096457916028e-01 -4.169262663660722734e-01 7.193001953106147317e-01
-6.677296409450116377e-01 -2.496584969797620568e-01 7.012900694357091513e-01
-3.731554164317282818e-01 -5.389060895754182318e-02 9.262023739194320537e-01
-3.190247869034523731e-01 2.017036899568301622e-02 9.475317100528500847e-01
-2.377576063852029908e-01 5.081584676972841774e-02 9.699943661295173936e-01
-1.549389049964021436e-01 3.997912127687909545e-02 9.871147884518698401e-01
-8.522372330932623252e-02 -1.671087948453879807e-03 9.963604390230993424e-01
-3.691545739654435165e-02 -6.293737556616572915e-02 9.973345154771833254e-01
-1.767739007238286128e-02 -1.339014924117916394e-01 9.908369695414718237e-01
-3.626176609123526323e-02 -2.040988961497950116e-01 9.782784495789339507e-01
-9.879660718954869081e-02 -2.586323942712221990e-01 9.609102533750687458e-01
-1.983272614112816801e-01 -2.760962627396332802e-01 9.404451877075754584e-01
-3.039387597866425872e-01 -2.385770697683792796e-01 9.223351950783277298e-01
-3.710545024292388749e-01 -1.528756233254380537e-01 9.159408277938807519e-01
-1.255479213582723630e-01 2.043428318757292347e-02 9.918770889144208347e-01
-1.249764319244670435e-01 5.887505233591053266e-02 9.904113386245622097e-01
-1.041353624113675741e-01 7.056014833255651320e-02 9.920570002587942859e-01
-7.062946235731906719e-02 5.549840453339274088e-02 9.959575322981244483e-01
-3.207723764536575539e-02 2.006957585125201254e-02 9.992838750576021889e-01
4.185153499507257222e-03 -2.634301885329643628e-02 9.996442016277579112e-01
3.063435720275527532e-02 -7.343525705654097013e-02 9.968293731526224333e-01
3.991334850501613435e-02 -1.111389700137991737e-01 9.930030483112444184e-01
2.664679252527225178e-02 -1.302388270529759307e-01 9.911245110357870258e-01
-8.951841020817970923e-03 -1.234293641469321468e-01 9.923129831906646325e-01
-5.731739577038799660e-02 -8.881393980640583941e-02 9.943977072772816062e-01
-1.013353676581641993e-01 -3.488548667515047746e-02 9.942404870458834143e-01
9.514138803780702869e-02 1.402345998561419227e-01 9.855365915507081631e-01
4.201211943961965373e-02 1.565148193919599917e-01 9.867816846348210769e-01
8.598421523308055064e-03 1.427111479346866718e-01 9.897270307526895294e-01
1.478586179576495433e-03 1.065392471681459868e-01 9.943073984414567690e-01
1.798504344233549032e-02 5.798980928344493052e-02 9.981551583955626805e-01
5.128338033260857604e-02 7.377869845306894367e-03 9.986568889955804718e-01
9.367138217597591188e-02 -3.482548520510164725e-02 9.949938983438622042e-01
1.375408520400299706e-01 -5.850157390497211229e-02 9.887669492204225197e-01
1.745577144252872526e-01 -5.546307978768307695e-02 9.830836440075579885e-01
1.945512038042188085e-01 -2.269615045147254165e-02 9.806297537058391578e-01
1.874762440775075145e-01 3.319868320375170267e-02 9.817079531816669258e-01
1.505630889664728855e-01 9.460927114814922378e-02 9.840629258607311858e-01
3.061862547302507398e-01 3.040171463964186360e-01 9.021216947348661419e-01
1.857667167891006443e-01 3.084340705206956024e-01 9.329304106284093123e-01
9.468936143430910224e-02 2.599495571800353733e-01 9.609683410774519929e-01
5.178221110592078069e-02 1.850431793656766299e-01 9.813651840080850342e-01
5.463850343063784282e-02 1.043676469893310838e-01 9.930367708221227163e-01
9.402648745598415903e-02 3.067676741698249776e-02 9.950969578877718602e-01
1.613735175966983237e-01 -2.604544402291358862e-02 9.865496554477453106e-01
2.490228171238466626e-01 -5.457575401619253058e-02 9.669586979935202997e-01
3.449031511796402105e-01 -4.177044057703153263e-02 9.377084016900444352e-01
4.249743178583483272e-01 2.142590884046314398e-02 9.049517995956146699e-01
4.548752149231429787e-01 1.258088081653358226e-01 8.816238895564092459e-01
4.110865330588664990e-01 2.352994671269335036e-01 8.807054122165567378e-01
4.966211860504283204e-01 5.148715863684855121e-01 6.987665183137861113e-01
2.902316029549499299e-01 5.153482723601119364e-01 8.063384989082914567e-01
1.389067388309885298e-01 4.170480706973431761e-01 8.982070054475373988e-01
6.844753451826508794e-02 2.829785708621306295e-01 9.566807531518518593e-01
6.834368511803508295e-02 1.515301290584611660e-01 9.860870958955914034e-01
1.228649084886748594e-01 3.668539665266076083e-02 9.917451264990354565e-01
2.225836610940824245e-01 -5.519786801459596048e-02 9.733497363129377522e-01
3.623465783395254936e-01 -1.122191112065313301e-01 9.252631129822262990e-01
5.286630057667565108e-01 -1.089169611045581049e-01 8.418150164480060482e-01
6.797045257167187993e-01 -1.378084611537373945e-02 7.333565612991341798e-01
7.456810346180824389e-01 1.726420585832188770e-01 6.435483775280914642e-01
6.771684749677236992e-01 3.828264641841082061e-01 6.284001550208403453e-01
5.794083192836507745e-01 7.478111777116843717e-01 3.241364558861749567e-01
2.963615614288667710e-01 7.553922663237633284e-01 5.844248017373421256e-01
1.100937108057799818e-01 5.938463108268138280e-01 7.970106234915351751e-01
3.780379853471337731e-02 3.848248349224638321e-01 9.222151154925987138e-01
5.226157954356715901e-02 1.901776878002197912e-01 9.803576767521052782e-01
1.298351236410200948e-01 2.120472217181675403e-02 9.913088320127315667e-01
2.617318565228220484e-01 -1.251351804111157373e-01 9.569940553130688032e-01
4.483538084893403108e-01 -2.400942821168410291e-01 8.610073159433303536e-01
6.784700794634077603e-01 -2.799588213002843773e-01 6.791917326123428911e-01
8.904512450477712893e-01 -1.663089023747157946e-01 4.236011439826670166e-01
9.708074492893880025e-01 1.324023488602033283e-01 2.000062859525658654e-01
8.498698947950462657e-01 5.036063702055131319e-01 1.552474985611675407e-01
3.973733864028769491e-01 9.025922166031421501e-01 -1.655949344211163077e-01
1.206598593592792951e-01 9.448946445808439343e-01 3.043276342724829386e-01
-2.236084420217716515e-02 7.350828629246375368e-01 6.776084247419495998e-01
-4.636051659581073847e-02 4.601583028652100338e-01 8.866256475001558224e-01
6.293550430852553473e-03 2.082132245771977364e-01 9.780632108070597130e-01
1.102481691989807000e-01 -1.396948809408011041e-02 9.938059139442357859e-01
2.595390863173435148e-01 -2.227816150777320869e-01 9.396849550018757657e-01
4.581614798050839821e-01 -4.185167738125105119e-01 7.841758530204943067e-01
6.950478412722355115e-01 -5.412261458152497484e-01 4.732681665071006294e-01
8.940159034345087630e-01 -4.477546138159480549e-01 1.585465901814648096e-02
9.191813113930223933e-01 -4.508088889524178300e-02 -3.912459970942474552e-01
7.180094326177727249e-01 5.109697951018528084e-01 -4.726228127858537187e-01
