-4.782343540481428373e-02 -2.733343353944809803e-02 9.984817486749655302e-01
-6.559105066495912739e-02 -4.925364914294229519e-03 9.978344325854713315e-01
-7.983379285765566935e-02 8.553409624188924171e-03 9.967714907147539050e-01
-8.710496090066925656e-02 9.034910094441052364e-03 9.961581682576097219e-01
-8.545649356917127404e-02 -4.940372527986328435e-03 9.963296544949991063e-01
-7.482233672817273362e-02 -3.055872247557069737e-02 9.967285399782654931e-01
-5.753683365120695198e-02 -6.034430207217376246e-02 9.965179767474071637e-01
-3.839724521666348228e-02 -8.470545553911432157e-02 9.956659265846791174e-01
-2.310477825887898018e-02 -9.637634163433747569e-02 9.950767658801773496e-01
-1.607024123390739939e-02 -9.308689882377929603e-02 9.955282902127756683e-01
-1.902486123754043926e-02 -7.711244545850451382e-02 9.968408726623737559e-01
-3.079829447681391510e-02 -5.331003359543388942e-02 9.981029532945583371e-01
-6.893336461234511603e-02 -3.955387897151819987e-02 9.968368381543374346e-01
-9.144382907039065589e-02 -1.580868180010678095e-02 9.956847451400533400e-01
-1.117190914678766467e-01 -3.444573813851447858e-03 9.937338574853474826e-01
-1.252612278649236355e-01 -6.507425915166000982e-03 9.921024534803006834e-01
-1.285362922126426222e-01 -2.608104939177876419e-02 9.913617908952473412e-01
-1.194937980941773586e-01 -5.822255888040756000e-02 9.911263117557186364e-01
-9.919346414366884968e-02 -9.332086365739514222e-02 9.906825289048065697e-01
-7.341620795167216884e-02 -1.195028727046054257e-01 9.901157123414601191e-01
-5.053308307294168689e-02 -1.288631263666458748e-01 9.903740213566483153e-01
-3.749470718226894511e-02 -1.203721845405709423e-01 9.920205058980062773e-01
-3.737339286992608089e-02 -9.828173372414436559e-02 9.944566005219922511e-01
-4.919266612750571033e-02 -6.912218809715310608e-02 9.963946029119008507e-01
-8.115009976410933468e-02 -4.428224614825548855e-02 9.957177029582731098e-01
-1.096243096389056676e-01 -1.654693154826407039e-02 9.938353534628545649e-01
-1.362252233243255728e-01 -2.086221242427961035e-03 9.906756967904870592e-01
-1.554423805484204113e-01 -5.702736882698409074e-03 9.878284998529210936e-01
-1.623482656383193889e-01 -2.936559505237390857e-02 9.862964576998787258e-01
-1.530123147999457589e-01 -6.918147669899683827e-02 9.857997539060443515e-01
-1.272715666032021020e-01 -1.131966160144222827e-01 9.853874742745852844e-01
-9.282969646189098700e-02 -1.451847949631157597e-01 9.850401122626787354e-01
-6.174712496912306003e-02 -1.550189385629172634e-01 9.859799294330916508e-01
-4.369182149263058090e-02 -1.426426962276959587e-01 9.888094285288085983e-01
-4.252895840197563893e-02 -1.145697199952268042e-01 9.925044417821964338e-01
-5.671848435647365572e-02 -7.921567197509622738e-02 9.952426291341219811e-01
-8.053237975957557027e-02 -4.014552247076672714e-02 9.959432076357701558e-01
-1.146790908420361188e-01 -6.335389153624040003e-03 9.933823880902928893e-01
-1.460771312046722503e-01 1.355204186900327290e-02 9.891803748054512901e-01
-1.685286784350830125e-01 1.327591514105954350e-02 9.856073430236359512e-01
-1.764266076686911433e-01 -1.149539339798277132e-02 9.842466703206087519e-01
-1.646958178005719364e-01 -5.883248015158690919e-02 9.845882524579883111e-01
-1.320719582604016062e-01 -1.149220347155633370e-01 9.845556986671810673e-01
-8.894950760163930492e-02 -1.564513999333931316e-01 9.836721733160282977e-01
-5.140031177959678010e-02 -1.695230823013932908e-01 9.841849076854662925e-01
-3.112209041700509868e-02 -1.551456745145999294e-01 9.874012533754848997e-01
-3.175256399796188428e-02 -1.223129168879777684e-01 9.919835306304298772e-01
-5.042410073239386031e-02 -8.117320939683138337e-02 9.954236887585335980e-01
-6.598468287932601761e-02 -2.809512444434685702e-02 9.974250275623447459e-01
-1.036435725417391429e-01 1.238106328085352911e-02 9.945374397894186647e-01
-1.361481596620331969e-01 3.997717962706478362e-02 9.898815604554230818e-01
-1.569675962238609723e-01 4.672912394558373372e-02 9.864976242804415207e-01
-1.608694715345711790e-01 2.490712222278877730e-02 9.866613645981906489e-01
-1.435305059462354815e-01 -2.755932994461152141e-02 9.892620872124303633e-01
-1.039267222737650931e-01 -9.660922586279217794e-02 9.898817575223652909e-01
-5.571990451289029339e-02 -1.493024137359184600e-01 9.872203814212940909e-01
-1.732352637568755627e-02 -1.675389842948956376e-01 9.857132362788778579e-01
-1.007149934204652861e-04 -1.537373333121972163e-01 9.881117458074057947e-01
-6.061093684520468990e-03 -1.189373876854410150e-01 9.928832564576302033e-01
-3.066606721947874939e-02 -7.422367158095428963e-02 9.967700030088779695e-01
-4.081038623178591396e-02 -1.131806709770674137e-02 9.991028043863926511e-01
-7.837542555907239805e-02 3.415838342001598082e-02 9.963385456313107458e-01
-1.071152221473682525e-01 6.926406079264188498e-02 9.918310436092412363e-01
-1.202911821046899477e-01 8.462836286507618988e-02 9.891249019747643256e-01
-1.137284693433523730e-01 6.947432615288806623e-02 9.910797915739307795e-01
-8.633804012042020637e-02 1.733815782080622148e-02 9.961150190171981222e-01
-4.124463876413533847e-02 -5.979519973005906902e-02 9.973582174236832465e-01
4.301022404985489420e-03 -1.209633079359465208e-01 9.926476612269632405e-01
3.454907166297679216e-02 -1.454120370235473247e-01 9.887677690620391147e-01
4.230514590553981907e-02 -1.359777326766016536e-01 9.898082293282410848e-01
2.811472189853039816e-02 -1.038085334259222225e-01 9.941998545566705925e-01
-2.391009341429889499e-03 -5.958561995229599839e-02 9.982203348806168997e-01
-1.260515966114863183e-02 5.497158265186557861e-03 9.999054411297285672e-01
-4.644812355476874571e-02 5.230073416797135361e-02 9.975506027384046792e-01
-6.790226820985152678e-02 9.168094342145395592e-02 9.934706269363889897e-01
-7.028525583845846025e-02 1.136169206089833045e-01 9.910354071187450486e-01
-5.058891387815299401e-02 1.062240691007112631e-01 9.930544843745369166e-01
-1.183410024685004752e-02 6.143552035332677103e-02 9.980408964116986859e-01
3.498692370338185587e-02 -1.121598374209376546e-02 9.993248305122637287e-01
7.025605097621651085e-02 -7.454089357088387879e-02 9.947400376413844114e-01
8.627522044806627821e-02 -1.058787827382193791e-01 9.906292291783217463e-01
8.188760250696232312e-02 -1.048687823249500883e-01 9.911089541767967859e-01
5.977033636589436372e-02 -8.013458686633269379e-02 9.949904295410946231e-01
2.562902649962671073e-02 -4.088873220575726941e-02 9.988349536231684311e-01
9.645829959369021586e-03 1.763039161383110273e-02 9.997980432346911250e-01
-1.839116905497838531e-02 6.167897020687049259e-02 9.979265852431633554e-01
-3.239932140999376292e-02 1.005504161880085706e-01 9.944042929194254476e-01
-2.670421862385845627e-02 1.243551142172957119e-01 9.918783646575192181e-01
-8.167546033161233988e-05 1.220640335877195282e-01 9.925222239493772802e-01
4.143666558161027830e-02 8.699518848413852201e-02 9.953465928640020666e-01
8.380326831728816817e-02 2.731449871222568770e-02 9.961078909332719000e-01
1.100902227474024747e-01 -2.994075806664675890e-02 9.934705299412839308e-01
1.160556002341295995e-01 -6.430985824829765773e-02 9.911585845798588368e-01
1.040304928541726931e-01 -7.132484519081809526e-02 9.920133179625101327e-01
7.828461533287447982e-02 -5.547090270469774709e-02 9.953866072815487076e-01
4.443710362367639388e-02 -2.363673690843627953e-02 9.987325209933941572e-01
1.961538313728346250e-02 2.192086596861918951e-02 9.995672625589336890e-01
-2.486821260839051483e-03 6.056049272850606846e-02 9.981614310524049571e-01
-1.129123438427920116e-02 9.524273897184334925e-02 9.953900384769531762e-01
-2.612598086760311439e-03 1.170636225583914364e-01 9.931209808500944813e-01
2.330775022418353840e-02 1.170838306118990035e-01 9.928484906514039032e-01
5.979641689487077277e-02 9.082550561816844781e-02 9.940699754321956627e-01
9.433811875865502627e-02 4.478963977840129396e-02 9.945321550948461597e-01
1.143317317129816379e-01 -2.848124459596449061e-03 9.934385453114457087e-01
1.163856280763394119e-01 -3.565010865952322749e-02 9.925640812209058916e-01
1.031002265183547234e-01 -4.696351728484914057e-02 9.935616595541781892e-01
7.888533507354753005e-02 -3.786735445992239074e-02 9.961642271114904412e-01
4.895777752633231200e-02 -1.302318155332917414e-02 9.987159419784477077e-01
1.561616379942222348e-02 1.743115474888723773e-02 9.997261076275940628e-01
-1.885457026906222147e-03 4.996528872652268582e-02 9.987491752057797711e-01
-8.390356762648395680e-03 7.867890324421887571e-02 9.968647009989157759e-01
-9.071186689203209873e-04 9.612447193714085403e-02 9.953689080087256835e-01
1.977563708615324642e-02 9.570645099870568606e-02 9.952131427061420288e-01
4.804725976430279655e-02 7.495046269188473942e-02 9.960290603046756397e-01
7.458085188039653701e-02 3.915178561583473882e-02 9.964461020124664170e-01
9.058625375040856020e-02 9.090402404511005018e-04 9.958881986836437550e-01
9.284731457641186292e-02 -2.716798059240283988e-02 9.953096387590458782e-01
8.267839691681463932e-02 -3.838394152438034945e-02 9.958368117900888716e-01
6.337381478349871089e-02 -3.221649231181299144e-02 9.974697274719611650e-01
3.923841080180796859e-02 -1.196094168115749597e-02 9.991582872556231676e-01
-9.397299473351372709e-05 5.445504837614372276e-03 9.999851687131080524e-01
-1.516105346260029213e-02 3.268797100360317648e-02 9.993506086501717789e-01
-2.205493283020589640e-02 5.518843067443227057e-02 9.982323462288393845e-01
-1.829301683396996475e-02 6.698031763547497575e-02 9.975865890159977267e-01
-4.322607150430235988e-03 6.360238094747532045e-02 9.979659574381091192e-01
1.602661780934581601e-02 4.441661753265396112e-02 9.988845336717120382e-01
3.646801397877470763e-02 1.452168690087922431e-02 9.992293052978203916e-01
5.080871921181721179e-02 -1.630733605204737896e-02 9.985752574757570388e-01
5.567510263848785002e-02 -3.833949064020824443e-02 9.977125670269637592e-01
5.067294914659070670e-02 -4.610032069849270137e-02 9.976507468329048889e-01
3.742616163949720465e-02 -3.910915659641145403e-02 9.985338032812377529e-01
1.903190464384988193e-02 -2.036391067675697580e-02 9.996114733973004984e-01
-2.302911036832329048e-02 -1.089466279139480152e-02 9.996754305264954343e-01
-3.818559916883046412e-02 1.279005703796791578e-02 9.991888082124995574e-01
-4.778131821872090568e-02 2.992033623904018572e-02 9.984095948601353632e-01
-4.912891336450950219e-02 3.572830853109649346e-02 9.981532136106167075e-01
-4.168712942225097362e-02 2.752241548277126887e-02 9.987515706553085071e-01
-2.734438830237236051e-02 6.462192105855870360e-03 9.996051843111583013e-01
-1.007540263750905142e-02 -2.155784077269599225e-02 9.997168327896223117e-01
5.226976017805773714e-03 -4.762770261955691364e-02 9.988514807842581167e-01
1.445986848188606649e-02 -6.381320240580860836e-02 9.978570976860187125e-01
1.536170207571610144e-02 -6.628647071213923658e-02 9.976823752627345110e-01
7.813224756893357575e-03 -5.566435835344594324e-02 9.984189665305722716e-01
-6.232995551676975658e-03 -3.555260503928015653e-02 9.993483687091383461e-01
-3.058084534415020372e-02 -5.259752581400783250e-02 9.981474400990942852e-01
-6.244152628659990073e-02 -4.067360272939124499e-02 9.972194913036892538e-01
-8.567653658396703897e-02 -3.649519894039438689e-02 9.956543735319657307e-01
-9.427494557342587511e-02 -4.213208359701168387e-02 9.946542726842074744e-01
-8.503836900477175498e-02 -5.775415839478029861e-02 9.947024343919605993e-01
-5.906039195656807850e-02 -7.984627539378451322e-02 9.950559996340357927e-01
-2.299827212642921448e-02 -1.011360302074251621e-01 9.946067478521892768e-01
1.204645779160142677e-02 -1.140236453438276815e-01 9.934049985565059915e-01
3.538337289167160782e-02 -1.147964245058462063e-01 9.927586805681679616e-01
4.101262129502347004e-02 -1.047179375973829041e-01 9.936559356436499568e-01
2.862866460601291851e-02 -8.802128855708174493e-02 9.957071117168690977e-01
2.425700985299449920e-03 -6.940961409360796308e-02 9.975852953236307163e-01
-4.525307979856346002e-02 -7.736692692339783295e-02 9.959751590211115557e-01
-8.414600656377373145e-02 -6.727653311285847204e-02 9.941797210120463246e-01
-1.144532536510693560e-01 -6.915402216875864150e-02 9.910187555977539864e-01
-1.288818958086215549e-01 -8.444553436649358813e-02 9.880578974221888577e-01
-1.221975364548259502e-01 -1.117365831534156695e-01 9.861960748601407145e-01
-9.324234940352044143e-02 -1.442773760790482251e-01 9.851344593656059523e-01
-4.845302857416922127e-02 -1.703972748281590566e-01 9.841834548258897586e-01
-2.709404002317169352e-03 -1.800535143379824177e-01 9.836530847328127658e-01
2.875965750535519269e-02 -1.712449579419777212e-01 9.848086344461325359e-01
3.779235160705204238e-02 -1.493309154925193116e-01 9.880647832192439584e-01
2.433418443300880071e-02 -1.222287059504733736e-01 9.922036035561455636e-01
-6.120983814480926259e-03 -9.674934219023006987e-02 9.952899569185543749e-01
-5.549867044583666614e-02 -8.920322107006724288e-02 9.944660290475404452e-01
-1.050774465459783369e-01 -7.863200921696977819e-02 9.913504614181171126e-01
-1.456198667116547218e-01 -8.300252084434907307e-02 9.858526441372247318e-01
-1.681355623614924355e-01 -1.041774464481041024e-01 9.802435882580753379e-01
-1.644142563173969229e-01 -1.410434838935151480e-01 9.762554419673051820e-01
-1.294138509889058153e-01 -1.852487477895242984e-01 9.741329255366166784e-01
-6.874039882146913694e-02 -2.197581436978831293e-01 9.731295473103153126e-01
-5.223868219182630813e-03 -2.293098445821755427e-01 9.733394610198917718e-01
3.773190212617484607e-02 -2.128168499191311624e-01 9.763632991629770386e-01
4.962078154470955793e-02 -1.803921481522323955e-01 9.823423287856178909e-01
3.218761554863584090e-02 -1.439256995513015502e-01 9.890648868572580188e-01
-6.330331242972814416e-03 -1.119702992823206344e-01 9.936913902136975674e-01
-5.790828456837072286e-02 -8.438550159004502838e-02 9.947490727313050840e-01
-1.196251208880320938e-01 -7.047706281443615051e-02 9.903145026049100519e-01
-1.715113007892657970e-01 -7.188631586419412522e-02 9.825559685295419676e-01
-2.030009707836256394e-01 -9.194467414957636919e-02 9.748521850806420863e-01
-2.026235768040166030e-01 -1.326551742500160780e-01 9.702300195664763649e-01
-1.596781017832886174e-01 -1.880572317002590643e-01 9.690910078089136626e-01
-7.637744158238805869e-02 -2.359347078405258369e-01 9.687627676854988490e-01
1.027033578802247910e-02 -2.501644368408204588e-01 9.681488907925390741e-01
6.518535282730711367e-02 -2.294742170103520884e-01 9.711294730900701389e-01
7.729031299879693395e-02 -1.899148157427674732e-01 9.787535799565979522e-01
5.260585168476621110e-02 -1.472408817710928741e-01 9.877007376244300030e-01
3.296839840949103081e-03 -1.107453859840824284e-01 9.938433429521578155e-01
-5.044774365247600006e-02 -6.317647390519579020e-02 9.967265213213166719e-01
-1.221705229727957642e-01 -4.335584184613092140e-02 9.915617148187729768e-01
-1.826630956113985405e-01 -3.538996698111384481e-02 9.825384184543624055e-01
-2.200895576840387058e-01 -4.431515730790996227e-02 9.744725513996080890e-01
-2.204116755228582580e-01 -7.762641416789949067e-02 9.723131353203992022e-01
-1.675568647538886180e-01 -1.382450591696950115e-01 9.761214067364130109e-01
-5.731508875783256768e-02 -2.039384383269964574e-01 9.773045042223355017e-01
5.057487327515872155e-02 -2.287484291946334514e-01 9.721709409019890780e-01
1.107054089229745630e-01 -2.104448465889194320e-01 9.713172905797986534e-01
1.170450396780284286e-01 -1.712429208958223814e-01 9.782516653345763036e-01
8.210886499636582680e-02 -1.289932784338595761e-01 9.882402888001977637e-01
2.159579622781250541e-02 -9.214238920821088419e-02 9.955116281070786055e-01
-3.437626233093411809e-02 -3.078434873917281281e-02 9.989347308310833062e-01
-1.100405792451684545e-01 -4.201491504208569767e-03 9.939182151407028876e-01
-1.720965219801028068e-01 1.751761615414797885e-02 9.849243220911314545e-01
-2.072584363558949150e-01 2.870804416335969583e-02 9.778649133492640644e-01
-1.996846496769990875e-01 1.725797831637449278e-02 9.797082233336890100e-01
-1.321421408803020447e-01 -3.236536767465122977e-02 9.907022446623118261e-01
9.602613128630502594e-04 -1.111756563021661370e-01 9.938003075788820473e-01
1.128472226841337051e-01 -1.518628827686923088e-01 9.819384752466798760e-01
1.629990705702842047e-01 -1.486266814151166182e-01 9.753673218663084787e-01
1.569517659828296441e-01 -1.231292831732185428e-01 9.799006698539363125e-01
1.117052167230316029e-01 -9.129303666725840927e-02 9.895390472400783510e-01
4.341878332279713870e-02 -6.000281520411081954e-02 9.972534639811543311e-01
-1.484497419671933216e-02 3.285082347827474655e-03 9.998844108070785719e-01
-8.651353142683843034e-02 3.464861029787694169e-02 9.956479712652017700e-01
-1.418509109299275206e-01 6.858433896629388682e-02 9.875092442690511785e-01
-1.662343036657757123e-01 9.970797969699379815e-02 9.810323516935804955e-01
-1.429563216550264193e-01 1.152569923330308416e-01 9.829950741571206185e-01
-5.904778867833540557e-02 9.482026940463351983e-02 9.937416541346321130e-01
7.236814320214589313e-02 3.005190306917115625e-02 9.969251401040788441e-01
1.644326639554859748e-01 -3.070989740724946668e-02 9.859101385145329077e-01
1.963103986838195258e-01 -5.756307977208230398e-02 9.788507134470291193e-01
1.795854572487048106e-01 -5.821374165410427015e-02 9.820184437306889169e-01
1.298840181127412508e-01 -4.461747502402345356e-02 9.905248218805164928e-01
6.104733867516427132e-02 -2.342495449340820796e-02 9.978599570819540743e-01
1.331924789897270161e-03 2.864099019855154138e-02 9.995888753166786156e-01
-6.026157171856922484e-02 6.076651725690923600e-02 9.963312568390837454e-01
-1.043138548077477551e-01 9.950741901326623506e-02 9.895538859791001007e-01
-1.170788026727174469e-01 1.386783297641070167e-01 9.833925334365052340e-01
-8.546940152059698259e-02 1.653662683736161210e-01 9.825217446386953490e-01
-5.642326308185202643e-03 1.610163302311688194e-01 9.869356136814502189e-01
9.947390342391282392e-02 1.171374200778364655e-01 9.881213323044172325e-01
1.715575898873824556e-01 5.935930614691285745e-02 9.833841905002228545e-01
1.940558659468980540e-01 1.707280510399889970e-02 9.808419037834512633e-01
1.760514053498327403e-01 -3.210335332307471395e-03 9.843757394518249937e-01
1.303298271043756562e-01 -5.382719294687378017e-03 9.914560819824793647e-01
6.848282568735722386e-02 6.029967911006577259e-03 9.976340722292939001e-01
9.285780900422400258e-03 3.841653874344613112e-02 9.992186666711408982e-01
-4.020461775990479686e-02 6.778152439810326835e-02 9.968897901278322982e-01
-7.330149494522059106e-02 1.040909093441464844e-01 9.918628803573197317e-01
-7.902190700367529852e-02 1.407314388057924748e-01 9.868891530182409833e-01
-4.939491807562176873e-02 1.664191836816909797e-01 9.848171390521793800e-01
1.367167794176190818e-02 1.675781737175949249e-01 9.857639884453505141e-01
8.997166183460721112e-02 1.385485682798532903e-01 9.862603075731433133e-01
1.449873802551204793e-01 9.243376107030293332e-02 9.851064203329045199e-01
1.643441420560279032e-01 5.039241246963695881e-02 9.851150225925292547e-01
1.514297683333266920e-01 2.370208915439002417e-02 9.881838069064768915e-01
1.149846366532344677e-01 1.414773241126084970e-02 9.932665176081155733e-01
6.438413665239889339e-02 1.975848988907259393e-02 9.977295650750100942e-01
7.914007011251689497e-03 3.095301368839237927e-02 9.994895094179998551e-01
-3.098043129710689736e-02 5.574263593483829576e-02 9.979644139024810290e-01
-5.601474986345449797e-02 8.529194783590844653e-02 9.947801925210116858e-01
-5.905385806740464510e-02 1.135438541614734870e-01 9.917764037471563654e-01
-3.579803846680373880e-02 1.319007224694181135e-01 9.906163232320611689e-01
1.012232858028240881e-02 1.317216060055947102e-01 9.912350664577324055e-01
6.422577105607810144e-02 1.103246166269070544e-01 9.918182944967446346e-01
1.060470869945723121e-01 7.574888014904589129e-02 9.914716952572200093e-01
1.239861181902861959e-01 4.205028139287129291e-02 9.913925641898686525e-01
1.172797168491878650e-01 1.917757323976113787e-02 9.929137367870225495e-01
9.076127469258775393e-02 1.039861415070074922e-02 9.958183869761934037e-01
5.151375597223398911e-02 1.495456942344156742e-02 9.985603105467093510e-01
-1.060272612858789449e-03 9.098032350440357977e-03 9.999580499347149320e-01
-3.295753191988087111e-02 2.893816072903265466e-02 9.990377289888766610e-01
-5.357382398548571345e-02 4.992544811595318183e-02 9.973150430100431452e-01
-5.665655789060942971e-02 6.724641045189784505e-02 9.961264752677345680e-01
-3.966968317057451704e-02 7.528519388385654376e-02 9.963726490721525053e-01
-5.996434276665767692e-03 6.977820859154075517e-02 9.975445074691204894e-01
3.430947532883261986e-02 5.111651750685115847e-02 9.981031818107031217e-01
6.794259487132818520e-02 2.580172254855597064e-02 9.973555408757941443e-01
8.541731670189972592e-02 3.110100909378641591e-03 9.963404083343300188e-01
8.374482084537381021e-02 -1.047169774544627445e-02 9.964322097000811729e-01
6.496637632586163558e-02 -1.306311707775786347e-02 9.978019467405956355e-01
3.428287273805118163e-02 -5.830387082000792684e-03 9.993951626976046443e-01
-1.485283375459960087e-02 -2.124228398037475082e-02 9.996640229101063646e-01
-4.430853964131331590e-02 -5.874819925233211969e-03 9.990006205231856118e-01
-6.429840374957801474e-02 6.305745889384687178e-03 9.979107940312513803e-01
-6.924386384104702641e-02 1.195934118954020652e-02 9.975280755340324434e-01
-5.687461877856119646e-02 8.384359562125806922e-03 9.983461224712429916e-01
-2.964799208697919616e-02 -4.667281508734553302e-03 9.995495050513897306e-01
4.842023827824046278e-03 -2.355904468271825467e-02 9.997107212683209454e-01
3.603626163512472363e-02 -4.174952079973638652e-02 9.984780244754326572e-01
5.494239643345516511e-02 -5.318311472404663176e-02 9.970721585634395590e-01
5.714488189730518308e-02 -5.523456895649437454e-02 9.968367995139054694e-01
4.305090310505151757e-02 -4.878862209645822012e-02 9.978808997548862525e-01
1.682137631740225625e-02 -3.651876607029024002e-02 9.991913835814353329e-01
-1.906650536596712778e-03 -6.442367345362212672e-02 9.979208159882125839e-01
-4.206331674585880170e-02 -7.119143799554021601e-02 9.965753642050505512e-01
-6.877697090019990744e-02 -8.274535987228674727e-02 9.941946156026877368e-01
-7.446834615798512969e-02 -9.764720862923761957e-02 9.924310999093688412e-01
-5.528905229050235653e-02 -1.134176317835470654e-01 9.920078434657111366e-01
-1.412871295131515499e-02 -1.252673399328810278e-01 9.920224155817325418e-01
3.727272634323481465e-02 -1.275783252508405352e-01 9.911279003222697170e-01
8.180496658759067730e-02 -1.185763639140651193e-01 9.895693979517140582e-01
1.058879036162947013e-01 -1.018672034459642411e-01 9.891465132778805014e-01
1.046757991903978363e-01 -8.383832595196426263e-02 9.909662517792444669e-01
8.105088002414118087e-02 -7.012717544579978590e-02 9.942398775503744623e-01
4.240437851940990349e-02 -6.365891052346495105e-02 9.970704146616133912e-01
-3.644005473268256690e-03 -9.815856914236847919e-02 9.951641153739479995e-01
-5.220294736225490617e-02 -1.125922236333910531e-01 9.922690378441412218e-01
-8.445150456575721554e-02 -1.382304326107259840e-01 9.867929321174120361e-01
-9.125359548995358450e-02 -1.722330997318691770e-01 9.808203406674158575e-01
-6.643468609659193558e-02 -2.082216655661227878e-01 9.758228171507998816e-01
-1.164827884088596478e-02 -2.339311472921752344e-01 9.721833859548930645e-01
5.751757544741227524e-02 -2.358744099575936226e-01 9.700798891028591386e-01
1.150232389512100828e-01 -2.123892996348052953e-01 9.703919001629052188e-01
1.420700176667384351e-01 -1.745713291421381874e-01 9.743412960158046587e-01
1.351014310196869683e-01 -1.368451166154029675e-01 9.813363426444912108e-01
1.011104946046694625e-01 -1.094133799048142841e-01 9.888404219987757537e-01
5.106337657484288223e-02 -9.656915578311486836e-02 9.940155580894782794e-01
-8.304546819984794798e-03 -1.161223503393855050e-01 9.932001984765717051e-01
-7.205762035427526468e-02 -1.381693671820389546e-01 9.877838454446621341e-01
-1.171308712742937380e-01 -1.764033727280678310e-01 9.773240041483476359e-01
-1.316278268901407145e-01 -2.280213992019238523e-01 9.647177601216984089e-01
-1.036867670608864339e-01 -2.846864760439356545e-01 9.529966761191481783e-01
-2.847445201001345266e-02 -3.263914937986902576e-01 9.448056934410488106e-01
7.503351627855325834e-02 -3.267602375005472792e-01 9.421240463035964741e-01
1.595349469014885058e-01 -2.843522084877869727e-01 9.453530675071064593e-01
1.942904785492440278e-01 -2.224473574284812905e-01 9.553891265437671754e-01
1.794833610973164406e-01 -1.657725470403717816e-01 9.696933462373398260e-01
1.301918594542387231e-01 -1.277761563835510261e-01 9.832208976581687798e-01
6.298733958688783330e-02 -1.118438175397364481e-01 9.917275611425294679e-01
-1.434046870192043355e-02 -1.125024852387731256e-01 9.935479564532886387e-01
-9.780444315057432170e-02 -1.397331422606777063e-01 9.853471164284431927e-01
-1.623322195741208618e-01 -1.846424749373895280e-01 9.693066630004619766e-01
-1.933329808793755322e-01 -2.464296282495545831e-01 9.496814185951875098e-01
-1.703839608634472313e-01 -3.194718193487592339e-01 9.321518452067649729e-01
-7.216032066781857823e-02 -3.803752922459036623e-01 9.220127575961047928e-01
8.876687594550716764e-02 -3.808536924378263522e-01 9.203645509749699416e-01
2.165052951862558306e-01 -3.160954722813795748e-01 9.236931901663134603e-01
2.602682895522427375e-01 -2.298349281275537670e-01 9.377826631294433612e-01
2.331944265529976856e-01 -1.594884566467430209e-01 9.592621078834582260e-01
1.643845073779063304e-01 -1.179289569236141588e-01 9.793214461314796448e-01
7.680961819816266301e-02 -1.040072404015089796e-01 9.916061599729653064e-01
-1.926687126377866349e-02 -8.616158470690475635e-02 9.960948594348013607e-01
-1.219219339296167270e-01 -1.134104077609723038e-01 9.860391074588769067e-01
-2.083885814679825865e-01 -1.533557183262488355e-01 9.659483540905862142e-01
-2.629650275739763843e-01 -2.072367382850981155e-01 9.422856937139180156e-01
-2.571953336201101004e-01 -2.769956552446657394e-01 9.258098980566173974e-01
-1.430599037834166254e-01 -3.510009252535734037e-01 9.253821990943192910e-01
1.053111246658608169e-01 -3.575268068970790525e-01 9.279461996105535793e-01
2.845342607954879921e-01 -2.742346036368914497e-01 9.186052670225522965e-01
3.283706229135678889e-01 -1.761417253996122589e-01 9.279799710019677184e-01
2.832485282359924472e-01 -1.090506127861538554e-01 9.528264454260141347e-01
1.949374517086213399e-01 -7.734342895342793955e-02 9.777614146196260680e-01
8.947637607578520780e-02 -7.256231594584300337e-02 9.933421809370894806e-01
-2.116438823769242750e-02 -4.302654716318059236e-02 9.988497308953541154e-01
-1.352356237710487519e-01 -6.389098183556278510e-02 9.887513683951655308e-01
-2.374152447246564435e-01 -8.487684359522545963e-02 9.676930933894618558e-01
-3.119218240419346921e-01 -1.047227939838353550e-01 9.443187555622840623e-01
-3.258451239875802541e-01 -1.278217310863237755e-01 9.367425261167369177e-01
-2.095168704427451400e-01 -1.678403224191354626e-01 9.632924307654938678e-01
1.371650913942066008e-01 -1.792062283851607318e-01 9.742026818947242539e-01
3.374470038211499490e-01 -1.115612125319916798e-01 9.347104447209370059e-01
3.647625534738302422e-01 -4.889934193441600185e-02 9.298156451369592457e-01
3.054423214057573888e-01 -1.847729141097414346e-02 9.520312904502540308e-01
2.083689004568873016e-01 -1.392264494436334932e-02 9.779512059812101032e-01
9.586450415078393017e-02 -2.478508268025481076e-02 9.950857734488808282e-01
-1.980733691436083188e-02 3.821738641128672159e-03 9.997965111552061801e-01
-1.318997772921209344e-01 -6.693989414400411571e-03 9.912404548120797854e-01
-2.346464114732087769e-01 -2.516403905003317034e-03 9.720775325529033006e-01
-3.108112129420626535e-01 2.347234255368777639e-02 9.501817926294726657e-01
-3.246874387084132674e-01 7.673499363228616921e-02 9.427034570305166117e-01
-2.071720903736312958e-01 1.455342657293780262e-01 9.674189901323928531e-01
1.045978758191695029e-01 1.808918441604045468e-01 9.779250610811190958e-01
2.917686691805114196e-01 1.444047890489731922e-01 9.455254098036894872e-01
3.265615500386467307e-01 1.102255306275493618e-01 9.387267368271364765e-01
2.806549416576882283e-01 8.008672075286167591e-02 9.564616672309438350e-01
1.957127003499575801e-01 5.092239232216361905e-02 9.793382709166034150e-01
9.200194770803404865e-02 2.430716705557557991e-02 9.954621053800468689e-01
-1.647842697461637113e-02 3.921880039569241444e-02 9.990947638438330003e-01
-1.140755210738980813e-01 3.796585454184785852e-02 9.927463771683334715e-01
-2.019531032275910798e-01 5.914460661420485599e-02 9.776077227626643884e-01
-2.612969327573994027e-01 1.082618717212631837e-01 9.591680145119750867e-01
-2.601684036951223411e-01 1.849905177311969295e-01 9.476765851641220095e-01
-1.571381362459577380e-01 2.679703705123696600e-01 9.505259000493352373e-01
4.644319852763419826e-02 3.067698613564290855e-01 9.506499258265744823e-01
1.955282461744152489e-01 2.654702154491021537e-01 9.440838255459103046e-01
2.449699312124567208e-01 2.000050455583010922e-01 9.486768230293002313e-01
2.246489115952071680e-01 1.402147974850468659e-01 9.642990599836029908e-01
1.633818776489770197e-01 9.269879326352331583e-02 9.821981957749102987e-01
7.917896298232456054e-02 5.845803787438469401e-02 9.951448887618625783e-01
-1.279246126349917016e-02 5.329072115946197064e-02 9.984970966272768145e-01
-9.036243607647195808e-02 5.739481280613093622e-02 9.942537229547070421e-01
-1.577043885147067503e-01 8.341998198563495281e-02 9.839565195925410457e-01
-1.982190603162421183e-01 1.326595720374160736e-01 9.711388376922436283e-01
-1.904430413812573941e-01 1.991523959610559114e-01 9.612854784986478718e-01
-1.169240902448198255e-01 2.625198037196261325e-01 9.578163236108524492e-01
7.655858103674619865e-03 2.901232374454503771e-01 9.569586693953447964e-01
1.145343969055689776e-01 2.619348710572620975e-01 9.582650965414678534e-01
1.657151225419800922e-01 2.051079740742095536e-01 9.646083231716656714e-01
1.644245914723752588e-01 1.472615308146610069e-01 9.753351194647621458e-01
1.255012053682437456e-01 1.005047972583121285e-01 9.869894797712362999e-01
6.268156995989247748e-02 6.847035078975381717e-02 9.956820937678910743e-01
-9.295000699889753235e-03 4.413514056101299626e-02 9.989823283369788642e-01
-6.820444170870883227e-02 4.964423652559331324e-02 9.964354489433567830e-01
-1.169887836515574597e-01 7.176122482442399975e-02 9.905372032949801842e-01
-1.429083254018587990e-01 1.092822843586810228e-01 9.836841936598442748e-01
-1.334993650849755908e-01 1.551888166894294929e-01 9.788229414437323861e-01
-8.313674388710549923e-02 1.947661652256057752e-01 9.773200206171277493e-01
-4.528950895853092566e-03 2.098817570534516064e-01 9.777162863836909024e-01
6.908011993304422060e-02 1.918607325870807234e-01 9.789879449314858872e-01
1.120998002098383683e-01 1.535041439274155983e-01 9.817688692304603615e-01
1.186282759397360442e-01 1.120432463763774422e-01 9.865970013581991660e-01
9.428636563153017236e-02 7.754006494130225025e-02 9.925208408818428918e-01
4.833118681047787746e-02 5.409748044619436952e-02 9.973653086963415459e-01
-5.904181195000806834e-03 1.603359116596069986e-02 9.998540216445180873e-01
-5.148409684482983806e-02 1.980718813647144513e-02 9.984773723375724996e-01
-8.684930664994870708e-02 3.311307444936011785e-02 9.956709909578685957e-01
-1.025247214612024088e-01 5.446527943381119369e-02 9.932382467592317798e-01
-9.159025354815446274e-02 7.879539684896175178e-02 9.926744234090608687e-01
-5.354490304739711187e-02 9.783428729498998278e-02 9.937612367098545008e-01
1.443568044925018024e-03 1.034900364342523499e-01 9.946294427927352411e-01
5.403709582734155664e-02 9.336301090759750732e-02 9.941646445477385630e-01
8.722384975225597192e-02 7.353359114544263941e-02 9.934710921851827026e-01
9.400288247456194124e-02 5.204682579937170567e-02 9.942105340473518238e-01
7.605051765956767629e-02 3.385754143277047712e-02 9.965289687971121690e-01
3.984602529165041235e-02 2.124313613119358304e-02 9.989799915092704152e-01
-3.045962461727884374e-03 -2.323765517041315176e-02 9.997253290252814395e-01
-4.221772848091239622e-02 -2.370694898435407247e-02 9.988271341787431368e-01
-7.013339961675882361e-02 -2.195207739563817192e-02 9.972960506069850073e-01
-7.911093095321511393e-02 -1.828943881756825429e-02 9.966980270029156541e-01
-6.494860832469015466e-02 -1.434015914459356965e-02 9.977855671998642206e-01
-2.955740753142874211e-02 -1.198109660282936639e-02 9.994912770926004386e-01
1.727013347964903231e-02 -1.201822958993285437e-02 9.997786278207321242e-01
6.041048340295770286e-02 -1.378033713257351134e-02 9.980784918048893894e-01
8.671291150687165938e-02 -1.576148876236662180e-02 9.961086519300837994e-01
9.021022596501870883e-02 -1.733328500884234388e-02 9.957718977568539298e-01
7.206906885719376044e-02 -1.901664751104267803e-02 9.972183393979214827e-01
3.818091854935397322e-02 -2.124963929819561129e-02 9.990448790161258197e-01
2.752950639797156762e-02 -6.014286827157393905e-02 9.978100829684823925e-01
-1.073739096967591712e-02 -8.965332592594438266e-02 9.959151518003981352e-01
-3.151044958092563686e-02 -1.193340205608906940e-01 9.923540109779513951e-01
-2.740151715853504297e-02 -1.433605617782108543e-01 9.892911129612383947e-01
4.285792040065279293e-03 -1.556243050573376530e-01 9.878070194435558671e-01
5.707239606915458924e-02 -1.500921991705417846e-01 9.870233398228025479e-01
1.137936702139403372e-01 -1.252195856613373126e-01 9.855815826130561730e-01
1.545557584493809367e-01 -8.881974513590426556e-02 9.839835214088250570e-01
1.679355744789684246e-01 -5.378083904856084674e-02 9.843298553714545651e-01
1.538810553232138612e-01 -3.093108163680869868e-02 9.876051280756665829e-01
1.194356054676895262e-01 -2.541375529873133449e-02 9.925166382424838174e-01
7.410200927648302738e-02 -3.670309269752309450e-02 9.965750223680002184e-01
4.263015831308242243e-02 -9.580779834419758667e-02 9.944865687271265964e-01
-2.410445138795876911e-03 -1.408983587673125759e-01 9.900211322244215628e-01
-2.187081710240322552e-02 -1.939311778710632317e-01 9.807713115751223176e-01
-6.311834375943667363e-03 -2.465243148541653717e-01 9.691160523551579642e-01
4.861758360216601738e-02 -2.849875982572814825e-01 9.572974456271148291e-01
1.327849360383650257e-01 -2.902102446579020167e-01 9.477057426526396267e-01
2.156424402088783498e-01 -2.513839805421945184e-01 9.435594482106581804e-01
2.635322991506561796e-01 -1.845436078924850010e-01 9.468338735439905118e-01
2.643595505916858657e-01 -1.179258076768303076e-01 9.571873024099137872e-01
2.271735986888305803e-01 -7.222199163892549512e-02 9.711725593232333198e-01
1.683958042193130777e-01 -5.510839963874512165e-02 9.841777875010777610e-01
1.029838683437253183e-01 -6.499682249398068545e-02 9.925571701048911955e-01
4.639578252412460829e-02 -1.167246370953038959e-01 9.920800322851802688e-01
-1.444266675692860123e-02 -1.822293967941847892e-01 9.831499663434120073e-01
-4.293700993280684386e-02 -2.628722047295373176e-01 9.638747932997269174e-01
-2.461674019085279691e-02 -3.495246272107251917e-01 9.366037321491375023e-01
5.377783901933821942e-02 -4.208248209583596022e-01 9.055464726317390411e-01
1.863830638706122089e-01 -4.369583508287419038e-01 8.799595179002746015e-01
3.218164496597261115e-01 -3.662234400050730643e-01 8.731062734394102742e-01
3.907307716744375381e-01 -2.475572680893373401e-01 8.865917116028423361e-01
3.778089552042532828e-01 -1.400973579289718496e-01 9.152229912260360090e-01
3.104968974690172634e-01 -7.461826082619588130e-02 9.476411724978818230e-01
2.201636510018629977e-01 -5.452397373982063866e-02 9.739379359410303971e-01
1.279290507615757355e-01 -7.178197200667973954e-02 9.891822412812402154e-01
3.740643619771828049e-02 -1.162334582777327929e-01 9.925172752691278077e-01
-4.699089274358855123e-02 -2.026517183287868118e-01 9.781227617520795725e-01
-9.774834252928567280e-02 -3.092104413507219540e-01 9.459567455715899298e-01
-9.442783588000976114e-02 -4.304745467395961755e-01 8.976497359328737824e-01
-5.801208777718426524e-03 -5.437563137903695942e-01 8.392231033460441081e-01
1.906988876546290568e-01 -5.826138505175636473e-01 7.900601467182239990e-01
4.277963773555052973e-01 -4.525252594614819768e-01 7.824392302734040072e-01
5.337313540924172317e-01 -2.494257481435868395e-01 8.080331910396677531e-01
4.970895962945683366e-01 -9.645432855210513134e-02 8.623215732888458440e-01
3.902825320729649827e-01 -2.457778318328807457e-02 9.203670342491750977e-01
2.646547962081578498e-01 -1.692788450156739941e-02 9.641946305442224974e-01
1.437533720429556294e-01 -5.218486171734741663e-02 9.882366661048145318e-01
1.763315349418875105e-02 -9.180313392333928901e-02 9.956210406070868935e-01
-9.337363943842050262e-02 -1.923166369483753080e-01 9.768805835980359786e-01
-1.793762017957635790e-01 -3.114781364976459965e-01 9.331696248342691291e-01
-2.190889912750139390e-01 -4.505648033470810998e-01 8.654428761546939519e-01
-1.642034340373203782e-01 -5.994868952136693796e-01 7.833598756111695982e-01
7.813983441585438394e-02 -6.888953943167250848e-01 7.206367337060937128e-01
5.219529851362582074e-01 -4.551669855577237245e-01 7.213793014536937775e-01
6.668914207903396951e-01 -1.306449299546690590e-01 7.336127964760713605e-01
5.834940050041196313e-01 4.158658641666521799e-02 8.110519724126026286e-01
4.367941712369476370e-01 8.327265329076073697e-02 8.956988987306894190e-01
2.856286653549094390e-01 5.516762443560266349e-02 9.567511686649059488e-01
1.449162225299636120e-01 -8.104062665533436072e-03 9.894107400953006115e-01
-7.613365240160615763e-03 -4.829983214075632414e-02 9.988038660742308839e-01
-1.391410687902163990e-01 -1.484858376643557742e-01 9.790769729643576946e-01
-2.634353998381753215e-01 -2.544375039673626437e-01 9.305177841862328769e-01
-3.682025818090015612e-01 -3.655577553150087255e-01 8.548651275365799496e-01
-4.137757929201332230e-01 -4.765367396728442118e-01 7.756947395304601978e-01
-2.551228806627393597e-01 -5.686074432840585446e-01 7.820472435884596729e-01
5.492856486406225702e-01 -1.623325804492896929e-01 8.197154442379067651e-01
6.687612117329400085e-01 1.945883713618089539e-01 7.175610130241354412e-01
5.522509220521883977e-01 2.667669530690901514e-01 7.898444858596105345e-01
4.091274714190414885e-01 2.226640247493792968e-01 8.848928998543179603e-01
2.663453464896679002e-01 1.409992043932548345e-01 9.535089830535038447e-01
1.275552598597762266e-01 4.821700993440381638e-02 9.906587584204905594e-01
-3.070902959986162792e-02 1.011155391827054653e-03 9.995278550724849831e-01
-1.666166227620554108e-01 -8.305503436074540557e-02 9.825175633477702952e-01
-3.115174022671651222e-01 -1.518294797829911336e-01 9.380323646621271383e-01
-4.615730374239007117e-01 -1.890572169172516637e-01 8.667223891505102529e-01
-5.967408753442007274e-01 -1.471897887178852671e-01 7.888190500936600458e-01
-6.114885178264344301e-01 8.228421249782259805e-02 7.869632144770827287e-01
-5.482624141660345091e-02 5.811379666497897833e-01 8.119561237961616662e-01
2.999002720773359942e-01 5.765648023651465115e-01 7.600216151409957543e-01
3.542629329193917598e-01 4.559049099413838291e-01 8.164854484010929392e-01
3.022709511719519071e-01 3.264610964933385429e-01 8.955754711658153733e-01
2.084550511034384546e-01 2.055382020385974617e-01 9.561906395548289694e-01
9.501199560571731151e-02 9.706192564683820134e-02 9.907329121821746298e-01
-4.472138465897584209e-02 3.960570886617260922e-02 9.982140980669041985e-01
-1.660125753439230523e-01 -2.073776421044418866e-02 9.859055583387826838e-01
-2.996642384425085570e-01 -5.091853404085837365e-02 9.526849673895027015e-01
-4.347333741330843826e-01 -3.138905630672321478e-02 9.000120113415664980e-01
-5.368669157099318356e-01 7.317858706798473223e-02 8.404872451208386108e-01
-5.145659911369212525e-01 2.946983280689051132e-01 8.052171981513153165e-01
-2.435752348572033377e-01 5.637090362945474942e-01 7.892421854945472770e-01
3.208015482534835872e-02 5.891415976926657194e-01 8.073927430528511362e-01
1.620763049542616463e-01 4.800504172441322215e-01 8.621385435509755224e-01
1.823597679342707223e-01 3.471052477797506031e-01 9.199254654604971382e-01
1.390714456419679945e-01 2.254186910396862864e-01 9.642849924877028300e-01
5.906946373728830246e-02 1.224307350631301111e-01 9.907176760135409932e-01
-4.668590646072601213e-02 5.618525678096058379e-02 9.973282524115754111e-01
-1.427920193979831109e-01 1.719390566826532046e-02 9.896033593335059608e-01
-2.470477419862179835e-01 1.059998358342861650e-02 9.689453305153516993e-01
-3.442826729722818224e-01 4.910288913792609788e-02 9.375811150878600175e-01
-4.042267923367894866e-01 1.450066999089818509e-01 9.030912231544593327e-01
-3.787432525380316495e-01 2.916953659531332232e-01 8.783321479590815439e-01
-2.393830259258867277e-01 4.314973768310377822e-01 8.697734076680042614e-01
-6.575861016635492495e-02 4.599969619711952729e-01 8.854821286544692915e-01
5.249618892850526491e-02 3.957139956959148108e-01 9.168721741651379986e-01
9.718844671567886118e-02 2.983842977435355870e-01 9.494847111382145322e-01
8.424969623533154484e-02 2.020868290999705830e-01 9.757371071085430003e-01
3.202106439416376599e-02 1.195199218463165181e-01 9.923152924936871067e-01
-3.695500659912072383e-02 4.848574499864556631e-02 9.981400002099499735e-01
-1.077196193058149315e-01 2.361092511286472587e-02 9.939009044325705089e-01
-1.807559956225949782e-01 2.499285259505247200e-02 9.832103678083501386e-01
-2.422247935494546145e-01 5.891590649008149327e-02 9.684296904537238460e-01
-2.723417466709222579e-01 1.261122911327178520e-01 9.539002374700974451e-01
-2.494645017379913954e-01 2.131876344790667177e-01 9.446261138026158521e-01
-1.687415077005109398e-01 2.864933363231391139e-01 9.431054404579503059e-01
-6.356016895177839243e-02 3.061817054380229775e-01 9.498488659664636735e-01
1.974377982903591233e-02 2.735832707027572308e-01 9.616456609114693022e-01
5.938003848285415553e-02 2.146888278685870066e-01 9.748757450147341741e-01
5.657306177850271456e-02 1.506983571230099406e-01 9.869597225020674269e-01
2.103656007972417447e-02 9.294325808954666257e-02 9.954491518484207546e-01
-1.810810908196914051e-02 2.106484619938919778e-02 9.996141098643961387e-01
-6.957188692532721708e-02 2.199451386483238912e-03 9.975745159952584817e-01
-1.173563095493233843e-01 5.417562359867266961e-04 9.930897256084865177e-01
-1.508373108930974593e-01 1.956342338435467301e-02 9.883650024702378412e-01
-1.589678719023700226e-01 5.750409934392685524e-02 9.856076776595588118e-01
-1.339623028016810602e-01 1.046900269868586975e-01 9.854410685970531603e-01
-7.902799281861085101e-02 1.441373405247192430e-01 9.863969806408845464e-01
-1.319979018290698761e-02 1.597102806172553124e-01 9.870756768374895351e-01
3.887387750497524330e-02 1.495893544036536460e-01 9.879837279514415149e-01
6.275169684437038875e-02 1.224379830903809391e-01 9.904903658491370777e-01
5.689162582127712392e-02 8.746637130921496028e-02 9.945415912878857734e-01
2.713770371612207050e-02 5.157009279477504232e-02 9.983005912881199873e-01
5.336500641213864221e-03 -1.815928502508901143e-02 9.998208650194037039e-01
-3.513057682532155779e-02 -3.872075212130388078e-02 9.986323377135090107e-01
-6.550537764495723003e-02 -5.113426832470675115e-02 9.965411843484262011e-01
-7.773034547732955712e-02 -5.168900185187597085e-02 9.956335874606025982e-01
-6.647351966471526374e-02 -3.970595522618244888e-02 9.969978476922803923e-01
-3.222366954545229784e-02 -1.806845336146358991e-02 9.993173500515096785e-01
1.591741951267651445e-02 6.908430291644724990e-03 9.998494433398957826e-01
6.209696132014070474e-02 2.738974353899907566e-02 9.976942263758520335e-01
9.146605229200080456e-02 3.809164559465214039e-02 9.950793876942635174e-01
9.705823097322684168e-02 3.719197432917598772e-02 9.945835595091273573e-01
8.009662656954262550e-02 2.530163394806902652e-02 9.964659340547568078e-01
4.677125308694164013e-02 5.171530969274007114e-03 9.988922390088840197e-01
4.977961185176964926e-02 -4.390920989958251031e-02 9.977945537683217125e-01
2.447126195550759081e-02 -9.399145713116253964e-02 9.952722056426814845e-01
1.898946492132959352e-02 -1.382788101998856933e-01 9.902112758758934152e-01
3.842868536172622251e-02 -1.667284541288321931e-01 9.852537027207930453e-01
8.207344015752394972e-02 -1.700797194302071658e-01 9.820065373811566189e-01
1.384447972834393081e-01 -1.427996612521440778e-01 9.800210685753326656e-01
1.867083639698548514e-01 -9.003952387555565207e-02 9.782805686325410921e-01
2.093827679143032972e-01 -2.977578832151092647e-02 9.773803041448674289e-01
2.023773667161656853e-01 1.759210782636537809e-02 9.791495897885760247e-01
1.727868274702381857e-01 3.926806774805653016e-02 9.841761687360808253e-01
1.313694756464567348e-01 3.242728549269458665e-02 9.908029733624562629e-01
8.780488123332502726e-02 1.698847230700730945e-03 9.961362440698936505e-01
8.124185683581586215e-02 -7.316782201698253385e-02 9.940051461231005359e-01
5.457050377359160681e-02 -1.464745033646534522e-01 9.877080945208840390e-01
6.224949232835590845e-02 -2.207443693506325744e-01 9.733431687256338671e-01
1.117628577762156822e-01 -2.814726921392786130e-01 9.530383975483517345e-01
2.014821674901036141e-01 -3.075155684383741872e-01 9.299672635913555085e-01
3.072814377086732218e-01 -2.770950222144906716e-01 9.103825935855853757e-01
3.835782427073270995e-01 -1.916306292616891949e-01 9.034076785428533096e-01
3.985903857487675395e-01 -8.800441317136117880e-02 9.128969972845651926e-01
3.569050851937790592e-01 -6.752809467489071134e-03 9.341162452966697005e-01
2.838757674895150962e-01 3.182564528765115253e-02 9.583327589800678670e-01
2.041667042993922654e-01 2.717360436640202381e-02 9.785589159990275565e-01
1.336163038050041663e-01 -1.166868441844647226e-02 9.909644419259069359e-01
9.397663655678573091e-02 -9.261123768653027610e-02 9.912575600900780382e-01
5.712783225705784368e-02 -2.003575238574052120e-01 9.780558641588074087e-01
6.778437030427295062e-02 -3.166027480120394699e-01 9.461331719655343697e-01
1.415367880598354944e-01 -4.231413318726716666e-01 8.949406409850610977e-01
2.865098442775149135e-01 -4.807847001150565291e-01 8.287087433274633597e-01
4.701731847622335203e-01 -4.338323254043551236e-01 7.685874639654004525e-01
5.996784538621665606e-01 -2.733793630559621102e-01 7.520967197300879592e-01
6.083112166694165657e-01 -9.014207129578565014e-02 7.885631684631186911e-01
5.205403198104749940e-01 3.431497914226122603e-02 8.531472661025124582e-01
3.936174973852087366e-01 7.926253981593690823e-02 9.158508151080156923e-01
2.692245762711095725e-01 5.998155373172923271e-02 9.612077510838302752e-01
1.668598655580371126e-01 -2.528255108062068494e-03 9.859773796553528147e-01
8.346258295927573567e-02 -9.650272469330416214e-02 9.918272134663507211e-01
2.700295672472643321e-02 -2.440718255387051006e-01 9.693811346969549714e-01
2.333899071824504026e-02 -4.087113759937160418e-01 9.123652243731885658e-01
1.008926686787077059e-01 -5.746573223479490844e-01 8.121512367034051660e-01
2.966218611941465189e-01 -6.851663977233467540e-01 6.652536951362537643e-01
5.979786961013036084e-01 -6.165344969251933538e-01 5.121588553468794380e-01
8.268992110240527271e-01 -3.029299273285449012e-01 4.737838683793210715e-01
8.168393941795928370e-01 1.344703685980962876e-02 5.767084023282992300e-01
6.612650075933559357e-01 1.734441795161331124e-01 7.298258054663573358e-01
4.749133741129374919e-01 1.941514966745187531e-01 8.583486957103493298e-01
3.095883011100522553e-01 1.338740289359809654e-01 9.413993988696438553e-01
1.787939243812391998e-01 3.119511770431254369e-02 9.833918838569287724e-01
5.064269678699127863e-02 -8.158569816677210818e-02 9.953788681285083983e-01
-3.273175516338452939e-02 -2.622923083011092782e-01 9.644331896041155039e-01
-7.489538562620751128e-02 -4.662842404889163128e-01 8.814588409469730212e-01
-4.048671602790787638e-02 -6.900900270766816558e-01 7.225901883879607412e-01
1.447199678958584479e-01 -8.806153626447765781e-01 4.511903300895931945e-01
5.640409016366600969e-01 -8.214140930169075983e-01 8.447928192166768990e-02
9.796765070851124468e-01 -1.988320610791960152e-01 -2.645284393941757517e-02
9.168642588232724933e-01 3.046702784816742171e-01 2.579456382697406513e-01
6.925395312748993115e-01 4.309474313302916193e-01 5.785095583059981506e-01
4.789526026274167347e-01 3.666391120167972195e-01 7.976090307763468168e-01
3.033334127331374086e-01 2.358488961798195505e-01 9.232356897836763165e-01
1.625886195627375685e-01 8.313224953495811087e-02 9.831856233061421202e-01
3.617575831232128312e-03 -5.002130761781405782e-02 9.987415991783377134e-01
-1.062160372585264079e-01 -2.417450256941529874e-01 9.645089403325094457e-01
-2.056197088024237507e-01 -4.524965735947819034e-01 8.677369337748060962e-01
-2.746118480187682009e-01 -6.890556961737729358e-01 6.706642830046585235e-01
-2.562566463184844379e-01 -9.224639120919969626e-01 2.887782230460099187e-01
1.232582497732889488e-03 -9.127226668683846578e-01 -4.085777944589601973e-01
6.274637756257326338e-01 2.239454419017585241e-01 -7.457463706441441742e-01
6.199805010583143705e-01 7.836977961908626611e-01 -3.797291867921671199e-02
4.952944987630218954e-01 7.242504584780659060e-01 4.797339188438017321e-01
3.655263014864226223e-01 5.312177451292608987e-01 7.643286140014935448e-01
2.388213812386774104e-01 3.283255686391761685e-01 9.138745367068068504e-01
1.184216219271301690e-01 1.360311662832022483e-01 9.836014646490843782e-01
-4.308408602322490177e-02 -1.102001480561384458e-02 9.990106710166990478e-01
-1.667057217022864246e-01 -1.836777158572465429e-01 9.687474898285135527e-01
-3.140527023348902991e-01 -3.557595783619134089e-01 8.802306644055305496e-01
-4.909328617732949263e-01 -5.190724107959322486e-01 6.996776097471749667e-01
-7.052264851952222413e-01 -6.092832337461009384e-01 3.625321305140630224e-01
-9.175475286936657371e-01 -3.557509324003360063e-01 -1.776170225073743780e-01
-6.253094576390634263e-01 6.611680463399830510e-01 -4.145417912419643303e-01
-8.873683280005677243e-02 9.894726522848507066e-01 1.143225475788519074e-01
1.346010745608164361e-01 8.308315910889157996e-01 5.400013129390356381e-01
1.772936156724824464e-01 5.924794844184767539e-01 7.858339738042349198e-01
1.377073232815392845e-01 3.683035510723756678e-01 9.194504812017126882e-01
5.923827040287377860e-02 1.694747926444716557e-01 9.837525715228586654e-01
-7.449948555085530999e-02 2.217489629256796241e-02 9.969744734079101223e-01
-1.911790459592223046e-01 -1.108264389905382619e-01 9.752784591114518342e-01
-3.453126478426484791e-01 -2.212867039591444596e-01 9.120259699651095397e-01
-5.399781306598482322e-01 -2.858187567526620509e-01 7.916636007152156873e-01
-7.621079669144238400e-01 -2.390320845773785674e-01 6.017101539013375300e-01
-9.241727010013890409e-01 3.870985346332574129e-02 3.800083761822006800e-01
-7.820671702971039307e-01 5.484227631076277198e-01 2.959787391836482540e-01
-3.926380775266763989e-01 7.883415446258323911e-01 4.736591064183831579e-01
-1.068903778716123049e-01 7.153773034000542319e-01 6.905141279500728313e-01
2.131167373766705911e-02 5.347922712116927046e-01 8.447147679628989048e-01
4.480742277834178638e-02 3.454026990619821769e-01 9.373842703739911908e-01
6.154164946684425458e-03 1.736615788813717087e-01 9.847861606837798876e-01
-8.272804202875476409e-02 3.906003357459415792e-02 9.958063992760642913e-01
-1.771671751921129745e-01 -5.237141487640993576e-02 9.827863587465101025e-01
-3.038524743409048989e-01 -1.121059211217312890e-01 9.461003838316383030e-01
-4.554490134228596498e-01 -1.190298210220745445e-01 8.822687220340688086e-01
-6.047634328424787986e-01 -3.935471430485026206e-02 7.954322075190216612e-01
-6.847405230964077605e-01 1.524883336899580943e-01 7.126554034861644071e-01
-6.050011649174915629e-01 4.048591511157293987e-01 6.856111567107417981e-01
-3.873087522596170840e-01 5.454162238651911743e-01 7.433122312781166308e-01
-1.790073534974167824e-01 5.238460969973207648e-01 8.327914709305155316e-01
-5.413207387054051745e-02 4.140492991037683645e-01 9.086434374880508757e-01
-9.708435333933540176e-03 2.805792121816295115e-01 9.597817730999970154e-01
-2.436176439611086736e-02 1.520887402714836134e-01 9.880665562188399864e-01
-6.775359913019836366e-02 3.655598985115315197e-02 9.970321506405127598e-01
-1.361387326218546912e-01 -2.361961231873725697e-02 9.904081781740814439e-01
-2.244381104905818491e-01 -5.485574399009570529e-02 9.729431545115243551e-01
-3.218735181327979089e-01 -4.369091449171805946e-02 9.457740440060802278e-01
-4.059194902940277405e-01 2.169296395710956088e-02 9.136513463647844002e-01
-4.396829965000995655e-01 1.379852143952151888e-01 8.874902496348935355e-01
-3.901717511234075730e-01 2.676258543836922410e-01 8.809894475479178588e-01
-2.706284573553930373e-01 3.446305063405808999e-01 8.988826687444392283e-01
-1.435198472450889828e-01 3.422134967485698231e-01 9.285967779880921480e-01
-5.603097487155402762e-02 2.838583920794723880e-01 9.572277383679829166e-01
-1.925608761687652021e-02 2.012665791275527472e-01 9.793472148405567568e-01
-2.627034988180212624e-02 1.147696403151663713e-01 9.930447111680896777e-01
-3.478972242715269031e-02 1.774945468737081436e-02 9.992370249704066731e-01
-8.132791977663673955e-02 -2.524190537784872651e-02 9.963677110774090684e-01
-1.346197499446132873e-01 -4.705516637215342857e-02 9.897794371689860871e-01
-1.855471774516902483e-01 -3.916611590788567770e-02 9.818545005774997891e-01
-2.209367733478389273e-01 1.758699256558226773e-03 9.752865472052455464e-01
-2.249643503713995851e-01 6.843952382835781501e-02 9.719604275072770694e-01
-1.884395731281393316e-01 1.394500746467505214e-01 9.721338405591430920e-01
-1.219232481050209621e-01 1.866443308741001783e-01 9.748326088740502104e-01
-5.370669788281041968e-02 1.958717748938873238e-01 9.791577188595590453e-01
-7.457161250886061403e-03 1.719307492398190196e-01 9.850808130361392578e-01
8.737602738298336225e-03 1.267990529186931170e-01 9.918899407077402808e-01
-2.448419523749748722e-03 7.188422573444371022e-02 9.974099775580327343e-01
7.752289595371873211e-03 -1.134363797598822443e-02 9.999056074867874733e-01
-2.424281578331019191e-02 -5.116682648151213431e-02 9.983958342013813381e-01
-5.001847847610779718e-02 -7.799187289854243865e-02 9.956984581552263958e-01
-6.321893464929537187e-02 -8.419877183712784485e-02 9.944415182015393651e-01
-5.891450124377786007e-02 -6.643556307362336044e-02 9.960498970947114783e-01
-3.597454108459715444e-02 -2.782106737771707083e-02 9.989653750775102647e-01
2.177534944124353904e-04 2.068779767707924419e-02 9.997859608989752012e-01
3.801055719138728833e-02 6.331009802720530266e-02 9.972697874847705757e-01
6.457773748044552675e-02 8.755597246516036436e-02 9.940642169938241901e-01
7.277526817434992745e-02 8.861610924374176135e-02 9.934037172895225920e-01
6.271104486245694665e-02 6.808599081721178337e-02 9.957065946888147279e-01
3.899459424454585627e-02 3.180013423130544775e-02 9.987332842569417446e-01
6.194642416384086442e-02 -2.127897811461671243e-02 9.978526171853446813e-01
5.833038119927607540e-02 -8.407138613347441003e-02 9.947510083747663767e-01
7.394857125037607171e-02 -1.347466149659622137e-01 9.881168749521727079e-01
1.096291830462163136e-01 -1.605106834698566687e-01 9.809269915323710620e-01
1.598218363855515023e-01 -1.509915269084377010e-01 9.755298762294133397e-01
2.089413176514952342e-01 -1.035514651060541746e-01 9.724302647760442175e-01
2.365927117281603487e-01 -3.041401819992860592e-02 9.711327799297053698e-01
2.319005251584963789e-01 4.329705264193739467e-02 9.717754430236041907e-01
2.003948062656994156e-01 9.342725147597498447e-02 9.752503628829697346e-01
1.568174397136233578e-01 1.079132084920035733e-01 9.817143321937947809e-01
1.145842687743538757e-01 8.740731892767078515e-02 9.895607136235972101e-01
8.168772485637339209e-02 4.031203593497273419e-02 9.958423848012665225e-01
1.050633260006374053e-01 -3.683155167661209678e-02 9.937832431323380122e-01
1.082787387643822374e-01 -1.276689779325519691e-01 9.858886077063784281e-01
1.504172207134621408e-01 -2.094622471952611031e-01 9.661781547482203303e-01
2.337076799166847851e-01 -2.628881152740346616e-01 9.360932427891474061e-01
3.469223910390620280e-01 -2.631801588246837631e-01 9.002116743281677325e-01
4.533976347806274454e-01 -1.937825655862571439e-01 8.699878746569699173e-01
5.037093357367281587e-01 -7.223203670805525278e-02 8.608480922698682480e-01
4.758146135088067163e-01 5.066996552846855101e-02 8.780848524857716164e-01
3.905770353589679833e-01 1.292047879671823218e-01 9.114580090254563727e-01
2.878577416546916345e-01 1.478275600713047644e-01 9.461949762353050186e-01
1.983275412516303515e-01 1.154754355889844736e-01 9.733096168006423188e-01
1.360358332569263085e-01 4.873338941475462149e-02 9.895045774660380378e-01
1.249375862302418566e-01 -5.064992287799571086e-02 9.908709224007370420e-01
1.289549822080888475e-01 -1.866012528260368453e-01 9.739356164590179388e-01
1.901619006987061988e-01 -3.184479503489490715e-01 9.286707459811295307e-01
3.187620988332520722e-01 -4.180281896054072743e-01 8.506721795395391084e-01
5.061090403199223209e-01 -4.329492118552238367e-01 7.459280255227744849e-01
6.911797181507547405e-01 -3.135130128503154090e-01 6.511376106404580533e-01
7.759703822833202702e-01 -8.875305454530962868e-02 6.244940841416666277e-01
7.188301922398325772e-01 1.261338535286248841e-01 6.836471353838798892e-01
5.678466857318825722e-01 2.422263313457839184e-01 7.866870698735108913e-01
3.991307957330344491e-01 2.496722387373942476e-01 8.822462134241786380e-01
2.611676621125728071e-01 1.831388141196138852e-01 9.477613766288758290e-01
1.695564639675470331e-01 7.637927285896119189e-02 9.825562641417918686e-01
1.147404558304965794e-01 -5.941470084982135302e-02 9.916171242565287036e-01
1.103282827320366533e-01 -2.507827291706584694e-01 9.617357707702995917e-01
1.716190092932347033e-01 -4.468578922677341470e-01 8.779891455861931204e-01
3.230558078671545430e-01 -6.132456218045161389e-01 7.208084019633845818e-01
5.747935330315875335e-01 -6.570588911883260552e-01 4.877355921964707242e-01
8.512035347840972710e-01 -4.567601235656853498e-01 2.585009320898142282e-01
9.795275370541127735e-01 -4.836007775535817316e-02 1.954152169928453642e-01
8.856472126312213700e-01 3.079078564372507154e-01 3.475942558542097771e-01
6.701331737866902394e-01 4.523203042977487209e-01 5.884962801162534340e-01
4.505143346462271992e-01 4.153030010976473951e-01 7.902912447682814978e-01
2.815830051695836223e-01 2.859069921763982558e-01 9.159520746328865259e-01
1.716707753691999183e-01 1.207842664664404292e-01 9.777219982482355798e-01
7.437843198749245766e-02 -5.968252846364446168e-02 9.954425370915908067e-01
5.013028916555008901e-02 -3.007702707228412375e-01 9.523781803241572197e-01
7.819738561876714289e-02 -5.569661442472056967e-01 8.268457431980188455e-01
1.922674380976011066e-01 -7.959238764545856215e-01 5.740543660114882929e-01
4.308415909594461857e-01 -8.881246290560010914e-01 1.600317679826947503e-01
7.447626593142823159e-01 -5.979019020992225597e-01 -2.963813367224193418e-01
9.013694755513353973e-01 8.073251581136442478e-02 -4.254589632797489696e-01
7.925164134642672664e-01 6.016806202589218833e-01 -9.948952504922009554e-02
5.838308915372191210e-01 7.310975754060461407e-01 3.530408267073242845e-01
3.876418427467075434e-01 6.092930200923902806e-01 6.917339209685734458e-01
2.385420156104511857e-01 3.984820895660209361e-01 8.856126303771583164e-01
1.367680784803977923e-01 1.708361441834100880e-01 9.757609874089805402e-01
1.348781813558935956e-02 -4.963906212412702579e-02 9.986761448404873898e-01
-3.791841102442987388e-02 -3.129282639420675749e-01 9.490195444413473957e-01
-7.551376340711794810e-02 -5.947581838088156214e-01 8.003501573239765188e-01
-7.730410779793707443e-02 -8.692477896936984250e-01 4.882953563471822966e-01
-4.303871391305477516e-03 -9.983281354572776101e-01 -5.764035604939294483e-02
1.539196352468727436e-01 -6.688350088324980236e-01 -7.273021908707494321e-01
2.700883586260992009e-01 2.526941218665167410e-01 -9.290844737206603865e-01
2.770176875326316734e-01 8.686695593795052961e-01 -4.106998872676388412e-01
2.515071720887694373e-01 9.446636212940054955e-01 2.106057572609857653e-01
1.982305850218684939e-01 7.443079309786103659e-01 6.377384566140096300e-01
1.335926722382059784e-01 4.740193141782125807e-01 8.703210256624839269e-01
7.097528623420643057e-02 2.073906744693567450e-01 9.756800791690201091e-01
-4.915505948948760417e-02 -3.147393282823945232e-02 9.982951325529417774e-01
-1.231237110522846040e-01 -2.764531930400633275e-01 9.531076454602349646e-01
-2.286670707906330868e-01 -5.291706487830526440e-01 8.171228764406232026e-01
-3.678436370336151118e-01 -7.617675098015416202e-01 5.332929023573041993e-01
-5.300295332576641094e-01 -8.467508002259852562e-01 4.562648563277063585e-02
-6.679235321853177476e-01 -5.200765440270413986e-01 -5.323518981894944657e-01
-6.438876424306193558e-01 3.003231761196085703e-01 -7.037149236804792762e-01
-3.983944960490132248e-01 8.779411343788798838e-01 -2.655206019943199269e-01
-1.623836126348234266e-01 9.447127795009861995e-01 2.848672087045259760e-01
-3.432788820255183726e-02 7.426048538922697118e-01 6.688494801277318214e-01
6.205200497291640284e-03 4.749134864339253359e-01 8.800106112370885691e-01
-4.712046186481589835e-03 2.145523602146860997e-01 9.767011218110688286e-01
-9.337490759817193564e-02 -1.164116801317529107e-02 9.955629612627868719e-01
-1.734211809412661842e-01 -2.068185801067254359e-01 9.628868931102925188e-01
-3.094418615851259879e-01 -3.912556151373972613e-01 8.666976277353597435e-01
-5.093690684988072537e-01 -5.322793640315933716e-01 6.761818029811165198e-01
-7.578116806830631491e-01 -5.335678619806893952e-01 3.755353422536911734e-01
-9.652585345510078518e-01 -2.548061490648043659e-01 5.787735200611986153e-02
-9.603268020663029425e-01 2.767341374501643969e-01 -3.450580245141836311e-02
-7.062652229860786335e-01 6.823827250139561373e-01 1.885291791822561180e-01
-4.029394861696823926e-01 7.578286048463861446e-01 5.131623292505068656e-01
-1.937561552393816944e-01 6.168635048680853883e-01 7.628485882983387922e-01
-9.070334080431442791e-02 4.061527130546992437e-01 9.092925148956993997e-01
-6.403564424818973533e-02 1.918333648541185044e-01 9.793362019217569658e-01
-1.073617757463259798e-01 2.637533921634386928e-03 9.942165219525349595e-01
-1.764991233718618546e-01 -1.348678437845087508e-01 9.750172942885342309e-01
-2.992528345595725781e-01 -2.496873988479096917e-01 9.209255908403454205e-01
-4.756437868478483044e-01 -3.134114201055890336e-01 8.219101348568926824e-01
-6.801327435577960712e-01 -2.722793686452857909e-01 6.806492463455438013e-01
-8.344471876396670762e-01 -7.800464941783402661e-02 5.455393347041836982e-01
-8.332851356638788509e-01 2.225167016680229259e-01 5.060851708561928675e-01
-6.595690518463858121e-01 4.591555776291224578e-01 5.951006817157026285e-01
-4.248730619224035387e-01 5.214955558682324854e-01 7.399495026434923517e-01
-2.374015087457997109e-01 4.442160655134803071e-01 8.638938654631586056e-01
-1.290496990293504009e-01 3.051827544544176707e-01 9.435092270687982507e-01
-8.994980529837584560e-02 1.518266146718872667e-01 9.843057002802119149e-01
-9.018752734366763946e-02 7.667769866302320304e-03 9.958952832586698278e-01
-1.401247430378307346e-01 -8.309981607684480132e-02 9.866405003629508119e-01
-2.274320467676826107e-01 -1.496371687223833624e-01 9.622283418397759025e-01
-3.465711589682832217e-01 -1.726074821650208091e-01 9.220060134684466835e-01
-4.749347411389570062e-01 -1.286935501759893796e-01 8.705601425532493165e-01
-5.643648583762636006e-01 -8.748479230785826191e-03 8.254791158721124233e-01
-5.622222745855713910e-01 1.528519245682365413e-01 8.127375979463993261e-01
-4.617454094072674375e-01 2.815117824448440387e-01 8.411553324066179949e-01
-3.174707939606187246e-01 3.252829999236112601e-01 8.907318703980021679e-01
-1.913048902977272370e-01 2.900894530914272518e-01 9.376836077020813676e-01
-1.113910300872194836e-01 2.088857808058380561e-01 9.715754057165202351e-01
-7.940110062877481223e-02 1.090933392888718961e-01 9.908552409618475165e-01
-4.858529598407869410e-02 3.730891302118543359e-03 9.988120691422971431e-01
-7.921811150522434231e-02 -5.865693906255875500e-02 9.951300690408479976e-01
-1.280495785872536318e-01 -1.007775717581280844e-01 9.866342718829963498e-01
-1.895738323191533958e-01 -1.100860417644109468e-01 9.756755739016998996e-01
-2.505921084897777540e-01 -7.774695831212505293e-02 9.649658054231484705e-01
-2.886577038976700371e-01 -6.074179319494854914e-03 9.574130949210012398e-01
-2.825045517297212205e-01 8.395054337614553386e-02 9.555854145594551152e-01
-2.313005121094190430e-01 1.582652313275215161e-01 9.599230123560882344e-01
-1.592776536812103017e-01 1.917049346813978206e-01 9.684419688636916046e-01
-9.505411620052883759e-02 1.809816024511788635e-01 9.788822066865398019e-01
-5.409563664366065505e-02 1.368781732770789350e-01 9.891097147316022520e-01
-3.926375820979845221e-02 7.329355283574716384e-02 9.965372107472919572e-01
6.440800184030658765e-03 -6.848354860492182790e-03 9.999558070878534766e-01
-8.516841848752705960e-03 -6.008841211329554732e-02 9.981567242344679958e-01
-2.300909221968935880e-02 -9.770550555956084016e-02 9.949493534138481587e-01
-3.413760608636435406e-02 -1.093384647651591962e-01 9.934182019539370412e-01
-3.872430319314678487e-02 -8.952850017815759676e-02 9.952311671155495976e-01
-3.410955816342560454e-02 -4.106597532607302731e-02 9.985740451826479180e-01
-2.016560391568802610e-02 2.260344001115479479e-02 9.995411111697253270e-01
-1.058828714137249275e-03 8.089926747702896881e-02 9.967217201422444717e-01
1.603468114477204706e-02 1.160997291456602742e-01 9.931081219549925398e-01
2.554008856326829557e-02 1.204413696890435509e-01 9.923918481847185946e-01
2.597671821869374648e-02 9.561374161741362232e-02 9.950795056298239460e-01
1.884727140077783331e-02 4.938133891631362599e-02 9.986021548782514357e-01
6.316534570353159184e-02 4.156049853359666986e-03 9.979944220042420433e-01
8.584369226556108623e-02 -5.867980540831794350e-02 9.945790772660818568e-01
1.235254943402350619e-01 -1.042443352135590945e-01 9.868508351437647041e-01
1.717014398116283314e-01 -1.197246422753959066e-01 9.778469336244143273e-01
2.201927582219728174e-01 -9.633898548544750362e-02 9.706873590925707562e-01
2.519101405835377228e-01 -3.566585258898342242e-02 9.670931847709457463e-01
2.507333076092400082e-01 4.491560676406213676e-02 9.670136486751905736e-01
2.148540573284415944e-01 1.173680155967412042e-01 9.695681940762839179e-01
1.600084852130946589e-01 1.582841711135428431e-01 9.743425505615709303e-01
1.076859163095992694e-01 1.596277943900641649e-01 9.812862531834565250e-01
7.211409279596879551e-02 1.266305896583808099e-01 9.893251494745189945e-01
5.775188185780062017e-02 7.047628185368251530e-02 9.958402551804995673e-01
1.097290007819808066e-01 7.227992211607437226e-03 9.939352607266760398e-01
1.487250980475982032e-01 -8.349523000048769683e-02 9.853473457506481958e-01
2.243948863017684592e-01 -1.544967284071801505e-01 9.621734229925463788e-01
3.314372664146099101e-01 -1.856478720189112530e-01 9.250320027147629354e-01
4.491653701781967434e-01 -1.546478892939386895e-01 8.799627836275744075e-01
5.352630795770618732e-01 -5.478505230511081930e-02 8.429068950279815509e-01
5.460905610529642740e-01 8.394118262755875803e-02 8.335100341255421430e-01
4.728604743892130813e-01 2.043500005126307750e-01 8.571137900249323760e-01
3.512893404266608788e-01 2.617804022226344896e-01 8.989253697136081467e-01
2.323786604498750130e-01 2.499736120978622300e-01 9.399539092009896457e-01
1.485430155201744595e-01 1.892624954968701312e-01 9.706259219382343817e-01
1.085848718353850939e-01 1.026716113401566766e-01 9.887708864207535031e-01
1.332451447472103867e-01 2.231759912556789942e-03 9.910805974535684681e-01
1.876660131166484058e-01 -1.371674832721527237e-01 9.726081168968268020e-01
2.989378239894444067e-01 -2.575614317420543697e-01 9.188570543167429161e-01
4.660382363235458514e-01 -3.263110516570295050e-01 8.223925217625153161e-01
6.606767457566460333e-01 -2.907099002501397078e-01 6.920939181303287224e-01
8.084824133397635615e-01 -1.193022782850275826e-01 5.763012699242064940e-01
8.283095889315654770e-01 1.344097088720734023e-01 5.439092341971077937e-01
7.056417320710250962e-01 3.488292636092011345e-01 6.167559410412636334e-01
5.066359257674374339e-01 4.350355456539252708e-01 7.443548298623237081e-01
3.194353573611292685e-01 3.955992851569350433e-01 8.610820274810789821e-01
1.926444482736128228e-01 2.844953150287606314e-01 9.391222137059466180e-01
1.333158891295990744e-01 1.462432634467678572e-01 9.802243526877290059e-01
1.259182454578605670e-01 -1.090644289243257979e-02 9.919806676363057685e-01
1.886204787923494441e-01 -2.134065087108168446e-01 9.585822745179461979e-01
3.174904845740437187e-01 -4.046492624739058130e-01 8.575889263418525754e-01
5.205772779781541182e-01 -5.378370604197254545e-01 6.631218546329671337e-01
7.707157202376176963e-01 -5.102229104430756612e-01 3.816672113734442262e-01
9.643234823356705565e-01 -2.361385341693109097e-01 1.196612472626324558e-01
9.791132021887765102e-01 1.980655026507347760e-01 4.590636077162598555e-02
8.050992335588454951e-01 5.528685846622941602e-01 2.148291232964500697e-01
5.486940802103882353e-01 6.704461071764324931e-01 4.994365061885674417e-01
3.250039591369350833e-01 5.821186918032998925e-01 7.453256034771007510e-01
1.835499298814191882e-01 3.990496006346768154e-01 8.983701016139349349e-01
1.222181610417323178e-01 1.938290629830092815e-01 9.733925289699795202e-01
8.648717515320834825e-02 -2.898552582993351237e-02 9.958312145270546978e-01
1.424567575210961834e-01 -2.913291672209650240e-01 9.459563354420028602e-01
2.491799635134764324e-01 -5.560915799257277747e-01 7.928880756570046984e-01
4.195853096867097620e-01 -7.677690338376875756e-01 4.842301917217479712e-01
6.375997589416172451e-01 -7.702633930316507005e-01 1.268277386449820875e-02
8.023371932242284732e-01 -3.957099583535230725e-01 -4.468429894594671548e-01
7.805934582206693895e-01 2.493754941530452740e-01 -5.731367340338807681e-01
5.957137956994590366e-01 7.584979027735395674e-01 -2.642082608502502317e-01
3.753024067924146667e-01 8.995027996849220830e-01 2.237025185704860919e-01
2.048020503718944452e-01 7.547510983598315626e-01 6.232229935490253281e-01
1.073322893858555394e-01 4.994299216475788228e-01 8.596799014855768251e-01
7.299820378489135786e-02 2.313691968051634906e-01 9.701234751381105914e-01
2.397206422207631346e-02 -4.564625006135218654e-02 9.986699955402632556e-01
5.687903702008102053e-02 -3.389313363572327709e-01 9.390901577498846908e-01
9.809161835344450131e-02 -6.457067014721145082e-01 7.572587999375353096e-01
1.513764967115514282e-01 -9.111189047535307450e-01 3.833373157468171200e-01
2.090570681768314509e-01 -9.558879043700002631e-01 -2.063333626061673032e-01
2.221510043444004934e-01 -5.510856401936840010e-01 -8.043342268243854898e-01
1.357120933177481115e-01 2.228089953472589813e-01 -9.653695558280520617e-01
3.810896454180250775e-02 8.334897847927494885e-01 -5.512190902606070031e-01
-1.089195740526898923e-02 9.976602749810734583e-01 6.749326624509086048e-02
-2.572823162906661895e-02 8.293069850166189250e-01 5.582006652627663490e-01
-2.110778576117506092e-02 5.399544173557616622e-01 8.414295505615605464e-01
-2.851943979581920367e-03 2.418453621147570454e-01 9.703106137929360386e-01
-4.237827733021697074e-02 -5.462370002314382439e-02 9.976073040060230435e-01
-3.866067386027874364e-02 -3.337859157343137650e-01 9.418557823542488272e-01
-7.581860305782217591e-02 -6.267874750997708411e-01 7.754927468960274295e-01
-1.660547653627162112e-01 -8.843789891506508294e-01 4.362334449000016545e-01
-3.143087314560158441e-01 -9.444490987431672924e-01 -9.605165908880582137e-02
-4.952696575349894714e-01 -5.958934932307173860e-01 -6.321541829732012507e-01
-6.206545004937688015e-01 1.078957282616675589e-01 -7.766250722451385480e-01
-5.779741190053142574e-01 7.049805961458160963e-01 -4.110331821372084082e-01
-4.232903431982515396e-01 8.938492381475491300e-01 1.478473023702295830e-01
-2.662647341515537724e-01 7.578030247388618523e-01 5.956825220230178575e-01
-1.524548847077563940e-01 4.954954333192960192e-01 8.551267646896167918e-01
-8.017948679379971466e-02 2.173861622139365013e-01 9.727869789298868586e-01
-9.106339645837388530e-02 -5.368715164473471940e-02 9.943968762892152480e-01
-1.081914659375609739e-01 -2.813019585988019711e-01 9.535008205484490906e-01
-1.947436371643369579e-01 -5.131784788058875169e-01 8.358963839343513946e-01
-3.677305604653008930e-01 -7.066659423791737948e-01 6.044811666058793609e-01
-6.200012878580197784e-01 -7.421557421172603197e-01 2.545648394746052867e-01
-8.724727437333056335e-01 -4.813671793761992723e-01 -8.412461032227938618e-02
-9.841186762916789288e-01 2.326161362294105334e-02 -1.759810453024183985e-01
-8.784673803660953961e-01 4.754744826358463516e-01 4.710709070872925314e-02
-6.396224130076534342e-01 6.513867335735346042e-01 4.081402848318911314e-01
-4.028879877575011759e-01 5.766207450971309045e-01 7.107670403473937970e-01
-2.330839849603052460e-01 3.862456010406097318e-01 8.924607507514743521e-01
-1.323777508517858525e-01 1.679246247988268881e-01 9.768712563411731109e-01
-1.086551700601063458e-01 -4.497171839080679051e-02 9.930617294831766140e-01
-1.316411385588447669e-01 -2.080218030627739301e-01 9.692252267092449358e-01
-2.234253571716851849e-01 -3.646376886343642987e-01 9.039471587432486022e-01
-3.936804557467300514e-01 -4.813732240047757793e-01 7.831318649975025359e-01
-6.241532742309154891e-01 -4.876423823680768321e-01 6.104404943852949073e-01
-8.349602006260977705e-01 -3.176646502370055192e-01 4.493669250849018360e-01
-9.148214256595362803e-01 -1.308032592200006859e-02 4.036467071933368955e-01
-8.197809319056915678e-01 2.691430230389281197e-01 5.054911046036176803e-01
-6.142823976922607843e-01 4.004678861763342756e-01 6.799136768935322150e-01
-4.018939125865658712e-01 3.759780535060859852e-01 8.349381931063061257e-01
-2.421811238408039801e-01 2.623817924264171819e-01 9.340792783582485548e-01
-1.456923085978368837e-01 1.143114701901817437e-01 9.827037391800095278e-01
-9.327510443575572074e-02 -3.205792104356763178e-02 9.951241352669842888e-01
-1.104566234523516044e-01 -1.395260180996699129e-01 9.840385280103345345e-01
-1.781721368874166767e-01 -2.348996627222448286e-01 9.555505418814973506e-01
-2.984684983894425603e-01 -2.954107548454163457e-01 9.075511232932202965e-01
-4.531482406582834632e-01 -2.871416694150338844e-01 8.439231799601559780e-01
-5.888965234663228188e-01 -1.866822893449027465e-01 7.863527246053280129e-01
-6.397115161857247490e-01 -2.028334192927936513e-02 7.683474227844725446e-01
-5.811875910832641212e-01 1.379815564812944539e-01 8.019863303335069693e-01
-4.502552334206968987e-01 2.238118895278026488e-01 8.643948535728995797e-01
-3.077579273507816127e-01 2.247859581318234767e-01 9.245303300484204456e-01
-1.939789177217339233e-01 1.654838118125643298e-01 9.669474067949357377e-01
-1.218165009893020373e-01 7.375567777771493971e-02 9.898084865681857636e-01
-5.161060613324203877e-02 -1.794671189551789656e-02 9.985060144369094504e-01
-5.740438117169679999e-02 -8.914862345030423463e-02 9.943627406330163288e-01
-9.103534367346924339e-02 -1.465176816506370272e-01 9.850102208434268203e-01
-1.523768500102834766e-01 -1.754678688817833399e-01 9.726213664993539343e-01
-2.308491595620679182e-01 -1.620391341423653431e-01 9.594018889577723419e-01
-3.003728918194713549e-01 -1.013671063757805024e-01 9.484201788263560973e-01
-3.297939561776544459e-01 -9.468313485550841624e-03 9.440054541730532600e-01
-3.064246474540202048e-01 7.938472787352141014e-02 9.485789373653515932e-01
-2.455046535132199281e-01 1.338790645724944606e-01 9.601061718228921515e-01
-1.743523902952259230e-01 1.425485671564080126e-01 9.743106024261456444e-01
-1.132219783739748104e-01 1.114216001936632755e-01 9.873023906703034536e-01
-7.108718757982945835e-02 5.337901922471680050e-02 9.960408084354545055e-01
4.974844365862460087e-03 -5.066273951739548760e-03 9.999747915780641261e-01
1.269085774690230893e-02 -6.145449928581079441e-02 9.980292012997645790e-01
1.433299207238533830e-02 -1.028357634574202373e-01 9.945950789604536268e-01
8.211247779797047758e-03 -1.181327492826461101e-01 9.929638608513772224e-01
-5.178332411911409396e-03 -1.008024919646055562e-01 9.948929804191136705e-01
-2.196662283676983213e-02 -5.254942638397431393e-02 9.983766950744786817e-01
-3.591102508252274478e-02 1.354664326473828222e-02 9.992631719091168430e-01
-4.214430653017818551e-02 7.615831824476926304e-02 9.962046817743583915e-01
-3.994856113034386813e-02 1.158772790827861665e-01 9.924598574531768858e-01
-3.155729466210405176e-02 1.233939003680864094e-01 9.918558778902802908e-01
-1.968825475361914851e-02 9.983569084959427464e-02 9.948091311691148464e-01
-6.649470698882570079e-03 5.313878632116066786e-02 9.985649973475935193e-01
5.127915420330474844e-02 2.873471855702578251e-02 9.982708872313105219e-01
9.766350324154123019e-02 -1.727018538596080191e-02 9.950696361719076899e-01
1.512835859543713857e-01 -4.361025489470925914e-02 9.875279349409402663e-01
2.029569999671670122e-01 -4.096288214321139320e-02 9.783304648485385835e-01
2.396867622486489602e-01 -4.921939899905142767e-03 9.708377982497478076e-01
2.459676940732191397e-01 5.810715319754751473e-02 9.675347292059199855e-01
2.129720624654218852e-01 1.281773456411722523e-01 9.686142001197283191e-01
1.495045613812711893e-01 1.796435198361019114e-01 9.723047834434995762e-01
8.037835914675708904e-02 1.963282931320861069e-01 9.772382108250694532e-01
3.017060380143090151e-02 1.787310924529365852e-01 9.834352704966558001e-01
1.020177409626816210e-02 1.372736931870473520e-01 9.904806191764515821e-01
1.954089806643247509e-02 8.373703828865922127e-02 9.962962720603605327e-01
8.988678829753499189e-02 5.102741634926782899e-02 9.946439403476146079e-01
1.612682131113750694e-01 -1.524932309517523614e-02 9.867927956693279823e-01
2.592610502778866510e-01 -5.282902737405099913e-02 9.643613439346928606e-01
3.718909980703901108e-01 -4.622760571414639974e-02 9.271246378045134851e-01
4.724852871640365937e-01 1.841125685330011544e-02 8.811462302221246823e-01
5.194596505742005155e-01 1.355643272730784887e-01 8.436729132764178019e-01
4.807057507726045786e-01 2.659782980255742668e-01 8.355701802682609092e-01
3.652218597299454750e-01 3.529311267270660024e-01 8.614247575746147856e-01
2.243578150299543605e-01 3.636607803951887874e-01 9.041097320774869051e-01
1.131869308911271632e-01 3.102566052042622369e-01 9.438906491763511264e-01
5.623107039269256702e-02 2.254504637600529549e-01 9.726305337140406237e-01
5.192237553268887890e-02 1.344584502138725934e-01 9.895579781321510726e-01
1.118972384723759816e-01 5.656825161176287642e-02 9.921083816457294535e-01
2.148982289724293004e-01 -5.026596076046077610e-02 9.753420345567547223e-01
3.639918583886504466e-01 -1.240569562186058239e-01 9.231033520904052825e-01
5.475553770542181953e-01 -1.366594885941179727e-01 8.255345499954702682e-01
7.220529481068851396e-01 -4.684748950322501632e-02 6.902498481400710650e-01
8.078476041143248798e-01 1.557684182536023254e-01 5.684350872365500074e-01
7.439150061186176055e-01 4.012570377474063976e-01 5.343999001962060902e-01
5.496456304912586965e-01 5.682094218551446696e-01 6.123950798275044072e-01
3.195485649954385443e-01 5.837414734638516345e-01 7.464145006413074324e-01
1.472458751917419539e-01 4.800675432741610682e-01 8.647854104537316955e-01
6.398289420636811553e-02 3.318184645164542479e-01 9.411709174506681652e-01
5.828804844726875878e-02 1.855426980982072815e-01 9.809059132203593601e-01
1.104745450022579650e-01 4.158542323955848746e-02 9.930085737195141204e-01
2.431195655405776479e-01 -1.226915219129744578e-01 9.622056263097562567e-01
4.332806616667179145e-01 -2.613557384341728129e-01 8.625317653357462699e-01
6.727958218928633549e-01 -3.301218122205824002e-01 6.620916636990124005e-01
9.005412746979671867e-01 -2.365604505587956263e-01 3.647801609144736279e-01
9.935155198287579648e-01 7.336658937211182341e-02 8.685767337022083645e-02
8.721020831946986185e-01 4.892721096149829085e-01 7.124551928074388842e-03
5.904251998789379341e-01 7.856015399095641616e-01 1.850089290808240861e-01
2.929230415377574448e-01 8.220707468827364028e-01 4.882579019903694473e-01
9.607852364277962021e-02 6.600043282685587043e-01 7.450927485632554692e-01
1.913319213743457786e-02 4.366986537528952939e-01 8.994043622137283256e-01
3.274015451999583853e-02 2.261312503822431597e-01 9.735464754610658744e-01
8.308672625423536851e-02 8.189936050763131636e-03 9.965086657264130565e-01
2.291173859051107153e-01 -2.158901939737948306e-01 9.491557551962546135e-01
4.208071109473419114e-01 -4.356627577596702827e-01 7.956879645170623627e-01
6.487717054510416803e-01 -5.956502962180739713e-01 4.735989852412816892e-01
8.404095767530148642e-01 -5.414809329839270768e-01 -2.258633473347083226e-02
8.588768422955046500e-01 -1.482669741039677191e-01 -4.902524596150104053e-01
6.504652185837193068e-01 4.416084635296502192e-01 -6.179619440967190069e-01
3.311132760166349276e-01 8.900193285320231462e-01 -3.134160067465426303e-01
6.461031623427312964e-02 9.785503932043136954e-01 1.956134836758881279e-01
-6.671419609701821629e-02 7.840749072749234605e-01 6.170703005500791649e-01
-8.112813742548252716e-02 5.042972921516908347e-01 8.597106876423061816e-01
-2.233955726348909113e-02 2.420469906485338274e-01 9.700073187864105551e-01
3.518731041571746682e-02 -3.370821644749445734e-02 9.988120991106034241e-01
1.687463128451243410e-01 -2.946789011131882297e-01 9.405790913792982932e-01
3.083037124238803273e-01 -5.761364510601235667e-01 7.569779459571059910e-01
4.330065189049319696e-01 -8.232419090414431206e-01 3.671213883493829599e-01
4.734024119006841058e-01 -8.465053311523088597e-01 -2.435546771000259292e-01
3.400985652939522708e-01 -4.560664804720750420e-01 -8.223966994551873411e-01
5.636421423109224532e-02 2.169738565008517972e-01 -9.745488294329963663e-01
-2.082970105475364653e-01 7.761004202430784593e-01 -5.952146613580974188e-01
-3.268757487462796707e-01 9.445331510102517036e-01 3.177060786630259842e-02
-3.043292853061548842e-01 7.784207355188275113e-01 5.490399298953591023e-01
-2.104484492214888924e-01 4.968025484146972315e-01 8.419612093849450085e-01
-9.182284335225197880e-02 2.217106062094623409e-01 9.707795694868257552e-01
-1.853933042091176694e-02 -6.985131873948687009e-02 9.973851244619136303e-01
8.249058121976930724e-02 -3.260311438104360193e-01 9.417531509242345056e-01
1.421174733223203590e-01 -6.168178867923339581e-01 7.741694377262283711e-01
1.266068730996842417e-01 -8.972236087256911796e-01 4.230372272380526488e-01
-1.716865497377749114e-02 -9.915717985009140367e-01 -1.284157533330399781e-01
-2.972612798545871127e-01 -6.934777417907004304e-01 -6.562959341182135198e-01
-5.995011542578065900e-01 -8.216610080189634679e-02 -7.961451487779028779e-01
-7.497787158665532026e-01 4.826722021741671753e-01 -4.526139883850787138e-01
-6.897823437824915915e-01 7.144817775504311852e-01 1.171157878093480043e-01
-5.092054376771574242e-01 6.271863519493119377e-01 5.893616056111731227e-01
-3.160213728904789909e-01 4.059346250353996211e-01 8.575240941651938176e-01
-1.511390642310473376e-01 1.673008001433971270e-01 9.742522391736455623e-01
-6.023543834733261632e-02 -8.910687200608699565e-02 9.941990028804034152e-01
4.628359067345126296e-03 -3.028028311283492702e-01 9.530419842550675869e-01
-3.558972954127699682e-04 -5.491616183825658304e-01 8.357160942763416367e-01
-1.103888873732755405e-01 -7.930539216619815202e-01 5.990657483789812998e-01
-3.549316166614547852e-01 -9.051025158719641084e-01 2.341217274330830711e-01
-6.820764214258409064e-01 -7.220234074510518685e-01 -1.159911825431205468e-01
-9.371390623973818723e-01 -2.781124808643041790e-01 -2.107696033979472028e-01
-9.849834374447300478e-01 1.719735412184193735e-01 1.525546067209838583e-02
-8.259920825291726665e-01 4.047022577003668853e-01 3.923686560002462298e-01
-5.794287425188798801e-01 3.997305214659498396e-01 7.102660364621008471e-01
-3.526916757297310911e-01 2.693127828329548445e-01 8.961468667990136749e-01
-1.795693552963062156e-01 9.888561695569315912e-02 9.787627298777582530e-01
-7.790142469143633563e-02 -8.795589190845434779e-02 9.930735768862393176e-01
-3.955799012274536369e-02 -2.429090085656561704e-01 9.692421673529223458e-01
-7.158189939230244492e-02 -4.187455050283431790e-01 9.052779869730536166e-01
-1.982429004662639438e-01 -5.876861829335690013e-01 7.844263526957867549e-01
-4.262693208231612685e-01 -6.712041796937613380e-01 6.064481967049371036e-01
-6.916215732154700202e-01 -5.747272131138805307e-01 4.374336863678117138e-01
-8.673069744293312455e-01 -3.109629495498910101e-01 3.886909519314785122e-01
-8.689704573620135042e-01 -2.057636960251787994e-02 4.944359991404375099e-01
-7.185399185489812490e-01 1.607556028677402937e-01 6.766520683469774422e-01
-5.087271817614177349e-01 2.007389858490628010e-01 8.371980136726520083e-01
-3.170811767901378087e-01 1.454660166067397731e-01 9.371761655836239324e-01
-1.719236641140646227e-01 4.253770357826505699e-02 9.841914435169125674e-01
-6.902485155657865634e-02 -6.924525894119849811e-02 9.952088544530780512e-01
-4.388426240676959744e-02 -1.704981432739831326e-01 9.843802896509257216e-01
-7.195475411986941572e-02 -2.802275457169373096e-01 9.572330102859200052e-01
-1.653939297724511259e-01 -3.782974884989383502e-01 9.107885913810249701e-01
-3.197046082859781313e-01 -4.246020473640078063e-01 8.470549361256923815e-01
-4.885864671207476029e-01 -3.765183765496245005e-01 7.870941343111257371e-01
-5.957714650652941035e-01 -2.391758822755444547e-01 7.667145875432483937e-01
-5.948547835701170072e-01 -7.677793198462133650e-02 8.001580691487808483e-01
-5.013621055241329616e-01 4.122601202074584192e-02 8.642548553969824354e-01
-3.675781341150202164e-01 8.691973747340864254e-02 9.259218512154054892e-01
-2.387392776375303338e-01 7.097792373268017874e-02 9.684862888320817653e-01
-1.363692613361871253e-01 1.412447273379953752e-02 9.905573803837074420e-01
-3.842864968985178903e-02 -3.885117851663427713e-02 9.985057960828115364e-01
-1.523307341426185027e-02 -1.026045034836149533e-01 9.946055848120300968e-01
-2.364087424096257897e-02 -1.649038085566942313e-01 9.860262891975322130e-01
-6.999324056630738811e-02 -2.126878326072562941e-01 9.746100923629824608e-01
-1.502411603003744878e-01 -2.288301445067325302e-01 9.618026610051639835e-01
-2.406946364865639176e-01 -1.989493496233854519e-01 9.499922358897291419e-01
-3.043330106152954406e-01 -1.274201408995385698e-01 9.440050457190568567e-01
-3.164644344852335367e-01 -4.168151818382596213e-02 9.476881938421800600e-01
-2.803073546014382411e-01 2.587448962852037862e-02 9.595615132667761893e-01
-2.169914354401202561e-01 5.711772889745874576e-02 9.745010425807628662e-01
-1.474870003437163402e-01 5.104309932276820949e-02 9.877460132752480249e-01
-8.508018538114180129e-02 1.571642787512971678e-02 9.962501472774571987e-01
5.104955982904568063e-03 -3.717368979888375276e-03 9.999800600972691411e-01
3.549090570384290377e-02 -4.904195171881173265e-02 9.981659594395372315e-01
5.437519763845211768e-02 -8.403395571077659776e-02 9.949782068816381830e-01
5.545110475702619279e-02 -9.974592458984027354e-02 9.934666202289200720e-01
3.602211595671254291e-02 -9.008430102666205308e-02 9.952824854635718976e-01
1.749391176058101680e-04 -5.481605786697189148e-02 9.984964542732216453e-01
-4.063956372188914229e-02 -3.017176669365185127e-03 9.991693162349470914e-01
-7.275086758153308242e-02 4.841780140341203631e-02 9.961741954967171520e-01
-8.718015595483377678e-02 8.305398871130274807e-02 9.927243602163131619e-01
-8.214500849722020104e-02 9.235885116745198853e-02 9.923316180541571496e-01
-6.101377439258617863e-02 7.653563646316446922e-02 9.951982795832925444e-01
-2.955334372572120463e-02 4.156388939537380284e-02 9.986986747628218142e-01
