Step    Position
0    257
1    258
2    259
3    260
4    261
5    262
6    263
7    264
8    265
9    266
10    266
11    267
12    268
13    269
14    270
15    271
16    272
17    273
18    274
19    275
20    276
21    277
22    278
23    279
24    279
25    280
26    281
27    282
28    283
29    284
30    285
31    286
32    286
33    287
34    288
35    289
36    290
37    291
38    291
39    292
40    293
41    294
42    295
43    295
44    296
45    297
46    298
47    299
48    299
49    300
50    301
51    302
52    302
53    303
54    304
55    305
56    305
57    306
58    307
59    307
60    308
61    309
62    310
63    310
64    311
65    312
66    312
67    313
68    314
69    314
70    315
71    316
72    316
73    317
74    318
75    318
76    319
77    320
78    320
79    321
80    322
81    322
82    323
83    324
84    324
85    325
86    325
87    326
88    327
89    327
90    328
91    328
92    329
93    330
94    330
95    331
96    331
97    332
98    333
99    333
100    334
101    334
102    335
103    335
104    336
105    336
106    337
107    338
108    338
109    339
110    339
111    340
112    340
113    341
114    341
115    342
116    342
117    343
118    343
119    344
120    344
121    345
122    345
123    346
124    346
125    347
126    347
127    348
128    348
129    349
130    349
131    350
132    350
133    351
134    351
135    352
136    352
137    353
138    353
139    354
140    354
141    354
142    355
143    355
144    356
145    356
146    357
147    357
148    358
149    358
150    358
151    359
152    359
153    360
154    360
155    361
156    361
157    361
158    362
159    362
160    363
161    363
162    363
163    364
164    364
165    365
166    365
167    365
168    366
169    366
170    367
171    367
172    367
173    368
174    368
175    369
176    369
177    369
178    370
179    370
180    370
181    371
182    371
183    372
184    372
185    372
186    373
187    373
188    373
189    374
190    374
191    374
192    375
193    375
194    375
195    376
196    376
197    376
198    377
199    377
200    377
201    378
202    378
203    378
204    379
205    379
206    379
207    380
208    380
209    380
210    381
211    381
212    381
213    382
214    382
215    382
216    383
217    383
218    383
219    383
220    384
221    384
222    384
223    385
224    385
225    385
226    386
227    386
228    386
229    386
230    387
231    387
232    387
233    388
234    388
235    388
236    388
237    389
238    389
239    389
240    389
241    390
242    390
243    390
244    391
245    391
246    391
247    391
248    392
249    392
250    392
251    392
252    393
253    393
254    393
255    393
256    394
257    394
258    394
259    394
260    395
261    395
262    395
263    395
264    396
265    396
266    396
267    396
268    397
269    397
270    397
271    397
272    398
273    398
274    398
275    398
276    398
277    399
278    399
279    399
280    399
281    400
282    400
283    400
284    400
285    401
286    401
287    401
288    401
289    401
290    402
291    402
292    402
293    402
294    402
295    403
296    403
297    403
298    403
299    404
300    404
301    404
302    404
303    404
304    405
305    405
306    405
307    405
308    405
309    406
310    406
311    406
312    406
313    406
314    407
315    407
316    407
317    407
318    407
319    407
320    408
321    408
322    408
323    408
324    408
325    409
326    409
327    409
328    409
329    409
330    409
331    410
332    410
333    410
334    410
335    410
336    411
337    411
338    411
339    411
340    411
341    411
342    412
343    412
344    412
345    412
346    412
347    412
348    413
349    413
350    413
351    413
352    413
353    413
354    414
355    414
356    414
357    414
358    414
359    414
360    415
361    415
362    415
363    415
364    415
365    415
366    415
367    416
368    416
369    416
370    416
371    416
372    416
373    417
374    417
375    417
376    417
377    417
378    417
379    417
380    418
381    418
382    418
383    418
384    418
385    418
386    418
387    419
388    419
389    419
390    419
391    419
392    419
393    419
394    420
395    420
396    420
397    420
398    420
399    420
400    420
401    420
402    421
403    421
404    421
405    421
406    421
407    421
408    421
409    421
410    422
411    422
412    422
413    422
414    422
415    422
416    422
417    422
418    423
419    423
420    423
421    423
422    423
423    423
424    423
425    423
426    424
427    424
428    424
429    424
430    424
431    424
432    424
433    424
434    425
435    425
436    425
437    425
438    425
439    425
440    425
441    425
442    425
443    426
444    426
445    426
446    426
447    426
448    426
449    426
450    426
451    426
452    427
453    427
454    427
455    427
456    427
457    427
458    427
459    427
460    427
461    427
462    428
463    428
464    428
465    428
466    428
467    428
468    428
469    428
470    428
471    428
472    429
473    429
474    429
475    429
476    429
477    429
478    429
479    429
480    429
481    429
482    430
483    430
484    430
485    430
486    430
487    430
488    430
489    430
490    430
491    430
492    430
493    431
494    431
495    431
496    431
497    431
498    431
499    431
500    431
501    431
502    431
503    431
504    432
505    432
506    432
507    432
508    432
509    432
510    432
511    432
512    432
513    432
514    432
515    432
516    433
517    433
518    433
519    433
520    433
521    433
522    433
523    433
524    433
525    433
526    433
527    433
528    433
529    434
530    434
531    434
532    434
533    434
534    434
535    434
536    434
537    434
538    434
539    434
540    434
541    434
542    435
543    435
544    435
545    435
546    435
547    435
548    435
549    435
550    435
551    435
552    435
553    435
554    435
555    436
556    436
557    436
558    436
559    436
560    436
561    436
562    436
563    436
564    436
565    436
566    436
567    436
568    436
569    436
570    437
571    437
572    437
573    437
574    437
575    437
576    437
577    437
578    437
579    437
580    437
581    437
582    437
583    437
584    437
585    438
586    438
587    438
588    438
589    438
590    438
591    438
592    438
593    438
594    438
595    438
596    438
597    438
598    438
599    438
600    438
601    438
602    439
603    439
604    439
605    439
606    439
607    439
608    439
609    439
610    439
611    439
612    439
613    439
614    439
615    439
616    439
617    439
618    439
619    440
620    440
621    440
622    440
623    440
624    440
625    440
626    440
627    440
628    440
629    440
630    440
631    440
632    440
633    440
634    440
635    440
636    440
637    440
638    441
639    441
640    441
641    441
642    441
643    441
644    441
645    441
646    441
647    441
648    441
649    441
650    441
651    441
652    441
653    441
654    441
655    441
656    441
657    441
658    442
659    442
660    442
661    442
662    442
663    442
664    442
665    442
666    442
667    442
668    442
669    442
670    442
671    442
672    442
673    442
674    442
675    442
676    442
677    442
678    442
679    442
680    443
681    443
682    443
683    443
684    443
685    443
686    443
687    443
688    443
689    443
690    443
691    443
692    443
693    443
694    443
695    443
696    443
697    443
698    443
699    443
700    443
701    443
702    443
703    443
704    444
705    444
706    444
707    444
708    444
709    444
710    444
711    444
712    444
713    444
714    444
715    444
716    444
717    444
718    444
719    444
720    444
721    444
722    444
723    444
724    444
725    444
726    444
727    444
728    444
729    444
730    445
731    445
732    445
733    445
734    445
735    445
736    445
737    445
738    445
739    445
740    445
741    445
742    445
743    445
744    445
745    445
746    445
747    445
748    445
749    445
750    445
751    445
752    445
753    445
754    445
755    445
756    445
757    445
758    445
759    446
760    446
761    446
762    446
763    446
764    446
765    446
766    446
767    446
768    446
769    446
770    446
771    446
772    446
773    446
774    446
775    446
776    446
777    446
778    446
779    446
780    446
781    446
782    446
783    446
784    446
785    446
786    446
787    446
788    446
789    446
790    446
791    447
792    447
793    447
794    447
795    447
796    447
797    447
798    447
799    447
800    447
801    447
802    447
803    447
804    447
805    447
806    447
807    447
808    447
809    447
810    447
811    447
812    447
813    447
814    447
815    447
816    447
817    447
818    447
819    447
820    447
821    447
822    447
823    447
824    447
825    447
826    447
827    447
828    448
829    448
830    448
831    448
832    448
833    448
834    448
835    448
836    448
837    448
838    448
839    448
840    448
841    448
842    448
843    448
844    448
845    448
846    448
847    448
848    448
849    448
850    448
851    448
852    448
853    448
854    448
855    448
856    448
857    448
858    448
859    448
860    448
861    448
862    448
863    448
864    448
865    448
866    448
867    448
868    448
869    448
870    448
871    449
872    449
873    449
874    449
875    449
876    449
877    449
878    449
879    449
880    449
881    449
882    449
883    449
884    449
885    449
886    449
887    449
888    449
889    449
890    449
891    449
892    449
893    449
894    449
895    449
896    449
897    449
898    449
899    449
900    449
901    449
902    449
903    449
904    449
905    449
906    449
907    449
908    449
909    449
910    449
911    449
912    449
913    449
914    449
915    449
916    449
917    449
918    449
919    449
920    449
921    449
922    450
923    450
924    450
925    450
926    450
927    450
928    450
929    450
930    450
931    450
932    450
933    450
934    450
935    450
936    450
937    450
938    450
939    450
940    450
941    450
942    450
943    450
944    450
945    450
946    450
947    450
948    450
949    450
950    450
951    450
952    450
953    450
954    450
955    450
956    450
957    450
958    450
959    450
960    450
961    450
962    450
963    450
964    450
965    450
966    450
967    450
968    450
969    450
970    450
971    450
972    450
973    450
974    450
975    450
976    450
977    450
978    450
979    450
980    450
981    450
982    450
983    450
984    450
985    451
986    451
987    451
988    451
989    451
990    451
991    451
992    451
993    451
994    451
995    451
996    451
997    451
998    451
999    451
1000    451
1001    451
1002    451
1003    451
1004    451
1005    451
1006    451
1007    451
1008    451
1009    451
1010    451
1011    451
1012    451
1013    451
1014    451
1015    451
1016    451
1017    451
1018    451
1019    451
1020    451
1021    451
1022    451
1023    451
1024    451
1025    451
1026    451
1027    451
1028    451
1029    451
1030    451
1031    451
1032    451
1033    451
1034    451
1035    451
1036    451
1037    451
1038    451
1039    451
1040    451
1041    451
1042    451
1043    451
1044    451
1045    451
1046    451
1047    451
1048    451
1049    451
1050    451
1051    451
1052    451
1053    451
1054    451
1055    451
1056    451
1057    451
1058    451
1059    451
1060    451
1061    451
1062    451
1063    451
1064    451
1065    451
1066    451
1067    451
1068    452
1069    452
1070    452
1071    452
1072    452
1073    452
1074    452
1075    452
1076    452
1077    452
1078    452
1079    452
1080    452
1081    452
1082    452
1083    452
1084    452
1085    452
1086    452
1087    452
1088    452
1089    452
1090    452
1091    452
1092    452
1093    452
1094    452
1095    452
1096    452
1097    452
1098    452
1099    452
1100    452
1101    452
1102    452
1103    452
1104    452
1105    452
1106    452
1107    452
1108    452
1109    452
1110    452
1111    452
1112    452
1113    452
1114    452
1115    452
1116    452
1117    452
1118    452
1119    452
1120    452
1121    452
1122    452
1123    452
1124    452
1125    452
1126    452
1127    452
1128    452
1129    452
1130    452
1131    452
1132    452
1133    452
1134    452
1135    452
1136    452
1137    452
1138    452
1139    452
1140    452
1141    452
1142    452
1143    452
1144    452
1145    452
1146    452
1147    452
1148    452
1149    452
1150    452
1151    452
1152    452
1153    452
1154    452
1155    452
1156    452
1157    452
1158    452
1159    452
1160    452
1161    452
1162    452
1163    452
1164    452
1165    452
1166    452
1167    452
1168    452
1169    452
1170    452
1171    452
1172    452
1173    452
1174    452
1175    452
1176    452
1177    452
1178    452
1179    452
1180    452
1181    452
1182    452
1183    452
1184    452
1185    452
1186    452
1187    452
1188    452
1189    452
1190    452
1191    452
1192    452
1193    453
1194    453
1195    453
1196    453
1197    453
1198    453
1199    453
1200    453
1201    453
1202    453
1203    453
1204    453
1205    453
1206    453
1207    453
1208    453
1209    453
1210    453
1211    453
1212    453
1213    453
1214    453
1215    453
1216    453
1217    453
1218    453
1219    453
1220    453
1221    453
1222    453
1223    453
1224    453
1225    453
1226    453
1227    453
1228    453
1229    453
1230    453
1231    453
1232    453
1233    453
1234    453
1235    453
1236    453
1237    453
1238    453
1239    453
1240    453
1241    453
1242    453
1243    453
1244    453
1245    453
1246    453
1247    453
1248    453
1249    453
1250    453
1251    453
1252    453
1253    453
1254    453
1255    453
1256    453
1257    453
1258    453
1259    453
1260    453
1261    453
1262    453
1263    453
1264    453
1265    453
1266    453
1267    453
1268    453
1269    453
1270    453
1271    453
1272    453
1273    453
1274    453
1275    453
1276    453
1277    453
1278    453
1279    453
1280    453
1281    453
1282    453
1283    453
1284    453
1285    453
1286    453
1287    453
1288    453
1289    453
1290    453
1291    453
1292    453
1293    453
1294    453
1295    453
1296    453
1297    453
1298    453
1299    453
1300    453
1301    453
1302    453
1303    453
1304    453
1305    453
1306    453
1307    453
1308    453
1309    453
1310    453
1311    453
1312    453
1313    453
1314    453
1315    453
1316    453
1317    453
1318    453
1319    453
1320    453
1321    453
1322    453
1323    453
1324    453
1325    453
1326    453
1327    453
1328    453
1329    453
1330    453
1331    453
1332    453
1333    453
1334    453
1335    453
1336    453
1337    453
1338    453
1339    453
1340    453
1341    453
1342    453
1343    453
1344    453
1345    453
1346    453
1347    453
1348    453
1349    453
1350    453
1351    453
1352    453
1353    453
1354    453
1355    453
1356    453
1357    453
1358    453
1359    453
1360    453
1361    453
1362    453
1363    453
1364    453
1365    453
1366    453
1367    453
1368    453
1369    453
1370    453
1371    453
1372    453
1373    453
1374    453
1375    453
1376    453
1377    453
1378    453
1379    453
1380    453
1381    453
1382    453
1383    453
1384    453
1385    453
1386    453
1387    453
1388    453
1389    453
1390    453
1391    453
1392    453
1393    453
1394    453
1395    453
1396    453
1397    453
1398    453
1399    453
1400    453
1401    453
1402    453
1403    453
1404    453
1405    453
1406    453
1407    453
1408    453
1409    453
1410    453
1411    453
1412    453
1413    453
1414    453
1415    453
1416    453
1417    453
1418    453
1419    453
1420    453
1421    453
1422    453
1423    453
1424    453
1425    453
1426    453
1427    453
1428    453
1429    453
1430    453
1431    453
1432    453
1433    453
1434    453
1435    453
1436    453
1437    453
1438    453
1439    453
1440    453
1441    453
1442    453
1443    453
1444    453
1445    453
1446    453
1447    453
1448    453
1449    453
1450    453
1451    453
1452    453
1453    453
1454    453
1455    453
1456    453