Step    Position
0    2039
1    1840
2    1840
3    2041
4    1841
5    1841
6    1841
7    1842
8    1842
9    1842
10    1842
11    1843
12    1843
13    1843
14    1843
15    1843
16    1844
17    1844
18    1844
19    1844
20    1844
21    1845
22    1845
23    1845
24    1845
25    1845
26    1845
27    1846
28    1846
29    1846
30    1846
31    1846
32    1846
33    1846
34    1847
35    1847
36    1847
37    1847
38    1847
39    1847
40    1847
41    1848
42    1848
43    1848
44    1848
45    1848
46    1848
47    1848
48    1848
49    1848
50    1849
51    1849
52    1849
53    1849
54    1849
55    1849
56    1849
57    1849
58    1849
59    1849
60    1849
61    1849
62    1850
63    1850
64    1850
65    1850
66    1850
67    1850
68    1850
69    1850
70    1850
71    1850
72    1850
73    1850
74    1850
75    1850
76    1851
77    1851
78    1851
79    1851
80    1851
81    1851
82    1851
83    1851
84    1851
85    1851
86    1851
87    1851
88    1851
89    1851
90    1851
91    1851
92    1851
93    1851
94    1851
95    1851
96    1851
97    1851
98    1852
99    1852
100    1852
101    1852
102    1852
103    1852
104    1852
105    1852
106    1852
107    1852
108    1852
109    1852
110    1852
111    1852
112    1852
113    1852
114    1852
115    1852
116    1852
117    1852
118    1852
119    1852
120    1852
121    1852
122    1852
123    1852
124    1852
125    1852
126    1852
127    1852
128    1852
129    1852
130    1852
131    1852
132    1852
133    1852
134    1852
135    1852
136    1852
137    1852
138    1852
139    1852
140    1853
141    1853
142    1853
143    1853
144    1853
145    1853
146    1853
147    1853
148    1853
149    1853
150    1853
151    1853
152    1853
153    1853
154    1853
155    1853
156    1853
157    1853
158    1853
159    1853
160    1853
161    1853
162    1853
163    1853
164    1853
165    1853
166    1853
167    1853
168    1853
169    1853
170    1853
171    1853
172    1853
173    1853
174    1853
175    1853
176    1853
177    1853
178    1853
179    1853
180    1853
181    1853
182    1853
183    1853
184    1853
185    1853
186    1853
187    1853
188    1853
189    1853
190    1853
191    1853
192    1853
193    1853
194    1853
195    1853
196    1853
197    1853
198    1853
199    1853
200    1853
201    1853
202    1853
203    1853
204    1853
205    1853
206    1853
207    1853
208    1853
209    1853
210    1853
211    1853
212    1853
213    1853
214    1853
215    1853
216    1853
217    1853
218    1853
219    1853
220    1853
221    1853
222    1853
223    1853
224    1853
225    1853
226    1853
227    1853
228    1853
229    1853
230    1853
231    1853
232    1853
233    1853
234    1853
235    1853
236    1853
237    1853
238    1853
239    1853
240    1853
241    1853
242    1853
243    1853
244    1853
245    1853
246    1853
247    1853
248    1853
249    1853
250    1853
251    1853
252    1853
253    1853
254    1853
255    1853
256    1853
257    1853
258    1853
259    1853
260    1853
261    1853
262    1853
263    1853
264    1853
265    1853
266    1853
267    1853
268    1853
269    1853
270    1853
271    1853
272    1853
273    1853
274    1853
275    1853
276    1853
277    1853
278    1853
279    1853
280    1853
281    1853
282    1853
283    1853
284    1853
285    1853
286    1853
287    1853
288    1853
289    1853
290    1853
291    1853
292    1853
293    1853
294    1853
295    1853
296    1853
297    1853
298    1853
299    1853
300    1853
301    1853
302    1853
303    1853
304    1853
305    1853
306    1853
307    1853
308    1853
309    1853
310    1853
311    1853
312    1853
313    1853
314    1853
315    1853
316    1853
317    1853
318    1853
319    1853
320    1853
321    1853
322    1853
323    1853
324    1853
325    1853
326    1853
327    1853
328    1853
329    1853
330    1853
331    1853
332    1853
333    1853
334    1853
335    1853
336    1853
337    1853
338    1853
339    1853
340    1853
341    1853
342    1853
343    1853
344    1853
345    1853
346    1853
347    1853
348    1853
349    1853
350    1853
351    1853
352    1853
353    1853
354    1853
355    1853
356    1853
357    1853
358    1853
359    1853
360    1853
361    1853
362    1853
363    1853
364    1853
365    1853
366    1853
367    1853
368    1853
369    1853
370    1853
371    1853
372    1853
373    1853
374    1853
375    1853
376    1853
377    1853
378    1853
379    1853
380    1853
381    1853
382    1853
383    1853
384    1853
385    1853
386    1853
387    1853
388    1853
389    1853
390    1853
391    1853
392    1853
393    1853
394    1853
395    1853
396    1853
397    1853
398    1853
399    1853
400    1853
401    1853
402    1853
403    1853
404    1853
405    1853
406    1853
407    1853
408    1853
409    1853
410    1853
411    1853
412    1853
413    1853
414    1853
415    1853
416    1853
417    1853
418    1853
419    1853
420    1853
421    1853
422    1853
423    1853
424    1853
425    1853
426    1853
427    1853
428    1853
429    1853
430    1853
431    1853
432    1853
433    1853
434    1853
435    1853
436    1853
437    1853
438    1853
439    1853
440    1853
441    1853
442    1853
443    1853
444    1853
445    1853
446    1853
447    1853
448    1853
449    1853
450    1853
451    1853
452    1853
453    1853
454    1853
455    1853
456    1853
457    1853
458    1853
459    1853
460    1853
461    1853
462    1853
463    1853
464    1853
465    1853
466    1853
467    1853
468    1853
469    1853
470    1853
471    1853
472    1853
473    1853
474    1853
475    1853
476    1853
477    1853
478    1853
479    1853
480    1853
481    1853
482    1853
483    1853
484    1853
485    1853
486    1853
487    1853
488    1853
489    1853
490    1853
491    1853
492    1853
493    1853
494    1853
495    1853
496    1853
497    1853
498    1853
499    1853