Step    Position
0    2039
1    2040
2    2040
3    2040
4    2040
5    1840
6    1840
7    1840
8    1840
9    2040
10    1840
11    1840
12    1840
13    1840
14    1841
15    1841
16    1841
17    1841
18    1841
19    1841
20    1841
21    1841
22    1841
23    1841
24    1841
25    1841
26    1841
27    1841
28    1842
29    1842
30    1842
31    1842
32    1842
33    1842
34    1842
35    1842
36    1842
37    1842
38    1842
39    1842
40    1842
41    1842
42    1842
43    1842
44    1843
45    1843
46    1843
47    1843
48    1843
49    1843
50    1843
51    1843
52    1843
53    1843
54    1843
55    1843
56    1843
57    1843
58    1843
59    1844
60    1844
61    1844
62    1844
63    1844
64    1844
65    1844
66    1844
67    1844
68    1844
69    1844
70    1844
71    1844
72    1844
73    1844
74    1844
75    1845
76    1845
77    1845
78    1845
79    1845
80    1845
81    1845
82    1845
83    1845
84    1845
85    1845
86    1845
87    1845
88    1845
89    1845
90    1845
91    1846
92    1846
93    1846
94    1846
95    1846
96    1846
97    1846
98    1846
99    1846
100    1846
101    1846
102    1846
103    1846
104    1846
105    1846
106    1846
107    1847
108    1847
109    1847
110    1847
111    1847
112    1847
113    1847
114    1847
115    1847
116    1847
117    1847
118    1847
119    1847
120    1847
121    1847
122    1847
123    1848
124    1848
125    1848
126    1848
127    1848
128    1848
129    1848
130    1848
131    1848
132    1848
133    1848
134    1848
135    1848
136    1848
137    1848
138    1848
139    1848
140    1849
141    1849
142    1849
143    1849
144    1849
145    1849
146    1849
147    1849
148    1849
149    1849
150    1849
151    1849
152    1849
153    1849
154    1849
155    1849
156    1850
157    1850
158    1850
159    1850
160    1850
161    1850
162    1850
163    1850
164    1850
165    1850
166    1850
167    1850
168    1850
169    1850
170    1850
171    1850
172    1850
173    1851
174    1851
175    1851
176    1851
177    1851
178    1851
179    1851
180    1851
181    1851
182    1851
183    1851
184    1851
185    1851
186    1851
187    1851
188    1851
189    1852
190    1852
191    1852
192    1852
193    1852
194    1852
195    1852
196    1852
197    1852
198    1852
199    1852
200    1852
201    1852
202    1852
203    1852
204    1852
205    1852
206    1853
207    1853
208    1853
209    1853
210    1853
211    1853
212    1853
213    1853
214    1853
215    1853
216    1853
217    1853
218    1853
219    1853
220    1853
221    1853
222    1854
223    1854
224    1854
225    1854
226    1854
227    1854
228    1854
229    1854
230    1854
231    1854
232    1854
233    1854
234    1854
235    1854
236    1854
237    1854
238    1854
239    1855
240    1855
241    1855
242    1855
243    1855
244    1855
245    1855
246    1855
247    1855
248    1855
249    1855
250    1855
251    1855
252    1855
253    1855
254    1855
255    1856
256    1856
257    1856
258    1856
259    1856
260    1856
261    1856
262    1856
263    1856
264    1856
265    1856
266    1856
267    1856
268    1856
269    1856
270    1856
271    1856
272    1857
273    1857
274    1857
275    1857
276    1857
277    1857
278    1857
279    1857
280    1857
281    1857
282    1857
283    1857
284    1857
285    1857
286    1857
287    1857
288    1858
289    1858
290    1858
291    1858
292    1858
293    1858
294    1858
295    1858
296    1858
297    1858
298    1858
299    1858
300    1858
301    1858
302    1858
303    1858
304    1858
305    1859
306    1859
307    1859
308    1859
309    1859
310    1859
311    1859
312    1859
313    1859
314    1859
315    1859
316    1859
317    1859
318    1859
319    1859
320    1859
321    1859
322    1860
323    1860
324    1860
325    1860
326    1860
327    1860
328    1860
329    1860
330    1860
331    1860
332    1860
333    1860
334    1860
335    1860
336    1860
337    1860
338    1861
339    1861
340    1861
341    1861
342    1861
343    1861
344    1861
345    1861
346    1861
347    1861
348    1861
349    1861
350    1861
351    1861
352    1861
353    1861
354    1861
355    1862
356    1862
357    1862
358    1862
359    1862
360    1862
361    1862
362    1862
363    1862
364    1862
365    1862
366    1862
367    1862
368    1862
369    1862
370    1862
371    1863
372    1863
373    1863
374    1863
375    1863
376    1863
377    1863
378    1863
379    1863
380    1863
381    1863
382    1863
383    1863
384    1863
385    1863
386    1863
387    1863
388    1864
389    1864
390    1864
391    1864
392    1864
393    1864
394    1864
395    1864
396    1864
397    1864
398    1864
399    1864
400    1864
401    1864
402    1864
403    1864
404    1865
405    1865
406    1865
407    1865
408    1865
409    1865
410    1865
411    1865
412    1865
413    1865
414    1865
415    1865
416    1865
417    1865
418    1865
419    1865
420    1865
421    1866
422    1866
423    1866
424    1866
425    1866
426    1866
427    1866
428    1866
429    1866
430    1866
431    1866
432    1866
433    1866
434    1866
435    1866
436    1866
437    1866
438    1867
439    1867
440    1867
441    1867
442    1867
443    1867
444    1867
445    1867
446    1867
447    1867
448    1867
449    1867
450    1867
451    1867
452    1867
453    1867
454    1868
455    1868
456    1868
457    1868
458    1868
459    1868
460    1868
461    1868
462    1868
463    1868
464    1868
465    1868
466    1868
467    1868
468    1868
469    1868
470    1868
471    1869
472    1869
473    1869
474    1869
475    1869
476    1869
477    1869
478    1869
479    1869
480    1869
481    1869
482    1869
483    1869
484    1869
485    1869
486    1869
487    1870
488    1870
489    1870
490    1870
491    1870
492    1870
493    1870
494    1870
495    1870
496    1870
497    1870
498    1870
499    1870