-3.496547400132429383e-03 -1.740014291088962106e-01 9.847391922861432612e-01
-2.600800408283418692e-03 -1.382142711266600710e-01 9.903989353256417161e-01
-2.088684388492065627e-02 -9.509997114082699432e-02 9.952485796230017279e-01
-5.208373298455356432e-02 -5.354296715444916560e-02 9.972063153764743060e-01
-8.865924857422105565e-02 -2.074108305813146882e-02 9.958460448863823977e-01
-1.231769648665305972e-01 -3.124475950652845762e-03 9.923798027853374393e-01
-1.487428015947539761e-01 -6.619345691618716727e-03 9.888537623108590857e-01
-1.587737655848238949e-01 -3.498644749813174110e-02 9.866949071792734394e-01
-1.472028485250145846e-01 -8.528579221295493062e-02 9.854225768840011446e-01
-1.125604204606966280e-01 -1.422964916832816507e-01 9.834032032692857639e-01
-6.652821445884569973e-02 -1.821179489037351718e-01 9.810234703451323757e-01
-2.612843941867350195e-02 -1.919070178334914556e-01 9.810652379734001727e-01
2.708948066973547800e-02 -1.720300169918551059e-01 9.847191646813606702e-01
2.298559784715209844e-02 -1.341528110753197056e-01 9.906940423623415981e-01
-8.738894321669677745e-04 -8.743742276358489052e-02 9.961696308449078385e-01
-3.700263619167652729e-02 -4.082567708950593510e-02 9.984808806406874071e-01
-7.696041881231509285e-02 -1.452668471948913602e-03 9.970330905694676504e-01
-1.126363418638900854e-01 2.375956368933848303e-02 9.933521720038600566e-01
-1.368513494028699984e-01 2.712130394389020149e-02 9.902202497621419575e-01
-1.433650594420630420e-01 1.384575295510239194e-03 9.896689055853430395e-01
-1.266260471846761826e-01 -5.451487444480911798e-02 9.904513984232874435e-01
-8.504931706244743539e-02 -1.246899281646649121e-01 9.885438965880585238e-01
-3.398951172919981861e-02 -1.751988187376514461e-01 9.839461809496120592e-01
7.302004355867320814e-03 -1.896483392730255180e-01 9.818249274404033944e-01
6.836495167636472137e-02 -1.538280811675760973e-01 9.857297575028642900e-01
5.648934360716736242e-02 -1.185799478640477411e-01 9.913363455575282535e-01
2.729141384660067546e-02 -7.242113966023000504e-02 9.970006806720571602e-01
-1.137949854634088057e-02 -2.377590911982815913e-02 9.996525462171090837e-01
-5.076092383405745451e-02 2.047729687720512004e-02 9.985008807828249511e-01
-8.233515151554256228e-02 5.309739935276736739e-02 9.951892227144031322e-01
-9.882714195203577690e-02 6.497956380957167766e-02 9.929807915064027268e-01
-9.518243629539339945e-02 4.577873004940812007e-02 9.944066631393526645e-01
-6.910965743058933297e-02 -9.998531861891537045e-03 9.975589629743566444e-01
-2.282831716463513613e-02 -8.831581262108142982e-02 9.958309018987533401e-01
2.486923298115487763e-02 -1.468336947431391759e-01 9.888485158703578248e-01
5.781906111516721403e-02 -1.671839994258410012e-01 9.842288689668245993e-01
1.064563393495430582e-01 -1.226897661803091344e-01 9.867189412831405271e-01
8.708766532378857395e-02 -9.492967833766904895e-02 9.916673306704962831e-01
5.482212728056643641e-02 -5.384771848652339377e-02 9.970431071795414768e-01
1.697905877124289767e-02 -7.205445691171203162e-03 9.998298820877828952e-01
-1.801868557999813936e-02 3.825505108558681366e-02 9.991055389879515136e-01
-4.171115093994371553e-02 7.505852627951216383e-02 9.963063773358126207e-01
-4.700203009649335517e-02 9.348688753040658439e-02 9.945104378671256740e-01
-3.021252169239478994e-02 8.213618263492705740e-02 9.961630644804727597e-01
6.520874887339937927e-03 3.393389080381870732e-02 9.994028063026476616e-01
5.298041318507461239e-02 -3.968849633462128573e-02 9.978065439139249815e-01
8.937817067028859530e-02 -1.003036973041669944e-01 9.909342616514573709e-01
1.078472475733650987e-01 -1.275746697792033979e-01 9.859481095989199861e-01
1.275196613924150790e-01 -8.947884114642612463e-02 9.877916141299341035e-01
1.046524518395767073e-01 -7.072337203853870657e-02 9.919909621420242019e-01
7.299215647388952732e-02 -3.716819065567549679e-02 9.966396895050371185e-01
3.905558975951273215e-02 4.258639248784662837e-03 9.992279644306804043e-01
1.042748233176388727e-02 4.689908769439562336e-02 9.988452048168424691e-01
-5.254922753321533170e-03 8.317464201338213570e-02 9.965211310919570575e-01
-2.017412298427708438e-03 1.035658794687454726e-01 9.946205500880458406e-01
2.185522665656243826e-02 9.763438053492751179e-02 9.949823499968898366e-01
6.099269561665641992e-02 5.972323447629278304e-02 9.963498513800832512e-01
1.020785964069797075e-01 -5.184285709466312586e-04 9.947762016591460421e-01
1.286864890858518962e-01 -5.541053110254491598e-02 9.901360818441308220e-01
1.366532733058735960e-01 -8.611050381448395741e-02 9.868692233662967883e-01
1.263283380828296443e-01 -6.559370358072698359e-02 9.898174665299387387e-01
1.047853180592998590e-01 -5.379182248563051799e-02 9.930390107910727071e-01
7.700930421276039328e-02 -2.735134158829189560e-02 9.966551415499349531e-01
4.867044514616370582e-02 7.704171238531542718e-03 9.987851788622094107e-01
2.627734643141534099e-02 4.496814595565162137e-02 9.986427624099908362e-01
1.616937897950200195e-02 7.716505467725791323e-02 9.968872080230892774e-01
2.276627529789247012e-02 9.581739719677424827e-02 9.951385446777870625e-01
4.622086638161751471e-02 9.263993233147518880e-02 9.946262988924775561e-01
8.040890935441634413e-02 6.410143056625049185e-02 9.946986548175290599e-01
1.134844701434318537e-01 1.775090807018930156e-02 9.933811857987471239e-01
1.334530522717156109e-01 -2.794806615609446432e-02 9.906609856240012890e-01
1.370772636984017578e-01 -5.758992545081532272e-02 9.888848387267231699e-01
1.063676269327742674e-01 -5.744068613645133409e-02 9.926663565956662660e-01
8.934523737974728319e-02 -4.879327228604125877e-02 9.948048276607690532e-01
6.706404886005386257e-02 -2.705674846519985979e-02 9.973817452274892359e-01
4.430211318233655271e-02 2.449512363463287722e-03 9.990151763895911419e-01
2.652762747902402338e-02 3.372249935341679883e-02 9.990791149942449545e-01
1.886672531689781787e-02 6.015305213925073446e-02 9.980108501384921116e-01
2.453884247659735007e-02 7.473824025044169261e-02 9.969012191055455219e-01
4.311721656215285886e-02 7.153384694853585912e-02 9.965058024801777270e-01
6.946706244386648132e-02 4.889139044475027812e-02 9.963854470915540773e-01
9.480919417486062539e-02 1.286296976865477538e-02 9.954123571207316168e-01
1.108256553862554949e-01 -2.380266093500237393e-02 9.935547833112424732e-01
1.143992293690511003e-01 -4.917977544090931796e-02 9.922167938547209465e-01
7.521990416252226364e-02 -6.545497752093154542e-02 9.950163877723224859e-01
6.384770231996014789e-02 -5.616911368948444838e-02 9.963776902238393740e-01
4.688787105749289696e-02 -3.601460877866206889e-02 9.982507077393911743e-01
2.828266753321467472e-02 -1.004586192347896312e-02 9.995494842054772899e-01
1.273270232626430229e-02 1.607978156641892697e-02 9.997896373319026253e-01
4.626785741333618203e-03 3.650231908733558850e-02 9.993228575164956329e-01
6.717738676919686978e-03 4.568891623344265712e-02 9.989331283527065342e-01
1.893176245795205603e-02 3.980196715231023447e-02 9.990282237159356926e-01
3.785891801613445323e-02 1.894037254314350632e-02 9.991035805233327016e-01
5.760782759368716227e-02 -1.118841336120296806e-02 9.982765937386135491e-01
7.224802215053253984e-02 -4.070021819515173833e-02 9.965559269475033899e-01
7.838096458007608180e-02 -6.036677813782440061e-02 9.950941043382774964e-01
4.085693403040406568e-02 -8.581512925876627618e-02 9.954729903578353190e-01
3.485761409176457715e-02 -7.297585702256223494e-02 9.967243706420071403e-01
2.181543223713934901e-02 -5.145010641669071211e-02 9.984372656637146015e-01
5.101136936801642374e-03 -2.655603387984164718e-02 9.996343108689724755e-01
-1.090846667154487040e-02 -3.865459677804782262e-03 9.999330295456529960e-01
-2.194698049555015434e-02 1.131714234500038642e-02 9.996950796799736194e-01
-2.497802443400654049e-02 1.463829327165118606e-02 9.995808214774171141e-01
-1.903588451861206940e-02 4.014475418003557970e-03 9.998107416345005660e-01
-5.617126956555670673e-03 -1.868404857366685184e-02 9.998096589919321930e-01
1.154885225153725811e-02 -4.699294912459946877e-02 9.988284571157414193e-01
2.760145878187266963e-02 -7.189398416234482614e-02 9.970302976912711612e-01
3.824924574239991354e-02 -8.587857065167099624e-02 9.955711256876749182e-01
1.027942369765625849e-02 -1.126808753262108082e-01 9.935780562110549941e-01
8.671721840788444366e-03 -9.442593205181849803e-02 9.954941208246911311e-01
-2.467360229156369267e-03 -6.911663346602948954e-02 9.976055348241744669e-01
-1.987001260949089118e-02 -4.280815183149361963e-02 9.988857015373200365e-01
-3.895684965547046436e-02 -2.132342962047128337e-02 9.990133508688163744e-01
-5.501621719954640638e-02 -9.772509883828640886e-03 9.984376364578546603e-01
-6.414820691389927498e-02 -1.182543756350957348e-02 9.978703155100679956e-01
-6.388540255609047314e-02 -2.832609681646966471e-02 9.975551551565848829e-01
-5.374725461962722578e-02 -5.571068677558121962e-02 9.969992738211080896e-01
-3.594835657324135098e-02 -8.588060817261408686e-02 9.956566862124553996e-01
-1.550000345642300013e-02 -1.091094168202894760e-01 9.939088917269832679e-01
1.513008648954639306e-03 -1.185552171840422719e-01 9.929463083587592998e-01
-1.046066219551759248e-02 -1.399033899873637354e-01 9.901099009789267047e-01
-9.062446196758036990e-03 -1.153434370829218014e-01 9.932843316950169532e-01
-2.050680625632532450e-02 -8.451606010862035279e-02 9.962110752651441858e-01
-4.103230715105959936e-02 -5.451836850463887690e-02 9.976693326275337670e-01
-6.535212926131978017e-02 -3.168294227501249755e-02 9.973591581620767643e-01
-8.791427769942739001e-02 -2.132507001054387979e-02 9.958997545765293502e-01
-1.036544378094373664e-01 -2.710885076323064219e-02 9.942438673347466782e-01
-1.083782749288391273e-01 -4.948618783601539672e-02 9.928772667036444011e-01
-9.952088413058049476e-02 -8.367537282678080834e-02 9.915109810810012192e-01
-7.810201077158043792e-02 -1.192949624681797771e-01 9.897821921226471753e-01
-5.039901174456188487e-02 -1.442733930435072531e-01 9.882535745824037043e-01
-2.538643991833066521e-02 -1.512018130249626058e-01 9.881768770853655015e-01
-1.619212211471863713e-02 -1.619362873386682167e-01 9.866683607091231156e-01
-1.369262799077834367e-02 -1.311393531969901327e-01 9.912693791204202354e-01
-2.760806432308196556e-02 -9.393912084584814248e-02 9.951950745251004760e-01
-5.309469933385495971e-02 -5.850096338059997125e-02 9.968744104380177218e-01
-8.379261232451504227e-02 -3.170794913524379449e-02 9.959786162772030771e-01
-1.131618179597574797e-01 -1.938438591955534210e-02 9.933874614361514199e-01
-1.350316300191437002e-01 -2.597737840803016063e-02 9.905006989929067140e-01
-1.436437571736904062e-01 -5.283030242032211304e-02 9.882183109876542249e-01
-1.343545380863548633e-01 -9.510751318569735102e-02 9.863586665261457886e-01
-1.069555132280172599e-01 -1.398256322390421802e-01 9.843827054347779049e-01
-6.999850533995904955e-02 -1.704275877593869615e-01 9.828807896081181994e-01
-3.636433668479702869e-02 -1.774642171584207562e-01 9.834551777512764437e-01
1.136657178793958334e-01 -1.915407189808097932e-01 9.748806375917766776e-01
8.850314020521259095e-02 -1.453107989002423717e-01 9.854196902319288798e-01
3.826412314811877824e-02 -1.068040474663663614e-01 9.935435331803718073e-01
-2.450492724725827562e-02 -8.055255128566719824e-02 9.964490930408637093e-01
-8.829986375932263876e-02 -6.893467391806146205e-02 9.937057636905819447e-01
-1.422784284523999077e-01 -7.431280929917294387e-02 9.870331580910628455e-01
-1.752419308885106441e-01 -9.955560867826396265e-02 9.794789157706161875e-01
-1.747552482057216638e-01 -1.456853589571885654e-01 9.737742959280002442e-01
-1.293077878408349091e-01 -2.047986751223335733e-01 9.702252308983636553e-01
-4.213452344870231847e-02 -2.521336091464208007e-01 9.667747023337650569e-01
4.650410238963054166e-02 -2.620426188254567079e-01 9.639351816278999285e-01
1.017834781426355251e-01 -2.359184761153425569e-01 9.664277501213563992e-01
1.527983461814135246e-01 -1.723123391156475837e-01 9.731192749055446178e-01
1.176060505182626309e-01 -1.263264597670312184e-01 9.849926103500524777e-01
5.654426184604174899e-02 -8.733469484850892028e-02 9.945729724499973168e-01
-1.671268047603891027e-02 -5.841485836237747531e-02 9.981524886678493358e-01
-9.029428909469801312e-02 -4.089705547268253361e-02 9.950750585812646598e-01
-1.528465650342237248e-01 -3.698786373050147458e-02 9.875575049048707088e-01
-1.919332970919459258e-01 -5.143054342823460967e-02 9.800594413963258367e-01
-1.924212196603043989e-01 -9.103570111902557771e-02 9.770806391215395292e-01
-1.368744503410071200e-01 -1.567446345706980937e-01 9.781086362859540140e-01
-2.176899444669079878e-02 -2.220755890697356238e-01 9.747864092302899186e-01
8.723957036490195827e-02 -2.413003262759979561e-01 9.665212930409980974e-01
1.468936570748609338e-01 -2.166946197410867525e-01 9.651247045259668811e-01
1.910027520929614697e-01 -1.243225986553399137e-01 9.736846718298882708e-01
1.461144971201095988e-01 -8.851918401558614424e-02 9.852994000772618000e-01
7.802726716288209408e-02 -5.487633258085988092e-02 9.954397689973671914e-01
-2.292697190343399524e-04 -2.551952180840388537e-02 9.996742976800307989e-01
-7.706161510579577489e-02 -1.061647118514946753e-03 9.970257671608756533e-01
-1.406130592275753044e-01 1.679787102333708468e-02 9.899221176959795976e-01
-1.771103982424697409e-01 2.257780994933211369e-02 9.839319840986334720e-01
-1.697969205864544584e-01 4.513067202053818068e-03 9.854687402367344751e-01
-1.001314873376974307e-01 -5.138456175713159574e-02 9.936464723716058600e-01
3.744141572513916966e-02 -1.306796947284559751e-01 9.907173955140805566e-01
1.483163388076625122e-01 -1.651472652893933302e-01 9.750531495308941698e-01
1.972502352442765117e-01 -1.552301580061212216e-01 9.679855075059170533e-01
2.115875538261481337e-01 -6.051064428137177542e-02 9.754840690623870492e-01
1.629466510182999150e-01 -4.255714258359823143e-02 9.857166319673307253e-01
9.509597005830550120e-02 -1.872173033219074953e-02 9.952920442221993014e-01
1.960044267563842285e-02 8.373349405045405619e-03 9.997728290300075260e-01
-5.232642129168851158e-02 3.786945787933993640e-02 9.979117444918373936e-01
-1.082553563946027642e-01 6.825161935385294643e-02 9.917774419028883015e-01
-1.331929340787786631e-01 9.434178361607387098e-02 9.865897172460506015e-01
-1.098482050933453219e-01 1.036664551917997196e-01 9.885275099387430542e-01
-2.486060426019121028e-02 7.695374336932217507e-02 9.967246719818508849e-01
1.073747678651000709e-01 9.925976219186824490e-03 9.941690672224668957e-01
1.970242983329651976e-01 -4.557898738341775724e-02 9.793385429847836221e-01
2.278804831060920466e-01 -6.566541016507873585e-02 9.714723564400506994e-01
2.068010146161520235e-01 -6.684803203836707508e-03 9.783601861072808159e-01
1.624489406500804756e-01 -4.399905585393967637e-03 9.867071412088049831e-01
1.020304983395103754e-01 9.793943803495555947e-03 9.947330576960334847e-01
3.586259004855657517e-02 3.295828326613343268e-02 9.988131087441687317e-01
-2.529381235494630037e-02 6.342534522899247185e-02 9.976660005428392708e-01
-6.924094441406443423e-02 9.884900167503446466e-02 9.926905693540581943e-01
-8.206238055753115046e-02 1.333235814639383010e-01 9.876692707191203624e-01
-5.049948064098298828e-02 1.544022879840945550e-01 9.867166441893491236e-01
2.910822468491120613e-02 1.447916608598280863e-01 9.890339155970088170e-01
1.329248742374622982e-01 9.895423363518324189e-02 9.861739387423563707e-01
2.024820852754153078e-01 4.458466862999103941e-02 9.782705211063235096e-01
2.241207629904306553e-01 8.001325155493061239e-03 9.745285333905573388e-01
1.820432355476988562e-01 1.958295410389952751e-02 9.830955031429224888e-01
1.468675839062345001e-01 1.419840913015244996e-02 9.890542543135600884e-01
9.770529663285137945e-02 2.247879266669481138e-02 9.949614961847124128e-01
4.374329380601168354e-02 4.172270888482493972e-02 9.981711976461233871e-01
-5.049671621266110105e-03 6.958307499337097746e-02 9.975633796862124480e-01
-3.778216150421408875e-02 1.028166749069251151e-01 9.939825147522297621e-01
-4.345542210711066111e-02 1.351984185684398931e-01 9.898651493542270918e-01
-1.413138782344182560e-02 1.561019283310089711e-01 9.876398593867750098e-01
4.806917376828574728e-02 1.531918270788966696e-01 9.870266554908421197e-01
1.226586132562247633e-01 1.227263555292556069e-01 9.848315116062059671e-01
1.756816695135967887e-01 7.886054164046052417e-02 9.812833260425297688e-01
1.943520251362630680e-01 4.132629597163475083e-02 9.800609305480262323e-01
1.485391294952441432e-01 1.498666483724251167e-02 9.887929646219624225e-01
1.230021493765171142e-01 9.892092453795860163e-03 9.923571019323901288e-01
8.490603689879731852e-02 1.683995016518435167e-02 9.962466466576468394e-01
4.223344250964519014e-02 3.335137276412453861e-02 9.985509612776442001e-01
3.908795874366978625e-03 5.674412715523669687e-02 9.983811022591340123e-01
-2.084858204943372192e-02 8.346881582079622441e-02 9.962922730865821919e-01
-2.392716744563056636e-02 1.079374058304566342e-01 9.938697133329923439e-01
-1.078997721632529716e-03 1.222921418710036928e-01 9.924935605839166897e-01
4.396614716122394101e-02 1.189842496506811204e-01 9.919222379999537154e-01
9.673663067492377365e-02 9.659089898513559258e-02 9.906120444043132744e-01
1.372689606971229104e-01 6.371776352137693833e-02 9.884823109398404029e-01
1.547800409072567218e-01 3.364030236845586691e-02 9.873760524710331055e-01
1.160058334330617003e-01 -1.439650667040444018e-02 9.931441925547604965e-01
9.789007168327458486e-02 -1.375946838667187894e-02 9.951021107884209238e-01
6.793156012060913573e-02 -4.436594428635212695e-03 9.976801189606814280e-01
3.308702451551177870e-02 1.088112094764537470e-02 9.993932409295316344e-01
1.384761036358371587e-03 2.936548913182706819e-02 9.995677818361805578e-01
-1.923920297174315855e-02 4.770394734928128100e-02 9.986762170374785530e-01
-2.250527864686108562e-02 6.159730278046129243e-02 9.978473253575403934e-01
-5.866951340001165700e-03 6.619299023456547137e-02 9.977895905078556504e-01
2.727087882932533944e-02 5.819358269679181933e-02 9.979327663228602097e-01
6.688962443374012190e-02 3.889498973500000317e-02 9.970019849110777210e-01
9.993978828490078514e-02 1.510531295019991276e-02 9.948788208813358347e-01
1.173003929286626779e-01 -4.475676254870289417e-03 9.930863940971028647e-01
9.048962152475288623e-02 -5.879194455564380056e-02 9.941605180511098316e-01
7.675794438639713113e-02 -4.939496489290981507e-02 9.958254643344264245e-01
5.078147869386809982e-02 -3.525306067473276544e-02 9.980874025528615467e-01
1.907304416153621229e-02 -1.972188445923602970e-02 9.996235622772104978e-01
-1.069138788261804821e-02 -5.765504389169551908e-03 9.999262238706879691e-01
-3.107170658753200324e-02 3.778893478910003850e-03 9.995100144640328699e-01
-3.636009682855025071e-02 6.118370869447067872e-03 9.993200232641111791e-01
-2.418305401034950841e-02 -6.515677559381444694e-04 9.997073348526602787e-01
3.008979304770293371e-03 -1.584458072340134277e-02 9.998699391947206694e-01
3.754394079490316893e-02 -3.507440299804945316e-02 9.986792471879700761e-01
6.883364221847132480e-02 -5.166503385951363991e-02 9.962894428705061367e-01
8.795049028471954577e-02 -6.013498802169169738e-02 9.943080480788232256e-01
7.540270066660684223e-02 -1.079128203223492649e-01 9.912967547320149508e-01
6.309821772359106018e-02 -8.831301916935732632e-02 9.940922620990695346e-01
3.667976490334937806e-02 -6.791998356063284892e-02 9.970162840594585241e-01
3.078334008581088809e-03 -5.098088772035147542e-02 9.986948848106571575e-01
-2.964873850340080108e-02 -4.063312767366170780e-02 9.987341494314705415e-01
-5.371146220432506529e-02 -3.928167069329211586e-02 9.977835582807574877e-01
-6.283732545478373788e-02 -4.841503728740029905e-02 9.968487621972195178e-01
-5.359999010502385780e-02 -6.732838662535178820e-02 9.962900829653862367e-01
-2.706744188888035585e-02 -9.148007908628393026e-02 9.954389728757766509e-01
9.830634757036013291e-03 -1.128443063399676705e-01 9.935640498462663395e-01
4.562913351769436188e-02 -1.238316801455507793e-01 9.912535988165415146e-01
6.947434640868489775e-02 -1.214406958802485004e-01 9.901643664438750658e-01
7.313443874369897346e-02 -1.521344360349371205e-01 9.856502763363792496e-01
5.949068744936493458e-02 -1.219792150940954834e-01 9.907481663832963248e-01
2.840286122476103417e-02 -9.469417978798265467e-02 9.951011455066079980e-01
-1.184209512833387171e-02 -7.529849268175213550e-02 9.970907189332572917e-01
-5.215276268631589829e-02 -6.703677014773036513e-02 9.963865518925627551e-01
-8.376052766256604498e-02 -7.210665658039652759e-02 9.938736358725289710e-01
-9.896130384707743644e-02 -9.135094316503028500e-02 9.908893306135511114e-01
-9.210795659613327246e-02 -1.223710830954807260e-01 9.882011143252920071e-01
-6.194204862203422229e-02 -1.571615810089630194e-01 9.856284391530288902e-01
-1.543650049182020666e-02 -1.831049162293202359e-01 9.829721787035726743e-01
3.169052526652613860e-02 -1.903250215840522619e-01 9.812095070714287326e-01
6.388307347435578931e-02 -1.778323628349797458e-01 9.819850322952936583e-01
8.571579672951751272e-02 -1.826786842957744406e-01 9.794290686389555134e-01
6.788114382696723570e-02 -1.429030831483114050e-01 9.874061267479912196e-01
2.844844747574570148e-02 -1.090491564079038717e-01 9.936291900517506548e-01
-2.220517832163508912e-02 -8.635653919951725987e-02 9.960168061800694916e-01
-7.365624822216502998e-02 -7.788632146444103566e-02 9.942376365973102370e-01
-1.159633869521347616e-01 -8.588458723304337461e-02 9.895333903220963068e-01
-1.395835921003120983e-01 -1.116386666933134042e-01 9.838969605173529809e-01
-1.356299043705475049e-01 -1.529774365401184999e-01 9.788781502056675965e-01
-9.872762589667409550e-02 -1.999462781343353535e-01 9.748201586677844865e-01
-3.532496002216375247e-02 -2.340470034590387549e-01 9.715833198297170181e-01
3.008358680252978812e-02 -2.403655777178616004e-01 9.702161443995189760e-01
7.377864976817635756e-02 -2.193975172817122787e-01 9.728419400133720973e-01
2.647241643601721539e-01 -1.413073161911264641e-01 9.539147546791875154e-01
1.936919174189876136e-01 -9.748534864427936542e-02 9.762069698205485535e-01
1.043319244653823363e-01 -8.256717029825409726e-02 9.911092330950825868e-01
1.164834768493242141e-02 -9.211922086228777062e-02 9.956798507271066301e-01
-7.303060652094052474e-02 -1.226620556799220552e-01 9.897578242214279953e-01
-1.381031906428324685e-01 -1.726128159381257188e-01 9.752601317126223801e-01
-1.681462905209118730e-01 -2.406883593049380099e-01 9.559267433643264811e-01
-1.414311446772806014e-01 -3.197246866618421168e-01 9.368955950660950993e-01
-3.621526316942073886e-02 -3.827520623800432786e-01 9.231410041035995606e-01
1.302414361908802720e-01 -3.779141689379240665e-01 9.166340868715868728e-01
2.558122111812419774e-01 -3.063104667015384419e-01 9.169154871631636228e-01
2.951889537536738772e-01 -2.150254100961566939e-01 9.309283294619400406e-01
3.133104960223111468e-01 -9.017258640332898034e-02 9.453599514172046359e-01
2.232016182651266056e-01 -5.627793012350763152e-02 9.731463570218322756e-01
1.165068080025088437e-01 -5.030651116286510155e-02 9.919150259088422850e-01
6.649004574442170072e-03 -6.475162031692020814e-02 9.978792604341261141e-01
-9.703249360957252878e-02 -9.517050158937563620e-02 9.907205816026690703e-01
-1.841413944677073866e-01 -1.401174368417252014e-01 9.728612700361759513e-01
-2.380104333142897266e-01 -2.007025815876418151e-01 9.502996934533982643e-01
-2.281154831302913688e-01 -2.780439884396693762e-01 9.330888847525898866e-01
-1.039230789727159793e-01 -3.565577267154938501e-01 9.284754068774870861e-01
1.542328082356314856e-01 -3.547045164416636198e-01 9.221696952728697383e-01
3.259719216054005053e-01 -2.627157681727035898e-01 9.081424621050969703e-01
3.623376044910150973e-01 -1.600530131933051714e-01 9.182017715836936489e-01
3.330583000353586343e-01 -9.786288854809971696e-04 9.429057275587519049e-01
2.351217951028914399e-01 6.471287828191632507e-03 9.719443728431605978e-01
1.222896014039735746e-01 -2.491112361024695569e-03 9.924913338400913609e-01
4.957646749855155847e-03 -2.092041352729234402e-02 9.997688523036374342e-01
-1.094649367345985197e-01 -4.424528978498636772e-02 9.930054289668059919e-01
-2.118289733874377245e-01 -6.932604960580832087e-02 9.748448004065273231e-01
-2.854400174602423901e-01 -9.488099621121706684e-02 9.536884150445882335e-01
-2.951629836740030099e-01 -1.254550807687797032e-01 9.471746595944877667e-01
-1.673858466893568819e-01 -1.731013803836449760e-01 9.705760611293470230e-01
1.933467263910947642e-01 -1.755063743245426633e-01 9.653054210794156376e-01
3.773813185557004513e-01 -1.008114951509026525e-01 9.205543888606521064e-01
3.956116101558725395e-01 -3.446856610714404967e-02 9.177708711112765316e-01
3.066953251389645807e-01 9.420758085679453719e-02 9.471340503049537896e-01
2.213786555792400801e-01 6.948941335984290535e-02 9.727089555899021134e-01
1.180157907486389518e-01 4.577452276393147862e-02 9.919561311871164522e-01
6.738601863755993258e-03 2.592466954394643391e-02 9.996411870036019387e-01
-1.047443185571419327e-01 1.385535454449307070e-02 9.944026633514329028e-01
-2.066312771031887374e-01 1.515603067946657764e-02 9.783014924126003375e-01
-2.808412981404390107e-01 3.724883298787837194e-02 9.590311202978686334e-01
-2.897309727808819457e-01 8.556836977186399462e-02 9.532754153475381242e-01
-1.619034656779579640e-01 1.478154803353547986e-01 9.756730249293016355e-01
1.571232136696321113e-01 1.781114445072896901e-01 9.713848923375536515e-01
3.286254551418145153e-01 1.461683166030296188e-01 9.330809897614847914e-01
3.552531150511143432e-01 1.187450594468880544e-01 9.271973010656373582e-01
2.504347590535378476e-01 1.519359171969831279e-01 9.561369716328975699e-01
1.887783189827087482e-01 1.095326160413685190e-01 9.758920802554034157e-01
1.051464817648152805e-01 7.872443845168426713e-02 9.913358059522169308e-01
1.052319238313859096e-02 6.063050395297363282e-02 9.981048063267090598e-01
-8.571531916948472996e-02 5.838811298065184341e-02 9.946073156387977843e-01
-1.718231057590147437e-01 7.725598006818674979e-02 9.820938518649852123e-01
-2.284789991096423667e-01 1.229745596369269250e-01 9.657507984195240480e-01
-2.229741036424735812e-01 1.951230850983305121e-01 9.550966080803193758e-01
-1.143472921779185025e-01 2.721343577463053443e-01 9.554410437623029884e-01
8.988827592903508856e-02 3.059608637176318147e-01 9.477911414038652227e-01
2.298192076418936747e-01 2.655099624897379051e-01 9.363159678321991697e-01
2.731350759797085970e-01 2.055996288122252380e-01 9.397478507034900952e-01
1.907681592745248400e-01 1.584136770045026232e-01 9.687686082573755408e-01
1.512835860129242427e-01 1.164149265654368243e-01 9.816113495043935488e-01
8.892195215035540723e-02 8.768998147583442759e-02 9.921710304048235729e-01
1.454402842441760574e-02 7.371251220396148052e-02 9.971734737655993941e-01
-6.145314816084110343e-02 7.698925696175984434e-02 9.951362544363377971e-01
-1.267957990812458857e-01 1.008112262967999356e-01 9.867927452043273595e-01
-1.648024540811937055e-01 1.467016630187899240e-01 9.753557162370911637e-01
-1.540969646885413658e-01 2.088884019081043986e-01 9.657224037071975298e-01
-7.826427975977719165e-02 2.675024520119607674e-01 9.603734381381234808e-01
4.527948975005220700e-02 2.916845030867958322e-01 9.554422632828124540e-01
1.471364349509481084e-01 2.637349959103869046e-01 9.533072544788973035e-01
1.941475619987569623e-01 2.109486873443789934e-01 9.580226382907773841e-01
1.457852878135186547e-01 1.238020117039211332e-01 9.815394601111293582e-01
1.207664381625536132e-01 9.329295087877692572e-02 9.882873533187992443e-01
7.500342967120569859e-02 7.266207774892929905e-02 9.945324067092183862e-01
1.821058157052455467e-02 6.365708661886096409e-02 9.978056674734122611e-01
-3.936552406448225877e-02 6.826571057324035130e-02 9.968902388302612882e-01
-8.643737994736437613e-02 8.815979380424104894e-02 9.923489457364262911e-01
-1.104002895279846130e-01 1.224511743144917064e-01 9.863151048124441100e-01
-9.913430987007386397e-02 1.645700712502687624e-01 9.813710206926210544e-01
-4.779702974240379598e-02 2.005741988426695266e-01 9.785118469934016572e-01
2.983103950513208216e-02 2.135936400472822627e-01 9.764670327324929122e-01
1.006341205947894890e-01 1.961248289464414540e-01 9.754013662297132958e-01
1.409520872229126920e-01 1.609503515894014081e-01 9.768456855771827652e-01
1.220204952955577377e-01 6.481141350130270595e-02 9.904092484461965995e-01
1.033032747404485224e-01 4.990755965617315465e-02 9.933970348844006759e-01
6.695733656576534354e-02 3.954462485087689716e-02 9.969718841198177417e-01
2.160531828743095240e-02 3.492865517492475813e-02 9.991562436723107066e-01
-2.311072505980148531e-02 3.760198310429919283e-02 9.990255178191466134e-01
-5.724037320068345314e-02 4.859891331011206850e-02 9.971768575839223825e-01
-7.146658863311697307e-02 6.684796507124103615e-02 9.952004201541599926e-01
-5.919071959834275309e-02 8.788970466757457800e-02 9.943700812710073444e-01
-2.044414053873991680e-02 1.042801325139822433e-01 9.943378153728765767e-01
3.408091772590839119e-02 1.088397261528284837e-01 9.934749141563020691e-01
8.514880847785219475e-02 9.971490298379381834e-02 9.913660366069225738e-01
1.165961857660971490e-01 8.270659286974968438e-02 9.897297353119530738e-01
1.191377715948663540e-01 -3.587338803019118460e-03 9.928712516634367047e-01
1.000719533912147741e-01 -2.451344107244002139e-03 9.949771831838502001e-01
6.564791988056138672e-02 -2.888539698730156497e-03 9.978386677984342201e-01
2.430951603513625825e-02 -4.668290715859279259e-03 9.996935802994201259e-01
-1.453030713903108277e-02 -6.547885370164287927e-03 9.998729896199912703e-01
-4.167292191133953327e-02 -7.329917871110308049e-03 9.991044189089537397e-01
-4.951224783037717209e-02 -6.819672289150962435e-03 9.987502337344614789e-01
-3.407434359437237770e-02 -5.891097338376467124e-03 9.994019382014321939e-01
2.291316358853897825e-03 -5.542063085702293203e-03 9.999820175413626222e-01
4.930654086530790459e-02 -5.881114220759560592e-03 9.987663778499049627e-01
9.174171883994812482e-02 -6.114836762838026483e-03 9.957640613095629645e-01
1.168454805865814933e-01 -5.262119662146806133e-03 9.931361657714231628e-01
1.345892886532085719e-01 -6.920198244543075694e-02 9.884820731836511110e-01
1.097460107624848025e-01 -5.289084917085415394e-02 9.925514451129122673e-01
7.010850697487178151e-02 -4.494603582663169589e-02 9.965262922337883023e-01
2.515580396850400705e-02 -4.588799951796886795e-02 9.986297997891628864e-01
-1.518359186223412066e-02 -5.450478712831853534e-02 9.983980602536656201e-01
-4.150443975686422815e-02 -6.904437636794318045e-02 9.967498460358221735e-01
-4.616082149097596593e-02 -8.745734943166752484e-02 9.950981813819602673e-01
-2.541048798357217753e-02 -1.063216551345516347e-01 9.940070486419426699e-01
1.738241912767642811e-02 -1.197825520936056792e-01 9.926479696847408940e-01
6.972332433246314354e-02 -1.216175414682911654e-01 9.901251595890550039e-01
1.140811415588749017e-01 -1.103620098911193836e-01 9.873225004594292642e-01
1.371223135501168644e-01 -9.046758573146201909e-02 9.864142573273243508e-01
1.660048427512168523e-01 -1.212482028746599272e-01 9.786425626769078567e-01
1.303806383655753409e-01 -9.129069063556635721e-02 9.872521962207096990e-01
7.887589887083397422e-02 -7.719342458645243876e-02 9.938912253249737594e-01
2.303244433501995189e-02 -7.934370936824430842e-02 9.965811970389698571e-01
-2.617611526185851037e-02 -9.618001605272692711e-02 9.950197060872255639e-01
-5.835223578316209303e-02 -1.254818935891965359e-01 9.903783675749541215e-01
-6.408703893489116343e-02 -1.637149070177874866e-01 9.844238318228138995e-01
-3.709758864323695754e-02 -2.032701681987121034e-01 9.784196480229309101e-01
2.040595241899054516e-02 -2.303693162864711985e-01 9.728892923758181155e-01
9.144300610358246928e-02 -2.308407315753528422e-01 9.686850537096307612e-01
1.490013519618658133e-01 -2.040370586701381606e-01 9.675574793275886210e-01
1.747150505905260276e-01 -1.624011831523106686e-01 9.711336194406489097e-01
2.111062410264456513e-01 -1.489580880934643359e-01 9.660463979494995357e-01
1.597605734898922825e-01 -1.085164603167819153e-01 9.811731432313642864e-01
9.075779121397538340e-02 -9.150276195529093159e-02 9.916603591393933215e-01
1.797597366352552198e-02 -9.667907980887913144e-02 9.951532645266852883e-01
-4.680643116711146606e-02 -1.216914963647758724e-01 9.914637349464169302e-01
-9.212214641550187100e-02 -1.643749942457035651e-01 9.820867433208096964e-01
-1.055252335225213139e-01 -2.212410757222058877e-01 9.694930693425923840e-01
-7.460135015165519912e-02 -2.824197996551702228e-01 9.563857460869522598e-01
5.034126503677246491e-03 -3.255299348339374399e-01 9.455183335596528682e-01
1.117505720924484025e-01 -3.229224962461680337e-01 9.398046983576635593e-01
1.959443608085116029e-01 -2.756735655086977599e-01 9.410684846210942700e-01
2.283892947425184838e-01 -2.092080853134015983e-01 9.508261182185123728e-01
4.043521795752919590e-01 4.342307926556369935e-03 9.145930566293062336e-01
2.770846197706737235e-01 1.234121637201151568e-02 9.607662607861727766e-01
1.550054852433659924e-01 -2.291606520215280773e-02 9.876477881816629889e-01
4.800677775566102035e-02 -8.867418133357747589e-02 9.949031303872228893e-01
-3.628660970167076755e-02 -1.790193764659774589e-01 9.831761514632706422e-01
-8.583576368530122791e-02 -2.912804337860623316e-01 9.527790565319886884e-01
-7.889495706887988957e-02 -4.192344168839506890e-01 9.044435247427156099e-01
1.748610595812554597e-02 -5.370587718168887692e-01 8.433635703022507313e-01
2.244675192830064003e-01 -5.716246536855942306e-01 7.892145386938347329e-01
4.632385185437878361e-01 -4.276251369972057237e-01 7.762388918016441819e-01
5.590306021881144005e-01 -2.197115953326346238e-01 7.995070985886058024e-01
5.147462748700792901e-01 -6.707142937923842030e-02 8.547149793167486687e-01
4.473598485673285774e-01 1.112299098744927439e-01 8.874103183077950430e-01
2.961354387033109936e-01 8.382845333532568111e-02 9.514602421306890268e-01
1.551395860781314417e-01 2.125061834564787033e-02 9.876639712227238688e-01
2.758960110141777528e-02 -6.368584536694048281e-02 9.975885559743694619e-01
-8.340489136355551392e-02 -1.679903915436454509e-01 9.822539653499023915e-01
-1.688662443907297528e-01 -2.931350025871643505e-01 9.410398831949553511e-01
-2.058528348679342368e-01 -4.401414568933184057e-01 8.740137918252040006e-01
-1.421114314816317448e-01 -5.965623709727556623e-01 7.898845982683880829e-01
1.200861247213835664e-01 -6.823217481966502573e-01 7.211215948695929301e-01
5.702985137548042260e-01 -4.162612075402823963e-01 7.081569122067202793e-01
6.887378091829782223e-01 -9.355085905087888454e-02 7.189495580168834277e-01
5.957495200478132302e-01 7.179227365915054337e-02 7.999552355011073645e-01
4.173031059397330766e-01 2.461330329023630747e-01 8.748009190023284809e-01
2.755420745435924190e-01 1.674321918719849644e-01 9.465954924259815106e-01
1.371355669295724056e-01 7.695192621677968137e-02 9.875587260181046823e-01
2.144239460026697332e-03 -1.960394611218801292e-02 9.998055248566829478e-01
-1.292895544639144079e-01 -1.224475687061464951e-01 9.840176848128808773e-01
-2.537340477830295482e-01 -2.329877540760622867e-01 9.387948335212741302e-01
-3.577774337821037487e-01 -3.503726622197309015e-01 8.655832169383607111e-01
-3.974272250102544590e-01 -4.687116956414715818e-01 7.888985658432661197e-01
-2.121943831410413595e-01 -5.647448742825992296e-01 7.975191350274360991e-01
6.123513726299910642e-01 -9.570914492428271581e-02 7.847710213916091471e-01
6.813735542513510435e-01 2.290683553780808179e-01 6.951674389176284441e-01
5.594762725976646367e-01 2.903361591820466936e-01 7.763318974972257536e-01
3.123979317876336981e-01 3.446870385647918256e-01 8.852109226959907762e-01
2.180783117930992221e-01 2.294117754548288257e-01 9.485842541430590247e-01
1.047590612019458634e-01 1.247974650053221835e-01 9.866362712896429299e-01
-2.051483024571662886e-02 3.002117721327254504e-02 9.993387166815506095e-01
-1.559020696035105513e-01 -5.509321665805590879e-02 9.862349021260635729e-01
-3.007141292710308611e-01 -1.259397511478749510e-01 9.453624656911014945e-01
-4.506187373789641293e-01 -1.648013947396110013e-01 8.773729274458356153e-01
-5.825221081637472764e-01 -1.208418963905390081e-01 8.037818295888816689e-01
-5.775831644435094336e-01 1.182501958989933682e-01 8.077218452668389892e-01
1.623070717475684835e-02 6.100198589047289843e-01 7.922198784973977226e-01
3.266015788308107015e-01 5.850923415651460013e-01 7.422926380795332735e-01
3.674140378533158335e-01 4.680663107208334894e-01 8.036920141176323584e-01
1.952397525302642101e-01 3.637886900740448515e-01 9.107904413234479968e-01
1.499772847901835460e-01 2.480768747896519577e-01 9.570604360444524561e-01
6.956183789943741480e-02 1.493781954474256435e-01 9.863302212914923928e-01
-3.367241460823498789e-02 6.849682298732426289e-02 9.970829221961140520e-01
-1.538203420922848452e-01 8.146578977014729342e-03 9.880652486600099982e-01
-2.861468823986672572e-01 -2.270707809321275555e-02 9.579166718968521455e-01
-4.190554779372573924e-01 -3.452321004418743532e-03 9.079540670598182928e-01
-5.158584970631592270e-01 1.022711711986118988e-01 8.505472465121470815e-01
-4.810701187621648778e-01 3.246162463940256981e-01 8.143683646920341079e-01
-2.001812946491207112e-01 5.853352111912273337e-01 7.856908678432913407e-01
6.107066436029510992e-02 5.977964201586640769e-01 7.993183433401703786e-01
1.799886539375902539e-01 4.905201402818762380e-01 8.526394762334067456e-01
1.116924762764977680e-01 3.164363808370641573e-01 9.420152905478539340e-01
9.635536659949264782e-02 2.249865324770257968e-01 9.695858412391410441e-01
4.338468972149950309e-02 1.461492091656323711e-01 9.883107696256346886e-01
-3.479850327411466299e-02 8.466805685328825104e-02 9.958013779456986736e-01
-1.294331224181875517e-01 4.587410112695169268e-02 9.905264426893732876e-01
-2.315941055167274332e-01 3.871750847468185402e-02 9.720417299825344637e-01
-3.257963990099655427e-01 7.633741843912369984e-02 9.423530680897563849e-01
-3.811505612677968946e-01 1.710747181770080894e-01 9.085470215932027749e-01
-3.497416035921327437e-01 3.152787330337019633e-01 8.822018653423303602e-01
-2.079092589051830808e-01 4.496567758416601945e-01 8.686670961888541820e-01
-3.980654974372282995e-02 4.724786107903774512e-01 8.804427300756607622e-01
7.158965245762419216e-02 4.092010065776977012e-01 9.096314956490836323e-01
7.446192241596658046e-02 2.349927617671615787e-01 9.691407658473347730e-01
6.948725062116296869e-02 1.745677716855962291e-01 9.821902132936626284e-01
3.310767160182504637e-02 1.196322444982092920e-01 9.922660974544220691e-01
-2.450834840864783010e-02 7.652016756421053945e-02 9.967667755368917470e-01
-9.387753271133938981e-02 5.156423741931075860e-02 9.942475236435802666e-01
-1.647972923839223225e-01 5.202557687063703168e-02 9.849544110131145391e-01
-2.234634853964960755e-01 8.442275282950018056e-02 9.710493651196004938e-01
-2.502910576763832107e-01 1.495602122992858718e-01 9.565490731500703170e-01
-2.245028123520972363e-01 2.339612241601505827e-01 9.459707357183223531e-01
-1.432216044150047274e-01 3.041980769476334556e-01 9.417808142079258094e-01
-4.088763136075845850e-02 3.219289144708157857e-01 9.458805292579736124e-01
3.827908733523577994e-02 2.905814759342736364e-01 9.560842626654995069e-01
7.802868605304347227e-02 1.447790375527391593e-01 9.863825598813709128e-01
7.032370236053039902e-02 1.124221566984726500e-01 9.911689238316381267e-01
3.967768756342181929e-02 7.850719111619021418e-02 9.961236379349012182e-01
-5.422217120973373689e-03 4.873779429900081811e-02 9.987968897470620444e-01
-5.578926425616751589e-02 2.934125255052955072e-02 9.980113470760297867e-01
-1.017767623275782629e-01 2.634145682934287483e-02 9.944584547894600446e-01
-1.329391105966293285e-01 4.347902027573834205e-02 9.901700700736454364e-01
-1.386322969116611237e-01 7.928748567859968122e-02 9.871649208049292357e-01
-1.118383318644672886e-01 1.244424559242088557e-01 9.859037796302806411e-01
-5.673519633634259429e-02 1.624601305208094593e-01 9.850826480493301007e-01
7.351195475002256750e-03 1.778876007128695480e-01 9.840233541119424165e-01
5.672319611779023246e-02 1.693403830677046307e-01 9.839239369406002078e-01
1.126074909029371462e-01 6.108923345244190312e-02 9.917598794812974017e-01
9.391812133428822928e-02 5.121800414378195609e-02 9.942615865739533598e-01
5.956594231571388232e-02 3.242606889247954399e-02 9.976975737027079516e-01
1.799736538624509621e-02 9.245353146019635177e-03 9.997952881887378629e-01
-2.170418674483485730e-02 -1.237662404852028428e-02 9.996878250008206512e-01
-5.058404613689671675e-02 -2.660891948744301128e-02 9.983652736750133760e-01
-6.075463719526533884e-02 -2.935038802480181841e-02 9.977211177388443097e-01
-4.729619173128608856e-02 -1.939334790536812250e-02 9.986926295436115986e-01
-1.142135740435317251e-02 9.371386043463820863e-04 9.999343350271904241e-01
3.700588047793473140e-02 2.570789312545843780e-02 9.989843187163013338e-01
8.196276702749319409e-02 4.715008364824159470e-02 9.955194495504168239e-01
1.092105855695520295e-01 5.973796638713919221e-02 9.922219627540583842e-01
1.698788082866514448e-01 -5.787800732283152581e-03 9.854479650685701309e-01
1.335577428596836647e-01 1.372296583143536777e-03 9.910400830058816446e-01
8.695067842158275828e-02 -9.071472614683193797e-03 9.961713145371327016e-01
3.995225791608571220e-02 -3.293076395629280367e-02 9.986587915162210560e-01
2.190497003633767783e-03 -6.414432615033761886e-02 9.979382281211400807e-01
-1.721234386580161937e-02 -9.629839455992691977e-02 9.952036748443999770e-01
-1.092670988668430210e-02 -1.230088815922641549e-01 9.923454146921226737e-01
2.335932934132100777e-02 -1.373089882849481136e-01 9.902527876602339463e-01
7.825225546638485408e-02 -1.323441446038728930e-01 9.881101213445204756e-01
1.355394228318637373e-01 -1.064386781092073464e-01 9.850380056935658102e-01
1.751172866198753564e-01 -6.804938446662228690e-02 9.821930651356644004e-01
1.862613388005154025e-01 -3.074991868848697685e-02 9.820189184373735447e-01
2.435316561452190443e-01 -4.581824194117099791e-02 9.688101058311716640e-01
1.825890152296487934e-01 -2.740745854453796593e-02 9.828072459712305919e-01
1.156403377204103661e-01 -3.687526545948655726e-02 9.926064311141485907e-01
5.461457749456846006e-02 -6.868428441590478106e-02 9.961424180303841691e-01
9.909554469032940197e-03 -1.162657206527724918e-01 9.931687081917494053e-01
-8.141360537660347063e-03 -1.727063628185915578e-01 9.849397090637485030e-01
1.009027186431065218e-02 -2.288583711993194825e-01 9.734074338866092191e-01
6.869058555558420209e-02 -2.695996856847058809e-01 9.605194495348450268e-01
1.561218123620556064e-01 -2.743748050603895261e-01 9.488648196939867274e-01
2.398112638854733303e-01 -2.326838163550183358e-01 9.425225723133288103e-01
2.858456699195834338e-01 -1.626125940897439059e-01 9.443777831099193776e-01
2.835899324011320055e-01 -9.342823151780885182e-02 9.543835265741502649e-01
3.264908979881864792e-01 -4.677931486230507696e-02 9.440420484447958893e-01
2.338933481476731524e-01 -2.585937014217360580e-02 9.719183065814369638e-01
1.400624531105854054e-01 -4.305341566973189954e-02 9.892062032902306790e-01
5.774721197070948470e-02 -8.950818033123111861e-02 9.943105878765444716e-01
-2.872785370904181595e-03 -1.583470046694974709e-01 9.873793461565163465e-01
-2.992064302318879834e-02 -2.435811730671961217e-01 9.694188812109529874e-01
-8.266648659206210156e-03 -3.351608555123991029e-01 9.421246538819317839e-01
7.560521769392120062e-02 -4.093909299860756246e-01 9.092210498567019350e-01
2.137931896832967749e-01 -4.234022703864431803e-01 8.803539001314653056e-01
3.502348380690999963e-01 -3.463531258667222890e-01 8.702729861400124722e-01
4.151244087545643002e-01 -2.231064782954772230e-01 8.819836872634161384e-01
3.973469627658203218e-01 -1.134498934159931804e-01 9.106286360886345355e-01
4.696661327103327510e-01 2.188232199148235080e-01 8.552953420959341635e-01
3.046610624016756197e-01 1.586734821254519590e-01 9.391508734631089927e-01
1.740073967645427433e-01 5.620665943754796917e-02 9.831389715121946482e-01
7.936464202765972087e-02 -7.297660252047830087e-02 9.941708450162773936e-01
2.475219238469514998e-02 -2.244266658051830843e-01 9.741765757026463746e-01
2.457993312700928676e-02 -3.949091023036144232e-01 9.183913260725291572e-01
1.089543647341792015e-01 -5.669977755436081956e-01 8.164817627687619428e-01
3.155240685041733051e-01 -6.780428597221654918e-01 6.638542329264590647e-01
6.242200614507444900e-01 -5.961261027151550929e-01 5.049583988251896693e-01
8.422738948219149480e-01 -2.671849429172901691e-01 4.681739979749166003e-01
8.178850143072672330e-01 4.695509254095626972e-02 5.734625730212624672e-01
6.567270167391997537e-01 2.007925652265510341e-01 7.269057512735942472e-01
4.703515021889109193e-01 3.857239340832261942e-01 7.937168960429088482e-01
2.968927560603606408e-01 2.576114264765096973e-01 9.195058696646052354e-01
1.568963384878241107e-01 1.068322457395100705e-01 9.818199479738252133e-01
4.569117627313425828e-02 -5.864712132926493821e-02 9.972325864965027042e-01
-3.623555420692847751e-02 -2.434719537996492544e-01 9.692308251001359176e-01
-7.587036901292806834e-02 -4.547060227450345216e-01 8.874041469281311878e-01
-3.544996850848090852e-02 -6.878036305947871076e-01 7.250306651951925474e-01
1.632078307219748114e-01 -8.821653582241969493e-01 4.417550053368587415e-01
5.985629337940863159e-01 -7.986924762044582682e-01 6.174741081374145180e-02
9.894916991695037467e-01 -1.413315468100371231e-01 -3.052165052823177863e-02
9.035726181024091863e-01 3.392142154884801863e-01 2.617064000479885633e-01
6.799895031215592578e-01 4.514922302658379016e-01 5.777274804387215745e-01
3.583306304839386502e-01 5.421046612992531655e-01 7.600800585823928035e-01
2.328419274748077805e-01 3.463249803082621980e-01 9.087593987543260976e-01
1.126643269032033823e-01 1.583636834272929006e-01 9.809320533119537666e-01
-1.820066647712812813e-03 -2.707291258791289651e-02 9.996318045967601540e-01
-1.110559099218933615e-01 -2.220117131501612995e-01 9.686988097936000131e-01
-2.101138305333737355e-01 -4.394813668021136377e-01 8.733317276111751681e-01
-2.779437239067062415e-01 -6.860977974894834075e-01 6.723221687709965977e-01
-2.541654557636673362e-01 -9.276762325900683726e-01 2.735264677941710576e-01
2.108378494346451956e-02 -8.904195171279980503e-01 -4.546521280385362185e-01
6.266126787197406900e-01 3.123989508905654633e-01 -7.139772029624975591e-01
6.025192757002150179e-01 7.980305428091631903e-01 -1.085242615188612876e-02
4.843028497153062939e-01 7.288315027919693989e-01 4.839993701397115045e-01
1.766855809685338174e-01 5.998665718843627648e-01 7.803475516803485279e-01
1.342070816045943249e-01 3.845041330087735076e-01 9.133154060598938084e-01
5.439036358613387467e-02 1.912318330842326664e-01 9.800367719449195603e-01
-4.828972048500214387e-02 1.260171537744575292e-02 9.987538734168092125e-01
-1.719748361583457730e-01 -1.614789445282609759e-01 9.717763149008890045e-01
-3.205831520547712810e-01 -3.372305469246305587e-01 8.851564838148878733e-01
-5.009106983388524892e-01 -5.049920186599483607e-01 7.029022217772605829e-01
-7.216105494588104241e-01 -5.933749033676316564e-01 3.566292738449852728e-01
-9.313426212702501372e-01 -3.083706502440841657e-01 -1.936710197047536997e-01
-5.785633107615766324e-01 7.193614496315975382e-01 -3.844263261335306159e-01
-6.586817236194862646e-02 9.883412059225659130e-01 1.372699695681011689e-01
1.404718044954401113e-01 8.283220515685912888e-01 5.423562030870778816e-01
2.512357758350475950e-02 5.451141885809986931e-01 8.379852786636887707e-01
4.358826655226066826e-02 3.626330242580649288e-01 9.309121079545505939e-01
2.520921604641800356e-03 1.959251974951664865e-01 9.806156035576535368e-01
-7.887401776411416543e-02 4.675916126973676812e-02 9.957873619197498138e-01
-1.955369046524369492e-01 -8.615415407559653960e-02 9.769046937416575593e-01
-3.502035962695108640e-01 -1.973622455423518496e-01 9.156449012550470501e-01
-5.461226338562810145e-01 -2.616592215269344934e-01 7.957917570443558963e-01
-7.683391351594405227e-01 -2.100290532175055069e-01 6.046013316119933645e-01
-9.204682710555304181e-01 7.903747290034544848e-02 3.827417404171536974e-01
-7.517570902931770549e-01 5.852498828681742538e-01 3.038813120228701092e-01
-3.653147178366898395e-01 7.979502897530169614e-01 4.793959657892211679e-01
-9.376273338100257759e-02 7.198351535205462781e-01 6.877833245906601611e-01
-4.968746166635672895e-02 4.294225402302505601e-01 9.017357917346875418e-01
-9.957904509751890065e-03 3.003208845509678371e-01 9.537862477726763988e-01
-2.709868597367728893e-02 1.755049012862086588e-01 9.841055283063028236e-01
-8.618316145308251019e-02 6.448084472953721780e-02 9.941904663317298052e-01
-1.801989328968982285e-01 -2.634736649851417839e-02 9.832772553361790457e-01
-3.061179409646178629e-01 -8.583102989976415520e-02 9.481164699159807530e-01
-4.562943077226264688e-01 -9.195021898405678074e-02 8.850653433327517750e-01
-6.022213204942488129e-01 -1.030802562332050303e-02 7.982626295586707776e-01
-6.747941624196381882e-01 1.831112749857047306e-01 7.149287372441426314e-01
-5.857023935435685669e-01 4.310630121340192078e-01 6.863944826171670677e-01
-3.682623219156677674e-01 5.611666834907613755e-01 7.412656848911889362e-01
-1.674600511204872577e-01 5.363256132440057389e-01 8.272315080176454449e-01
-5.286838366036705761e-02 3.035532984451443372e-01 9.513465872184744265e-01
-1.957525836061502905e-02 2.235452485172605142e-01 9.744969631176377822e-01
-2.859807143308735339e-02 1.394036583270319429e-01 9.898225953954413736e-01
-7.058299958298315524e-02 6.253395990890438239e-02 9.955438433479300020e-01
-1.382651520118036992e-01 2.764613690282055874e-03 9.903913896285052587e-01
-2.251583588429749150e-01 -2.838316402708783784e-02 9.739086761308402007e-01
-3.203445124303352931e-01 -1.712264497416193104e-02 9.471463500351228193e-01
-4.010302239789112488e-01 4.828574948324250438e-02 9.147913673905594401e-01
-4.305170389072508486e-01 1.637152697958282610e-01 8.876104943308191775e-01
-3.776599690638544060e-01 2.905156825648498309e-01 8.791891639178510687e-01
-2.587885271378611574e-01 3.636908065318656957e-01 8.948505436473737085e-01
-1.357753156396636074e-01 3.602231071259812678e-01 9.229324876476329154e-01
-5.773316340586200426e-03 1.945473056566510983e-01 9.808761464528409357e-01
7.968072705881342616e-03 1.509773902499858544e-01 9.885051023898030476e-01
-4.710674076511531250e-03 9.745304191441277186e-02 9.952289757494954259e-01
-3.734021944373341201e-02 4.399036070787664537e-02 9.983338901272733601e-01
-8.306739285249289950e-02 9.444751020997824717e-04 9.965434843555391886e-01
-1.348157293023265757e-01 -2.125187563044711112e-02 9.906427594823725702e-01
-1.835421605834022807e-01 -1.388628146987292214e-02 9.829137533249516778e-01
-2.162937125505745017e-01 2.639083444741154721e-02 9.759715947548155413e-01
-2.178570182178498071e-01 9.212780025285313701e-02 9.716227601460097896e-01
-1.801285302755718520e-01 1.618337320119405121e-01 9.702389168466795111e-01
-1.145729165661564519e-01 2.079269232050168226e-01 9.714110568631588727e-01
-4.900124587444577157e-02 2.172795853683655021e-01 9.748786897275351082e-01
7.349916406732273644e-02 1.130097026061929605e-01 9.908716768574553635e-01
6.152665602467630168e-02 9.346595595900153430e-02 9.937195709429776924e-01
3.663541134651491366e-02 5.791837216103901120e-02 9.976488905429912180e-01
5.252845553284773809e-03 1.486013040514543720e-02 9.998757843542247503e-01
-2.585501137225741999e-02 -2.555498988527783039e-02 9.993390119868906796e-01
-5.000765815498237066e-02 -5.329230761978771130e-02 9.973260069176829168e-01
-6.101877084460498313e-02 -6.046497107048320191e-02 9.963035164436950808e-01
-5.437971645511998492e-02 -4.345534016557753287e-02 9.975742979093766838e-01
-2.970480186590808772e-02 -5.239860648255317312e-03 9.995449807819781762e-01
6.840509176767770386e-03 4.320385413101846678e-02 9.990428591518942802e-01
4.338813708902580779e-02 8.608228067016396312e-02 9.953428105505216505e-01
6.769165768873623701e-02 1.109912329864241876e-01 9.915133814929097955e-01
1.730267615791863112e-01 6.474762474247489075e-02 9.827865917215550251e-01
1.298474919869285205e-01 5.848557494017716379e-02 9.898075905693392018e-01
8.524106247420672189e-02 2.801515273528733599e-02 9.959664213644080499e-01
4.719681438162558890e-02 -1.805165259857204399e-02 9.987224832508270200e-01
2.295102873857652118e-02 -6.936086393726786925e-02 9.973275895280073744e-01
1.939852791370416663e-02 -1.152271709515896442e-01 9.931497350295750426e-01
4.149107883100198318e-02 -1.451307562000945239e-01 9.885421356635314405e-01
8.792082598302998486e-02 -1.491454018794763636e-01 9.848987650803169291e-01
1.460563527939154893e-01 -1.213579849085181378e-01 9.818043498108408595e-01
1.940978612771701028e-01 -6.734191827239176253e-02 9.786680163830059342e-01
2.147928904272793094e-01 -5.851295114036279832e-03 9.766420923590096725e-01
2.050700487791073945e-01 4.238558273240902730e-02 9.778290942031636623e-01
2.835348569239068417e-01 5.802468976224919167e-02 9.572048476095158520e-01
2.021182316822657810e-01 5.352916324262804726e-02 9.778971567113727836e-01
1.306430490794982802e-01 1.455617529912375634e-02 9.913226071707988973e-01
7.841837641689403116e-02 -4.794411363261415898e-02 9.957670009636354624e-01
5.312481875475647680e-02 -1.232874954175724735e-01 9.909480042393435939e-01
6.333833646063298517e-02 -2.001244216763302108e-01 9.777210599056929130e-01
1.166110440330279802e-01 -2.631042895432806894e-01 9.576941042073120469e-01
2.105197442957507936e-01 -2.895945914707820368e-01 9.337110954960986531e-01
3.187084319014098499e-01 -2.569479342092198526e-01 9.123610549231720990e-01
3.937355466998880837e-01 -1.681774156308519785e-01 9.037082915059829746e-01
4.050307438240970392e-01 -6.247853100473924753e-02 9.121658455131914645e-01
3.594141031946702647e-01 1.934263600533994709e-02 9.329776872236132945e-01
3.916631530978419984e-01 1.056223630532898278e-01 9.140261981631004895e-01
2.660689860252206662e-01 8.611513925363262212e-02 9.600997226678723573e-01
1.631314131696564307e-01 2.330442149957579617e-02 9.863290759051098755e-01
9.065730093742527251e-02 -6.822468072963031038e-02 9.935424735390341322e-01
5.553699934163407875e-02 -1.789773379971678069e-01 9.822844568593799286e-01
6.943626035441456679e-02 -2.992485621588842903e-01 9.516453666118842580e-01
1.485922558933364113e-01 -4.094758763187618111e-01 9.001387938543016221e-01
3.004124761643430785e-01 -4.672742978720947904e-01 8.315089143917694381e-01
4.878748962694001712e-01 -4.144408752415655317e-01 7.682557168801644742e-01
6.133984352850304633e-01 -2.468211775524510043e-01 7.502144132856498615e-01
6.146595982427883742e-01 -6.149572407631812704e-02 7.863916671788215851e-01
5.213729581393138357e-01 6.180003672386998742e-02 8.510881235113278986e-01
4.339202113239381542e-01 4.276810503086013182e-01 7.929704719669505852e-01
2.663419276395186941e-01 2.984970650195108433e-01 9.164941242343048744e-01
1.574850477631844770e-01 1.343250006375736605e-01 9.783431166695727432e-01
1.023981722946668560e-01 -4.642702003042684100e-02 9.936594719126862207e-01
1.015095345321844061e-01 -2.406577420266295952e-01 9.652873487214524983e-01
1.684388284925501800e-01 -4.412018340133440630e-01 8.814586222388933745e-01
3.286710540030631789e-01 -6.106015886650041358e-01 7.205144260736855433e-01
5.898634788849643762e-01 -6.489884560973524508e-01 4.804945994807375831e-01
8.664422071136754777e-01 -4.328455472478802690e-01 2.488425887176297369e-01
9.810288064879442160e-01 -1.455159746408194246e-02 1.933151102529126752e-01
8.734286279544218878e-01 3.352571214124142607e-01 3.531644013939002624e-01
6.530496063369579662e-01 4.693079143204579307e-01 5.943705016396098051e-01
3.714316908183509236e-01 6.142481285046516026e-01 6.962310935920319466e-01
2.238039185109089724e-01 4.065913024027215106e-01 8.857738531192527187e-01
1.226683859546651018e-01 1.819137524809499307e-01 9.756330528152402648e-01
6.164554914780499828e-02 -4.850492397963657165e-02 9.969188024207145116e-01
4.036981392088513643e-02 -2.931223631316207112e-01 9.552222559991584427e-01
7.329076165854081504e-02 -5.556915383688185717e-01 8.281517846631850643e-01
1.957706434222496739e-01 -7.999041758258892409e-01 5.672981267995934607e-01
4.450440185113758162e-01 -8.846281183063321452e-01 1.391722453977260465e-01
7.593410839729411999e-01 -5.665494211638132382e-01 -3.200357348324385787e-01
8.958766781709059934e-01 1.270779097997790652e-01 -4.257419198884619393e-01
7.739953159234769231e-01 6.277446988469309597e-01 -8.287245620925340339e-02
5.649430198629505906e-01 7.395933018630762579e-01 3.658430430490428042e-01
1.879749036674701057e-01 7.423321357088791261e-01 6.431239661877684588e-01
1.216704156713705326e-01 4.785168069788725553e-01 8.696079434947192599e-01
5.778536397545559755e-02 2.168562626538906302e-01 9.744917716728042079e-01
3.343291146746563440e-04 -3.913677132436719358e-02 9.992338071514410558e-01
-4.966895245483547022e-02 -3.056964637957430009e-01 9.508326178591074429e-01
-8.522018840844540477e-02 -5.941667386784535987e-01 7.998146073533883849e-01
-8.334945588257848537e-02 -8.746946789028376967e-01 4.774537536800231297e-01
-4.694125300969969813e-03 -9.962068741753731249e-01 -8.688975217733577172e-02
1.554478896334743065e-01 -6.319708889266667518e-01 -7.592422203471893560e-01
2.597572846756005527e-01 3.082512319313019944e-01 -9.151542662692404573e-01
2.667304667846139288e-01 8.867018962585188069e-01 -3.776434896306945510e-01
2.420172058872826215e-01 9.425830185328786248e-01 2.301410985199357218e-01
-3.631036285765536220e-02 7.399801081393831970e-01 6.716479711181851942e-01
-1.980743096735157732e-03 4.792344716759496248e-01 8.776846801751655436e-01
-1.653619669394506761e-02 2.242654382842878547e-01 9.743877910719238589e-01
-6.244842924638231013e-02 -2.007660177843931942e-02 9.978462425372367495e-01
-1.366931586441672286e-01 -2.670642819157804659e-01 9.539348246629342221e-01
-2.431276316434027585e-01 -5.241765794746129359e-01 8.161665689439782101e-01
-3.841276006044705982e-01 -7.597912640375004134e-01 5.245600266376798659e-01
-5.479264930685716628e-01 -8.361713222701762094e-01 2.437371548376022698e-02
-6.816299554743601163e-01 -4.812114962356221493e-01 -5.511951557213964348e-01
-6.374922162124739833e-01 3.512492797223349950e-01 -6.857314472612526801e-01
-3.847798144841591550e-01 8.927026079407782699e-01 -2.345773819899329149e-01
-1.559051652024442125e-01 9.407669357562894463e-01 3.010832975289952640e-01
-1.920385364332817812e-01 6.195957322777188025e-01 7.610665733480831419e-01
-9.683895852194435161e-02 4.136315433187155444e-01 9.052796045886082332e-01
-7.489537104025473235e-02 2.034927772801123635e-01 9.762076485008732707e-01
-1.064748338056913102e-01 1.733856288408921944e-03 9.943138858069067165e-01
-1.875290832078699010e-01 -1.940144351429757552e-01 9.629077016554407065e-01
-3.251393815003304488e-01 -3.798314562452126952e-01 8.660325902898731165e-01
-5.272626637694209917e-01 -5.200748780489435896e-01 6.719495551134747613e-01
-7.757782277838568552e-01 -5.134045647268593582e-01 3.668567761594962451e-01
-9.740346601811165073e-01 -2.201967788864978293e-01 5.262945310227847701e-02
-9.493516506796388921e-01 3.131408299650238480e-01 -2.596659316702109102e-02
-6.869062933982775787e-01 6.981314589085518829e-01 2.019212969749600850e-01
-3.908059977130696749e-01 7.604260751512804672e-01 5.186741331332294092e-01
-2.374237144203453220e-01 4.535677801401029607e-01 8.590146964107177041e-01
-1.355696401763022974e-01 3.168946646601836781e-01 9.387218140495109386e-01
-1.006983260377429384e-01 1.660421011703438199e-01 9.809637443719264605e-01
-1.202030748007878319e-01 1.813786697030632389e-02 9.925836179336317011e-01
-1.901500975366110235e-01 -1.191626421107359751e-01 9.744963853868443548e-01
-3.136089816464459057e-01 -2.337399855098550028e-01 9.203341924564669707e-01
-4.901327462123514223e-01 -2.956079695151838660e-01 8.199913532772504787e-01
-6.920194563021814238e-01 -2.497890822569767966e-01 6.772846421442296760e-01
-8.381800740829453700e-01 -5.045643639254528828e-02 5.430546118364391051e-01
-8.256760707681916056e-01 2.485319375627429161e-01 5.064493085908317038e-01
-6.472351247982404132e-01 4.756504677653150548e-01 5.956872717643307835e-01
-4.171381574633468703e-01 5.312903507324920893e-01 7.373780040159918503e-01
-1.953049662780206031e-01 3.043047891952626594e-01 9.323382247982880955e-01
-1.196821382793089444e-01 2.240478457076115482e-01 9.672015036230193763e-01
-9.070532710884028627e-02 1.254918798560361315e-01 9.879394372755321285e-01
-1.029463636796158765e-01 2.481213699623610255e-02 9.943773951889507412e-01
-1.531638819914952487e-01 -6.564222043419855324e-02 9.860182169462218260e-01
-2.402554086632952279e-01 -1.316742602831800779e-01 9.617376085954515430e-01
-3.583186887843133328e-01 -1.533527503644155909e-01 9.209183738114351536e-01
-4.838279786507235225e-01 -1.073808603707620685e-01 8.685504233496093018e-01
-5.681601394512852954e-01 1.392357456777144203e-02 8.228002126944019556e-01
-5.606354484093634127e-01 1.740873632867169785e-01 8.095563500650783118e-01
-4.583364037732629570e-01 2.988291552446724064e-01 8.370357680242659359e-01
-3.167800100980507350e-01 3.398446161958068590e-01 8.855258675188293349e-01
-1.026845317021371218e-01 1.979527435206268060e-01 9.748182385869355038e-01
-6.430601937990064465e-02 1.541597062437874144e-01 9.859510742639848724e-01
-5.133900251176617274e-02 9.108546472017023388e-02 9.945188509715428005e-01
-6.141015365215563709e-02 2.183146626705497265e-02 9.978738297545778346e-01
-9.179604636793449457e-02 -4.043897530925992523e-02 9.949563684640434502e-01
-1.398317599774533404e-01 -8.231072842838171866e-02 9.867482064271645426e-01
-1.999288843517872394e-01 -9.103244112725182580e-02 9.755724144645638862e-01
-2.587521160261445075e-01 -5.790563439963671011e-02 9.642065546120081043e-01
-2.940977743388125676e-01 1.413788038980564633e-02 9.556707693902892764e-01
-2.857844630827603427e-01 1.035040479942883757e-01 9.526878569129052510e-01
-2.343438433021151623e-01 1.764094104587326517e-01 9.560139554462488976e-01
-1.641470115834029742e-01 2.088635316589982638e-01 9.640704246740344763e-01
1.547526973647910149e-02 1.386838760904302859e-01 9.902157838264875611e-01
1.431474127829392498e-02 1.138562963343474344e-01 9.933940970063943610e-01
6.133465596810604679e-03 6.774633348538088018e-02 9.976837248843513084e-01
-6.407083865131495137e-03 1.150681226794240605e-02 9.999132675126326530e-01
-2.059342750878509140e-02 -4.189997448474248182e-02 9.989095569077361958e-01
-3.377641429080164431e-02 -7.961610513010936030e-02 9.962531955489629665e-01
-4.317957145661097118e-02 -9.111290568957493285e-02 9.949039968889499264e-01
-4.592386577927738689e-02 -7.089705084625870513e-02 9.964259163295433597e-01
-3.990067230831956246e-02 -2.198937267503805332e-02 9.989616628473309001e-01
-2.559553898388838150e-02 4.179767252590938648e-02 9.987981893032888969e-01
-7.399592665770853353e-03 9.978727246558299901e-02 9.949812793627142993e-01
7.910853203425629449e-03 1.345748693097622017e-01 9.908718499139133051e-01
1.452938508354048308e-01 1.265157049187742300e-01 9.812662601548534091e-01
1.019576230836907460e-01 1.057277526329696571e-01 9.891543284130601688e-01
6.856308262890276062e-02 5.851218286327989487e-02 9.959294293055840352e-01
4.925073822568729054e-02 -3.356698343792931163e-03 9.987808054625685328e-01
4.704604162916124072e-02 -6.668146501297408935e-02 9.966645635271424997e-01
6.473838732693491804e-02 -1.178824059168135790e-01 9.909150718308896710e-01
1.029408069094224221e-01 -1.438060046396085478e-01 9.842372799799903316e-01
1.553909762293386732e-01 -1.336959873461253667e-01 9.787640305375063798e-01
2.053840194154946397e-01 -8.502135726792516002e-02 9.749814220676489285e-01
2.319273470072718835e-01 -1.080784314751069217e-02 9.726730674983639080e-01
2.248034903656120909e-01 6.310859855618505820e-02 9.723583164182324490e-01
1.907456597721238767e-01 1.126564381523951636e-01 9.751536392901797301e-01
2.751157413035343335e-01 1.660558447805413618e-01 9.469618710915662652e-01
1.848938633791493980e-01 1.330757034522303817e-01 9.737068945197882019e-01
1.225988480677828452e-01 6.607790139860231227e-02 9.902541256663125457e-01
9.263955867320058934e-02 -2.002281884951371410e-02 9.954983670976716992e-01
9.808612214458178880e-02 -1.119396685054483837e-01 9.888622873067386410e-01
1.434825687162987196e-01 -1.949696749562241649e-01 9.702574804257224628e-01
2.309062929444525847e-01 -2.489351607571355374e-01 9.405921377608054135e-01
3.477927040404269476e-01 -2.478647769766572639e-01 9.042141822326006384e-01
4.549966657316475427e-01 -1.752759383107222735e-01 8.730729520620690298e-01
5.020764183702421946e-01 -5.102418312722657723e-02 8.633167453795321800e-01
4.691672676028062483e-01 7.213857107542213931e-02 8.801579980738445386e-01
3.799003684479497767e-01 1.490042172201407888e-01 9.129476728179892753e-01
3.846213940359206052e-01 2.662752043251425116e-01 8.838347689536960594e-01
2.467707743364443707e-01 1.989772451646464047e-01 9.484261915616364336e-01
1.557392023848241103e-01 9.215767874485641942e-02 9.834898388335441277e-01
1.126979313980016745e-01 -3.557471403350998679e-02 9.929922537361683954e-01
1.198022458912906957e-01 -1.734176444804272910e-01 9.775345223889486679e-01
1.857100412622018915e-01 -3.077863820362350400e-01 9.331555730999269160e-01
3.208564776355676829e-01 -4.087236003975078802e-01 8.543981151883603964e-01
5.144323009577881356e-01 -4.206725021250154462e-01 7.472576889448310222e-01
7.000670625720926132e-01 -2.937361088303829249e-01 6.508649677704749781e-01
7.776979873929542597e-01 -6.342116240821944750e-02 6.254307288291568456e-01
7.114488336502310384e-01 1.504524161605079458e-01 6.864434627623642315e-01
5.549587431243342417e-01 2.619965611850823550e-01 7.895432827635294748e-01
3.053426331002451199e-01 5.820674009791062531e-01 7.536334766508351324e-01
1.659755946671894744e-01 3.987526968524061077e-01 9.019137368550049771e-01
1.062164699918411725e-01 1.950741607023407376e-01 9.750200681671722380e-01
1.123712500073461712e-01 -9.014461013832485159e-03 9.936254030893182376e-01
1.795074122396101424e-01 -2.126370444543715654e-01 9.605012109709976098e-01
3.148841833321592287e-01 -4.058328237057715615e-01 8.579904837993334032e-01
5.262600391466110139e-01 -5.380317187619154673e-01 6.584620268500511742e-01
7.818994079202491454e-01 -5.011124231686164832e-01 3.708364265279575078e-01
9.709956784590098033e-01 -2.123449821050834019e-01 1.098954093159562329e-01
9.725599123427963733e-01 2.278058995203657566e-01 4.724075621223872146e-02
7.870862883506042351e-01 5.735360942425972164e-01 2.270496053540879133e-01
5.273554748174149598e-01 6.773662334289025644e-01 5.129046587724062078e-01
1.889430649436330822e-01 7.488751608606224464e-01 6.352058813138716786e-01
9.240269786608683311e-02 4.949703861240318803e-01 8.639826724462377205e-01
5.839459846597330056e-02 2.298733664466756921e-01 9.714670896476201856e-01
7.347956562656805801e-02 -2.957952672765876145e-02 9.968579663291445847e-01
1.333101864332930930e-01 -2.940514537225541458e-01 9.464471124984995543e-01
2.458836137929374666e-01 -5.625926174536240998e-01 7.893229980526415002e-01
4.238674707128322616e-01 -7.739677085792666666e-01 4.704363435663507231e-01
6.465068927059662851e-01 -7.628051363490246928e-01 -1.253641269151114027e-02
8.047878350442361217e-01 -3.647940840763491122e-01 -4.682326524151620983e-01
7.687449848162213328e-01 2.881096598537178366e-01 -5.709850893139734040e-01
5.766048039527540414e-01 7.802233662614461718e-01 -2.424425680408910655e-01
3.569990206625978102e-01 9.012919392312430666e-01 2.454068856465136395e-01
-3.343514816692616520e-02 8.199276139573294930e-01 5.714899813096558923e-01
-3.163139844588095523e-02 5.333213467994166734e-01 8.453211198594382525e-01
-1.568846609666584013e-02 2.390887861044123375e-01 9.708709617609322384e-01
1.088583263212773190e-02 -4.736990120377991553e-02 9.988180971067106562e-01
4.574468827150886957e-02 -3.432637109215349591e-01 9.381244311173906336e-01
8.983200858090829855e-02 -6.545630801223296658e-01 7.506513067830580255e-01
1.464081094404481309e-01 -9.198711400689835171e-01 3.638705142743794974e-01
2.052536431251736349e-01 -9.490311914800512172e-01 -2.391876660318495718e-01
2.136145918849779723e-01 -5.159310529861834693e-01 -8.295685352629912357e-01
1.214820571850198233e-01 2.663946566364215340e-01 -9.561778060055644568e-01
2.756111854838410105e-02 8.539597245151218097e-01 -5.196086735712408533e-01
-1.803757360577052521e-02 9.953484759187706254e-01 9.463644871046335283e-02
-2.658165216835080003e-01 7.502491682872416412e-01 6.053658086515275594e-01
-1.589670871328853208e-01 4.903671998627354700e-01 8.568952529377558136e-01
-9.164380714386417826e-02 2.157057981838369498e-01 9.721483535150697852e-01
-5.601521743358638117e-02 -5.545579321540987372e-02 9.968886349110168688e-01
-5.257351615345550594e-02 -3.368491796940586980e-01 9.400897061125237375e-01
-9.027253782961616735e-02 -6.333264426910715228e-01 7.686016431819752137e-01
-1.819091251924877806e-01 -8.897747129624236084e-01 4.185809722674188049e-01
-3.318241492453835040e-01 -9.352374904899888319e-01 -1.233838334610506959e-01
-5.114361156380189399e-01 -5.619722645875052658e-01 -6.500925114593401055e-01
-6.271804697643684756e-01 1.494877300073951809e-01 -7.643939278430676998e-01
-5.733697033228559725e-01 7.249462910334134591e-01 -3.817067702154888220e-01
-4.171827825643011356e-01 8.926555555836185318e-01 1.706592658416054009e-01
-3.999699036899210802e-01 5.750085362493456698e-01 7.137151107988646270e-01
-2.384786466311839825e-01 3.854937818219840162e-01 8.913599044592120935e-01
-1.436839611973352304e-01 1.691163867742450089e-01 9.750664423612703802e-01
-1.054937505641365264e-01 -5.210457238788201301e-02 9.930539673795080180e-01
-1.241980888470644584e-01 -2.810872804244956558e-01 9.516116726429306727e-01
-2.129213039899019166e-01 -5.144736772351752307e-01 8.306511624859963527e-01
-3.886897912484094109e-01 -7.053856386345306317e-01 5.927489746827241390e-01
-6.414488106200250117e-01 -7.292821517060080749e-01 2.380986487933270668e-01
-8.868174286690199137e-01 -4.524985527634852178e-01 -9.380782459810850515e-02
-9.839715102381514367e-01 5.570614830505613707e-02 -1.694015704787900645e-01
-8.673753093515311763e-01 4.937465694906020830e-01 6.224466116557010598e-02
-6.289696811687378597e-01 6.549782511352069125e-01 4.188085848097851671e-01
-4.026547253588960706e-01 3.804111717337586573e-01 8.325602155798053072e-01
-2.496108307001535243e-01 2.663187591399475140e-01 9.310041631095521408e-01
-1.581336063502483402e-01 1.187088453997469095e-01 9.802560749959938757e-01
-1.239837801185118271e-01 -4.063092344031445091e-02 9.914520413655619757e-01
-1.486321230222684697e-01 -2.043056556221859443e-01 9.675575905787842101e-01
-2.423206889612999071e-01 -3.610099135570143947e-01 9.005290256370788171e-01
-4.142167243635048179e-01 -4.749558520047554855e-01 7.764286470140228102e-01
-6.432830902204951240e-01 -4.738704372008814003e-01 6.013598544826842529e-01
-8.465452527625926260e-01 -2.957143550778436603e-01 4.426219100157515185e-01
-9.153039714719244380e-01 1.001885172953872333e-02 4.026391218172172826e-01
-8.132408419798531352e-01 2.849913298452738664e-01 5.073650311648766342e-01
-6.088358378502857216e-01 4.084961389266768550e-01 6.800366365359706844e-01
-3.145016623696049174e-01 2.328853914992851382e-01 9.202462163969740150e-01
-2.048623055508354551e-01 1.726151508323391093e-01 9.634497628146220238e-01
-1.360451297229630374e-01 8.056816257558621630e-02 9.874211329811943827e-01
-1.094989864206651758e-01 -2.552074541837195260e-02 9.936592290751118384e-01
-1.277483506859526385e-01 -1.332010156181782923e-01 9.828213715295771591e-01
-1.964389504681074428e-01 -2.281584411343103025e-01 9.536013131692753220e-01
-3.171432556098684463e-01 -2.866458379991418393e-01 9.040211938771012257e-01
-4.701206011875437296e-01 -2.744913954256426036e-01 8.388331742225771936e-01
-6.008993459537250725e-01 -1.703141482986760269e-01 7.809693124071602766e-01
-6.454399231478989973e-01 -3.444783523820463007e-03 7.638032724944970875e-01
-5.833343019340035962e-01 1.517677274691651146e-01 7.979270950945287488e-01
-4.532852864204282017e-01 2.340806261380643793e-01 8.600806413247031879e-01
-1.862656134644657402e-01 1.520489660457735037e-01 9.706627803543182997e-01
-1.273075512938813825e-01 1.200268098351435636e-01 9.845741984758447085e-01
-8.700490833154517212e-02 6.149023699686091693e-02 9.943083509054463365e-01
-6.852197656635421186e-02 -1.009681505552558270e-02 9.975985129565778653e-01
-7.460685270248604284e-02 -8.129859759115923290e-02 9.938935333120710869e-01
-1.083303365012256714e-01 -1.381911249692476529e-01 9.844631791861372383e-01
-1.693711960163403196e-01 -1.658798149140272848e-01 9.714922979437745632e-01
-2.466122563007530355e-01 -1.505143724221246482e-01 9.573545940437409030e-01
-3.137055083354581275e-01 -8.814419989326997829e-02 9.454202526205702783e-01
-3.404279075204593719e-01 4.071786139060140121e-03 9.402618041475871991e-01
-3.157224046642532200e-01 9.175889183952797012e-02 9.444043990586996618e-01
-2.554773190613027212e-01 1.446824365167029003e-01 9.559279952009155368e-01
-4.692054207770661456e-02 1.329363203813917760e-01 9.900133319579863533e-01
-3.600977432318257926e-02 1.086327516106918439e-01 9.934295251454793307e-01
-2.368975277226624543e-02 6.153953048697563544e-02 9.978234722640277887e-01
-1.215512175555173192e-02 3.219792030516864609e-03 9.999209398519423031e-01
-3.913384630728694753e-03 -5.301964236882702325e-02 9.985858014932043059e-01
-1.521673193498133394e-03 -9.392349343633064895e-02 9.955782550314314916e-01
-6.737329853704510964e-03 -1.083147277518399787e-01 9.940938226035398451e-01
-1.917380499994673915e-02 -8.976291316361180439e-02 9.957785821266827986e-01
-3.518398962786874196e-02 -4.044801029942599047e-02 9.985619887301363518e-01
-4.884764175226946614e-02 2.594358646053267561e-02 9.984692475068155382e-01
-5.548688866348624321e-02 8.791255639248643505e-02 9.945816143559953471e-01
-5.422732150640539872e-02 1.264975628633832616e-01 9.904836011725948186e-01
9.026887341079914417e-02 1.684403257504896445e-01 9.815698585195760106e-01
5.451733585733704174e-02 1.346850149446977007e-01 9.893875918164619643e-01
4.027606955106789732e-02 7.830107962809747246e-02 9.961158462501130684e-01
4.643809961516444373e-02 1.205146810570190304e-02 9.988484694990663604e-01
7.057515822161457286e-02 -5.054118226567309857e-02 9.962252435755591939e-01
1.100670327070542298e-01 -9.562070486225671129e-02 9.893138678461582680e-01
1.601411789797353158e-01 -1.101645071456319180e-01 9.809274102400872275e-01
2.099078287087128847e-01 -8.532030683694519224e-02 9.739913493907843556e-01
2.414072520033519464e-01 -2.316137517537237775e-02 9.701474575445716564e-01
2.383906026492563779e-01 5.797239153388458049e-02 9.694375288734808915e-01
2.000685442875762554e-01 1.295326589184627730e-01 9.711816863286664159e-01
1.434086439811581848e-01 1.686387177138071458e-01 9.751896962741644082e-01
2.136061748683139305e-01 2.573236880738827281e-01 9.424207773676459565e-01
1.303195259979397225e-01 1.956729984132178912e-01 9.719716553663897418e-01
9.122535554960564674e-02 1.090846634917535668e-01 9.898375981421294600e-01
9.394792469235371812e-02 1.388820496291436231e-02 9.954802384823526751e-01
1.355297720471618228e-01 -7.666396973910191703e-02 9.878027721325197685e-01
2.145165683683769309e-01 -1.473518724532670576e-01 9.655413339572695985e-01
3.252141633616327243e-01 -1.773251463730813049e-01 9.288657278707095344e-01
4.453209384395475090e-01 -1.436300943297490751e-01 8.837757961101646575e-01
5.303835856242121727e-01 -4.044626836857739827e-02 8.467923898308687969e-01
5.366244088660868661e-01 9.973660193072676761e-02 8.379062322505954619e-01
4.579854061671074228e-01 2.183006463170446276e-01 8.617390530523024728e-01
3.331822308755603701e-01 2.719494276802305599e-01 9.027918419066200961e-01
2.996133612929038348e-01 4.002254020283050329e-01 8.660551144737175244e-01
1.742775096993494366e-01 2.881416003508552870e-01 9.415953312119955676e-01
1.164456897261382934e-01 1.503925620486521730e-01 9.817446096743442929e-01
1.186580109600120919e-01 6.805673101071679602e-03 9.929118587511442939e-01
1.768401319814999206e-01 -1.328470781836086634e-01 9.752329063043534418e-01
2.932841275671034809e-01 -2.536501875208020396e-01 9.217624438475937598e-01
4.665592105787270127e-01 -3.210826828237300923e-01 8.241531494903550081e-01
6.653324736746815127e-01 -2.802252497546398047e-01 6.919584589221178250e-01
8.108409076514917491e-01 -1.013527525010500946e-01 5.764240123722543796e-01
8.220473185852710252e-01 1.557183137149673602e-01 5.477134403869639012e-01
6.901768808650371456e-01 3.660247249208564702e-01 6.242449630281564632e-01
4.867676626376123972e-01 4.445504688206705635e-01 7.519522081101198685e-01
7.919586912881684815e-02 6.496319600553971396e-01 7.561126442452409391e-01
5.312104022470497469e-03 4.266771079267511202e-01 9.043884271274893472e-01
2.050782092064811976e-02 2.184149797874673504e-01 9.756404695816764949e-01
1.004713637066011744e-01 3.570922398453096891e-02 9.942989270824968973e-01
2.373411323313779631e-01 -1.277737177951162317e-01 9.629865336257454889e-01
4.335194327764686495e-01 -2.658362182097167015e-01 8.610412339099320356e-01
6.793668639599784731e-01 -3.306800491510259454e-01 6.550659274047552216e-01
9.081584404350149242e-01 -2.263660490351486476e-01 3.521457921243367206e-01
9.923780219588055340e-01 9.612206824226093849e-02 7.711296602989449467e-02
8.575383198677458685e-01 5.143121201891545091e-01 1.053911689303178856e-02
5.675396643386937390e-01 7.984337130401271132e-01 2.010033215727981548e-01
2.712277863028806912e-01 8.189788648716768149e-01 5.056768798657140795e-01
-7.807886090628705922e-02 7.704071420300714346e-01 6.327531327370700120e-01
-9.093764874441617740e-02 4.915521625009667273e-01 8.660870715935222730e-01
-3.210912176596089629e-02 2.322871459048271026e-01 9.721171154479387733e-01
7.465845637773781129e-02 5.194143337374411363e-05 9.972091617074972936e-01
2.245976638597486641e-01 -2.245347506653207204e-01 9.482299484472990203e-01
4.219892250513689325e-01 -4.456865137508611574e-01 7.894863047584439464e-01
6.552064526390100063e-01 -6.021375076519218661e-01 4.562180687992659633e-01
8.449286879324130473e-01 -5.325248479485547026e-01 -5.012782287492039551e-02
8.512344549909417468e-01 -1.196308283822248297e-01 -5.109680689992576186e-01
6.301953269409342751e-01 4.744996687664522206e-01 -6.145762070259075394e-01
3.081108804446414107e-01 9.064461063694218002e-01 -2.888306451874250724e-01
4.761959381020337834e-02 9.738914790547760214e-01 2.219634233603578199e-01
-3.071237611760083142e-01 7.648735017500322142e-01 5.662539374183132024e-01
-2.153736663640617721e-01 4.838659329261347231e-01 8.482263511530540034e-01
-9.941155582958764725e-02 2.114997285470612554e-01 9.723092138779924065e-01
2.715955681290519938e-02 -4.302720113665944868e-02 9.987046702785018493e-01
1.628995037817478619e-01 -3.057832795558865779e-01 9.380620116024972477e-01
3.053664848252079511e-01 -5.902349035874060457e-01 7.472443164940785199e-01
4.310268929506008706e-01 -8.344860493929732170e-01 3.432912042594634117e-01
4.658845655389132756e-01 -8.398665412088164306e-01 -2.785242620501465205e-01
3.220150185411191912e-01 -4.254110492868053428e-01 -8.457728814396392458e-01
3.371500403076036628e-02 2.535051509429598338e-01 -9.667463146806222207e-01
-2.240045670175010994e-01 7.950001617978083024e-01 -5.637345977467925762e-01
-3.329526549751391507e-01 9.408474305983518526e-01 6.283821990992156936e-02
-5.049480509314893117e-01 6.181004445601228081e-01 6.024776396639847098e-01
-3.176564743819372261e-01 3.960730919783717607e-01 8.615221820091937266e-01
-1.578351212520954783e-01 1.587498805075341912e-01 9.746212340895202830e-01
-2.744385511408523048e-02 -7.855451835983540132e-02 9.965319977109193816e-01
7.356420510539794788e-02 -3.371047437941199210e-01 9.385886742544524708e-01
1.326535025228038622e-01 -6.310983548729290904e-01 7.642760723358502650e-01
1.138568183888991336e-01 -9.090329806136479007e-01 4.008686381634644635e-01
-3.646933815548199231e-02 -9.865914410911389432e-01 -1.590827323758794154e-01
-3.204302821870970708e-01 -6.651257341790067779e-01 -6.744866136479894525e-01
-6.164452924193034589e-01 -4.673079932766729255e-02 -7.860098179083339076e-01
-7.532492656531820652e-01 5.030443640787291004e-01 -4.237474620119447422e-01
-6.843891552846479431e-01 7.149374473305544209e-01 1.430941317218862308e-01
-5.745072263724755324e-01 3.970368402704131938e-01 7.157535849116661852e-01
-3.547473183170466449e-01 2.642380027725413361e-01 8.968459277031072263e-01
-1.872472366779547592e-01 9.327936652156566810e-02 9.778739346857567849e-01
-7.090252164533138168e-02 -9.579155124648856823e-02 9.928730085635929514e-01
-7.496604848041241859e-03 -3.116711489271039581e-01 9.501604579449498544e-01
-1.497441012138497549e-02 -5.602566453153337012e-01 8.281837105506840713e-01
-1.296862009573548080e-01 -8.016570989127504987e-01 5.835472431980506247e-01
-3.787217000919831378e-01 -9.005527422741300692e-01 2.134821591186203960e-01
-7.031445347097734500e-01 -6.993819184441190107e-01 -1.282680609550334028e-01
-9.463916765101572093e-01 -2.492871772317136747e-01 -2.054232165557543788e-01
-9.811057015921923474e-01 1.909625086557534546e-01 3.106320317043686705e-02
-8.170608185079122343e-01 4.098952862414105280e-01 4.054595826667476977e-01
-5.091188124029291107e-01 2.025379366397453418e-01 8.365264007066012253e-01
-3.227452842838108849e-01 1.442676927018269606e-01 9.354262741205600085e-01
-1.820041046988098710e-01 3.967044878174040556e-02 9.824972067981740942e-01
-9.063221692284446906e-02 -9.229955969421206607e-02 9.915979994614438908e-01
-5.401400413145623913e-02 -2.488362497378570903e-01 9.670382661374290478e-01
-8.859643852958368204e-02 -4.257014333049282673e-01 9.005159414258104844e-01
-2.188321932423762661e-01 -5.923403473694430765e-01 7.754001444924930597e-01
-4.486915553026885051e-01 -6.673640182775577578e-01 5.943914159108423245e-01
-7.093835402329810025e-01 -5.597870478579516362e-01 4.282679697304405675e-01
-8.748908436407899503e-01 -2.915835367011331281e-01 3.867105543405573442e-01
-8.678179036956068515e-01 -5.807350643964655224e-03 4.968484282996395995e-01
-7.153010515886160103e-01 1.680371719703285249e-01 6.783125492222513708e-01
-3.747703433823342811e-01 9.001878356058341801e-02 9.227371285081141794e-01
-2.488768075722746498e-01 7.154901999293855619e-02 9.658887474190099853e-01
-1.491987278528118521e-01 1.291562847412600773e-02 9.887228763147943855e-01
-8.361265603785993095e-02 -7.176028986430586787e-02 9.939111552593117294e-01
-5.971666023080639957e-02 -1.739264320603435277e-01 9.829463447827020417e-01
-8.948667255205505766e-02 -2.838834323911333946e-01 9.546739402798328777e-01
-1.848944384740343616e-01 -3.802301433428225685e-01 9.062224256300812630e-01
-3.396930986235818239e-01 -4.219025867457636414e-01 8.405990756863290780e-01
-5.053294242246594292e-01 -3.680923094516761473e-01 7.804807651283313108e-01
-6.065704958840721917e-01 -2.279558198914433398e-01 7.616484607091127401e-01
-6.009726582624613789e-01 -6.703459092540273168e-02 7.964535313754564916e-01
-5.065470077417978390e-01 4.759443983952844903e-02 8.608977280979419611e-01
-2.294988900021746048e-01 5.949143533348775353e-02 9.714890779672689103e-01
-1.612528058985658042e-01 5.169952712018868052e-02 9.855580609407788018e-01
-1.001205692628379662e-01 1.506767432202047591e-02 9.948612148440887371e-01
-5.429136890662923653e-02 -4.029984726903410031e-02 9.977115663218089070e-01
-3.161765477500069754e-02 -1.043374246113216441e-01 9.940392475812984685e-01
-4.076362459210927658e-02 -1.663721287216354816e-01 9.852200980972413147e-01
-8.793140811876677676e-02 -2.129236748103332799e-01 9.731040931840414521e-01
-1.683208810354539231e-01 -2.267089835533810660e-01 9.593076241663310855e-01
-2.573836566373700063e-01 -1.941649711509117193e-01 9.466010866642614596e-01
-3.185138111953300655e-01 -1.211929795704075746e-01 9.401389332331090420e-01
-3.286351219677970947e-01 -3.588712034717408267e-02 9.437749049441778171e-01
-2.920279409101649848e-01 3.012100559254247620e-02 9.559353569932695915e-01
-9.796650687792432532e-02 9.321163445653289636e-02 9.908148942825192318e-01
-7.703221837810333983e-02 7.632380243983738488e-02 9.941029697736907256e-01
-4.583633500231098362e-02 4.067663603863892058e-02 9.981204544914260568e-01
-1.118091942353184945e-02 -4.775189859653292124e-03 9.999260895699507712e-01
1.945085753128169073e-02 -4.977957338708770968e-02 9.985708078121952047e-01
3.848483334491381580e-02 -8.406307912447026631e-02 9.957169860610806111e-01
3.957336399776549551e-02 -9.861562521401132098e-02 9.943384269581176937e-01
2.007978206573595575e-02 -8.748194224979453926e-02 9.959637102487172156e-01
-1.576992830395040901e-02 -5.094123746953276716e-02 9.985771375744428857e-01
-5.647750514315279941e-02 1.257013862554594774e-03 9.984030805886813242e-01
-8.847656981264107046e-02 5.199362514156431053e-02 9.947203423771107111e-01
-1.028982153396878901e-01 8.528500566418523166e-02 9.910289728806003229e-01
1.252939259663907352e-02 1.777579656561951715e-01 9.839944715123867258e-01
-6.808293941119726404e-03 1.356063939107718663e-01 9.907393971494973250e-01
3.058304806765162025e-03 8.201231144452643396e-02 9.966266239385798142e-01
3.555118815706275609e-02 2.748717942661008107e-02 9.989897737153171642e-01
8.304543250225472628e-02 -1.761491140230779517e-02 9.963900697200799295e-01
1.378211815029325438e-01 -4.274137377921164577e-02 9.895344849456330083e-01
1.904315533547240868e-01 -3.851506398381261687e-02 9.809446535524947164e-01
2.272971410707439743e-01 -7.403889193827578857e-04 9.738251698766582365e-01
2.324206946309269883e-01 6.345346410620526789e-02 9.705432904307619291e-01
1.973184183223437860e-01 1.332362051570918915e-01 9.712433039285929270e-01
1.320278199042820844e-01 1.828494358060956670e-01 9.742354636312162697e-01
6.233254295756359559e-02 1.970896702533038447e-01 9.784019194420423560e-01
9.460964491828340039e-02 3.070257633412685760e-01 9.469869036756212166e-01
3.921437801538081580e-02 2.217082132051028942e-01 9.743242277364846382e-01
3.615421730474448203e-02 1.312978474256302763e-01 9.906834750981236004e-01
7.562685957068694675e-02 4.895993891679339266e-02 9.959334829659954869e-01
1.491847747107989952e-01 -1.595506952714502782e-02 9.886806050241234711e-01
2.497390356882172313e-01 -5.186938827991492001e-02 9.669229445064086992e-01
3.647655646771214566e-01 -4.283393467824964107e-02 9.301136150308327855e-01
4.660249316977245204e-01 2.503019249035906210e-02 8.844174650582122821e-01
5.104279033401488697e-01 1.447503823419846181e-01 8.476500942627381852e-01
4.665882964936106103e-01 2.747539120127487910e-01 8.407173421601646934e-01
3.466540599350343976e-01 3.577368104914857017e-01 8.670959215392408659e-01
2.045922111099803542e-01 3.633964922908816675e-01 9.088921919258652338e-01
1.285432152634745362e-01 4.737079464164138942e-01 8.712504940094282224e-01
4.789297633567573403e-02 3.252118315636549628e-01 9.444276189463577387e-01
4.397765639792027698e-02 1.803029363938933038e-01 9.826275066705155714e-01
9.972003172737634036e-02 5.292870744075682532e-02 9.936067970786963688e-01
2.060981406605412458e-01 -5.247206358836199735e-02 9.771234512379062265e-01
3.596189898363590376e-01 -1.246101830196741506e-01 9.247413067647187734e-01
5.477304649951425519e-01 -1.337795491998678976e-01 8.258900471201292559e-01
7.236140037778828749e-01 -3.771657237271742319e-02 6.891735874981249621e-01
8.044899024163308932e-01 1.711352453645536287e-01 5.687782737624665907e-01
7.312011109749980697e-01 4.170435861469908856e-01 5.398329209696441922e-01
5.293802927456080498e-01 5.765592245402787475e-01 6.223632108745804636e-01
2.981306633930472794e-01 5.823835159349929347e-01 7.562721387913191595e-01
