3.799181512342374167e-02 -1.313405678276321209e-01 9.906090435819926432e-01
6.687128359400748567e-02 -1.468735537607735175e-01 9.868922892779282696e-01
7.261859429095426921e-02 -1.297035022871346199e-01 9.888900551920566384e-01
5.650392535281862499e-02 -9.216242236491144213e-02 9.941395245757049803e-01
2.453306060239544145e-02 -4.513856472667168718e-02 9.986794475265498017e-01
-1.503343799937887845e-02 3.198592735747299992e-03 9.998818753964664463e-01
-5.339005018024872012e-02 4.608908310908614581e-02 9.975095483051636958e-01
-8.228081043249814430e-02 7.624381314885281258e-02 9.936884568068327095e-01
-9.494672159649632237e-02 8.450606681187367020e-02 9.918890284351455922e-01
-8.702010400921254829e-02 6.089705570377147714e-02 9.943435272101727174e-01
-5.697943076041239729e-02 1.443538545468388409e-03 9.983743088975507440e-01
-8.240187366791502932e-03 -7.688129428846574021e-02 9.970062015357485929e-01
1.011434017033545213e-01 -8.572720229866352681e-02 9.911714579616176524e-01
1.156820646267371910e-01 -1.085892385942924948e-01 9.873327894814243333e-01
1.100037396885032992e-01 -9.983795405488453401e-02 9.889042219470053352e-01
8.691329113883196344e-02 -6.942688458277732066e-02 9.937937348969682061e-01
5.225292956458742200e-02 -2.691175375672288234e-02 9.982712000561848598e-01
1.379267973949220398e-02 2.008488097058142019e-02 9.997031357067848178e-01
-1.990407954078583785e-02 6.485103621259331874e-02 9.976964321474428576e-01
-4.056289826096001749e-02 9.976799729780412573e-02 9.941835836503591928e-01
-4.163989972463836425e-02 1.149335721301043417e-01 9.925000719134949856e-01
-2.041306790353596481e-02 9.914065418076181690e-02 9.948640295776042253e-01
1.966692662949318451e-02 4.666964506183218786e-02 9.987167547541410118e-01
6.697538265443822580e-02 -2.816239501516438690e-02 9.973570963427951241e-01
1.395223840462173071e-01 -4.039952217745020058e-02 9.893944526617673985e-01
1.438557787608030492e-01 -6.760369842746430380e-02 9.872868149003091176e-01
1.310185610979651138e-01 -6.744976636202752729e-02 9.890827395447961967e-01
1.050178752036630553e-01 -4.595442864360803348e-02 9.934079908958733940e-01
7.138622093963170601e-02 -1.060683761884034619e-02 9.973923513119554718e-01
3.708609305401646544e-02 3.165478483124809644e-02 9.988105908025167734e-01
9.892127401009431081e-03 7.411268015743763260e-02 9.972008104967192699e-01
-2.710389938480157850e-03 1.089918667463251473e-01 9.940389463042048623e-01
4.661749945245932496e-03 1.265620527813492158e-01 9.919477379797871919e-01
3.262549597481444880e-02 1.165740952653880752e-01 9.926459879158856525e-01
7.435585388522970851e-02 7.461506901983361306e-02 9.944364225370041499e-01
1.154122918909667728e-01 1.269954912853229513e-02 9.932364896299139545e-01
1.438122709239875174e-01 -1.125051269251197902e-02 9.895410333563271488e-01
1.442700719178151014e-01 -3.839857499924023698e-02 9.887930500295957215e-01
1.303530370844999120e-01 -4.351418751704048266e-02 9.905122923051380424e-01
1.061726153142118906e-01 -2.921966721509474188e-02 9.939182998643599776e-01
7.676763831036700902e-02 -9.696205188561990299e-04 9.970485392117363066e-01
4.821263094018028023e-02 3.508266877033347497e-02 9.982207914934174697e-01
2.719289973077182801e-02 7.241303945108566731e-02 9.970039608354593907e-01
1.988397341006795799e-02 1.035602106094172942e-01 9.944244115969340658e-01
3.011294690571807500e-02 1.199048720724488204e-01 9.923285907812431361e-01
5.700091131197671662e-02 1.134028092824736350e-01 9.919126468376590067e-01
9.319045982488247115e-02 8.155575728562385052e-02 9.923024723596717278e-01
1.260581879865667609e-01 3.357971049512310791e-02 9.914543541105252933e-01
1.208901613775789641e-01 -4.880096068145520910e-03 9.926538941365530277e-01
1.218597515935403858e-01 -2.850268765888045244e-02 9.921379932941755131e-01
1.111348664430052424e-01 -3.453659399646340916e-02 9.932050468739408444e-01
9.184062967255796073e-02 -2.385021236413552639e-02 9.954880542284538780e-01
6.814906869789405519e-02 -5.830928459889651947e-04 9.976749793586565662e-01
4.520374885032364676e-02 2.977330915900591735e-02 9.985340110139081515e-01
2.861159718659244192e-02 6.109735016318875583e-02 9.977216497147234353e-01
2.331382839198838097e-02 8.665636403695428647e-02 9.959654311157657425e-01
3.198119249269790187e-02 9.940791002421395239e-02 9.945326896343504863e-01
5.332974608814005507e-02 9.367985252574970167e-02 9.941730349455991655e-01
8.129749181075562880e-02 6.860641176670603802e-02 9.943258410047091100e-01
1.065674563791458584e-01 3.132573350291970038e-02 9.938118914871931775e-01
8.215827700778728648e-02 -1.977210000564924922e-02 9.964231438402274543e-01
8.617803420268814463e-02 -3.802630581682865663e-02 9.955537888466250429e-01
8.066782002666723905e-02 -4.136870498478109615e-02 9.958821883435805544e-01
6.722782560821100040e-02 -3.052189035512636872e-02 9.972706922762590853e-01
4.894049404445431628e-02 -9.277039075342684293e-03 9.987586117719917667e-01
3.009628023801775784e-02 1.717361171519863824e-02 9.993994601641826847e-01
1.550329816388601803e-02 4.310772020504874402e-02 9.989501349940901331e-01
9.355181514893578035e-03 6.263443300238751010e-02 9.979926895430314415e-01
1.391878021036343886e-02 7.028786525755774395e-02 9.974296383981583469e-01
2.843594574415374970e-02 6.252772340817408514e-02 9.976380509959089649e-01
4.880459295126510222e-02 4.004439222614784161e-02 9.980052897445643723e-01
6.871320171331618543e-02 9.228677056267578505e-03 9.975937687406173371e-01
3.763020892725022631e-02 -4.969859413855517993e-02 9.980551172739768884e-01
4.644774702396334970e-02 -6.222613900155572753e-02 9.969806991217911030e-01
4.682180635479196024e-02 -6.062487110026161530e-02 9.970618553799823758e-01
3.874796072533228525e-02 -4.659185824954394789e-02 9.981622084032421016e-01
2.431209976234551678e-02 -2.444385868081541333e-02 9.994055330935229797e-01
7.238330044961425493e-03 4.452677656796945652e-04 9.999737038116731647e-01
-8.006289548977368539e-03 2.252757310973866126e-02 9.997141630373425070e-01
-1.735075550727334034e-02 3.657478293860373653e-02 9.991802822996275202e-01
-1.818776670417562857e-02 3.841169922786226432e-02 9.990964650646942946e-01
-1.011510542082323660e-02 2.630791614114433991e-02 9.996027101757186673e-01
4.798489501472606895e-03 2.637742190596088169e-03 9.999850082949610641e-01
2.240444337901418420e-02 -2.570173113309984214e-02 9.994185619317076386e-01
-4.962987295387978268e-03 -8.662024799924036844e-02 9.962290406295137846e-01
1.023444524421128661e-02 -9.423445807003563712e-02 9.954974249302795952e-01
1.658922830596168060e-02 -8.674106976538945024e-02 9.960927588935428734e-01
1.265306205997323089e-02 -6.747800277369719879e-02 9.976405260223818461e-01
-1.033340869400858376e-04 -4.194437955388417849e-02 9.991199419218372846e-01
-1.803780602839101521e-02 -1.614978630661214123e-02 9.997068680147825903e-01
-3.649272952834078237e-02 4.206008570259109694e-03 9.993250673247268123e-01
-5.095189934621475319e-02 1.419262701981495282e-02 9.986002570053570393e-01
-5.790191199718127540e-02 1.043209665249909997e-02 9.982677696622614949e-01
-5.536826061181480962e-02 -7.462321070421423959e-03 9.984381149981249592e-01
-4.342381234867506712e-02 -3.538870255587352187e-02 9.984297733203333358e-01
-2.481935577620106997e-02 -6.492623938140394679e-02 9.975813666156072568e-01
-3.897973375268571489e-02 -1.224570755769269076e-01 9.917080442336738688e-01
-1.603275265927953802e-02 -1.269106604509080138e-01 9.917845709155309608e-01
-3.992186341099127241e-03 -1.136478489108628531e-01 9.935130743408180365e-01
-5.411770430771496374e-03 -8.806289716825889402e-02 9.961002152811171406e-01
-1.883478227940469860e-02 -5.727321225585119829e-02 9.981808604328170631e-01
-4.010038269616883477e-02 -2.822659275088797159e-02 9.987968856426203690e-01
-6.386392399648868623e-02 -7.047053206992314953e-03 9.979337343996865783e-01
-8.477992115802700235e-02 1.202919248347090065e-03 9.963989752874432559e-01
-9.814094063534738177e-02 -6.756946072250722551e-03 9.951495864697421645e-01
-1.001951546362948586e-01 -3.078242746719055817e-02 9.944915148691583218e-01
-8.896360802932844203e-02 -6.538556884825630355e-02 9.938864139491540017e-01
-6.623353130207096373e-02 -9.979734390197893268e-02 9.928008911566280625e-01
-5.750366531893785771e-02 -1.500390489756563694e-01 9.870063891674616396e-01
-2.640404323371877554e-02 -1.537730743799291255e-01 9.877533437537663330e-01
-9.809932814430230227e-03 -1.357409149793474268e-01 9.906958005456575345e-01
-1.076516758432499374e-02 -1.037217332640679862e-01 9.945480949735904241e-01
-2.708776832209977906e-02 -6.664188340216375961e-02 9.974091999695670063e-01
-5.352070297497339701e-02 -3.242127669956217095e-02 9.980402773286232154e-01
-8.368243908551312171e-02 -7.684677616524907516e-03 9.964628418153193001e-01
-1.112690556111100848e-01 2.008680962394789396e-03 9.937882885526089227e-01
-1.304543071697005507e-01 -7.379876266748616742e-03 9.914268561861478979e-01
-1.358668063702236639e-01 -3.647657871108914845e-02 9.900553874063089399e-01
-1.234580743410389342e-01 -7.944774464210040132e-02 9.891643744854632381e-01
-9.409070199340413554e-02 -1.225985753950472185e-01 9.879860976296850339e-01
-5.309941507398917987e-02 -1.635313691905173616e-01 9.851080871709190223e-01
-1.584155608374005972e-02 -1.691683842332345478e-01 9.854598433608166008e-01
2.474406108586922181e-03 -1.481622358822877739e-01 9.889599734937934983e-01
-6.884270369029886136e-04 -1.108367028016268158e-01 9.938383929897142144e-01
-2.174854145002731026e-02 -6.771960595777014313e-02 9.974673207247088946e-01
-5.402810204542140421e-02 -2.738023543736489013e-02 9.981639579231172954e-01
-9.001248000179219722e-02 3.240268585950490960e-03 9.959353664287067254e-01
-1.225428744121394575e-01 1.791248487561444835e-02 9.923015604222313879e-01
-1.450930883620797918e-01 1.103641207115341888e-02 9.893564541247125144e-01
-1.514326190402751904e-01 -2.041271573027554631e-02 9.882567899726565352e-01
-1.360266467098145415e-01 -7.216249740455173145e-02 9.880735424821733837e-01
-9.872669335525730006e-02 -1.276239149703090048e-01 9.868967404681655564e-01
-2.022142191237839837e-02 -1.583402431476556016e-01 9.871775227869369340e-01
1.732814342561844398e-02 -1.680428596176053446e-01 9.856273802898065650e-01
3.229737272657343117e-02 -1.468543999457781746e-01 9.886307019971987131e-01
2.381229692670031040e-02 -1.070728470677567712e-01 9.939659853012107193e-01
-2.972071917159101878e-03 -6.001594747321509909e-02 9.981929937829867594e-01
-4.017502613719200338e-02 -1.430144610898932342e-02 9.990903041837694287e-01
-7.937759323827024704e-02 2.313832002662647574e-02 9.965760461891859379e-01
-1.127679634340037346e-01 4.546088589626215426e-02 9.925808250598708860e-01
-1.336051657055995212e-01 4.512362090184438707e-02 9.900068275186288957e-01
-1.360837441811799386e-01 1.547615742489735942e-02 9.905764499123613787e-01
-1.151494753759223222e-01 -4.300083765686230769e-02 9.924170122894254709e-01
-7.055571149970511768e-02 -1.121582138550835939e-01 9.911823377358692788e-01
1.533947314319051847e-01 -1.425559437049379596e-01 9.778281338166810999e-01
1.927684496525440272e-01 -1.301638716363518467e-01 9.725727177641749766e-01
1.784739939388890473e-01 -9.893428240670949780e-02 9.789581407047954764e-01
1.279021950816383590e-01 -6.387569677384281885e-02 9.897277018730280540e-01
5.669281151918784817e-02 -3.124562601586255636e-02 9.979026184838578617e-01
-2.221791187512043089e-02 -2.805623480353158002e-03 9.997492149878256518e-01
-9.732984076320655431e-02 2.087194044147779037e-02 9.950332980354001933e-01
-1.568549348105650332e-01 3.785194129485761061e-02 9.868960228746331831e-01
-1.870859033342432975e-01 4.216936258174992791e-02 9.814380314787927162e-01
-1.715065886267084228e-01 2.159232844238789806e-02 9.849463241263830549e-01
-9.273566605693453480e-02 -3.681164017464010757e-02 9.950100498932605841e-01
4.970297070534728662e-02 -1.132122329304346003e-01 9.923268640009950126e-01
2.006453888955970766e-01 -2.715072199558701826e-02 9.792876320111691957e-01
2.229310990044582608e-01 -4.465145027154462931e-02 9.738110561527464348e-01
1.993872330818959870e-01 -3.811899896742153987e-02 9.791790812725021942e-01
1.454253394598472304e-01 -1.967689549959062215e-02 9.891735390852712806e-01
7.441709838136335853e-02 4.387166820172989055e-03 9.972175531125295755e-01
-1.953254378836117612e-03 3.180179429414310699e-02 9.994922864519999450e-01
-7.234927105848493190e-02 6.180225028244573648e-02 9.954627390501820106e-01
-1.241989750768979078e-01 9.266119368819129842e-02 9.879213115294546155e-01
-1.424201078484606253e-01 1.185879185669632130e-01 9.826766601738387008e-01
-1.101213472924580938e-01 1.261023945089320697e-01 9.858861369192575275e-01
-1.624338074167713114e-02 9.552524623354882727e-02 9.952944689457824401e-01
1.181970553966164711e-01 2.590608865952286066e-02 9.926521700303005957e-01
2.051896330755364206e-01 6.210429981814001577e-02 9.767498504849267960e-01
2.195979402000977077e-01 2.706838822491431165e-02 9.752148722301670070e-01
1.959082683092130683e-01 1.402821226396055651e-02 9.805218812799307848e-01
1.466852624596244881e-01 1.757125619458690946e-02 9.890271405441170005e-01
8.319583471761754501e-02 3.287894952562602641e-02 9.959906765445917243e-01
1.604993935461048599e-02 5.724424022138072110e-02 9.982311838487791800e-01
-4.372490944886410491e-02 8.906169887997075763e-02 9.950659003735848884e-01
-8.371361508954909547e-02 1.257112094905218913e-01 9.885285643101269226e-01
-9.000898595655207335e-02 1.605438013564667865e-01 9.829161054195133529e-01
-5.020022798265397906e-02 1.799981293130047399e-01 9.823851640544939423e-01
3.651557435576964494e-02 1.663828222951714841e-01 9.853848838268977062e-01
1.413588564255413016e-01 1.167397437766755780e-01 9.830511207119384531e-01
1.772654171539242152e-01 9.820391954494832321e-02 9.792512252058805933e-01
1.902891614647076457e-01 6.110407117959094914e-02 9.798246412059180566e-01
1.725949668137354287e-01 4.056675704195165238e-02 9.841571600377643225e-01
1.331035521158059343e-01 3.648605678390747648e-02 9.904303166172538919e-01
8.111351177885192665e-02 4.611901209731365109e-02 9.956373008933090407e-01
2.620669694453987147e-02 6.683834779894200218e-02 9.974195928989828541e-01
-2.135700944484902539e-02 9.627308761049063746e-02 9.951258064935843972e-01
-5.056036753232925202e-02 1.308553516021213892e-01 9.901113706003167314e-01
-5.064566530093565083e-02 1.636665611348178395e-01 9.852148361411440236e-01
-1.474219365653916744e-02 1.832586218818257617e-01 9.829541928452601995e-01
5.264685105863477210e-02 1.772061061206435806e-01 9.827646234105478218e-01
1.280805557817327189e-01 1.434508388769001053e-01 9.813344119392342080e-01
1.373407529992219933e-01 8.580352260560285271e-02 9.868005234463632647e-01
1.506558707514192574e-01 5.561475313350056071e-02 9.870206724491376038e-01
1.400316576314063755e-01 3.760207308381503799e-02 9.894327763727654990e-01
1.108009656773671220e-01 3.341384353851467592e-02 9.932807564153007807e-01
7.023754662281905814e-02 4.141809552791565069e-02 9.966700699867030444e-01
2.676325222010496677e-02 5.914173321848977677e-02 9.978907674302471831e-01
-1.045641596184889582e-02 8.383633010682704778e-02 9.964246750856189383e-01
-3.222316927521782365e-02 1.116542986495799999e-01 9.932245390418945608e-01
-3.083913335111497858e-02 1.364821552912442448e-01 9.901623953378662080e-01
-3.071894908750988449e-03 1.499645143671551606e-01 9.886866075214537641e-01
4.566805595950188673e-02 1.446081435403236137e-01 9.884345772415104037e-01
9.923195007974230930e-02 1.199819545647009544e-01 9.878043078779386033e-01
9.863072665823709173e-02 3.968692983476199837e-02 9.943324028508279122e-01
1.127575150796132075e-01 1.999281365891994802e-02 9.934213759503582875e-01
1.078338554926887155e-01 1.032241509580011062e-02 9.941153390609186458e-01
8.654565922240405051e-02 1.132957786905065822e-02 9.961834617855359619e-01
5.448663974099767632e-02 2.111327804602241773e-02 9.982912578901390610e-01
1.904936619787743479e-02 3.703412663481010086e-02 9.991324212094309098e-01
-1.157409474001936354e-02 5.623668931820698103e-02 9.983503769245958281e-01
-2.959781931704053709e-02 7.520561554265720039e-02 9.967286915116229107e-01
-2.924584278968930112e-02 8.931462690697662687e-02 9.955739942867312120e-01
-8.858877487077086374e-03 9.346382482188458907e-02 9.955832630871770395e-01
2.698551816546517629e-02 8.445626275174976383e-02 9.960617056645098000e-01
6.725702762888800812e-02 6.411343367902690160e-02 9.956736211512278167e-01
6.683400100620853768e-02 -2.529575708258154088e-02 9.974434023959214413e-01
8.305211240932196259e-02 -3.354398269546848832e-02 9.959804957173132856e-01
8.224899483664992184e-02 -3.214269513063336414e-02 9.960933440185982812e-01
6.558434009005756349e-02 -2.290327627612601114e-02 9.975841489672760964e-01
3.775790086781701665e-02 -9.016212545525826780e-03 9.992462403398859605e-01
5.680321887659500919e-03 6.334056529861132635e-03 9.999638061805518063e-01
-2.289313194595722634e-02 2.025438356488863667e-02 9.995327230541541930e-01
-4.076983484900216503e-02 2.983770587060494833e-02 9.987229505096896220e-01
-4.279370872776030316e-02 3.216458086637859898e-02 9.985660409962753281e-01
-2.739951314665979923e-02 2.529469033854541901e-02 9.993044807865357759e-01
2.021092999676092281e-03 1.004711664744760771e-02 9.999474839360986689e-01
3.703684204867283003e-02 -9.004622830479357479e-03 9.992733305251197962e-01
4.394186225079081687e-02 -9.647225611522834698e-02 9.943652329712592275e-01
6.458642381192093718e-02 -9.333782044510967324e-02 9.935374402274713690e-01
6.688885166599529974e-02 -7.981172933158334204e-02 9.945632053237826176e-01
5.150009768104805291e-02 -6.085129501317513429e-02 9.968173653352531138e-01
2.328149591958159764e-02 -4.144529969534923447e-02 9.988694905145620861e-01
-1.050200788705447918e-02 -2.552243409073318842e-02 9.996190840456694593e-01
-4.180320214277672558e-02 -1.603743063784065365e-02 9.989971436942366445e-01
-6.314947158897385449e-02 -1.533352961803388821e-02 9.978862796469083474e-01
-6.884506005287144292e-02 -2.483034219697801206e-02 9.973183101762334024e-01
-5.626283719481864343e-02 -4.363098881624632996e-02 9.974621947551547407e-01
-2.743147508042288393e-02 -6.696595693098321422e-02 9.973781002143913277e-01
9.873336222632081091e-03 -8.688183019278729324e-02 9.961696967957599513e-01
3.134768328775581342e-02 -1.627109229410483304e-01 9.861756832878022516e-01
5.942787521914370819e-02 -1.488356256496007890e-01 9.870746092289789386e-01
6.419670256460165148e-02 -1.231298907536577392e-01 9.903119778043933952e-01
4.691829511656470802e-02 -9.404388138481439841e-02 9.944618755676201127e-01
1.385708729872657877e-02 -6.841626912831519358e-02 9.975606223434052566e-01
-2.646351754142529933e-02 -5.080763740438948295e-02 9.983577846748081797e-01
-6.506044045076199434e-02 -4.420422716698533400e-02 9.969017631587256956e-01
-9.352392046570988382e-02 -5.066114338513706683e-02 9.943272725071706786e-01
-1.047088515818261206e-01 -7.079133024938229213e-02 9.919801630889120148e-01
-9.376673954169524594e-02 -1.017310755461182104e-01 9.903830505536750373e-01
-6.059979468827665638e-02 -1.349880943311534964e-01 9.889923555178058434e-01
-1.349838062504176393e-02 -1.581445325510996425e-01 9.873237060583016644e-01
3.186653536000523534e-02 -2.131078206592677271e-01 9.765088738449839711e-01
6.998269283202028512e-02 -1.900625794641683797e-01 9.792745470966696120e-01
7.612600600601540646e-02 -1.533146951783879719e-01 9.852408007446110672e-01
5.382514520629945454e-02 -1.149655111930068530e-01 9.919101698135796008e-01
1.207536071723082187e-02 -8.327148774315193402e-02 9.964537344967518973e-01
-3.865691885571571201e-02 -6.291551395634863153e-02 9.972699136784124452e-01
-8.815975493562314136e-02 -5.670187603880184196e-02 9.944912040150799548e-01
-1.268583961728813603e-01 -6.675550678232662627e-02 9.896719909317420738e-01
-1.456797308937810564e-01 -9.408101355858736192e-02 9.848483024783685202e-01
-1.364324707688749361e-01 -1.357788500067584059e-01 9.813003030727668330e-01
-9.511887082159040108e-02 -1.808825557934991279e-01 9.788942238174961341e-01
-3.045825326876197212e-02 -2.108546594376520533e-01 9.770427868835647178e-01
5.060068969372151504e-02 -2.356187535845897241e-01 9.705273685794575389e-01
9.845641425334906993e-02 -2.068361961968215312e-01 9.734090211392278924e-01
1.031094224952107397e-01 -1.624599502585700739e-01 9.813130038650776932e-01
7.264309403783476837e-02 -1.178657630632186787e-01 9.903689427613422414e-01
1.969893008607993476e-02 -8.168956917699783660e-02 9.964631284905328679e-01
-4.326552000266746523e-02 -5.789547863901501473e-02 9.973846842277476199e-01
-1.050317042981522980e-01 -4.869079913915146107e-02 9.932761686316242677e-01
-1.550922967658016904e-01 -5.645103582907062129e-02 9.862857902442659919e-01
-1.825750280313091500e-01 -8.390573897862774189e-02 9.796051174354724056e-01
-1.754806249328647871e-01 -1.313036580704730338e-01 9.756873985301299790e-01
-1.236265208621617900e-01 -1.890246222306169177e-01 9.741592146718695000e-01
-3.388107219051798152e-02 -2.311777083665708943e-01 9.723214181029018466e-01
9.279552013147628065e-02 -2.162190213634421765e-01 9.719250620516918238e-01
1.433446520241238309e-01 -1.888092886051326025e-01 9.714954262746419156e-01
1.410770669103602326e-01 -1.444679960191761758e-01 9.794009696330123749e-01
1.001135817788921800e-01 -9.998344001999476260e-02 9.899396862764212601e-01
3.606080513842050556e-02 -6.296421778554010806e-02 9.973640887917802900e-01
-3.759896904374337989e-02 -3.601619971300766554e-02 9.986436556074232973e-01
-1.092544605813039887e-01 -2.040596023611027793e-02 9.938043366930445766e-01
-1.677968119359339039e-01 -1.851634743661911484e-02 9.856476930332896957e-01
-2.009834325683583223e-01 -3.527637358943420953e-02 9.789592623288377871e-01
-1.938757728088334187e-01 -7.716207575574673960e-02 9.779868091047546619e-01
-1.300013238976777119e-01 -1.431163224788332411e-01 9.811306610360702729e-01
-1.059880044916745520e-02 -2.032378667628369773e-01 9.790720274539314039e-01
3.688435043778628963e-01 -7.494220222453007452e-02 9.264653990322553323e-01
3.721206387744869226e-01 -1.572633316915443558e-02 9.280511368686001905e-01
3.016406620319800891e-01 1.191702500544092672e-02 9.533472061762197081e-01
1.994457446172858694e-01 1.541701897912463315e-02 9.797875843670662555e-01
8.473588509472794461e-02 4.078882307604145101e-03 9.963950985910987601e-01
-3.258906242923383795e-02 -1.561282345814771905e-02 9.993468830958978089e-01
-1.451750180621763642e-01 -3.933086063345005157e-02 9.886239414117572455e-01
-2.435720691852329423e-01 -6.405529967258634383e-02 9.677652430712203602e-01
-3.101715181189520498e-01 -8.863085876380535910e-02 9.465401207675219197e-01
-3.077442131516031076e-01 -1.180625443579865069e-01 9.441158482365797910e-01
-1.601938370113397125e-01 -1.632060052578409304e-01 9.734997351983969427e-01
2.088876347545296497e-01 -1.484533595535264816e-01 9.666062052790213022e-01
3.242083413495706057e-01 1.580144915628515778e-01 9.326952191661782576e-01
3.367510157950280303e-01 1.281865837455124224e-01 9.328273972760019461e-01
2.795643938685329344e-01 1.018313432506153110e-01 9.547115413635198777e-01
1.888283617411427584e-01 7.590592751257217718e-02 9.790720810903833504e-01
8.216730068211852700e-02 5.183913912591475021e-02 9.952694300305434671e-01
-3.061486919660407618e-02 3.254360900152095809e-02 9.990013229707420672e-01
-1.417689598560978870e-01 2.212992904415801709e-02 9.896523774850475297e-01
-2.410399379932554875e-01 2.653465657743844797e-02 9.701523902421675949e-01
-3.090706021102586631e-01 5.356991955587639409e-02 9.495291604948111752e-01
-3.054434162427459021e-01 1.080588077070554626e-01 9.460589905237816177e-01
-1.563959170058021320e-01 1.730696222741023582e-01 9.724130927696462701e-01
1.723647632502523230e-01 1.948013342618000465e-01 9.655790120748957150e-01
2.280738325435338054e-01 2.756489182227861989e-01 9.338094028181526118e-01
2.598052299784044950e-01 2.126587463887837925e-01 9.419540859618691364e-01
2.283333626009216299e-01 1.582413308704835320e-01 9.606370577527004739e-01
1.604556760171094165e-01 1.159301279521569444e-01 9.802112942967107223e-01
7.254292057255914972e-02 8.596470960699161001e-02 9.936536586643230917e-01
-2.453260735937910428e-02 6.965403868665470677e-02 9.972695052345537103e-01
-1.212076666864894542e-01 7.046855235869808887e-02 9.901226614237533807e-01
-2.050845132978220131e-01 9.395432518112038778e-02 9.742242694498598476e-01
-2.554466577326836019e-01 1.456723676634944509e-01 9.557858370746690202e-01
-2.377767794743970153e-01 2.232733648423330663e-01 9.453101119182079071e-01
-1.126183268835175000e-01 3.000573713127254738e-01 9.472500653844266871e-01
9.853308337646327075e-02 3.244837050404126289e-01 9.407452134576964609e-01
1.436481183943533746e-01 2.775985327090730315e-01 9.498969800560189691e-01
1.827307971783637686e-01 2.208811762371050147e-01 9.580297290515787934e-01
1.718669944823815743e-01 1.670153045745296772e-01 9.708592195810459291e-01
1.264241978376077491e-01 1.250149812341142808e-01 9.840671606491876444e-01
5.969561089539916071e-02 9.728095829325711374e-02 9.934650719543544062e-01
-1.727304714500599650e-02 8.538718576511250546e-02 9.961981079832638031e-01
-9.378751154548341240e-02 9.203378602609663117e-02 9.913292515142316796e-01
-1.570044115246069238e-01 1.204599001810789660e-01 9.802239678819478774e-01
-1.894005380673823846e-01 1.714638530730968335e-01 9.668131066907946769e-01
-1.692369115925500545e-01 2.372852565324570229e-01 9.565848497582156718e-01
-8.253358751506761903e-02 2.949973242302461052e-01 9.519268804003991891e-01
4.612045121742993498e-02 3.127674005702584803e-01 9.487093638833298259e-01
9.330383953958533427e-02 2.139425198725667110e-01 9.723800654670977650e-01
1.285987910742587004e-01 1.752116974807892413e-01 9.760959030751827914e-01
1.277677960196018092e-01 1.362218368356051534e-01 9.824047035053404819e-01
9.779104992164690258e-02 1.051033544908253625e-01 9.896414479143174070e-01
4.829500765369373894e-02 8.493585611129081392e-02 9.952152996122759498e-01
-1.060540137861234154e-02 7.756314969091607225e-02 9.969310323545934605e-01
-6.835987045558289399e-02 8.502446529764784433e-02 9.940310701442403030e-01
-1.133745823016945181e-01 1.087058130662033051e-01 9.875875912006704116e-01
-1.328200384086445363e-01 1.468664346125068132e-01 9.801984940721508721e-01
-1.149525243476623160e-01 1.914499583237959934e-01 9.747475727611930596e-01
-5.684445075041426321e-02 2.269266764626396704e-01 9.722515065190615591e-01
2.425045275016493931e-02 2.362412849103324719e-01 9.713917700110987763e-01
7.420659714130960205e-02 1.205666359297581369e-01 9.899278091059210416e-01
1.021321003239830660e-01 1.009156230480386246e-01 9.896388589319765616e-01
1.032920682916231431e-01 8.100482418156387809e-02 9.913470467436662492e-01
8.071178250403306109e-02 6.481556255333177641e-02 9.946278454858814566e-01
4.156907356118921121e-02 5.407736106295341766e-02 9.976711137162055376e-01
-5.071271848437718111e-03 5.021609201608488726e-02 9.987255009783678750e-01
-4.935565669962609786e-02 5.480581098688996899e-02 9.972764622880884167e-01
-8.130953876154535520e-02 6.855392621047136370e-02 9.943284759612828205e-01
-9.182579138505404803e-02 8.966190847566959943e-02 9.917301882089636367e-01
-7.496045054306678390e-02 1.126819410162613749e-01 9.907995311984781894e-01
-3.209115802539701939e-02 1.293274474237124660e-01 9.910825237685852995e-01
2.434772088378785865e-02 1.323358538894486292e-01 9.909058533801725632e-01
7.849000417415286091e-02 1.706925608867951305e-02 9.967687594127685458e-01
1.002947247335677361e-01 1.613120559767442994e-02 9.948269962142199940e-01
9.891194045570976534e-02 1.566457778878170559e-02 9.949728885945067214e-01
7.674183772212454790e-02 1.479234811142100467e-02 9.969412604463445682e-01
4.042477578340182565e-02 1.299581300766193374e-02 9.990980664314617066e-01
-1.261343878933137916e-03 1.090151457784133658e-02 9.999397811825834204e-01
-3.884690008169087994e-02 9.857247244248291268e-03 9.991965537525164809e-01
-6.334458462147297964e-02 1.082593899949921626e-02 9.979329950672819471e-01
-6.764451816216292268e-02 1.351157577108613381e-02 9.976179912585805276e-01
-4.859898471804603021e-02 1.645738050969794072e-02 9.986827791201553506e-01
-9.673979342338453677e-03 1.815122263827276955e-02 9.997884512437267279e-01
3.784053408781718614e-02 1.815937099029469801e-02 9.991187773359271329e-01
1.001140337329452651e-01 -8.516308949412276785e-02 9.913245827868337745e-01
1.189890968315510666e-01 -6.652528000476461145e-02 9.906644143985190443e-01
1.125047254478489800e-01 -4.775527738338679329e-02 9.925029572922952070e-01
8.482099973865701859e-02 -3.432597460822504887e-02 9.958047627273718394e-01
4.399232277318198409e-02 -2.882017870934480003e-02 9.986160787991541499e-01
-3.788281205597329856e-04 -3.120891017053445404e-02 9.995128115312805761e-01
-3.848445955955823172e-02 -4.009237018206807807e-02 9.984545799512658526e-01
-6.129023505366416880e-02 -5.381084204235427049e-02 9.966684004049414236e-01
-6.182533964223023426e-02 -7.050632209308202447e-02 9.955935344923758645e-01
-3.739190789234493606e-02 -8.693400775652720958e-02 9.955120910966167580e-01
7.330682796019360493e-03 -9.758736596448881750e-02 9.951999633711374749e-01
5.889804765986438734e-02 -9.709124653860837229e-02 9.935312324368145154e-01
1.358394328968210163e-01 -1.768712584877111527e-01 9.748149600776937485e-01
1.554767623365254925e-01 -1.363860087421742695e-01 9.783791867127398234e-01
1.417472978265322536e-01 -9.847687065437456255e-02 9.849923905822606240e-01
1.030807680183591091e-01 -7.247535644550985590e-02 9.920290711329330380e-01
5.083767615131046247e-02 -6.192144360929418417e-02 9.967854661384565329e-01
-3.614208685909311818e-03 -6.659688532619364998e-02 9.977734173450697464e-01
-4.958327928488173025e-02 -8.475388997863672613e-02 9.951674615605430319e-01
-7.708341880051197692e-02 -1.141602326749805718e-01 9.904673582817029587e-01
-7.740095304686037125e-02 -1.511370325043774887e-01 9.854778992312264174e-01
-4.551366998380287215e-02 -1.876966903136823017e-01 9.811719820142996706e-01
1.437774172966594342e-02 -2.100943242894660057e-01 9.775753962964547350e-01
8.356870175328869055e-02 -2.058036113410043333e-01 9.750185360526300027e-01
1.847848982804238538e-01 -2.464730929003751958e-01 9.513703568241134167e-01
2.081880208915979358e-01 -1.816501163315780987e-01 9.610728292871744127e-01
1.842601451384581202e-01 -1.258708735346668328e-01 9.747844490496937464e-01
1.293945187351343562e-01 -9.055914656846397737e-02 9.874492895810405013e-01
5.986989175668210733e-02 -7.801380334359624136e-02 9.951529744461508065e-01
-1.097790592540437773e-02 -8.653006452312181351e-02 9.961887539593545782e-01
-7.175588737148623497e-02 -1.137280737423198018e-01 9.909172608600480547e-01
-1.112895272590468526e-01 -1.574575550373237542e-01 9.812348136323572056e-01
-1.175713266432962117e-01 -2.138204048098500676e-01 9.697720441620643061e-01
-7.936475378407961689e-02 -2.717967211235637337e-01 9.590765236639344771e-01
4.744983298121483589e-03 -3.080416415688524978e-01 9.513610419778537608e-01
1.090558099692063299e-01 -2.973507653631132785e-01 9.485195583908507810e-01
2.470810643632025405e-01 -2.752066711223689066e-01 9.290921567868933861e-01
2.736940930044833853e-01 -1.870291915762353208e-01 9.434572724573814240e-01
2.350173520432882190e-01 -1.193884449842109452e-01 9.646311437243293430e-01
1.600542842194707938e-01 -8.159227474054137064e-02 9.837303120294879077e-01
7.015345875727073410e-02 -7.149557050651583756e-02 9.949707913412667581e-01
-2.053945966111692459e-02 -8.460084829755702696e-02 9.962032057086803727e-01
-1.010743233938032476e-01 -1.176933082712832146e-01 9.878928415261665208e-01
-1.599002594481878370e-01 -1.693890538079326769e-01 9.724912624175572340e-01
-1.814892303586359001e-01 -2.380307717855189298e-01 9.541504131670941469e-01
-1.444542112119552857e-01 -3.147075621400992618e-01 9.381322567713151761e-01
-3.027444408104150095e-02 -3.693297705043808721e-01 9.288051349205425078e-01
1.346369383670633635e-01 -3.517549212102696887e-01 9.263592015149910708e-01
3.184447452296152448e-01 -2.311914925720898739e-01 9.193168322171998419e-01
3.391118083539364503e-01 -1.342917779787418664e-01 9.311116473346882083e-01
2.814139890399284250e-01 -7.165109770208938356e-02 9.569076689894077115e-01
1.872826250428059058e-01 -4.362635131627898982e-02 9.813368228227581369e-01
7.967379274249623833e-02 -4.179719607909679335e-02 9.959443162897961832e-01
-2.884149015963084414e-02 -5.908672013108377807e-02 9.978361227924654742e-01
-1.291587410060570651e-01 -9.150400165599446856e-02 9.873930510706954156e-01
-2.107071834115386288e-01 -1.379537150608533824e-01 9.677661160423347564e-01
-2.561816745455424704e-01 -1.995681104209805767e-01 9.458031079088783377e-01
-2.339282295229077879e-01 -2.763079788257369329e-01 9.321649447761487517e-01
-9.425904098479137572e-02 -3.476922565853696190e-01 9.328586859236225326e-01
1.662166058637956634e-01 -3.277512907157775213e-01 9.300274895771835082e-01
6.508707760249606844e-01 2.439385301781350490e-01 7.189306130713640774e-01
5.220032211169741698e-01 2.829002641931253614e-01 8.046614677384960057e-01
3.768916869448319384e-01 2.309271286951534996e-01 8.970090955751350847e-01
2.334846110617539716e-01 1.490947716707677617e-01 9.608619492194396816e-01
9.457255625755145445e-02 5.712188057221801590e-02 9.938778206413345639e-01
-3.973760554278919777e-02 -4.052346982949012189e-02 9.983880864166515545e-01
-1.690523951796414348e-01 -1.444418908679696578e-01 9.749655521332527552e-01
-2.892296329811885336e-01 -2.559844413188396839e-01 9.223980622313988631e-01
-3.852131333587605067e-01 -3.735996485518731647e-01 8.438211566971832722e-01
-4.082170503254408667e-01 -4.900015742053419610e-01 7.702319761603532156e-01
-1.803335716506831443e-01 -5.720567931634397141e-01 8.001442547011646811e-01
6.289976003373839442e-01 -3.000706245411817463e-02 7.768279056346473199e-01
3.308766411774057836e-01 5.725107004773600794e-01 7.501680786077845609e-01
3.505485673577797279e-01 4.492407630270432994e-01 8.217654402311338480e-01
2.842036538970317827e-01 3.246359533190607549e-01 9.021306894925077424e-01
1.831172559870622440e-01 2.093559561403004199e-01 9.605405531201458569e-01
6.534629576385957150e-02 1.051758594979570471e-01 9.923043385014091999e-01
-6.287392669285848945e-02 1.103614598311071678e-02 9.979604565432932395e-01
-2.000774514925749981e-01 -7.293524143833172990e-02 9.770616479836873314e-01
-3.455781216518442056e-01 -1.411078580984752862e-01 9.277199654089977043e-01
-4.944581758921367531e-01 -1.728747717919382476e-01 8.518365016664148914e-01
-6.200372700915698365e-01 -1.106325286770728084e-01 7.767330476398287553e-01
-5.820978736263991982e-01 1.638188168322889660e-01 7.964455165115080781e-01
6.455640398175009620e-02 6.319724415392204975e-01 7.722974192886000733e-01
7.378160623903091964e-02 5.949451564597554309e-01 8.003727477780649968e-01
1.748286632079638636e-01 4.766064401848460474e-01 8.615574500259544077e-01
1.764037450838652765e-01 3.470806982141048103e-01 9.210953846631353414e-01
1.217306664683757839e-01 2.312342025517670485e-01 9.652524998213580787e-01
3.446385301058782491e-02 1.334406954020146419e-01 9.904573810348537011e-01
-7.393284027416423265e-02 5.434225523957799536e-02 9.957815294654333016e-01
-1.979836445328940486e-01 -2.784278974667593869e-03 9.802013692543312118e-01
-3.326462178216079146e-01 -2.769936815388452864e-02 9.426448105054534565e-01
-4.643914923878431633e-01 2.475065822719478299e-03 8.856265668140878011e-01
-5.508222861609798349e-01 1.258881834304606540e-01 8.250739205313706304e-01
-4.870032300656495505e-01 3.648669145006354642e-01 7.935363814018967510e-01
-1.768093066379255451e-01 6.110618597180909051e-01 7.715840023510288637e-01
-3.552930435798681147e-02 4.792130915093064658e-01 8.769791796034244191e-01
6.645869582172554690e-02 4.047277022807161395e-01 9.120190396895406781e-01
9.601482414774692442e-02 3.070732940428563262e-01 9.468300510807615700e-01
7.194788654573609776e-02 2.141221937465384029e-01 9.741535750417896766e-01
1.201422572714040335e-02 1.356524278045961596e-01 9.906836413360581295e-01
-7.158393997427182909e-02 7.619867903852127478e-02 9.945197337662606829e-01
-1.701613428764912062e-01 4.148411240550162887e-02 9.845426277253955805e-01
-2.741779132867053770e-01 4.111312472816482100e-02 9.607997620945234463e-01
-3.662264138282325110e-01 8.867036634118008465e-02 9.262914120013321373e-01
-4.121311001748116376e-01 1.950630780792557972e-01 8.899990740663253908e-01
-3.626314129666526331e-01 3.462430705538846465e-01 8.652249386276935628e-01
-2.042478093586115317e-01 4.731476532205705632e-01 8.569796558985525170e-01
-4.706773116667239271e-02 3.333584229332949844e-01 9.416245486085440541e-01
2.784625496959772240e-02 2.936624806739490667e-01 9.555034973921882058e-01
5.735949038193158961e-02 2.329020140069550660e-01 9.708071593960402312e-01
4.589614289895268401e-02 1.699286243257774054e-01 9.843870207909969361e-01
3.983122880993651693e-03 1.144828929811485679e-01 9.934172345730203357e-01
-5.789049631560740788e-02 7.290576154239067352e-02 9.956572906227243447e-01
-1.300450292814379905e-01 5.170856201337129671e-02 9.901588332048780750e-01
-2.017557037292923572e-01 5.815254772079440221e-02 9.777079917880645565e-01
-2.581136525035287455e-01 9.814588830232690020e-02 9.611163961771752584e-01
-2.783127210594846246e-01 1.705674371579763704e-01 9.452241949282743638e-01
-2.421874888501361345e-01 2.583333057208505590e-01 9.352053910237329015e-01
-1.516871937850621799e-01 3.247499900746311230e-01 9.335568751758953621e-01
-6.815212600461786376e-03 1.917720837056797190e-01 9.814158246066929658e-01
4.015389964589107658e-02 1.775657864301508349e-01 9.832894059393985087e-01
5.736557005719338659e-02 1.483054214890088540e-01 9.872764016875261728e-01
4.544402983298841125e-02 1.127400697325566248e-01 9.925847655637762834e-01
1.125855221332136905e-02 7.737903455173937572e-02 9.969381776288284147e-01
-3.626566895685015557e-02 4.824829737676589181e-02 9.981767894793989182e-01
-8.773071971471038677e-02 3.167996435621826812e-02 9.956403470514654241e-01
-1.332777575297657557e-01 3.337386662708625995e-02 9.905166451777079883e-01
-1.621534844079387527e-01 5.616163037146172654e-02 9.851660361423172363e-01
-1.635900506713832692e-01 9.699780021590302670e-02 9.817482987378437498e-01
-1.313806680147517614e-01 1.445767889837419051e-01 9.807327220803161438e-01
-7.192578738614009704e-02 1.811185738037275339e-01 9.808275808378129623e-01
6.259548972139961087e-02 6.316045006679599227e-02 9.960384341047932022e-01
8.725575369847687890e-02 7.163998196476917268e-02 9.936066356615506079e-01
8.769424477164894371e-02 6.844851334016824329e-02 9.937929967832455080e-01
6.649790994752402540e-02 5.465093079011326682e-02 9.962887652364320612e-01
3.058654398084011822e-02 3.339658675334422622e-02 9.989740393626689308e-01
-1.135994105001945746e-02 9.784232913480954419e-03 9.998876039463556742e-01
-5.022071024676402762e-02 -1.010589138674466286e-02 9.986870136442609347e-01
-7.716957165020132958e-02 -2.080056343651495027e-02 9.968009800216299787e-01
-8.462355367914599358e-02 -1.899701610492172607e-02 9.962318844233849502e-01
-6.823146368595960076e-02 -4.621839992238975861e-03 9.976588123994986068e-01
-3.010902956188991897e-02 1.869723575635305959e-02 9.993717324969124682e-01
1.892578854928873497e-02 4.398172496664422976e-02 9.988530534551811613e-01
1.527639700425690583e-01 -4.932486114089118523e-02 9.870310164985806045e-01
1.597577382501558785e-01 -1.590233156293792416e-02 9.870281560928244602e-01
1.404412989436455705e-01 3.823034098493514020e-03 9.900816259083657922e-01
1.027350973770872061e-01 5.941426470893784555e-03 9.946910069053769288e-01
5.634310164790210657e-02 -8.128348418772054010e-03 9.983783775946865058e-01
1.101572818176380260e-02 -3.355112106576180198e-02 9.993762934990003677e-01
-2.380417450715351102e-02 -6.411309568246505164e-02 9.976586952651100848e-01
-3.936369308352587887e-02 -9.362076104726348158e-02 9.948294591374942097e-01
-2.908569817935233170e-02 -1.161166284918409425e-01 9.928096246255334600e-01
8.065423530440877370e-03 -1.252703253601208100e-01 9.920898621231551973e-01
6.320977601209261387e-02 -1.154461821378409553e-01 9.913005110692884037e-01
1.176481547422733587e-01 -8.684854026546397210e-02 9.892503438157600471e-01
2.620853109521484314e-01 -1.402163244767803407e-01 9.548039967100032666e-01
2.528868916090704078e-01 -7.618200898432514467e-02 9.644918462897171807e-01
2.091666320426975312e-01 -3.557291606235974540e-02 9.772327704711919472e-01
1.475706682135512759e-01 -2.377044082601426772e-02 9.887658287107294885e-01
8.237674928505854532e-02 -3.808803370877572592e-02 9.958731710742125820e-01
2.491576832446346784e-02 -7.254150675114875990e-02 9.970541280628475445e-01
-1.472645071013142966e-02 -1.205196380859006183e-01 9.926017068719724668e-01
-2.657813783316632233e-02 -1.751284310495295482e-01 9.841867887893493982e-01
-1.942643681303036531e-03 -2.270036788264045147e-01 9.738919631739412219e-01
6.114042310449400996e-02 -2.607916012012247431e-01 9.634571030437346639e-01
1.480222366689641633e-01 -2.572319951317996733e-01 9.549456100386000124e-01
2.250347327304497436e-01 -2.099021822013419636e-01 9.514727757388066198e-01
3.908264866294827167e-01 -1.961064962512380494e-01 8.993313624448530108e-01
3.621961287298944288e-01 -9.493165844814716037e-02 9.272550590627177680e-01
2.867478421252854792e-01 -3.807247620903884272e-02 9.572492682639313077e-01
1.941221856286760583e-01 -2.541739272051910317e-02 9.806480169734650421e-01
1.032607303937801840e-01 -4.836915985788173278e-02 9.934775518013262419e-01
2.592659766997306228e-02 -9.826143289376795820e-02 9.948228497269382409e-01
-2.791409576756347447e-02 -1.685016504208611543e-01 9.853060423355520792e-01
-4.634719885549205831e-02 -2.529917067258999341e-01 9.663576633349090228e-01
-1.475713943008143819e-02 -3.406220865373771889e-01 9.400844754588195684e-01
7.771920784076924438e-02 -4.057027738496479241e-01 9.106947809355701029e-01
2.168294519898421313e-01 -4.056539573321870651e-01 8.879357272069151596e-01
3.418205207944735036e-01 -3.181098885151382172e-01 8.842877531621994303e-01
5.338127848031657408e-01 -1.880233161890008942e-01 8.244338320022672750e-01
4.747404396098531265e-01 -5.024779585364661655e-02 8.786903174673476036e-01
3.596980837169184708e-01 8.232624071565917273e-03 9.330324284135409485e-01
2.330933104212226659e-01 7.224494516672608051e-03 9.724275373085276009e-01
1.144943260027879578e-01 -3.371223233182926715e-02 9.928517183871538032e-01
1.281005825286600508e-02 -1.030310238292303365e-01 9.945956517782856832e-01
-6.419921191277405681e-02 -1.955462394446013663e-01 9.785908897127847395e-01
-1.037586613653086881e-01 -3.085742733450820841e-01 9.455242239208824229e-01
-8.336653854461727187e-02 -4.343165911278357161e-01 8.968941514595195619e-01
2.861281951268719592e-02 -5.424475535098944867e-01 8.396022619375795859e-01
2.435417595133682056e-01 -5.548558873775670808e-01 7.955013234530919908e-01
4.650014455884060594e-01 -3.905331473006983800e-01 7.945171593238831154e-01
6.598976112647518821e-01 -6.129414474250172856e-02 7.488512338691253323e-01
5.524359167348810162e-01 8.045752244087134297e-02 8.296632720471532885e-01
4.011416897542506299e-01 1.062998729253737812e-01 9.098272812777216112e-01
2.507038833055731386e-01 7.157571587628780430e-02 9.654141493640122640e-01
1.122181003463307014e-01 4.920486506820270604e-03 9.936714179079895182e-01
-1.144830563990026362e-02 -8.273247678130860039e-02 9.965060328887572760e-01
-1.167240837175951840e-01 -1.892678592225069123e-01 9.749631612249097801e-01
-1.934713989293905811e-01 -3.163722697210600288e-01 9.286966160957865757e-01
-2.166682473813282828e-01 -4.640426606269894561e-01 8.589058619517028204e-01
-1.311640573409000865e-01 -6.150297049891616519e-01 7.775181361504583943e-01
1.567172803814832482e-01 -6.735973824825625123e-01 7.222923648651120576e-01
5.848371815674239249e-01 -3.645315141308668738e-01 7.246255903994036629e-01
6.004133049417829104e-01 7.934204236662264487e-01 9.993945446208282735e-02
4.644687266671748138e-01 6.903018509803101610e-01 5.547541405716824858e-01
3.292812726738165718e-01 4.968976673702311664e-01 8.029112974845381556e-01
1.999841939560027815e-01 3.003458495029786013e-01 9.326299871085201865e-01
7.887042231947050119e-02 1.125403797773118636e-01 9.905120490952125101e-01
-3.453162332619959946e-02 -7.361296780633201642e-02 9.966888671803447730e-01
-1.403195933316310762e-01 -2.705156193470979464e-01 9.524346231718512357e-01
-2.315549041591031809e-01 -4.904031064895333358e-01 8.401708870850823629e-01
-2.826864121339104918e-01 -7.360814146229239796e-01 6.150386519899078142e-01
-2.240199431068899127e-01 -9.574635318815497564e-01 1.818753699851560213e-01
1.167816549896487227e-01 -8.245951154825060803e-01 -5.535385628666010804e-01
6.723434896334318234e-01 4.280279194544638344e-01 -6.039423251561994999e-01
-7.918709246612171127e-03 9.784582877742307172e-01 2.062926880182755218e-01
1.550689101909733802e-01 7.892216675716889895e-01 5.942077015048169431e-01
1.672762365012998298e-01 5.551090527926939577e-01 8.147837751265940565e-01
1.121412717488611960e-01 3.396411759374439732e-01 9.338459223974382439e-01
2.492664074771963612e-02 1.470069012414765286e-01 9.888213355143702366e-01
-8.249418791836560239e-02 -3.166995141681894221e-02 9.960882105200250525e-01
-2.093856227386620694e-01 -2.065188626167407393e-01 9.557759258182976225e-01
-3.596117694025091072e-01 -3.824219117291273173e-01 8.511362151480346139e-01
-5.390493205481958761e-01 -5.447308721186305824e-01 6.424127232374714502e-01
-7.531307316391071538e-01 -6.046104215748188127e-01 2.593074221534953927e-01
-9.253060531325633109e-01 -2.287371064300844081e-01 -3.024699062356261958e-01
-4.725619258121480648e-01 8.087597086551081560e-01 -3.501327747138158197e-01
-3.163492581518400626e-01 8.059275077691437916e-01 5.004038360042688538e-01
-7.053330771705039470e-02 6.966043269193288312e-01 7.139800166809483484e-01
2.566982642934412251e-02 5.108768056736066043e-01 8.592705915110949721e-01
2.895028551500140879e-02 3.255507333434801698e-01 9.450812668697227137e-01
-2.274138783607344838e-02 1.584837061402357694e-01 9.870996627328894046e-01
-1.124119658862723914e-01 9.787887773749970668e-03 9.936134797689420983e-01
-2.364482885522785072e-01 -1.216534912077854858e-01 9.639982546237716443e-01
-3.979430919506420916e-01 -2.284779443366729834e-01 8.885038686018551513e-01
-5.985821747239533641e-01 -2.804803631068871761e-01 7.503533474398232928e-01
-8.165349636689400725e-01 -1.996456235341439733e-01 5.416754361330190504e-01
-9.365070474588844673e-01 1.349614598868452420e-01 3.236355271057547722e-01
-7.066187027667581999e-01 6.451122680301479839e-01 2.907235293835027101e-01
-3.463648420831881292e-01 5.736852924096599304e-01 7.422375505466519696e-01
-1.537495179869106110e-01 5.263556250612637655e-01 8.362480742489997176e-01
-4.990704095519375022e-02 4.074310062576781966e-01 9.118712970605782342e-01
-2.250314300265662468e-02 2.733185513734342487e-01 9.616603236227385665e-01
-4.976168259500411695e-02 1.469203538447526602e-01 9.878958369035877318e-01
-1.174665116882522287e-01 3.655197715354122773e-02 9.924039357025788988e-01
-2.193693800261153071e-01 -5.119163830733017978e-02 9.742979478959759021e-01
-3.522290116169289886e-01 -1.038310005752415971e-01 9.301364667052647306e-01
-5.059800535320696513e-01 -9.700610121297537081e-02 8.570729267425802878e-01
-6.462585848326422022e-01 4.842282901124393690e-03 7.631031344624129575e-01
-6.971170755098293759e-01 2.186351027426798599e-01 6.828077876543368063e-01
-5.765200604372466842e-01 4.673024025532683257e-01 6.702634440884907008e-01
-2.574408500238912212e-01 3.747281703378460560e-01 8.906755902651987133e-01
-1.355660549587912322e-01 3.574852931858502059e-01 9.240271153481939281e-01
-5.949118939743612555e-02 2.909833444769901467e-01 9.548766892227639191e-01
-3.410735048097441463e-02 2.054127277800985585e-01 9.780809270756163354e-01
-5.056899124904036535e-02 1.188757459954607049e-01 9.916205595579811183e-01
-9.924050312602321344e-02 4.246344047034601027e-02 9.941570191688461344e-01
-1.729383891710842280e-01 -1.384620904498064416e-02 9.848353141748324990e-01
-2.646844870759006429e-01 -3.815451806526141271e-02 9.635799681669192651e-01
-3.616943424665940432e-01 -1.651803665776429772e-02 9.321503940312425573e-01
-4.379817818257821238e-01 6.135777781090881455e-02 8.968874967858387892e-01
-4.549357304550727399e-01 1.864032055804700772e-01 8.707969488374277534e-01
-3.857990987318522524e-01 3.129373519339603282e-01 8.678878206209699187e-01
-1.264624525816752942e-01 2.173224099187088809e-01 9.678730382824963785e-01
-6.062280286637194981e-02 2.182803604992732405e-01 9.740013141638297345e-01
-2.032404475227307661e-02 1.879882608018792478e-01 9.819609702048240907e-01
-1.065768110711906233e-02 1.389845950263548235e-01 9.902371918781373017e-01
-2.745754867828140849e-02 8.255328685431018165e-02 9.962083305464547456e-01
-6.379888024320128082e-02 2.909035183675477351e-02 9.975386981515051987e-01
-1.126840411418685572e-01 -1.090398168246218755e-02 9.935710392596058815e-01
-1.667144880325633904e-01 -2.724159480242177578e-02 9.856288221194717813e-01
-2.159664821426012515e-01 -1.203639142493094505e-02 9.763265866872676835e-01
-2.462140729282213669e-01 3.628597020934140605e-02 9.685359872808341208e-01
-2.418264468902811271e-01 1.073996156364977750e-01 9.643574504018140869e-01
-1.967950973897590605e-01 1.770551358939296827e-01 9.643252399978589073e-01
2.288627226028813050e-02 9.558415584931133357e-02 9.951582224413090261e-01
4.649793954888301051e-02 1.143890720360330598e-01 9.923472586833766984e-01
5.112037048819799423e-02 1.097585283934915529e-01 9.926428225530652405e-01
3.795883810032760208e-02 8.460274634609155076e-02 9.956914692417331292e-01
1.218556687063455067e-02 4.559913210038055165e-02 9.988854944945451120e-01
-1.963626410319011667e-02 1.944970282463909760e-03 9.998052981569376385e-01
-5.072406011856427088e-02 -3.604634462243602733e-02 9.980619874358608312e-01
-7.444186721975915022e-02 -5.878437444788761623e-02 9.954912383972316370e-01
-8.464572351735639988e-02 -5.940350813386682111e-02 9.946387910752906292e-01
-7.689326534649201794e-02 -3.585701011179431852e-02 9.963943499288842043e-01
-5.103878523318403776e-02 6.881223265158111294e-03 9.986729650732857344e-01
-1.372208781113328467e-02 5.610398002624741864e-02 9.983306304683297050e-01
1.882069521954120028e-01 6.001111970204995281e-03 9.821110577732290459e-01
1.756271482493655944e-01 4.773790479686852023e-02 9.832986307543447602e-01
1.430086025458644772e-01 6.258134934340783828e-02 9.877409145682943814e-01
1.009068743646956146e-01 4.976124927665396408e-02 9.936506532863143004e-01
5.844837626669256714e-02 1.506539977764147394e-02 9.981767483974678390e-01
2.324859303685434739e-02 -3.225586847782296179e-02 9.992092182674052747e-01
2.355967261172662100e-03 -8.172252430404551571e-02 9.966523357920104020e-01
2.318437620940976603e-03 -1.229574183607783644e-01 9.924092392340069235e-01
2.724534645103423094e-02 -1.461172614447305562e-01 9.888920249474234536e-01
7.439737455946390798e-02 -1.425229580326947409e-01 9.869915081155724579e-01
1.299067333540372959e-01 -1.085428127747765231e-01 9.855671963007773817e-01
1.726400151126594451e-01 -5.245828276208239910e-02 9.835870849861403364e-01
3.735471805516972221e-01 -4.611698913945372347e-02 9.264640992583705881e-01
3.220148647247978446e-01 2.596442728389911081e-02 9.463785053624845789e-01
2.457539084050225364e-01 5.444965981201240618e-02 9.678017622684833565e-01
1.674620901640834492e-01 4.177968060301950198e-02 9.849928459875242348e-01
1.009432103499110084e-01 -2.258694676001240988e-03 9.948896253266462653e-01
5.464936767035244447e-02 -6.663257153660341603e-02 9.962798537677503008e-01
3.608095952054522076e-02 -1.406935476086135228e-01 9.893955174859776491e-01
5.351872840639505108e-02 -2.129771331548520885e-01 9.755903271675850918e-01
1.131251581936376788e-01 -2.678085434174243828e-01 9.568078608875544289e-01
2.091614278837267138e-01 -2.829879346230950166e-01 9.360391690219533878e-01
3.115156789502525614e-01 -2.395496357064289539e-01 9.195509522593742213e-01
3.740111579708708112e-01 -1.468829114660115120e-01 9.157188782768135304e-01
5.787054361796241109e-01 -3.931351995749362421e-02 8.145885251369306967e-01
4.760694515161272844e-01 6.735994655176531787e-02 8.768241071810274345e-01
3.464592007529779250e-01 9.698690471566234761e-02 9.330378140928922148e-01
2.259482614700742131e-01 6.782408505601535131e-02 9.717753220909416401e-01
1.302045592030560139e-01 -4.010051101160417328e-04 9.914870709987996245e-01
6.600934442818728876e-02 -9.418047561781817123e-02 9.933643865473816836e-01
4.051080892661319127e-02 -2.043816284600224464e-01 9.780526694959572609e-01
6.579640903482004977e-02 -3.205668354939636977e-01 9.449379538041245974e-01
1.570049831349545066e-01 -4.209658479708803247e-01 8.933852417143101077e-01
3.160205755545647532e-01 -4.610549597067628014e-01 8.291919680966568507e-01
4.958366902908773466e-01 -3.880227833080441835e-01 7.769068774282180678e-01
5.984444116478278008e-01 -2.137932837772308914e-01 7.721118558727410042e-01
7.781542366183573645e-01 7.340187179844390175e-02 6.237693077167747457e-01
6.058171364420972260e-01 1.993810042267267491e-01 7.702160815944049110e-01
4.201178453081719222e-01 1.999717372152530204e-01 8.851623017101271085e-01
2.613036786528171729e-01 1.305146129243262010e-01 9.563923480119190801e-01
1.384296975105480942e-01 2.356179962593273752e-02 9.900919454502593586e-01
5.259565347203893487e-02 -1.077579694701410323e-01 9.927849300082414175e-01
8.828250160106831598e-03 -2.596966484527986618e-01 9.656498914106917963e-01
2.330806713615428405e-02 -4.278092715910248867e-01 9.035684595796553698e-01
1.271320624615880079e-01 -5.901883400402548885e-01 7.971920483640106969e-01
3.525769843130296954e-01 -6.759352046886181187e-01 6.471484135770831925e-01
6.577900378008486593e-01 -5.551875650149691310e-01 5.089980685844626151e-01
8.359631510492445683e-01 -2.146691340814834148e-01 5.050571977118230027e-01
8.666296946219023134e-01 3.601148671403285317e-01 3.453552589204827994e-01
6.337978079146954213e-01 4.332592902450024819e-01 6.407704160610002697e-01
4.251024867136688479e-01 3.522806170487292055e-01 8.337782934579082150e-01
2.556009973720855255e-01 2.185515435952445074e-01 9.417554634481758447e-01
1.207362948267250297e-01 6.563135525854986441e-02 9.905126310746316110e-01
1.589479273010524843e-02 -1.013569000666133119e-01 9.947231445849978870e-01
-5.713536112565342079e-02 -2.877767094471678777e-01 9.559916924370720492e-01
-8.257065017930058370e-02 -4.995727358236187743e-01 8.623277621361381540e-01
-1.835736969679815922e-02 -7.270116462572718818e-01 6.863796858765490727e-01
2.158593243630659297e-01 -8.936995766084558923e-01 3.933266058321405190e-01
6.724971341735856978e-01 -7.390001926736040616e-01 4.032765498568648133e-02
9.978207724530915312e-01 -5.712742359491464195e-02 3.301762460474741423e-02
2.945316939770976084e-01 9.202308184172647287e-01 -2.577330442104838193e-01
2.472582613431730802e-01 9.110705854567561213e-01 3.298692779162501476e-01
1.790016579001007524e-01 6.850466486368910202e-01 7.061653458364960390e-01
1.072017073845836638e-01 4.153601131020623893e-01 9.033181999592460043e-01
4.216382535952342692e-02 1.535572395483118247e-01 9.872397814174986852e-01
-1.383607473569855272e-02 -1.028468543806758534e-01 9.946009690221903066e-01
-5.949004010175035218e-02 -3.707604090235019356e-01 9.268212633671544243e-01
-8.524279147992450123e-02 -6.571333311016481771e-01 7.489388837922493769e-01
-6.416570683505032346e-02 -9.183626193675188398e-01 3.905033436665860114e-01
4.248646125016369152e-02 -9.789037440345825791e-01 -1.998558493653015966e-01
2.201424213031069888e-01 -5.184766536681589821e-01 -8.262682820633039382e-01
3.067046946081504188e-01 4.305719576324119058e-01 -8.488462873841752243e-01
-3.191742621908958411e-01 9.353792333744277432e-01 -1.522940580807666811e-01
-1.170847242488041728e-01 9.176894687324069766e-01 3.796540613839280986e-01
-2.259625197415945572e-02 6.889173215448047838e-01 7.244876351410775017e-01
-3.620129374611697707e-03 4.205781183555991065e-01 9.072491063780618870e-01
-2.733380268423954776e-02 1.640734764991667871e-01 9.860693472268384774e-01
-7.913970658622024312e-02 -8.160029783110273049e-02 9.935181418752867533e-01
-1.574848122582279408e-01 -3.305608025843355668e-01 9.305525722401689626e-01
-2.656527136946142953e-01 -5.863673574624409524e-01 7.652463379914041797e-01
-4.030558871584699054e-01 -8.050214796051814448e-01 4.353003206996788332e-01
-5.530154813034112715e-01 -8.274551086092422070e-01 -9.742648857036401155e-02
-6.593090458291601674e-01 -3.857372567337718494e-01 -6.453823292091951380e-01
-5.748402323239439893e-01 4.711151181278951938e-01 -6.690360623860904798e-01
-6.312433069432102917e-01 7.389705876718363209e-01 2.354874901037252999e-01
-3.467600308677513121e-01 7.504741084749224633e-01 5.626242916026088503e-01
-1.695589667706570436e-01 5.824609949768196904e-01 7.949773242792725902e-01
-9.179559288043642740e-02 3.663788834775916214e-01 9.259266077122236815e-01
-8.272432466886035785e-02 1.526285201146694026e-01 9.848153232742125063e-01
-1.247443547913388850e-01 -5.097521867031178794e-02 9.908785864217681816e-01
-2.158120052637347297e-01 -2.475278137080609564e-01 9.445396549774810468e-01
-3.635059905296597060e-01 -4.298699558469276649e-01 8.264836452763443253e-01
-5.730271660526536914e-01 -5.532955336819633807e-01 6.045692014759009858e-01
-8.173581555705063950e-01 -5.047155814727238843e-01 2.778269737461369071e-01
-9.877331005043377132e-01 -1.547638025696026487e-01 -2.077227917938167384e-02
-9.166899783182570483e-01 3.975097321832220532e-01 -4.081049461180848853e-02
-6.186047951001336642e-01 5.044750443277923324e-01 6.023562377278081081e-01
-3.877312578292048673e-01 5.288629556539478083e-01 7.549625459842631559e-01
-2.197791343014584287e-01 4.297062779709509006e-01 8.758137055321861819e-01
-1.312135987627260914e-01 2.823599945871557160e-01 9.502924944228872128e-01
-1.082287492957486746e-01 1.265951632685192729e-01 9.860325564923629882e-01
-1.386854990018219214e-01 -2.313509159550489885e-02 9.900662098584687154e-01
-2.198949776857980209e-01 -1.595483902016670286e-01 9.623879207329008034e-01
-3.550872192061172994e-01 -2.684537119051765286e-01 8.954583582281797627e-01
-5.407363081599730892e-01 -3.151721392861246973e-01 7.799171543538354623e-01
-7.409343471651033131e-01 -2.414292152432711003e-01 6.266803229861223068e-01
-8.663692855830743556e-01 -1.105022476338997015e-02 4.992816374863162654e-01
-8.203261101595550331e-01 2.984033789063814668e-01 4.878734430646647358e-01
-4.521279284197798898e-01 3.155396738329334094e-01 8.342751647869230958e-01
-3.058705261983855617e-01 3.392493039351904827e-01 8.895803117103230351e-01
-1.886975742363729835e-01 2.890722877647748934e-01 9.385256724905381986e-01
-1.206993227582234818e-01 1.995216056821084716e-01 9.724313869634694241e-01
-1.000104776069856011e-01 9.591955345951024003e-02 9.903521311295928609e-01
-1.207382353272718062e-01 -6.277778921718469261e-03 9.926645294468006142e-01
-1.799722912387802798e-01 -9.476402390356383765e-02 9.790963967658489198e-01
-2.762669089171738701e-01 -1.545667889008895679e-01 9.485703467883613849e-01
-4.011992197906520952e-01 -1.644585092098291845e-01 9.011063115902722132e-01
-5.260434264375427604e-01 -1.016155577033868579e-01 8.443652005705325481e-01
-5.980956746817778225e-01 3.558351689957211378e-02 8.006343592751712368e-01
-5.706401082599346086e-01 2.008197473756331564e-01 7.962671008581456711e-01
-2.433489966082879874e-01 1.851029478979504261e-01 9.521124747261967558e-01
-1.689717077432427439e-01 2.077575389434304087e-01 9.634756701622108066e-01
-1.078810746939191656e-01 1.869960780346129892e-01 9.764190394101301962e-01
-7.237464385240177656e-02 1.356353073466364800e-01 9.881118227853687985e-01
-6.340952373821127919e-02 6.799199258693326697e-02 9.956687808921604876e-01
-7.813451619227979039e-02 -2.399599928338892827e-03 9.969399376589780370e-01
-1.137730670533578931e-01 -6.223857788646915135e-02 9.915553684166841242e-01
-1.672899222994794766e-01 -9.823004467354472247e-02 9.810020082652664009e-01
-2.316659157305709094e-01 -9.810670658167379432e-02 9.678357182975011463e-01
-2.909871309117092464e-01 -5.469872266143568917e-02 9.551620487555867456e-01
-3.211178337700665852e-01 2.567494008213917073e-02 9.466911504215885786e-01
-3.034845143576782034e-01 1.173946765444394275e-01 9.455768818367401574e-01
-2.717747530910518197e-02 1.050588913347102610e-01 9.940945700422119113e-01
-9.716407845578943492e-03 1.327026223571581287e-01 9.911082712994074839e-01
-5.963398140975315585e-04 1.289268592511664535e-01 9.916539261972797670e-01
-9.009928057603615184e-04 9.743318519906127295e-02 9.952416604191614002e-01
-8.879438121215284252e-03 4.719297114627173800e-02 9.988463240424451106e-01
-2.185430303534054500e-02 -9.839368327249731899e-03 9.997127468777167181e-01
-3.712516643258285953e-02 -6.052443784253846298e-02 9.974760721145958797e-01
-5.199652704828780503e-02 -9.249877497095677914e-02 9.943542315511830765e-01
-6.340865324993023855e-02 -9.635713661772717098e-02 9.933250449454378295e-01
-6.784380291263172880e-02 -6.838019743898687830e-02 9.953498716554586290e-01
-6.241934799387294924e-02 -1.396609708546908170e-02 9.979522900059979440e-01
-4.730795722546653898e-02 5.092231725100056228e-02 9.975815128544543997e-01
1.961016818007899065e-01 6.916737458571277364e-02 9.781410965130342694e-01
1.616822137983933705e-01 1.102952459542602265e-01 9.806598903091359176e-01
1.190556033386441503e-01 1.154601602869207710e-01 9.861514664087703830e-01
7.990466512343114003e-02 8.770627449808501841e-02 9.929364802973450477e-01
5.078871974159783476e-02 3.648722282459734151e-02 9.980426787054688109e-01
3.529360688224844611e-02 -2.588644065632145913e-02 9.990416675511434308e-01
3.628310189764202137e-02 -8.610214201450056004e-02 9.956254103110959708e-01
5.623868416403828702e-02 -1.309521335488462723e-01 9.897922757439966412e-01
9.492086714174828577e-02 -1.482487232794744425e-01 9.843842466369455702e-01
1.447973539191871883e-01 -1.291575606632547057e-01 9.809954387363357675e-01
1.887773590757846065e-01 -7.426609173824209875e-02 9.792076676161484139e-01
2.079906840313856531e-01 5.026271873072730555e-04 9.781306777327757329e-01
4.320951764996444067e-01 8.260591393050335796e-02 8.980367595090219535e-01
3.396983616313912213e-01 1.457228603407616507e-01 9.291769858746521393e-01
2.391335609211458213e-01 1.507289151929269433e-01 9.592163124999660839e-01
1.564826096709527881e-01 1.095696339602082875e-01 9.815842746215553971e-01
1.023689758748547729e-01 3.856741857542758667e-02 9.939985648896729753e-01
8.025005530802932496e-02 -4.776800052287309001e-02 9.956295228392767482e-01
9.319453623048029600e-02 -1.361726717404556919e-01 9.862919354267369876e-01
1.454235876216498358e-01 -2.116182764454924148e-01 9.664728062586546153e-01
2.370703740911193902e-01 -2.537258539880096198e-01 9.377744018399676307e-01
3.515786760540224321e-01 -2.383247074637329377e-01 9.053141821248413823e-01
4.471137876891720375e-01 -1.550284297681250312e-01 8.809400926407306986e-01
4.774657137835265908e-01 -3.055164866434506576e-02 8.781190630689365006e-01
6.676896649897607894e-01 1.677811911220021268e-01 7.252861388249144392e-01
5.052631905676737700e-01 2.553926977607927085e-01 8.243079995898775492e-01
3.407762120892898761e-01 2.424562559320989630e-01 9.083427421593154305e-01
2.135371086096489734e-01 1.658475349400599375e-01 9.627546408098501818e-01
1.336956227175960521e-01 5.545448853082895341e-02 9.894696964374068981e-01
1.015420347606964258e-01 -7.220842195556105569e-02 9.922072157445112062e-01
1.199336521306393760e-01 -2.065408798246034794e-01 9.710596192036604624e-01
1.979315344336674276e-01 -3.322862150701080264e-01 9.221762190335838216e-01
3.434960793193010953e-01 -4.164498738984823700e-01 8.417719085489786535e-01
5.378062304304606078e-01 -4.035728677617582139e-01 7.401982159642979120e-01
7.063260564429737487e-01 -2.558632715255014789e-01 6.600283995965181560e-01
7.555864546114062774e-01 -2.593974955079323200e-02 6.545351319837607873e-01
8.309412309742683078e-01 3.595371839540091874e-01 4.245817754229972429e-01
6.020667865910780403e-01 4.545525993955109589e-01 6.564278474186158174e-01
3.889647738839162594e-01 3.907095410060917873e-01 8.342975843452261620e-01
2.325144625387894903e-01 2.525838056472798354e-01 9.392222558239828878e-01
1.351497822043924713e-01 8.616768092529714096e-02 9.870712573740814122e-01
9.155028609478185753e-02 -9.424329529690735063e-02 9.913307956517646291e-01
1.037558704802708787e-01 -2.859034062524444808e-01 9.526247748374476743e-01
1.872869574903143486e-01 -4.783297539577670010e-01 8.579768307085458012e-01
3.664030941716114875e-01 -6.263502390262880581e-01 6.880655133439227411e-01
6.371856385286390756e-01 -6.241384207343180224e-01 4.521567137798291891e-01
8.949133825830416500e-01 -3.680157036517340274e-01 2.523776526151360611e-01
9.688971790882114909e-01 4.870345530842426496e-02 2.426236381639707562e-01
7.538179609006846471e-01 6.565923250039135128e-01 2.539686141010439810e-02
5.320695661612006022e-01 7.132990166170722901e-01 4.561869021116314316e-01
3.385007561490896433e-01 5.632886928540481453e-01 7.537394023064102333e-01
1.965484415465822421e-01 3.486800730048013053e-01 9.164010676635606645e-01
1.025507504414429616e-01 1.234183125407772030e-01 9.870416727339644813e-01
4.973903907789327394e-02 -1.067330643406300544e-01 9.930428394425232508e-01
3.941937313829080997e-02 -3.507124578935493786e-01 9.356531862285674128e-01
8.915495452988550507e-02 -6.078943272544150567e-01 7.889967559975769040e-01
2.362788808004633589e-01 -8.296968413432843636e-01 5.057424660365242852e-01
5.088151659336497268e-01 -8.579452866602272909e-01 7.097191003072272908e-02
8.149787416423314168e-01 -4.695879026252656185e-01 -3.395539020230862737e-01
9.072746739653054782e-01 2.227824676014581451e-01 -3.566800220233071750e-01
5.123289685228579055e-02 9.144031272924612042e-01 -4.015496371282786248e-01
-3.287018166311455551e-03 9.781651599491608673e-01 2.078030687289972311e-01
-2.499477802021051950e-02 7.623080533584906116e-01 6.467315462048057739e-01
-2.489620216767339522e-02 4.648251396476622554e-01 8.850524101256135312e-01
-8.563564993944955059e-03 1.702175732914094908e-01 9.853692927513717503e-01
1.986048316657985230e-02 -1.161390830714152111e-01 9.930343773463313761e-01
5.841151518585098457e-02 -4.124315737213356536e-01 9.091140147920970804e-01
1.093672966655734186e-01 -7.167696164820677174e-01 6.886799774264981133e-01
1.763226559156030049e-01 -9.487104160648848206e-01 2.624097320239464071e-01
2.435988593788172563e-01 -9.026043375070736952e-01 -3.549154908182371448e-01
2.490484410975773444e-01 -3.880455572107727735e-01 -8.873530974284494777e-01
1.494853061481419276e-01 3.995150300292976131e-01 -9.044566789108701155e-01
-5.234744568151631361e-01 7.977576333980774814e-01 -2.992611759269432348e-01
-3.720759101912898270e-01 8.904480317418592694e-01 2.620340050879075844e-01
-2.345123239011096261e-01 7.045365338210242134e-01 6.698001511270926800e-01
-1.391760548591814695e-01 4.298435670516509433e-01 8.921123996549659152e-01
-7.999745046888070976e-02 1.512970491552405594e-01 9.852459646379235769e-01
-5.038449610400597828e-02 -1.225602526243704388e-01 9.911813088577673403e-01
-5.224372546844498894e-02 -4.070870635136276672e-01 9.118940266659502081e-01
-9.472828700220867204e-02 -7.004832409040554486e-01 7.073540703594902723e-01
-1.888264829123246225e-01 -9.300433882335680247e-01 3.152203282690244079e-01
-3.352028629258627657e-01 -9.083727939696858433e-01 -2.499958156890006999e-01
-5.022027328498251952e-01 -4.543567683847652972e-01 -7.357664997410308105e-01
-5.944422525778467747e-01 2.799307785750455579e-01 -7.538416064111863601e-01
-8.238401026557788942e-01 5.578425825494582879e-01 1.004944692543336959e-01
-5.794552557736261100e-01 6.635748672225622036e-01 4.731807288414638379e-01
-3.615343107566576508e-01 5.453638021286406623e-01 7.562217039158760645e-01
-2.139339596654590003e-01 3.389634937875026788e-01 9.161528315631813912e-01
-1.312547316180472379e-01 1.154903228204963023e-01 9.845984870812857226e-01
-1.039856726881754900e-01 -1.102990888854687573e-01 9.884437722332256593e-01
-1.344684110465648730e-01 -3.429541202595748350e-01 9.296777494527876939e-01
-2.369701445516283755e-01 -5.744369165206996142e-01 7.834968918440763375e-01
-4.259299150564994640e-01 -7.450158804514424027e-01 5.133566453598574775e-01
-6.816602498644644959e-01 -7.184165521659230391e-01 1.386252550176426956e-01
-9.090549073877802755e-01 -3.802106907043043549e-01 -1.704670232870168500e-01
-9.708103257629222549e-01 1.525397394971133580e-01 -1.850917050173060407e-01
-7.901399243384380489e-01 3.279169288587281406e-01 5.178314279127916864e-01
-5.739454241519187372e-01 4.185629115863929717e-01 7.038407057988214088e-01
-3.719096032815295549e-01 3.631173297832016589e-01 8.543003288059712874e-01
-2.289946335017835899e-01 2.334685733618204473e-01 9.450152819292473305e-01
-1.485520772919814159e-01 7.749003415013230867e-02 9.858638724183820257e-01
-1.258963124274178336e-01 -8.677551034186579970e-02 9.882409267592993096e-01
-1.638810111563664407e-01 -2.529218315489857316e-01 9.535059314489121585e-01
-2.735070966020572425e-01 -4.069033766079512282e-01 8.715638302576128593e-01
-4.609208403362968220e-01 -5.057633664846645782e-01 7.292156032791473619e-01
-6.951669643225830697e-01 -4.718717910084607725e-01 5.422913465702561275e-01
-8.832392755320126465e-01 -2.554386074122281802e-01 3.932422917247992422e-01
-9.211643655043285639e-01 6.804855908778174867e-02 3.831782944414788283e-01
-5.785570187089206229e-01 1.745606058972688779e-01 7.967436042865018164e-01
-4.372005551441951465e-01 2.397660168875145048e-01 8.668148197437680613e-01
-2.975683698675442024e-01 2.215070225580674790e-01 9.286483210623210915e-01
-1.927857917490886919e-01 1.491377991610937093e-01 9.698409948858260909e-01
-1.312099865677284483e-01 4.948350383789405088e-02 9.901188424996408832e-01
-1.135220021692440046e-01 -6.066211925232840863e-02 9.916818352230245548e-01
-1.427136052648423081e-01 -1.691250058881996476e-01 9.752074442166565049e-01
-2.244014730985288975e-01 -2.604433694036162317e-01 9.390491095810201694e-01
-3.574575254712530903e-01 -3.081516235766870726e-01 8.816272990164727430e-01
-5.152809630071083502e-01 -2.768959183277962532e-01 8.110574452996209827e-01
-6.369505537962054653e-01 -1.518741695542523418e-01 7.557964201032820739e-01
-6.612748251870239624e-01 2.550507800199112995e-02 7.497100083165390005e-01
-3.242718000683018076e-01 1.007215843641390274e-01 9.405864990119834346e-01
-2.556491543734836225e-01 1.446539072282397864e-01 9.558863724270280082e-01
-1.831022498697532641e-01 1.416379690988576745e-01 9.728372175252327780e-01
-1.245319812574472579e-01 1.009437503352747928e-01 9.870674469925413419e-01
-8.702249997361491407e-02 3.654171194925389526e-02 9.955359299322582567e-01
-7.331022965920630519e-02 -3.762559216598725109e-02 9.965991797314794898e-01
-8.618222805315071955e-02 -1.080186591702710919e-01 9.904062766555836728e-01
-1.283680560441417262e-01 -1.606469148228626409e-01 9.786287400977925488e-01
-1.977696056335286057e-01 -1.804575072402814506e-01 9.634948215575305230e-01
-2.795243805095562473e-01 -1.542750845754176647e-01 9.476630830521933779e-01
-3.436635560859392369e-01 -8.142790638577344919e-02 9.355559076185757661e-01
-3.606348907737419451e-01 1.594951259810446775e-02 9.325706882615046878e-01
-7.470369232636935031e-02 8.948849577381944032e-02 9.931823435184896631e-01
-6.805749608753200453e-02 1.214598691646400358e-01 9.902604088868979249e-01
-5.590311741868351364e-02 1.203823357544199779e-01 9.911523266890966966e-01
-4.158714251586600325e-02 8.961421661258291149e-02 9.951079347278272147e-01
-2.763103679930441550e-02 3.842474796338735121e-02 9.988794044074296163e-01
-1.638063918239580918e-02 -2.083452923911128032e-02 9.996487368327882095e-01
-1.039639141518893840e-02 -7.468796325068480235e-02 9.971527582026039616e-01
-1.208525415439568214e-02 -1.103433436682102614e-01 9.938200506832730596e-01
-2.257021812524444282e-02 -1.176237396735327623e-01 9.928017128908394051e-01
-4.004511660825995495e-02 -9.166445622072125210e-02 9.949844300799236541e-01
-5.890980168426901420e-02 -3.687419306637121363e-02 9.975820413135101372e-01
-7.196257403103061001e-02 3.087959569985259875e-02 9.969292043611956977e-01
1.702989691820143148e-01 1.292826728784275958e-01 9.768747368977399592e-01
1.166922116684799005e-01 1.594963272462553150e-01 9.802774348779634828e-01
7.025676073463509030e-02 1.512865849396813345e-01 9.859900388890379119e-01
4.183379910749619041e-02 1.118393050802271305e-01 9.928453570881292656e-01
3.371145760196016250e-02 5.279699013376384920e-02 9.980360792371836265e-01
4.413018055955813396e-02 -1.277721299060316680e-02 9.989440775098512582e-01
7.053725117833857527e-02 -7.127247537530448374e-02 9.949596627251432457e-01
1.100883724353831222e-01 -1.092356677013394950e-01 9.879008650448977136e-01
1.573532962630172782e-01 -1.148318813407916555e-01 9.808433000142439129e-01
2.007670914284351849e-01 -8.155507114058474505e-02 9.762383650372937760e-01
2.232053070550964191e-01 -1.479284378885910821e-02 9.746592033501512153e-01
2.118469920820976182e-01 6.470063003149881253e-02 9.751587975398378072e-01
4.168446124238324724e-01 2.211574680949450478e-01 8.816631689023831653e-01
2.934724452698853625e-01 2.587741419136092569e-01 9.202770600988895433e-01
1.834662540781394624e-01 2.326421311024864935e-01 9.551009226519353579e-01
1.119727175214646486e-01 1.650374774434065495e-01 9.799105783539494574e-01
8.346777014856064658e-02 7.703907934872288032e-02 9.935281131399800181e-01
9.479168946079501168e-02 -1.598768928904042985e-02 9.953687404175129982e-01
1.431531282071915601e-01 -1.007674911664942774e-01 9.845573089508240505e-01
2.266793303359929124e-01 -1.616175031127512207e-01 9.604666906697599815e-01
3.374656224278597683e-01 -1.778797164413996601e-01 9.243785805383879506e-01
4.496882905710146705e-01 -1.297580579746022700e-01 8.837099567810688949e-01
5.183781190321400389e-01 -1.859983556566317808e-02 8.549492217819830708e-01
5.061612538821863572e-01 1.171315694248398903e-01 8.544477634779313879e-01
6.400439454834619957e-01 3.766055437238839398e-01 6.697103943394364656e-01
4.368625682295085300e-01 4.262323393573377861e-01 7.921345146917297964e-01
2.625009002006044034e-01 3.644074226554478990e-01 8.934766408292211803e-01
1.530180195009146482e-01 2.458693406505421120e-01 9.571487622287734309e-01
1.092360863444773733e-01 1.080927885787276721e-01 9.881211598268048180e-01
1.233753118056136466e-01 -3.216783789222161377e-02 9.918385769076910607e-01
1.923822900113554002e-01 -1.650748036813434183e-01 9.673362205973062844e-01
3.184967234726315821e-01 -2.733101960627661864e-01 9.076680967541932432e-01
4.965011525241550538e-01 -3.194558640150790829e-01 8.071149586574113410e-01
6.871395385227463404e-01 -2.517589227395694018e-01 6.815106011058820190e-01
8.085298547114370127e-01 -5.574205257581587442e-02 5.858090965621624013e-01
7.902799642818327808e-01 1.939330827996089690e-01 5.812465375814398483e-01
7.405772418869970286e-01 5.964671430499419724e-01 3.094709938926395454e-01
4.793316507251304537e-01 6.532906344756115313e-01 5.860482194492010466e-01
2.703491891319952933e-01 5.329675722695195184e-01 8.017835635910885994e-01
1.473346542269463322e-01 3.429146694802300277e-01 9.277402810695866142e-01
1.018597764605932154e-01 1.405791022543752822e-01 9.848157705625776304e-01
1.206135803851742100e-01 -5.986267678734252806e-02 9.908929428321460176e-01
2.006251360287482632e-01 -2.574394024911755841e-01 9.452378054428767218e-01
3.501244495039258497e-01 -4.370660796422638494e-01 8.284842254899571490e-01
5.726606539473749757e-01 -5.393980547892186506e-01 6.173406789692269525e-01
8.237704552465718866e-01 -4.563654851188355122e-01 3.363521682032980520e-01
9.845893080201190140e-01 -1.331200541437547458e-01 1.134149272237634370e-01
9.492754021667259012e-01 2.973481015127627525e-01 1.022756929478282756e-01
5.575126771572311846e-01 8.204336584301638036e-01 -1.267605101122060707e-01
3.327136132229702170e-01 8.757536451516076959e-01 3.497959470601576526e-01
1.705718053313070581e-01 6.902585116162257561e-01 7.031702826253408700e-01
8.395640497975526140e-02 4.285403959071860114e-01 8.996135009761864199e-01
5.929216826013596758e-02 1.650144528595999249e-01 9.845073230456522495e-01
8.346089561240613297e-02 -9.188389762408413763e-02 9.922659060257053021e-01
1.539932323223578425e-01 -3.530551775846422768e-01 9.228424166560652564e-01
2.807083746524848822e-01 -6.101935632658742614e-01 7.408553325372073672e-01
4.739189042210563696e-01 -7.864992509633484952e-01 3.960047985264750769e-01
7.000045558471229556e-01 -7.087991275134550850e-01 -8.716317243795401737e-02
8.366861180593988534e-01 -2.511452651422445004e-01 -4.867056560626865647e-01
7.690082783160728797e-01 3.942634227405620861e-01 -5.031725562570815713e-01
-2.222869731676282989e-01 8.684446324473709122e-01 -4.431618462067186681e-01
-3.154936700050695042e-01 9.308905171217514152e-01 1.841374196613768943e-01
-2.803445755689072949e-01 7.111109604763093950e-01 6.447698200439992977e-01
-1.851614638836705518e-01 4.218907330200617478e-01 8.875378536627739345e-01
-6.798528105054167658e-02 1.518554215337659385e-01 9.860618299637279316e-01
6.033847075304951679e-02 -1.015414356143278379e-01 9.929998015108248977e-01
1.990901865373340685e-01 -3.652690314741988131e-01 9.093633114824803965e-01
3.445723137275837344e-01 -6.437649553607203146e-01 6.832544203017592022e-01
4.670895613103491772e-01 -8.523413353900006761e-01 2.352479324042638376e-01
4.843446198659742685e-01 -7.789453114050722826e-01 -3.983145629359525763e-01
3.175569826031408027e-01 -2.914201692826156043e-01 -9.023479637785370988e-01
2.309035495749276606e-02 3.925101464062202838e-01 -9.194577861305568423e-01
-7.309707949620940504e-01 5.924282508603798680e-01 -3.386893333054667998e-01
-6.410401138959519463e-01 7.285484656127481085e-01 2.414222558704960109e-01
-4.586383447225969023e-01 5.837166027800935186e-01 6.700192507600005731e-01
-2.769071274548061679e-01 3.460874999759616655e-01 8.964072094339288199e-01
-1.233518793814440684e-01 1.047351461643497850e-01 9.868205829891062431e-01
2.002426367180513284e-03 -1.365518294335202887e-01 9.906309041045906483e-01
9.803106833416101729e-02 -4.013143531451949797e-01 9.106792517681191468e-01
1.495531490910484984e-01 -6.966641602009695511e-01 7.016358767112897965e-01
1.170167526749640863e-01 -9.493327795575520200e-01 2.916750816420851100e-01
-5.123358695159051235e-02 -9.554281824483199514e-01 -2.907440588413564564e-01
-3.425633680797797731e-01 -5.539935342681827635e-01 -7.587763193714681664e-01
-6.236338267950076730e-01 8.898698403232829790e-02 -7.766351567820265478e-01
-9.605285636433364971e-01 2.686232174573347509e-01 7.229415929444563127e-02
-7.714382252727346456e-01 4.352100348676057329e-01 4.641931603746703439e-01
-5.258583700257251081e-01 3.817749182261126473e-01 7.600795264229579518e-01
-3.136816457338666986e-01 2.299080342678970768e-01 9.212741833508764078e-01
-1.553716057408377205e-01 4.981369921456572231e-02 9.865993409181519347e-01
-4.812171945192292993e-02 -1.467470486595633394e-01 9.880028359406124450e-01
4.409481849968550221e-03 -3.710085793196972737e-01 9.286189695139194233e-01
-1.881942564678161511e-02 -6.244407797928989146e-01 7.808454019522219625e-01
-1.555770428450814202e-01 -8.514199481257690438e-01 5.008790828863852740e-01
-4.242110827845584353e-01 -8.990516989982321183e-01 1.084020284455801397e-01
-7.472169446516996327e-01 -6.311842142976750170e-01 -2.080224152510029290e-01
-9.636837011884484827e-01 -1.491389156599907673e-01 -2.215204457820962314e-01
-8.595424309401065166e-01 4.447869728263349753e-02 5.091251858842755773e-01
-6.840200808118064302e-01 1.903591566302661742e-01 7.041874186132358604e-01
-4.720972196019723732e-01 1.977473667758380127e-01 8.590810172372153053e-01
-2.899954623219723748e-01 1.223500675813662258e-01 9.491749537337599296e-01
-1.568622580452204429e-01 7.067131959958774731e-03 9.875952043458111618e-01
-7.484306008105087726e-02 -1.331431486007322584e-01 9.882668760706119215e-01
-5.062814138481560450e-02 -2.970981978586325067e-01 9.535037766726690567e-01
-1.027414500122289243e-01 -4.780870398770284413e-01 8.722826243546286662e-01
-2.551995997332315302e-01 -6.365562810952800632e-01 7.277838039515206470e-01
-5.024588610360917196e-01 -6.807427771172254172e-01 5.330331737979375761e-01
-7.598887960714312273e-01 -5.297999711204511852e-01 3.766709548211680247e-01
-8.999704632201045440e-01 -2.351920974550224253e-01 3.670665370556763785e-01
-6.034395322017633845e-01 -4.243467940737659372e-02 7.962788638157839438e-01
-4.918509052461936815e-01 5.980358362121387938e-02 8.686231739911870475e-01
-3.530445891261848601e-01 8.685769202267704103e-02 9.315660252634947458e-01
-2.274055913108629645e-01 5.600149690428377763e-02 9.721885256394676711e-01
-1.318730905406474974e-01 -1.172282083623752032e-02 9.911972878609563997e-01
-7.329027808769809915e-02 -1.030931699757631492e-01 9.919679094820161858e-01
-5.976561180825142039e-02 -2.100864926028959689e-01 9.758543627360707351e-01
-1.039202682695783142e-01 -3.218191318092287201e-01 9.410807745588326556e-01
-2.161990927071478219e-01 -4.128898378430378990e-01 8.847485146178543092e-01
-3.834058138934940407e-01 -4.379658443135163171e-01 8.131333845608502697e-01
-5.472347009553274466e-01 -3.607063349819898956e-01 7.552649349560973668e-01
-6.316236127151139135e-01 -2.039673588135624271e-01 7.479631865268463464e-01
-3.388241947969301004e-01 -2.909545707272103918e-02 9.403997125679666169e-01
-2.906688991989138660e-01 3.160130171003575072e-02 9.563017038407554127e-01
-2.210279991684696299e-01 5.283788948388152412e-02 9.738350892314814322e-01
-1.499534542694173633e-01 3.727182714451077183e-02 9.879902694126113660e-01
-8.935110922289073165e-02 -5.472258795662781998e-03 9.959851573514193479e-01
-4.712623577897752380e-02 -6.482923696453275764e-02 9.967829693247457490e-01
-3.125703721035340277e-02 -1.306943677911626966e-01 9.909298561717162501e-01
-5.025838817817861182e-02 -1.921391872503115383e-01 9.800799085485393247e-01
-1.087959486772056145e-01 -2.346921200342982905e-01 9.659622406415754314e-01
-1.979867917192760784e-01 -2.401123790654682011e-01 9.503406103730344112e-01
-2.880867923664345853e-01 -1.967183418445499210e-01 9.371808224915404439e-01
-3.413375020354214029e-01 -1.156331827310388971e-01 9.328009845383248289e-01
-1.061343275179961881e-01 4.806049216157254333e-02 9.931896564179502063e-01
-1.126302416687458147e-01 7.739541953923197160e-02 9.906181795706613391e-01
-1.000947564906397164e-01 8.044127959953319140e-02 9.917208479504002749e-01
-7.350761138258063432e-02 5.912993314088397373e-02 9.955401961124548116e-01
-3.931090089612021554e-02 2.050706032884083360e-02 9.990165732095662721e-01
-4.628554743334891038e-03 -2.587690400054764098e-02 9.996544214479374801e-01
2.296423018622574530e-02 -6.964925310965798533e-02 9.973071872162972973e-01
3.611898849068648221e-02 -1.008527878924071197e-01 9.942455098438889305e-01
2.935152682548934633e-02 -1.110623958376266568e-01 9.933799032111794158e-01
1.985139566868083204e-03 -9.514062011395384155e-02 9.954618634710395986e-01
-3.884165802768341919e-02 -5.468471006823091146e-02 9.977479181068135139e-01
-7.940305612024559090e-02 -1.042522629416558306e-03 9.968420475809214309e-01
1.044935499405865581e-01 1.735292081202804981e-01 9.792694787186485561e-01
4.143828276994218629e-02 1.807850467278301343e-01 9.826492943063128704e-01
1.405852463628753631e-03 1.567813336179189609e-01 9.876323389844433587e-01
-8.701690177349778732e-03 1.123616496952288268e-01 9.936292770776239403e-01
7.915942951995883631e-03 5.872828773262442348e-02 9.982426188392943267e-01
4.411579041172868088e-02 6.347836190006212083e-03 9.990062572436736454e-01
9.220703184770767669e-02 -3.438821109820204558e-02 9.951458758470221877e-01
1.443750317355949053e-01 -5.329521582607588126e-02 9.880867725971481663e-01
1.909016224436199116e-01 -4.218636367494154465e-02 9.807022388412353076e-01
2.183867552591251537e-01 8.827726474736002178e-04 9.758618989589800119e-01
2.128779061266216355e-01 6.609803089166231549e-02 9.748405240835111840e-01
1.701906648245805898e-01 1.314768683537072269e-01 9.766007222475635574e-01
3.056505790149165458e-01 3.475464225375268223e-01 8.864475211365987484e-01
1.714201896147356796e-01 3.384741618937947560e-01 9.252298959300720993e-01
7.575355674957789942e-02 2.751781925921759075e-01 9.584040697751250448e-01
3.432475745380863391e-02 1.891293570770636312e-01 9.813520761262715109e-01
4.197280557119615479e-02 1.015365027538118053e-01 9.939459855550325518e-01
8.875741945170001479e-02 2.423715843457198427e-02 9.957583445009966505e-01
1.665618932946554276e-01 -3.330215558541439747e-02 9.854684683618711860e-01
2.677896968566220726e-01 -5.904406056486370680e-02 9.616665103711922180e-01
3.778610879787374643e-01 -3.769398832946634775e-02 9.250946770116518225e-01
4.662540686524134226e-01 4.078198587848406997e-02 8.837103445659491019e-01
4.917265478093511555e-01 1.626254125199122214e-01 8.554285343512179063e-01
4.310003549643451892e-01 2.822797058821122085e-01 8.570629274841214951e-01
4.748715614434146359e-01 5.712420426915421068e-01 6.694621190133923649e-01
2.547573205366756577e-01 5.484121450956094268e-01 7.964564186096897425e-01
1.055338711205869029e-01 4.282505816005193200e-01 8.974764851543770572e-01
4.358309022834423729e-02 2.804768879883173249e-01 9.588708096247889889e-01
5.351736930786595708e-02 1.411862419962978676e-01 9.885354501752828815e-01
1.194443505758386176e-01 2.106209752469604540e-02 9.926174666826048654e-01
2.336200619693019342e-01 -7.492553009269073416e-02 9.694368631250886992e-01
3.918487146611233096e-01 -1.328815510391764265e-01 9.103829294378562587e-01
5.769560639637801858e-01 -1.209992569307093285e-01 8.077628860486147921e-01
7.355702943676050154e-01 -2.093611740787294350e-03 6.774451703524553281e-01
7.869093159421584049e-01 2.159794465984709311e-01 5.780368562042421665e-01
6.862850078654830766e-01 4.455783205205443021e-01 5.748676789150055644e-01
5.121888499891078528e-01 8.086607090543574961e-01 2.893621253352355316e-01
2.298751774768489076e-01 7.798017525923803817e-01 5.822942807841144930e-01
6.130592471291703566e-02 5.911746219286135862e-01 8.042102647831957940e-01
7.316861604504089171e-03 3.695631105858992460e-01 9.291768243076163891e-01
3.651042356074243184e-02 1.688230539396987362e-01 9.849699312313366928e-01
1.273686859037594654e-01 -6.106027300352027086e-03 9.918366469745328873e-01
2.743306164399589853e-01 -1.606176336896256163e-01 9.481269369823569493e-01
4.793225740445877792e-01 -2.826602869374886251e-01 8.308748595304061846e-01
7.255503942397957262e-01 -3.160050136663204445e-01 6.113243466085001021e-01
9.341115927554274334e-01 -1.682990110100020253e-01 3.148189561842816842e-01
9.804081864149867265e-01 1.797670617279423233e-01 8.052075215875036107e-02
8.124834333769210826e-01 5.788574357887171784e-01 6.924405765230905174e-02
2.758067761473548818e-01 9.466204571482437213e-01 -1.668542248181607013e-01
2.951738380533758255e-02 9.423032777696153106e-01 3.334565290377436431e-01
-7.744326100272168334e-02 7.073672040036084185e-01 7.025910474987391297e-01
-7.613958068039834715e-02 4.271100546666117825e-01 9.009882160475803925e-01
-7.926181329325720365e-03 1.745721479619399275e-01 9.846124825562161398e-01
1.068322311855736256e-01 -5.201424544076874851e-02 9.929156019779171727e-01
2.656358497321436585e-01 -2.715236165305747740e-01 9.250473074406758700e-01
4.723987086129883828e-01 -4.795775352788171908e-01 7.394895859690516771e-01
7.076285684836730594e-01 -5.978365038699950951e-01 3.766342041109689287e-01
8.776256620913294171e-01 -4.615843037249251490e-01 -1.292792628133316579e-01
8.477288807091030165e-01 1.589994533394137191e-03 -5.304273906286329776e-01
6.010238026706744563e-01 5.832468423329139062e-01 -5.464371048272042009e-01
