Step    Position
0    234
1    237
2    239
3    241
4    244
5    246
6    249
7    251
8    253
9    256
10    258
11    260
12    262
13    264
14    266
15    269
16    271
17    273
18    275
19    277
20    279
21    281
22    283
23    285
24    287
25    288
26    290
27    292
28    294
29    296
30    297
31    299
32    301
33    303
34    304
35    306
36    308
37    309
38    311
39    313
40    314
41    316
42    317
43    319
44    320
45    322
46    323
47    325
48    326
49    328
50    329
51    330
52    332
53    333
54    335
55    336
56    337
57    338
58    340
59    341
60    342
61    344
62    345
63    346
64    347
65    348
66    350
67    351
68    352
69    353
70    354
71    355
72    357
73    358
74    359
75    360
76    361
77    362
78    363
79    364
80    365
81    366
82    367
83    368
84    369
85    370
86    371
87    372
88    373
89    374
90    375
91    376
92    377
93    378
94    379
95    380
96    381
97    381
98    382
99    383
100    384
101    385
102    386
103    387
104    387
105    388
106    389
107    390
108    391
109    391
110    392
111    393
112    394
113    395
114    395
115    396
116    397
117    398
118    398
119    399
120    400
121    401
122    401
123    402
124    403
125    403
126    404
127    405
128    405
129    406
130    407
131    407
132    408
133    409
134    409
135    410
136    411
137    411
138    412
139    413
140    413
141    414
142    414
143    415
144    416
145    416
146    417
147    417
148    418
149    418
150    419
151    420
152    420
153    421
154    421
155    422
156    422
157    423
158    423
159    424
160    425
161    425
162    426
163    426
164    427
165    427
166    428
167    428
168    429
169    429
170    430
171    430
172    431
173    431
174    432
175    432
176    433
177    433
178    433
179    434
180    434
181    435
182    435
183    436
184    436
185    437
186    437
187    438
188    438
189    438
190    439
191    439
192    440
193    440
194    441
195    441
196    441
197    442
198    442
199    443
200    443
201    443
202    444
203    444
204    445
205    445
206    445
207    446
208    446
209    447
210    447
211    447
212    448
213    448
214    448
215    449
216    449
217    450
218    450
219    450
220    451
221    451
222    451
223    452
224    452
225    452
226    453
227    453
228    453
229    454
230    454
231    454
232    455
233    455
234    455
235    456
236    456
237    456
238    457
239    457
240    457
241    458
242    458
243    458
244    459
245    459
246    459
247    460
248    460
249    460
250    461
251    461
252    461
253    461
254    462
255    462
256    462
257    463
258    463
259    463
260    463
261    464
262    464
263    464
264    465
265    465
266    465
267    465
268    466
269    466
270    466
271    467
272    467
273    467
274    467
275    468
276    468
277    468
278    468
279    469
280    469
281    469
282    469
283    470
284    470
285    470
286    470
287    471
288    471
289    471
290    471
291    472
292    472
293    472
294    472
295    473
296    473
297    473
298    473
299    474
300    474
301    474
302    474
303    475
304    475
305    475
306    475
307    475
308    476
309    476
310    476
311    476
312    477
313    477
314    477
315    477
316    477
317    478
318    478
319    478
320    478
321    479
322    479
323    479
324    479
325    479
326    480
327    480
328    480
329    480
330    480
331    481
332    481
333    481
334    481
335    481
336    482
337    482
338    482
339    482
340    482
341    483
342    483
343    483
344    483
345    483
346    484
347    484
348    484
349    484
350    484
351    485
352    485
353    485
354    485
355    485
356    485
357    486
358    486
359    486
360    486
361    486
362    487
363    487
364    487
365    487
366    487
367    487
368    488
369    488
370    488
371    488
372    488
373    488
374    489
375    489
376    489
377    489
378    489
379    489
380    490
381    490
382    490
383    490
384    490
385    490
386    491
387    491
388    491
389    491
390    491
391    491
392    492
393    492
394    492
395    492
396    492
397    492
398    493
399    493
400    493
401    493
402    493
403    493
404    493
405    494
406    494
407    494
408    494
409    494
410    494
411    494
412    495
413    495
414    495
415    495
416    495
417    495
418    496
419    496
420    496
421    496
422    496
423    496
424    496
425    497
426    497
427    497
428    497
429    497
430    497
431    497
432    498
433    498
434    498
435    498
436    498
437    498
438    498
439    498
440    499
441    499
442    499
443    499
444    499
445    499
446    499
447    500
448    500
449    500
450    500
451    500
452    500
453    500
454    500
455    501
456    501
457    501
458    501
459    501
460    501
461    501
462    501
463    502
464    502
465    502
466    502
467    502
468    502
469    502
470    502
471    503
472    503
473    503
474    503
475    503
476    503
477    503
478    503
479    504
480    504
481    504
482    504
483    504
484    504
485    504
486    504
487    504
488    505
489    505
490    505
491    505
492    505
493    505
494    505
495    505
496    505
497    506
498    506
499    506
500    506
501    506
502    506
503    506
504    506
505    506
506    507
507    507
508    507
509    507
510    507
511    507
512    507
513    507
514    507
515    508
516    508
517    508
518    508
519    508
520    508
521    508
522    508
523    508
524    508
525    509
526    509
527    509
528    509
529    509
530    509
531    509
532    509
533    509
534    510
535    510
536    510
537    510
538    510
539    510
540    510
541    510
542    510
543    510
544    510
545    511
546    511
547    511
548    511
549    511
550    511
551    511
552    511
553    511
554    511
555    512
556    512
557    512
558    512
559    512
560    512
561    512
562    512
563    512
564    512
565    513
566    513
567    513
568    513
569    513
570    513
571    513
572    513
573    513
574    513
575    513
576    514
577    514
578    514
579    514
580    514
581    514
582    514
583    514
584    514
585    514
586    514
587    514
588    515
589    515
590    515
591    515
592    515
593    515
594    515
595    515
596    515
597    515
598    515
599    516
600    516
601    516
602    516
603    516
604    516
605    516
606    516
607    516
608    516
609    516
610    516
611    517
612    517
613    517
614    517
615    517
616    517
617    517
618    517
619    517
620    517
621    517
622    517
623    518
624    518
625    518
626    518
627    518
628    518
629    518
630    518
631    518
632    518
633    518
634    518
635    518
636    519
637    519
638    519
639    519
640    519
641    519
642    519
643    519
644    519
645    519
646    519
647    519
648    519
649    520
650    520
651    520
652    520
653    520
654    520
655    520
656    520
657    520
658    520
659    520
660    520
661    520
662    521
663    521
664    521
665    521
666    521
667    521
668    521
669    521
670    521
671    521
672    521
673    521
674    521
675    521
676    522
677    522
678    522
679    522
680    522
681    522
682    522
683    522
684    522
685    522
686    522
687    522
688    522
689    522
690    523
691    523
692    523
693    523
694    523
695    523
696    523
697    523
698    523
699    523
700    523
701    523
702    523
703    523
704    523
705    524
706    524
707    524
708    524
709    524
710    524
711    524
712    524
713    524
714    524
715    524
716    524
717    524
718    524
719    524
720    525
721    525
722    525
723    525
724    525
725    525
726    525
727    525
728    525
729    525
730    525
731    525
732    525
733    525
734    525
735    526
736    526
737    526
738    526
739    526
740    526
741    526
742    526
743    526
744    526
745    526
746    526
747    526
748    526
749    526
750    526
751    527
752    527
753    527
754    527
755    527
756    527
757    527
758    527
759    527
760    527
761    527
762    527
763    527
764    527
765    527
766    527
767    527
768    528
769    528
770    528
771    528
772    528
773    528
774    528
775    528
776    528
777    528
778    528
779    528
780    528
781    528
782    528
783    528
784    529
785    529
786    529
787    529
788    529
789    529
790    529
791    529
792    529
793    529
794    529
795    529
796    529
797    529
798    529
799    529
800    529
801    529
802    530
803    530
804    530
805    530
806    530
807    530
808    530
809    530
810    530
811    530
812    530
813    530
814    530
815    530
816    530
817    530
818    530
819    530
820    531
821    531
822    531
823    531
824    531
825    531
826    531
827    531
828    531
829    531
830    531
831    531
832    531
833    531
834    531
835    531
836    531
837    531
838    532
839    532
840    532
841    532
842    532
843    532
844    532
845    532
846    532
847    532
848    532
849    532
850    532
851    532
852    532
853    532
854    532
855    532
856    532
857    533
858    533
859    533
860    533
861    533
862    533
863    533
864    533
865    533
866    533
867    533
868    533
869    533
870    533
871    533
872    533
873    533
874    533
875    533
876    534
877    534
878    534
879    534
880    534
881    534
882    534
883    534
884    534
885    534
886    534
887    534
888    534
889    534
890    534
891    534
892    534
893    534
894    534
895    534
896    535
897    535
898    535
899    535
900    535
901    535
902    535
903    535
904    535
905    535
906    535
907    535
908    535
909    535
910    535
911    535
912    535
913    535
914    535
915    535
916    535
917    536
918    536
919    536
920    536
921    536
922    536
923    536
924    536
925    536
926    536
927    536
928    536
929    536
930    536
931    536
932    536
933    536
934    536
935    536
936    536
937    536
938    537
939    537
940    537
941    537
942    537
943    537
944    537
945    537
946    537
947    537
948    537
949    537
950    537
951    537
952    537
953    537
954    537
955    537
956    537
957    537
958    537
959    538
960    538
961    538
962    538
963    538
964    538
965    538
966    538
967    538
968    538
969    538
970    538
971    538
972    538
973    538
974    538
975    538
976    538
977    538
978    538
979    538
980    538
981    538
982    539
983    539
984    539
985    539
986    539
987    539
988    539
989    539
990    539
991    539
992    539
993    539
994    539
995    539
996    539
997    539
998    539
999    539
1000    539
1001    539
1002    539
1003    539
1004    540
1005    540
1006    540
1007    540
1008    540
1009    540
1010    540
1011    540
1012    540
1013    540
1014    540
1015    540
1016    540
1017    540
1018    540
1019    540
1020    540
1021    540
1022    540
1023    540
1024    540
1025    540
1026    540
1027    540
1028    541
1029    541
1030    541
1031    541
1032    541
1033    541
1034    541
1035    541
1036    541
1037    541
1038    541
1039    541
1040    541
1041    541
1042    541
1043    541
1044    541
1045    541
1046    541
1047    541
1048    541
1049    541
1050    541
1051    541
1052    542
1053    542
1054    542
1055    542
1056    542
1057    542
1058    542
1059    542
1060    542
1061    542
1062    542
1063    542
1064    542
1065    542
1066    542
1067    542
1068    542
1069    542
1070    542
1071    542
1072    542
1073    542
1074    542
1075    542
1076    543
1077    543
1078    543
1079    543
1080    543
1081    543
1082    543
1083    543
1084    543
1085    543
1086    543
1087    543
1088    543
1089    543
1090    543
1091    543
1092    543
1093    543
1094    543
1095    543
1096    543
1097    543
1098    543
1099    543
1100    543
1101    544
1102    544
1103    544
1104    544
1105    544
1106    544
1107    544
1108    544
1109    544
1110    544
1111    544
1112    544
1113    544
1114    544
1115    544
1116    544
1117    544
1118    544
1119    544
1120    544
1121    544
1122    544
1123    544
1124    544
1125    544
1126    544
1127    545
1128    545
1129    545
1130    545
1131    545
1132    545
1133    545
1134    545
1135    545
1136    545
1137    545
1138    545
1139    545
1140    545
1141    545
1142    545
1143    545
1144    545
1145    545
1146    545
1147    545
1148    545
1149    545
1150    545
1151    545
1152    545
1153    546
1154    546
1155    546
1156    546
1157    546
1158    546
1159    546
1160    546
1161    546
1162    546
1163    546
1164    546
1165    546
1166    546
1167    546
1168    546
1169    546
1170    546
1171    546
1172    546
1173    546
1174    546
1175    546
1176    546
1177    546
1178    546
1179    547
1180    547
1181    547
1182    547
1183    547
1184    547
1185    547
1186    547
1187    547
1188    547
1189    547
1190    547
1191    547
1192    547
1193    547
1194    547
1195    547
1196    547
1197    547
1198    547
1199    547
1200    547
1201    547
1202    547
1203    547
1204    547
1205    547
1206    548
1207    548
1208    548
1209    548
1210    548
1211    548
1212    548
1213    548
1214    548
1215    548
1216    548
1217    548
1218    548
1219    548
1220    548
1221    548
1222    548
1223    548
1224    548
1225    548
1226    548
1227    548
1228    548
1229    548
1230    548
1231    548
1232    548
1233    549
1234    549
1235    549
1236    549
1237    549
1238    549
1239    549
1240    549
1241    549
1242    549
1243    549
1244    549
1245    549
1246    549
1247    549
1248    549
1249    549
1250    549
1251    549
1252    549
1253    549
1254    549
1255    549
1256    549
1257    549
1258    549
1259    549
1260    549
1261    550
1262    550
1263    550
1264    550
1265    550
1266    550
1267    550
1268    550
1269    550
1270    550
1271    550
1272    550
1273    550
1274    550
1275    550
1276    550
1277    550
1278    550
1279    550
1280    550
1281    550
1282    550
1283    550
1284    550
1285    550
1286    550
1287    550
1288    550
1289    551
1290    551
1291    551
1292    551
1293    551
1294    551
1295    551
1296    551
1297    551
1298    551
1299    551
1300    551
1301    551
1302    551
1303    551
1304    551
1305    551
1306    551
1307    551
1308    551
1309    551
1310    551
1311    551
1312    551
1313    551
1314    551
1315    551
1316    551
1317    551
1318    552
1319    552
1320    552
1321    552
1322    552
1323    552
1324    552
1325    552
1326    552
1327    552
1328    552
1329    552
1330    552
1331    552
1332    552
1333    552
1334    552
1335    552
1336    552
1337    552
1338    552
1339    552
1340    552
1341    552
1342    552
1343    552
1344    552
1345    552
1346    552
1347    553
1348    553
1349    553
1350    553
1351    553
1352    553
1353    553
1354    553
1355    553
1356    553
1357    553
1358    553
1359    553
1360    553
1361    553
1362    553
1363    553
1364    553
1365    553
1366    553
1367    553
1368    553
1369    553
1370    553
1371    553
1372    553
1373    553
1374    553
1375    553
1376    554
1377    554
1378    554
1379    554
1380    554
1381    554
1382    554
1383    554
1384    554
1385    554
1386    554
1387    554
1388    554
1389    554
1390    554
1391    554
1392    554
1393    554
1394    554
1395    554
1396    554
1397    554
1398    554
1399    554
1400    554
1401    554
1402    554
1403    554
1404    554
1405    555
1406    555
1407    555
1408    555
1409    555
1410    555
1411    555
1412    555
1413    555
1414    555
1415    555
1416    555
1417    555
1418    555
1419    555
1420    555
1421    555
1422    555
1423    555
1424    555
1425    555
1426    555
1427    555
1428    555
1429    555
1430    555
1431    555
1432    555
1433    555
1434    555
1435    556
1436    556
1437    556
1438    556
1439    556
1440    556
1441    556
1442    556
1443    556
1444    556
1445    556
1446    556
1447    556
1448    556
1449    556
1450    556
1451    556
1452    556
1453    556
1454    556
1455    556
1456    556
1457    556
1458    556
1459    556
1460    556
1461    556
1462    556
1463    556
1464    557
1465    557
1466    557
1467    557
1468    557
1469    557
1470    557
1471    557
1472    557
1473    557
1474    557
1475    557
1476    557
1477    557
1478    557
1479    557
1480    557
1481    557
1482    557
1483    557
1484    557
1485    557
1486    557
1487    557
1488    557
1489    557
1490    557
1491    557
1492    557
1493    557
1494    558
1495    558
1496    558
1497    558
1498    558
1499    558
1500    558
1501    558
1502    558
1503    558
1504    558
1505    558
1506    558
1507    558
1508    558
1509    558
1510    558
1511    558
1512    558
1513    558
1514    558
1515    558
1516    558
1517    558
1518    558
1519    558
1520    558
1521    558
1522    558
1523    558
1524    559
1525    559
1526    559
1527    559
1528    559
1529    559
1530    559
1531    559
1532    559
1533    559
1534    559
1535    559
1536    559
1537    559
1538    559
1539    559
1540    559
1541    559
1542    559
1543    559
1544    559
1545    559
1546    559
1547    559
1548    559
1549    559
1550    559
1551    559
1552    559
1553    560
1554    560
1555    560
1556    560
1557    560
1558    560
1559    560
1560    560
1561    560
1562    560
1563    560
1564    560
1565    560
1566    560
1567    560
1568    560
1569    560
1570    560
1571    560
1572    560
1573    560
1574    560
1575    560
1576    560
1577    560
1578    560
1579    560
1580    560
1581    560
1582    560
1583    561
1584    561
1585    561
1586    561
1587    561
1588    561
1589    561
1590    561
1591    561
1592    561
1593    561
1594    561
1595    561
1596    561
1597    561
1598    561
1599    561
1600    561
1601    561
1602    561
1603    561
1604    561
1605    561
1606    561
1607    561
1608    561
1609    561
1610    561
1611    561
1612    561
1613    562
1614    562
1615    562
1616    562
1617    562
1618    562
1619    562
1620    562
1621    562
1622    562
1623    562
1624    562
1625    562
1626    562
1627    562
1628    562
1629    562
1630    562
1631    562
1632    562
1633    562
1634    562
1635    562
1636    562
1637    562
1638    562
1639    562
1640    562
1641    562
1642    563
1643    563
1644    563
1645    563
1646    563
1647    563
1648    563
1649    563
1650    563
1651    563
1652    563
1653    563
1654    563
1655    563
1656    563
1657    563
1658    563
1659    563
1660    563
1661    563
1662    563
1663    563
1664    563
1665    563
1666    563
1667    563
1668    563
1669    563
1670    563
1671    564
1672    564
1673    564
1674    564
1675    564
1676    564
1677    564
1678    564
1679    564
1680    564
1681    564
1682    564
1683    564
1684    564
1685    564
1686    564
1687    564
1688    564
1689    564
1690    564
1691    564
1692    564
1693    564
1694    564
1695    564
1696    564
1697    564
1698    564
1699    564
1700    565
1701    565
1702    565
1703    565
1704    565
1705    565
1706    565
1707    565
1708    565
1709    565
1710    565
1711    565
1712    565
1713    565
1714    565
1715    565
1716    565
1717    565
1718    565
1719    565
1720    565
1721    565
1722    565
1723    565
1724    565
1725    565
1726    565
1727    565
1728    566
1729    566
1730    566
1731    566
1732    566
1733    566
1734    566
1735    566
1736    566
1737    566
1738    566
1739    566
1740    566
1741    566
1742    566
1743    566
1744    566
1745    566
1746    566
1747    566
1748    566
1749    566
1750    566
1751    566
1752    566
1753    566
1754    566
1755    566
1756    567
1757    567
1758    567
1759    567
1760    567
1761    567
1762    567
1763    567
1764    567
1765    567
1766    567
1767    567
1768    567
1769    567
1770    567
1771    567
1772    567
1773    567
1774    567
1775    567
1776    567
1777    567
1778    567
1779    567
1780    567
1781    567
1782    567
1783    567
1784    568
1785    568
1786    568
1787    568
1788    568
1789    568
1790    568
1791    568
1792    568
1793    568
1794    568
1795    568
1796    568
1797    568
1798    568
1799    568
1800    568
1801    568
1802    568
1803    568
1804    568
1805    568
1806    568
1807    568
1808    568
1809    568
1810    568
1811    569
1812    569
1813    569
1814    569
1815    569
1816    569
1817    569
1818    569
1819    569
1820    569
1821    569
1822    569
1823    569
1824    569
1825    569
1826    569
1827    569
1828    569
1829    569
1830    569
1831    569
1832    569
1833    569
1834    569
1835    569
1836    569
1837    569
1838    570
1839    570
1840    570
1841    570
1842    570
1843    570
1844    570
1845    570
1846    570
1847    570
1848    570
1849    570
1850    570
1851    570
1852    570
1853    570
1854    570
1855    570
1856    570
1857    570
1858    570
1859    570
1860    570
1861    570
1862    570
1863    570
1864    570
1865    571
1866    571
1867    571
1868    571
1869    571
1870    571
1871    571
1872    571
1873    571
1874    571
1875    571
1876    571
1877    571
1878    571
1879    571
1880    571
1881    571
1882    571
1883    571
1884    571
1885    571
1886    571
1887    571
1888    571
1889    571
1890    571
1891    572
1892    572
1893    572
1894    572
1895    572
1896    572
1897    572
1898    572
1899    572
1900    572
1901    572
1902    572
1903    572
1904    572
1905    572
1906    572
1907    572
1908    572
1909    572
1910    572
1911    572
1912    572
1913    572
1914    572
1915    572
1916    573
1917    573
1918    573
1919    573
1920    573
1921    573
1922    573
1923    573
1924    573
1925    573
1926    573
1927    573
1928    573
1929    573
1930    573
1931    573
1932    573
1933    573
1934    573
1935    573
1936    573
1937    573
1938    573
1939    573
1940    573
1941    574
1942    574
1943    574
1944    574
1945    574
1946    574
1947    574
1948    574
1949    574
1950    574
1951    574
1952    574
1953    574
1954    574
1955    574
1956    574
1957    574
1958    574
1959    574
1960    574
1961    574
1962    574
1963    574
1964    574
1965    575
1966    575
1967    575
1968    575
1969    575
1970    575
1971    575
1972    575
1973    575
1974    575
1975    575
1976    575
1977    575
1978    575
1979    575
1980    575
1981    575
1982    575
1983    575
1984    575
1985    575
1986    575
1987    575
1988    575
1989    576
1990    576
1991    576
1992    576
1993    576
1994    576
1995    576
1996    576
1997    576
1998    576
1999    576
2000    576
2001    576
2002    576
2003    576
2004    576
2005    576
2006    576
2007    576
2008    576
2009    576
2010    576
2011    576
2012    577
2013    577
2014    577
2015    577
2016    577
2017    577
2018    577
2019    577
2020    577
2021    577
2022    577
2023    577
2024    577
2025    577
2026    577
2027    577
2028    577
2029    577
2030    577
2031    577
2032    577
2033    577
2034    577
2035    578
2036    578
2037    578
2038    578
2039    578
2040    578
2041    578
2042    578
2043    578
2044    578
2045    578
2046    578
2047    578
2048    578
2049    578
2050    578
2051    578
2052    578
2053    578
2054    578
2055    578
2056    578
2057    579
2058    579
2059    579
2060    579
2061    579
2062    579
2063    579
2064    579
2065    579
2066    579
2067    579
2068    579
2069    579
2070    579
2071    579
2072    579
2073    579
2074    579
2075    579
2076    579
2077    579
2078    579
2079    580
2080    580
2081    580
2082    580
2083    580
2084    580
2085    580
2086    580
2087    580
2088    580
2089    580
2090    580
2091    580
2092    580
2093    580
2094    580
2095    580
2096    580
2097    580
2098    580
2099    580
2100    581
2101    581
2102    581
2103    581
2104    581
2105    581
2106    581
2107    581
2108    581
2109    581
2110    581
2111    581
2112    581
2113    581
2114    581
2115    581
2116    581
2117    581
2118    581
2119    581
2120    582
2121    582
2122    582
2123    582
2124    582
2125    582
2126    582
2127    582
2128    582
2129    582
2130    582
2131    582
2132    582
2133    582
2134    582
2135    582
2136    582
2137    582
2138    582
2139    582
2140    583
2141    583
2142    583
2143    583
2144    583
2145    583
2146    583
2147    583
2148    583
2149    583
2150    583
2151    583
2152    583
2153    583
2154    583
2155    583
2156    583
2157    583
2158    583
2159    584
2160    584
2161    584
2162    584
2163    584
2164    584
2165    584
2166    584
2167    584
2168    584
2169    584
2170    584
2171    584
2172    584
2173    584
2174    584
2175    584
2176    584
2177    584
2178    585
2179    585
2180    585
2181    585
2182    585
2183    585
2184    585
2185    585
2186    585
2187    585
2188    585
2189    585
2190    585
2191    585
2192    585
2193    585
2194    585
2195    585
2196    586
2197    586
2198    586
2199    586
2200    586
2201    586
2202    586
2203    586
2204    586
2205    586
2206    586
2207    586
2208    586
2209    586
2210    586
2211    586
2212    586
2213    586
2214    587
2215    587
2216    587
2217    587
2218    587
2219    587
2220    587
2221    587
2222    587
2223    587
2224    587
2225    587
2226    587
2227    587
2228    587
2229    587
2230    587
2231    588
2232    588
2233    588
2234    588
2235    588
2236    588
2237    588
2238    588
2239    588
2240    588
2241    588
2242    588
2243    588
2244    588
2245    588
2246    588
2247    588
2248    589
2249    589
2250    589
2251    589
2252    589
2253    589
2254    589
2255    589
2256    589
2257    589
2258    589
2259    589
2260    589
2261    589
2262    589
2263    589
2264    590
2265    590
2266    590
2267    590
2268    590
2269    590
2270    590
2271    590
2272    590
2273    590
2274    590
2275    590
2276    590
2277    590
2278    590
2279    590
2280    591
2281    591
2282    591
2283    591
2284    591
2285    591
2286    591
2287    591
2288    591
2289    591
2290    591
2291    591
2292    591
2293    591
2294    591
2295    591
2296    592
2297    592
2298    592
2299    592
2300    592
2301    592
2302    592
2303    592
2304    592
2305    592
2306    592
2307    592
2308    592
2309    592
2310    592
2311    593
2312    593
2313    593
2314    593
2315    593
2316    593
2317    593
2318    593
2319    593
2320    593
2321    593
2322    593
2323    593
2324    593
2325    594
2326    594
2327    594
2328    594
2329    594
2330    594
2331    594
2332    594
2333    594
2334    594
2335    594
2336    594
2337    594
2338    594
2339    595
2340    595
2341    595
2342    595
2343    595
2344    595
2345    595
2346    595
2347    595
2348    595
2349    595
2350    595
2351    595
2352    595
2353    596
2354    596
2355    596
2356    596
2357    596
2358    596
2359    596
2360    596
2361    596
2362    596
2363    596
2364    596
2365    596
2366    597
2367    597
2368    597
2369    597
2370    597
2371    597
2372    597
2373    597
2374    597
2375    597
2376    597
2377    597
2378    597
2379    598
2380    598
2381    598
2382    598
2383    598
2384    598
2385    598
2386    598
2387    598
2388    598
2389    598
2390    598
2391    598
2392    599
2393    599
2394    599
2395    599
2396    599
2397    599
2398    599
2399    599
2400    599
2401    599
2402    599
2403    599
2404    600
2405    600
2406    600
2407    600
2408    600
2409    600
2410    600
2411    600
2412    600
2413    600
2414    600
2415    600
2416    601
2417    601
2418    601
2419    601
2420    601
2421    601
2422    601
2423    601
2424    601
2425    601
2426    601
2427    602
2428    602
2429    602
2430    602
2431    602
2432    602
2433    602
2434    602
2435    602
2436    602
2437    602
2438    603
2439    603
2440    603
2441    603
2442    603
2443    603
2444    603
2445    603
2446    603
2447    603
2448    603
2449    604
2450    604
2451    604
2452    604
2453    604
2454    604
2455    604
2456    604
2457    604
2458    604
2459    604
2460    605
2461    605
2462    605
2463    605
2464    605
2465    605
2466    605
2467    605
2468    605
2469    605
2470    606
2471    606
2472    606
2473    606
2474    606
2475    606
2476    606
2477    606
2478    606
2479    606
2480    607
2481    607
2482    607
2483    607
2484    607
2485    607
2486    607
2487    607
2488    607
2489    607
2490    608
2491    608
2492    608
2493    608
2494    608
2495    608
2496    608
2497    608
2498    608
2499    609
2500    609
2501    609
2502    609
2503    609
2504    609
2505    609
2506    609
2507    609
2508    609
2509    610
2510    610
2511    610
2512    610
2513    610
2514    610
2515    610
2516    610
2517    610
2518    611
2519    611
2520    611
2521    611
2522    611
2523    611
2524    611
2525    611
2526    612
2527    612
2528    612
2529    612
2530    612
2531    612
2532    612
2533    612
2534    612
2535    613
2536    613
2537    613
2538    613
2539    613
2540    613
2541    613
2542    613
2543    614
2544    614
2545    614
2546    614
2547    614
2548    614
2549    614
2550    614
2551    615
2552    615
2553    615
2554    615
2555    615
2556    615
2557    615
2558    615
2559    616
2560    616
2561    616
2562    616
2563    616
2564    616
2565    616
2566    616
2567    617
2568    617
2569    617
2570    617
2571    617
2572    617
2573    617
2574    618
2575    618
2576    618
2577    618
2578    618
2579    618
2580    618
2581    618
2582    619
2583    619
2584    619
2585    619
2586    619
2587    619
2588    619
2589    620
2590    620
2591    620
2592    620
2593    620
2594    620
2595    620
2596    621
2597    621
2598    621
2599    621
2600    621
2601    621
2602    621
2603    622
2604    622
2605    622
2606    622
2607    622
2608    622
2609    623
2610    623
2611    623
2612    623
2613    623
2614    623
2615    623
2616    624
2617    624
2618    624
2619    624
2620    624
2621    624
2622    625
2623    625
2624    625
2625    625
2626    625
2627    625
2628    626
2629    626
2630    626
2631    626
2632    626
2633    626
2634    627
2635    627
2636    627
2637    627
2638    627
2639    627
2640    628
2641    628
2642    628
2643    628
2644    628
2645    628
2646    629
2647    629
2648    629
2649    629
2650    629
2651    630
2652    630
2653    630
2654    630
2655    630
2656    630
2657    631
2658    631
2659    631
2660    631
2661    631
2662    632
2663    632
2664    632
2665    632
2666    632
2667    632
2668    633
2669    633
2670    633
2671    633
2672    633
2673    634
2674    634
2675    634
2676    634
2677    634
2678    635
2679    635
2680    635
2681    635
2682    635
2683    636
2684    636
2685    636
2686    636
2687    636
2688    637
2689    637
2690    637
2691    637
2692    638
2693    638
2694    638
2695    638
2696    638
2697    639
2698    639
2699    639
2700    639
2701    640
2702    640
2703    640
2704    640
2705    640
2706    641
2707    641
2708    641
2709    641
2710    642
2711    642
2712    642
2713    642
2714    642
2715    643
2716    643
2717    643
2718    643
2719    644
2720    644
2721    644
2722    644
2723    645
2724    645
2725    645
2726    645
2727    646
2728    646
2729    646
2730    646
2731    647
2732    647
2733    647
2734    647
2735    648
2736    648
2737    648
2738    649
2739    649
2740    649
2741    649
2742    650
2743    650
2744    650
2745    650
2746    651
2747    651
2748    651
2749    652
2750    652
2751    652
2752    652
2753    653
2754    653
2755    653
2756    654
2757    654
2758    654
2759    654
2760    655
2761    655
2762    655
2763    656
2764    656
2765    656
2766    657
2767    657
2768    657
2769    657
2770    658
2771    658
2772    658
2773    659
2774    659
2775    659
2776    660
2777    660
2778    660
2779    661
2780    661
2781    661
2782    662
2783    662
2784    662
2785    663
2786    663
2787    663
2788    664
2789    664
2790    664
2791    665
2792    665
2793    666
2794    666
2795    666
2796    667
2797    667
2798    667
2799    668
2800    668
2801    668
2802    669
2803    669
2804    670
2805    670
2806    670
2807    671
2808    671
2809    672
2810    672
2811    672
2812    673
2813    673
2814    674
2815    674
2816    674
2817    675
2818    675
2819    676
2820    676
2821    677
2822    677
2823    677
2824    678
2825    678
2826    679
2827    679
2828    680
2829    680
2830    681
2831    681
2832    681
2833    682
2834    682
2835    683
2836    683
2837    684
2838    684
2839    685
2840    685
2841    686
2842    686
2843    687
2844    687
2845    688
2846    688
2847    689
2848    689
2849    690
2850    690
2851    691
2852    691
2853    692
2854    692
2855    693
2856    693
2857    694
2858    695
2859    695
2860    696
2861    696
2862    697
2863    697
2864    698
2865    699
2866    699
2867    700
2868    700
2869    701
2870    701
2871    702
2872    703
2873    703
2874    704
2875    705
2876    705
2877    706
2878    706
2879    707
2880    708
2881    708
2882    709
2883    710
2884    710
2885    711
2886    712
2887    713
2888    713
2889    714
2890    715
2891    715
2892    716
2893    717
2894    717
2895    718
2896    719
2897    720
2898    720
2899    721
2900    722
2901    723
2902    724
2903    724
2904    725
2905    726
2906    727
2907    728
2908    728
2909    729
2910    730
2911    731
2912    732
2913    733
2914    734
2915    734
2916    735
2917    736
2918    737
2919    738
2920    739
2921    740
2922    741
2923    742
2924    743
2925    744
2926    745
2927    746
2928    747
2929    748
2930    749
2931    750
2932    751
2933    752
2934    753
2935    754
2936    755
2937    756
2938    757
2939    758
2940    759
2941    760
2942    761
2943    763
2944    764
2945    765
2946    766
2947    767
2948    769
2949    770
2950    771
2951    772
2952    774
2953    775
2954    776
2955    777
2956    779
2957    780
2958    781
2959    783
2960    784
2961    785
2962    787
2963    788
2964    790
2965    791
2966    793
2967    794
2968    796
2969    797
2970    799
2971    800
2972    802
2973    803
2974    805
2975    807
2976    808
2977    810
2978    811
2979    813
2980    815
2981    817
2982    818
2983    820
2984    822
2985    824
2986    826
2987    827
2988    829
2989    831
2990    833
2991    835
2992    837
2993    839
2994    841
2995    843
2996    845
2997    847
2998    849
2999    852