Step    Position
0    234
1    237
2    240
3    242
4    245
5    248
6    250
7    253
8    255
9    258
10    260
11    263
12    265
13    267
14    270
15    272
16    274
17    277
18    279
19    281
20    283
21    285
22    288
23    290
24    292
25    294
26    296
27    298
28    300
29    302
30    304
31    306
32    308
33    309
34    311
35    313
36    315
37    317
38    319
39    320
40    322
41    324
42    325
43    327
44    329
45    330
46    332
47    334
48    335
49    337
50    338
51    340
52    341
53    343
54    344
55    346
56    347
57    349
58    350
59    352
60    353
61    355
62    356
63    357
64    359
65    360
66    361
67    363
68    364
69    365
70    366
71    368
72    369
73    370
74    371
75    373
76    374
77    375
78    376
79    377
80    378
81    380
82    381
83    382
84    383
85    384
86    385
87    386
88    387
89    388
90    390
91    391
92    392
93    393
94    394
95    395
96    396
97    397
98    398
99    399
100    400
101    401
102    402
103    402
104    403
105    404
106    405
107    406
108    407
109    408
110    409
111    410
112    411
113    412
114    412
115    413
116    414
117    415
118    416
119    417
120    417
121    418
122    419
123    420
124    421
125    421
126    422
127    423
128    424
129    425
130    425
131    426
132    427
133    428
134    428
135    429
136    430
137    431
138    431
139    432
140    433
141    434
142    434
143    435
144    436
145    436
146    437
147    438
148    438
149    439
150    440
151    440
152    441
153    442
154    442
155    443
156    444
157    444
158    445
159    446
160    446
161    447
162    447
163    448
164    449
165    449
166    450
167    450
168    451
169    452
170    452
171    453
172    453
173    454
174    455
175    455
176    456
177    456
178    457
179    457
180    458
181    459
182    459
183    460
184    460
185    461
186    461
187    462
188    462
189    463
190    463
191    464
192    465
193    465
194    466
195    466
196    467
197    467
198    468
199    468
200    469
201    469
202    470
203    470
204    471
205    471
206    472
207    472
208    473
209    473
210    474
211    474
212    474
213    475
214    475
215    476
216    476
217    477
218    477
219    478
220    478
221    479
222    479
223    480
224    480
225    480
226    481
227    481
228    482
229    482
230    483
231    483
232    484
233    484
234    484
235    485
236    485
237    486
238    486
239    487
240    487
241    487
242    488
243    488
244    489
245    489
246    489
247    490
248    490
249    491
250    491
251    491
252    492
253    492
254    493
255    493
256    493
257    494
258    494
259    495
260    495
261    495
262    496
263    496
264    497
265    497
266    497
267    498
268    498
269    499
270    499
271    499
272    500
273    500
274    500
275    501
276    501
277    501
278    502
279    502
280    503
281    503
282    503
283    504
284    504
285    504
286    505
287    505
288    505
289    506
290    506
291    507
292    507
293    507
294    508
295    508
296    508
297    509
298    509
299    509
300    510
301    510
302    510
303    511
304    511
305    511
306    512
307    512
308    512
309    513
310    513
311    513
312    514
313    514
314    514
315    515
316    515
317    515
318    516
319    516
320    516
321    517
322    517
323    517
324    518
325    518
326    518
327    519
328    519
329    519
330    520
331    520
332    520
333    521
334    521
335    521
336    521
337    522
338    522
339    522
340    523
341    523
342    523
343    524
344    524
345    524
346    525
347    525
348    525
349    526
350    526
351    526
352    526
353    527
354    527
355    527
356    528
357    528
358    528
359    529
360    529
361    529
362    529
363    530
364    530
365    530
366    531
367    531
368    531
369    532
370    532
371    532
372    532
373    533
374    533
375    533
376    534
377    534
378    534
379    534
380    535
381    535
382    535
383    536
384    536
385    536
386    537
387    537
388    537
389    537
390    538
391    538
392    538
393    539
394    539
395    539
396    539
397    540
398    540
399    540
400    541
401    541
402    541
403    541
404    542
405    542
406    542
407    543
408    543
409    543
410    543
411    544
412    544
413    544
414    545
415    545
416    545
417    545
418    546
419    546
420    546
421    546
422    547
423    547
424    547
425    548
426    548
427    548
428    548
429    549
430    549
431    549
432    550
433    550
434    550
435    550
436    551
437    551
438    551
439    551
440    552
441    552
442    552
443    553
444    553
445    553
446    553
447    554
448    554
449    554
450    555
451    555
452    555
453    555
454    556
455    556
456    556
457    556
458    557
459    557
460    557
461    558
462    558
463    558
464    558
465    559
466    559
467    559
468    560
469    560
470    560
471    560
472    561
473    561
474    561
475    561
476    562
477    562
478    562
479    563
480    563
481    563
482    563
483    564
484    564
485    564
486    565
487    565
488    565
489    565
490    566
491    566
492    566
493    566
494    567
495    567
496    567
497    568
498    568
499    568
500    568
501    569
502    569
503    569
504    570
505    570
506    570
507    570
508    571
509    571
510    571
511    571
512    572
513    572
514    572
515    573
516    573
517    573
518    573
519    574
520    574
521    574
522    575
523    575
524    575
525    575
526    576
527    576
528    576
529    577
530    577
531    577
532    577
533    578
534    578
535    578
536    579
537    579
538    579
539    579
540    580
541    580
542    580
543    581
544    581
545    581
546    582
547    582
548    582
549    582
550    583
551    583
552    583
553    584
554    584
555    584
556    584
557    585
558    585
559    585
560    586
561    586
562    586
563    587
564    587
565    587
566    587
567    588
568    588
569    588
570    589
571    589
572    589
573    590
574    590
575    590
576    591
577    591
578    591
579    591
580    592
581    592
582    592
583    593
584    593
585    593
586    594
587    594
588    594
589    595
590    595
591    595
592    596
593    596
594    596
595    596
596    597
597    597
598    597
599    598
600    598
601    598
602    599
603    599
604    599
605    600
606    600
607    600
608    601
609    601
610    601
611    602
612    602
613    602
614    603
615    603
616    603
617    604
618    604
619    604
620    605
621    605
622    605
623    606
624    606
625    606
626    607
627    607
628    607
629    608
630    608
631    608
632    609
633    609
634    610
635    610
636    610
637    611
638    611
639    611
640    612
641    612
642    612
643    613
644    613
645    613
646    614
647    614
648    615
649    615
650    615
651    616
652    616
653    616
654    617
655    617
656    618
657    618
658    618
659    619
660    619
661    619
662    620
663    620
664    621
665    621
666    621
667    622
668    622
669    623
670    623
671    623
672    624
673    624
674    625
675    625
676    625
677    626
678    626
679    627
680    627
681    627
682    628
683    628
684    629
685    629
686    630
687    630
688    630
689    631
690    631
691    632
692    632
693    633
694    633
695    633
696    634
697    634
698    635
699    635
700    636
701    636
702    637
703    637
704    637
705    638
706    638
707    639
708    639
709    640
710    640
711    641
712    641
713    642
714    642
715    643
716    643
717    644
718    644
719    645
720    645
721    645
722    646
723    646
724    647
725    647
726    648
727    648
728    649
729    650
730    650
731    651
732    651
733    652
734    652
735    653
736    653
737    654
738    654
739    655
740    655
741    656
742    656
743    657
744    658
745    658
746    659
747    659
748    660
749    660
750    661
751    662
752    662
753    663
754    663
755    664
756    664
757    665
758    666
759    666
760    667
761    667
762    668
763    669
764    669
765    670
766    671
767    671
768    672
769    673
770    673
771    674
772    674
773    675
774    676
775    676
776    677
777    678
778    678
779    679
780    680
781    681
782    681
783    682
784    683
785    683
786    684
787    685
788    686
789    686
790    687
791    688
792    689
793    689
794    690
795    691
796    692
797    692
798    693
799    694
800    695
801    696
802    696
803    697
804    698
805    699
806    700
807    700
808    701
809    702
810    703
811    704
812    705
813    706
814    707
815    707
816    708
817    709
818    710
819    711
820    712
821    713
822    714
823    715
824    716
825    717
826    718
827    719
828    720
829    721
830    722
831    723
832    724
833    725
834    726
835    727
836    728
837    729
838    730
839    731
840    732
841    733
842    734
843    736
844    737
845    738
846    739
847    740
848    741
849    743
850    744
851    745
852    746
853    748
854    749
855    750
856    751
857    753
858    754
859    755
860    757
861    758
862    759
863    761
864    762
865    763
866    765
867    766
868    768
869    769
870    771
871    772
872    774
873    775
874    777
875    778
876    780
877    781
878    783
879    785
880    786
881    788
882    789
883    791
884    793
885    795
886    796
887    798
888    800
889    802
890    804
891    805
892    807
893    809
894    811
895    813
896    815
897    817
898    819
899    821
900    823
901    825
902    827
903    829
904    831
905    834
906    836
907    838
908    840
909    842
910    845
911    847
912    849
913    852
914    854
915    857
916    859
917    862
918    864
919    867
920    869
921    872
922    875
923    877
924    880
925    883
926    886
927    888
928    891
929    894
930    897
931    900
932    903
933    906
934    909
935    912
936    916
937    919
938    922
939    925
940    929
941    932
942    935
943    939
944    942
945    946
946    949
947    953
948    956
949    960
950    964
951    968
952    971
953    975
954    979
955    983
956    987
957    991
958    995
959    999
960    1003
961    1008
962    1012
963    1016
964    1020
965    1025
966    1029
967    1034
968    1038
969    1043
970    1047
971    1052
972    1056
973    1061
974    1066
975    1071
976    1075
977    1080
978    1085
979    1090
980    1095
981    1100
982    1105
983    1110
984    1115
985    1120
986    1125
987    1130
988    1135
989    1140
990    1146
991    1151
992    1156
993    1161
994    1166
995    1172
996    1177
997    1182
998    1188
999    1193
1000    1198
1001    1203
1002    1209
1003    1214
1004    1219
1005    1225
1006    1230
1007    1235
1008    1241
1009    1246
1010    1251
1011    1256
1012    1262
1013    1267
1014    1272
1015    1277
1016    1282
1017    1288
1018    1293
1019    1298
1020    1303
1021    1308
1022    1313
1023    1318
1024    1323
1025    1328
1026    1333
1027    1338
1028    1342
1029    1347
1030    1352
1031    1357
1032    1361
1033    1366
1034    1371
1035    1375
1036    1380
1037    1384
1038    1389
1039    1393
1040    1398
1041    1402
1042    1406
1043    1411
1044    1415
1045    1419
1046    1423
1047    1427
1048    1431
1049    1435
1050    1439
1051    1443
1052    1447
1053    1451
1054    1455
1055    1458
1056    1462
1057    1466
1058    1469
1059    1473
1060    1476
1061    1480
1062    1483
1063    1487
1064    1490
1065    1493
1066    1497
1067    1500
1068    1503
1069    1506
1070    1510
1071    1513
1072    1516
1073    1519
1074    1522
1075    1525
1076    1528
1077    1531
1078    1533
1079    1536
1080    1539
1081    1542
1082    1544
1083    1547
1084    1550
1085    1552
1086    1555
1087    1558
1088    1560
1089    1563
1090    1565
1091    1567
1092    1570
1093    1572
1094    1575
1095    1577
1096    1579
1097    1581
1098    1584
1099    1586
1100    1588
1101    1590
1102    1592
1103    1594
1104    1597
1105    1599
1106    1601
1107    1603
1108    1605
1109    1607
1110    1609
1111    1610
1112    1612
1113    1614
1114    1616
1115    1618
1116    1620
1117    1622
1118    1623
1119    1625
1120    1627
1121    1629
1122    1630
1123    1632
1124    1634
1125    1635
1126    1637
1127    1638
1128    1640
1129    1642
1130    1643
1131    1645
1132    1646
1133    1648
1134    1649
1135    1651
1136    1652
1137    1654
1138    1655
1139    1657
1140    1658
1141    1659
1142    1661
1143    1662
1144    1663
1145    1665
1146    1666
1147    1667
1148    1669
1149    1670
1150    1671
1151    1672
1152    1674
1153    1675
1154    1676
1155    1677
1156    1679
1157    1680
1158    1681
1159    1682
1160    1683
1161    1684
1162    1686
1163    1687
1164    1688
1165    1689
1166    1690
1167    1691
1168    1692
1169    1693
1170    1694
1171    1695
1172    1696
1173    1697
1174    1698
1175    1699
1176    1700
1177    1701
1178    1702
1179    1703
1180    1704
1181    1705
1182    1706
1183    1707
1184    1708
1185    1709
1186    1710
1187    1711
1188    1712
1189    1713
1190    1714
1191    1715
1192    1715
1193    1716
1194    1717
1195    1718
1196    1719
1197    1720
1198    1721
1199    1721
1200    1722
1201    1723
1202    1724
1203    1725
1204    1726
1205    1726
1206    1727
1207    1728
1208    1729
1209    1729
1210    1730
1211    1731
1212    1732
1213    1733
1214    1733
1215    1734
1216    1735
1217    1735
1218    1736
1219    1737
1220    1738
1221    1738
1222    1739
1223    1740
1224    1740
1225    1741
1226    1742
1227    1743
1228    1743
1229    1744
1230    1745
1231    1745
1232    1746
1233    1747
1234    1747
1235    1748
1236    1749
1237    1749
1238    1750
1239    1750
1240    1751
1241    1752
1242    1752
1243    1753
1244    1754
1245    1754
1246    1755
1247    1755
1248    1756
1249    1757
1250    1757
1251    1758
1252    1758
1253    1759
1254    1759
1255    1760
1256    1761
1257    1761
1258    1762
1259    1762
1260    1763
1261    1763
1262    1764
1263    1765
1264    1765
1265    1766
1266    1766
1267    1767
1268    1767
1269    1768
1270    1768
1271    1769
1272    1769
1273    1770
1274    1770
1275    1771
1276    1771
1277    1772
1278    1772
1279    1773
1280    1773
1281    1774
1282    1774
1283    1775
1284    1775
1285    1776
1286    1776
1287    1777
1288    1777
1289    1778
1290    1778
1291    1779
1292    1779
1293    1780
1294    1780
1295    1781
1296    1781
1297    1782
1298    1782
1299    1783
1300    1783
1301    1784
1302    1784
1303    1784
1304    1785
1305    1785
1306    1786
1307    1786
1308    1787
1309    1787
1310    1788
1311    1788
1312    1788
1313    1789
1314    1789
1315    1790
1316    1790
1317    1791
1318    1791
1319    1791
1320    1792
1321    1792
1322    1793
1323    1793
1324    1794
1325    1794
1326    1794
1327    1795
1328    1795
1329    1796
1330    1796
1331    1796
1332    1797
1333    1797
1334    1798
1335    1798
1336    1798
1337    1799
1338    1799
1339    1800
1340    1800
1341    1800
1342    1801
1343    1801
1344    1801
1345    1802
1346    1802
1347    1803
1348    1803
1349    1803
1350    1804
1351    1804
1352    1805
1353    1805
1354    1805
1355    1806
1356    1806
1357    1806
1358    1807
1359    1807
1360    1807
1361    1808
1362    1808
1363    1809
1364    1809
1365    1809
1366    1810
1367    1810
1368    1810
1369    1811
1370    1811
1371    1811
1372    1812
1373    1812
1374    1812
1375    1813
1376    1813
1377    1814
1378    1814
1379    1814
1380    1815
1381    1815
1382    1815
1383    1816
1384    1816
1385    1816
1386    1817
1387    1817
1388    1817
1389    1818
1390    1818
1391    1818
1392    1819
1393    1819
1394    1819
1395    1820
1396    1820
1397    1820
1398    1821
1399    1821
1400    1821
1401    1822
1402    1822
1403    1822
1404    1823
1405    1823
1406    1823
1407    1823
1408    1824
1409    1824
1410    1824
1411    1825
1412    1825
1413    1825
1414    1826
1415    1826
1416    1826
1417    1827
1418    1827
1419    1827
1420    1828
1421    1828
1422    1828
1423    1829
1424    1829
1425    1829
1426    1829
1427    1830
1428    1830
1429    1830
1430    1831
1431    1831
1432    1831
1433    1832
1434    1832
1435    1832
1436    1833
1437    1833
1438    1833
1439    1833
1440    1834
1441    1834
1442    1834
1443    1835
1444    1835
1445    1835
1446    1836
1447    1836
1448    1836
1449    1836
1450    1837
1451    1837
1452    1837
1453    1838
1454    1838
1455    1838
1456    1838
1457    1839
1458    1839
1459    1839
1460    1840
1461    1840
1462    1840
1463    1841
1464    1841
1465    1841
1466    1841
1467    1842
1468    1842
1469    1842
1470    1843
1471    1843
1472    1843
1473    1843
1474    1844
1475    1844
1476    1844
1477    1845
1478    1845
1479    1845
1480    1845
1481    1846
1482    1846
1483    1846
1484    1847
1485    1847
1486    1847
1487    1847
1488    1848
1489    1848
1490    1848
1491    1849
1492    1849
1493    1849
1494    1849
1495    1850
1496    1850
1497    1850
1498    1851
1499    1851
1500    1851
1501    1851
1502    1852
1503    1852
1504    1852
1505    1852
1506    1853
1507    1853
1508    1853
1509    1854
1510    1854
1511    1854
1512    1854
1513    1855
1514    1855
1515    1855
1516    1856
1517    1856
1518    1856
1519    1856
1520    1857
1521    1857
1522    1857
1523    1857
1524    1858
1525    1858
1526    1858
1527    1859
1528    1859
1529    1859
1530    1859
1531    1860
1532    1860
1533    1860
1534    1861
1535    1861
1536    1861
1537    1861
1538    1862
1539    1862
1540    1862
1541    1862
1542    1863
1543    1863
1544    1863
1545    1864
1546    1864
1547    1864
1548    1864
1549    1865
1550    1865
1551    1865
1552    1866
1553    1866
1554    1866
1555    1866
1556    1867
1557    1867
1558    1867
1559    1867
1560    1868
1561    1868
1562    1868
1563    1869
1564    1869
1565    1869
1566    1869
1567    1870
1568    1870
1569    1870
1570    1871
1571    1871
1572    1871
1573    1871
1574    1872
1575    1872
1576    1872
1577    1872
1578    1873
1579    1873
1580    1873
1581    1874
1582    1874
1583    1874
1584    1874
1585    1875
1586    1875
1587    1875
1588    1876
1589    1876
1590    1876
1591    1876
1592    1877
1593    1877
1594    1877
1595    1878
1596    1878
1597    1878
1598    1878
1599    1879
1600    1879
1601    1879
1602    1880
1603    1880
1604    1880
1605    1880
1606    1881
1607    1881
1608    1881
1609    1882
1610    1882
1611    1882
1612    1882
1613    1883
1614    1883
1615    1883
1616    1884
1617    1884
1618    1884
1619    1884
1620    1885
1621    1885
1622    1885
1623    1886
1624    1886
1625    1886
1626    1886
1627    1887
1628    1887
1629    1887
1630    1888
1631    1888
1632    1888
1633    1888
1634    1889
1635    1889
1636    1889
1637    1890
1638    1890
1639    1890
1640    1891
1641    1891
1642    1891
1643    1891
1644    1892
1645    1892
1646    1892
1647    1893
1648    1893
1649    1893
1650    1894
1651    1894
1652    1894
1653    1894
1654    1895
1655    1895
1656    1895
1657    1896
1658    1896
1659    1896
1660    1897
1661    1897
1662    1897
1663    1898
1664    1898
1665    1898
1666    1899
1667    1899
1668    1899
1669    1899
1670    1900
1671    1900
1672    1900
1673    1901
1674    1901
1675    1901
1676    1902
1677    1902
1678    1902
1679    1903
1680    1903
1681    1903
1682    1904
1683    1904
1684    1904
1685    1905
1686    1905
1687    1905
1688    1906
1689    1906
1690    1906
1691    1907
1692    1907
1693    1907
1694    1908
1695    1908
1696    1908
1697    1909
1698    1909
1699    1909
1700    1910
1701    1910
1702    1910
1703    1911
1704    1911
1705    1911
1706    1912
1707    1912
1708    1912
1709    1913
1710    1913
1711    1913
1712    1914
1713    1914
1714    1914
1715    1915
1716    1915
1717    1915
1718    1916
1719    1916
1720    1917
1721    1917
1722    1917
1723    1918
1724    1918
1725    1918
1726    1919
1727    1919
1728    1919
1729    1920
1730    1920
1731    1921
1732    1921
1733    1921
1734    1922
1735    1922
1736    1922
1737    1923
1738    1923
1739    1924
1740    1924
1741    1924
1742    1925
1743    1925
1744    1925
1745    1926
1746    1926
1747    1927
1748    1927
1749    1927
1750    1928
1751    1928
1752    1929
1753    1929
1754    1929
1755    1930
1756    1930
1757    1931
1758    1931
1759    1931
1760    1932
1761    1932
1762    1933
1763    1933
1764    1934
1765    1934
1766    1934
1767    1935
1768    1935
1769    1936
1770    1936
1771    1937
1772    1937
1773    1937
1774    1938
1775    1938
1776    1939
1777    1939
1778    1940
1779    1940
1780    1940
1781    1941
1782    1941
1783    1942
1784    1942
1785    1943
1786    1943
1787    1944
1788    1944
1789    1945
1790    1945
1791    1946
1792    1946
1793    1946
1794    1947
1795    1947
1796    1948
1797    1948
1798    1949
1799    1949
1800    1950
1801    1950
1802    1951
1803    1951
1804    1952
1805    1952
1806    1953
1807    1953
1808    1954
1809    1954
1810    1955
1811    1955
1812    1956
1813    1956
1814    1957
1815    1958
1816    1958
1817    1959
1818    1959
1819    1960
1820    1960
1821    1961
1822    1961
1823    1962
1824    1962
1825    1963
1826    1964
1827    1964
1828    1965
1829    1965
1830    1966
1831    1966
1832    1967
1833    1968
1834    1968
1835    1969
1836    1969
1837    1970
1838    1971
1839    1971
1840    1972
1841    1972
1842    1973
1843    1974
1844    1974
1845    1975
1846    1975
1847    1976
1848    1977
1849    1977
1850    1978
1851    1979
1852    1979
1853    1980
1854    1981
1855    1981
1856    1982
1857    1983
1858    1983
1859    1984
1860    1985
1861    1985
1862    1986
1863    1987
1864    1988
1865    1988
1866    1989
1867    1990
1868    1990
1869    1991
1870    1992
1871    1993
1872    1993
1873    1994
1874    1995
1875    1996
1876    1996
1877    1997
1878    1998
1879    1999
1880    2000
1881    2000
1882    2001
1883    2002
1884    2003
1885    2004
1886    2004
1887    2005
1888    2006
1889    2007
1890    2008
1891    2009
1892    2010
1893    2010
1894    2011
1895    2012
1896    2013
1897    2014
1898    2015
1899    2016
1900    2017
1901    2018
1902    2019
1903    2020
1904    2021
1905    2022
1906    2023
1907    2024
1908    2025
1909    2026
1910    2027
1911    2028
1912    2029
1913    2030
1914    2031
1915    2032
1916    2033
1917    2034
1918    2035
1919    2036
1920    2037
1921    2038
1922    2039
1923    2040
1924    2042
1925    2043
1926    2044
1927    2045
1928    2046
1929    2047
1930    2049
1931    2050
1932    2051
1933    2052
1934    2054
1935    2055
1936    2056
1937    2057
1938    2059
1939    2060
1940    2061
1941    2063
1942    2064
1943    2065
1944    2067
1945    2068
1946    2070
1947    2071
1948    2072
1949    2074
1950    2075
1951    2077
1952    2078
1953    2080
1954    2081
1955    2083
1956    2085
1957    2086
1958    2088
1959    2089
1960    2091
1961    2093
1962    2094
1963    2096
1964    2098
1965    2099
1966    2101
1967    2103
1968    2105
1969    2106
1970    2108
1971    2110
1972    2112
1973    2114
1974    2116
1975    2118
1976    2120
1977    2122
1978    2124
1979    2126
1980    2128
1981    2130
1982    2132
1983    2134
1984    2136
1985    2138
1986    2140
1987    2143
1988    2145
1989    2147
1990    2150
1991    2152
1992    2154
1993    2157
1994    2159
1995    2161
1996    2164
1997    2166
1998    2169
1999    2171
2000    2174
2001    2177
2002    2179
2003    2182
2004    2185
2005    2188
2006    2190
2007    2193
2008    2196
2009    2199
2010    2202
2011    2205
2012    2208
2013    2211
2014    2214
2015    2217
2016    2220
2017    2223
2018    2227
2019    2230
2020    2233
2021    2237
2022    2240
2023    2243
2024    2247
2025    2250
2026    2254
2027    2257
2028    2261
2029    2265
2030    2268
2031    2272
2032    2276
2033    2280
2034    2284
2035    2288
2036    2292
2037    2296
2038    2300
2039    2304
2040    2308
2041    2312
2042    2316
2043    2321
2044    2325
2045    2329
2046    2334
2047    2338
2048    2343
2049    2347
2050    2352
2051    2356
2052    2361
2053    2366
2054    2370
2055    2375
2056    2380
2057    2385
2058    2390
2059    2394
2060    2399
2061    2404
2062    2409
2063    2414
2064    2419
2065    2424
2066    2429
2067    2435
2068    2440
2069    2445
2070    2450
2071    2455
2072    2460
2073    2466
2074    2471
2075    2476
2076    2481
2077    2487
2078    2492
2079    2497
2080    2503
2081    2508
2082    2513
2083    2519
2084    2524
2085    2529
2086    2534
2087    2540
2088    2545
2089    2550
2090    2558