Step    Position
0    232
1    233
2    233
3    234
4    235
5    235
6    236
7    237
8    237
9    238
10    239
11    240
12    241
13    242
14    243
15    243
16    244
17    245
18    246
19    247
20    248
21    249
22    251
23    252
24    253
25    254
26    255
27    256
28    257
29    259
30    260
31    261
32    262
33    263
34    265
35    266
36    267
37    269
38    270
39    271
40    273
41    274
42    276
43    277
44    279
45    280
46    281
47    283
48    284
49    286
50    287
51    289
52    291
53    292
54    294
55    295
56    297
57    299
58    300
59    302
60    303
61    305
62    307
63    309
64    310
65    312
66    314
67    315
68    317
69    319
70    321
71    322
72    324
73    326
74    328
75    330
76    331
77    333
78    335
79    337
80    339
81    341
82    343
83    344
84    346
85    348
86    350
87    352
88    354
89    356
90    358
91    360
92    362
93    364
94    366
95    368
96    370
97    372
98    374
99    376
100    378
101    380
102    382
103    384
104    386
105    388
106    390
107    392
108    394
109    396
110    398
111    400
112    403
113    405
114    407
115    409
116    411
117    413
118    415
119    417
120    419
121    422
122    424
123    426
124    428
125    430
126    432
127    435
128    437
129    439
130    441
131    443
132    446
133    448
134    450
135    452
136    454
137    457
138    459
139    461
140    463
141    466
142    468
143    470
144    472
145    475
146    477
147    479
148    481
149    484
150    486
151    488
152    491
153    493
154    495
155    498
156    500
157    502
158    504
159    507
160    509
161    511
162    514
163    516
164    518
165    521
166    523
167    525
168    528
169    530
170    532
171    535
172    537
173    540
174    542
175    544
176    547
177    549
178    551
179    554
180    556
181    559
182    561
183    563
184    566
185    568
186    571
187    573
188    575
189    578
190    580
191    583
192    585
193    587
194    590
195    592
196    595
197    597
198    600
199    602
200    604
201    607
202    609
203    612
204    614
205    617
206    619
207    621
208    624
209    626
210    629
211    631
212    634
213    636
214    639
215    641
216    644
217    646
218    649
219    651
220    654
221    656
222    659
223    661
224    663
225    666
226    668
227    671
228    673
229    676
230    678
231    681
232    683
233    686
234    688
235    691
236    693
237    696
238    698
239    701
240    703
241    706
242    709
243    711
244    714
245    716
246    719
247    721
248    724
249    726
250    729
251    731
252    734
253    736
254    739
255    741
256    744
257    746
258    749
259    752
260    754
261    757
262    759
263    762
264    764
265    767
266    769
267    772
268    774
269    777
270    780
271    782
272    785
273    787
274    790
275    792
276    795
277    797
278    800
279    803
280    805
281    808
282    810
283    813
284    815
285    818
286    821
287    823
288    826
289    828
290    831
291    834
292    836
293    839
294    841
295    844
296    846
297    849
298    852
299    854
300    857
301    859
302    862
303    865
304    867
305    870
306    872
307    875
308    878
309    880
310    883
311    885
312    888
313    891
314    893
315    896
316    898
317    901
318    904
319    906
320    909
321    911
322    914
323    917
324    919
325    922
326    924
327    927
328    930
329    932
330    935
331    937
332    940
333    943
334    945
335    948
336    951
337    953
338    956
339    958
340    961
341    964
342    966
343    969
344    972
345    974
346    977
347    979
348    982
349    985
350    987
351    990
352    993
353    995
354    998
355    1000
356    1003
357    1006
358    1008
359    1011
360    1014
361    1016
362    1019
363    1022
364    1024
365    1027
366    1029
367    1032
368    1035
369    1037
370    1040
371    1043
372    1045
373    1048
374    1051
375    1053
376    1056
377    1059
378    1061
379    1064
380    1066
381    1069
382    1072
383    1074
384    1077
385    1080
386    1082
387    1085
388    1088
389    1090
390    1093
391    1096
392    1098
393    1101
394    1104
395    1106
396    1109
397    1112
398    1114
399    1117
400    1120
401    1122
402    1125
403    1128
404    1130
405    1133
406    1136
407    1138
408    1141
409    1143
410    1146
411    1149
412    1151
413    1154
414    1157
415    1159
416    1162
417    1165
418    1167
419    1170
420    1173
421    1175
422    1178
423    1181
424    1183
425    1186
426    1189
427    1191
428    1194
429    1197
430    1199
431    1202
432    1205
433    1207
434    1210
435    1213
436    1215
437    1218
438    1221
439    1224
440    1226
441    1229
442    1232
443    1234
444    1237
445    1240
446    1242
447    1245
448    1248
449    1250
450    1253
451    1256
452    1258
453    1261
454    1264
455    1266
456    1269
457    1272
458    1274
459    1277
460    1280
461    1282
462    1285
463    1288
464    1290
465    1293
466    1296
467    1298
468    1301
469    1304
470    1307
471    1309
472    1312
473    1315
474    1317
475    1320
476    1323
477    1325
478    1328
479    1331
480    1333
481    1336
482    1339
483    1341
484    1344
485    1347
486    1350
487    1352
488    1355
489    1358
490    1360
491    1363
492    1366
493    1368
494    1371
495    1374
496    1376
497    1379
498    1382
499    1384
500    1387
501    1390
502    1393
503    1395
504    1398
505    1401
506    1403
507    1406
508    1409
509    1411
510    1414
511    1417
512    1419
513    1422
514    1425
515    1428
516    1430
517    1433
518    1436
519    1438
520    1441
521    1444
522    1446
523    1449
524    1452
525    1454
526    1457
527    1460
528    1463
529    1465
530    1468
531    1471
532    1473
533    1476
534    1479
535    1481
536    1484
537    1487
538    1490
539    1492
540    1495
541    1498
542    1500
543    1503
544    1506
545    1508
546    1511
547    1514
548    1517
549    1519
550    1522
551    1525
552    1527
553    1530
554    1533
555    1535
556    1538
557    1541
558    1544
559    1546
560    1549
561    1552
562    1554
563    1557
564    1560
565    1562
566    1565
567    1568
568    1571
569    1573
570    1576
571    1579
572    1581
573    1584
574    1587
575    1590
576    1592
577    1595
578    1598
579    1600
580    1603
581    1606
582    1608
583    1611
584    1614
585    1617
586    1619
587    1622
588    1625
589    1627
590    1630
591    1633
592    1636
593    1638
594    1641
595    1644
596    1646
597    1649
598    1652
599    1654
600    1657
601    1660
602    1663
603    1665
604    1668
605    1671
606    1673
607    1676
608    1679
609    1682
610    1684
611    1687
612    1690
613    1692
614    1695
615    1698
616    1701
617    1703
618    1706
619    1709
620    1711
621    1714
622    1717
623    1719
624    1722
625    1725
626    1728
627    1730
628    1733
629    1736
630    1738
631    1741
632    1744
633    1747
634    1749
635    1752
636    1755
637    1757
638    1760
639    1763
640    1766
641    1768
642    1771
643    1774
644    1776
645    1779
646    1782
647    1785
648    1787
649    1790
650    1793
651    1795
652    1798
653    1801
654    1804
655    1806
656    1809
657    1812
658    1814
659    1817
660    1820
661    1823
662    1825
663    1828
664    1831
665    1833
666    1836
667    1839
668    1842
669    1844
670    1847
671    1850
672    1852
673    1855
674    1858
675    1861
676    1863
677    1866
678    1869
679    1871
680    1874
681    1877
682    1880
683    1882
684    1885
685    1888
686    1890
687    1893
688    1896
689    1899
690    1901
691    1904
692    1907
693    1909
694    1912
695    1915
696    1918
697    1920
698    1923
699    1926
700    1928
701    1931
702    1934
703    1937
704    1939
705    1942
706    1945
707    1947
708    1950
709    1953
710    1956
711    1958
712    1961
713    1964
714    1966
715    1969
716    1972
717    1975
718    1977
719    1980
720    1983
721    1985
722    1988
723    1991
724    1994
725    1996
726    1999
727    2002
728    2005
729    2007
730    2010
731    2013
732    2015
733    2018
734    2021
735    2024
736    2026
737    2029
738    2032
739    2034
740    2037
741    2040
742    2043
743    2045
744    2048
745    2051
746    2053
747    2056
748    2059
749    2062
750    2064
751    2067
752    2070
753    2073
754    2075
755    2078
756    2081
757    2083
758    2086
759    2089
760    2092
761    2094
762    2097
763    2100
764    2102
765    2105
766    2108
767    2111
768    2113
769    2116
770    2119
771    2121
772    2124
773    2127
774    2130
775    2132
776    2135
777    2138
778    2141
779    2143
780    2146
781    2149
782    2151
783    2154
784    2157
785    2160
786    2162
787    2165
788    2168
789    2170
790    2173
791    2176
792    2179
793    2181
794    2184
795    2187
796    2189
797    2192
798    2195
799    2198
800    2200
801    2203
802    2206
803    2209
804    2211
805    2214
806    2217
807    2219
808    2222
809    2225
810    2228
811    2230
812    2233
813    2236
814    2238
815    2241
816    2244
817    2247
818    2249
819    2252
820    2255
821    2258
822    2260
823    2263
824    2266
825    2268
826    2271
827    2274
828    2277
829    2279
830    2282
831    2285
832    2287
833    2290
834    2293
835    2296
836    2298
837    2301
838    2304
839    2307
840    2309
841    2312
842    2315
843    2317
844    2320
845    2323
846    2326
847    2328
848    2331
849    2334
850    2336
851    2339
852    2342
853    2345
854    2347
855    2350
856    2353
857    2356
858    2358
859    2361
860    2364
861    2366
862    2369
863    2372
864    2375
865    2377
866    2380
867    2383
868    2386
869    2388
870    2391
871    2394
872    2396
873    2399
874    2402
875    2405
876    2407
877    2410
878    2413
879    2415
880    2418
881    2421
882    2424
883    2426
884    2429
885    2432
886    2435
887    2437
888    2440
889    2443
890    2445
891    2448
892    2451
893    2454
894    2456
895    2459
896    2462
897    2464
898    2467
899    2470
900    2473
901    2475
902    2478
903    2481
904    2484
905    2486
906    2489
907    2492
908    2494
909    2497
910    2500
911    2503
912    2505
913    2508
914    2511
915    2514
916    2516
917    2519
918    2522
919    2524
920    2527
921    2530
922    2533
923    2535
924    2538
925    2541
926    2544
927    2547
928    2551
929    2556
930    2558
931    2554
932    2551
933    2548
934    2547
935    2547
936    2548
937    2550
938    2554