3.802481797157730714e-02 -1.313658206663973205e-01 9.906044288104975948e-01
6.692485366658099122e-02 -1.469158820777520247e-01 9.868823575052065866e-01
7.269574067597291134e-02 -1.297574962288578770e-01 9.888773035417813828e-01
5.660108326582623250e-02 -9.222191724855648143e-02 9.941284803043177742e-01
2.464276283909639167e-02 -4.519928965348625483e-02 9.986740000893844504e-01
-1.492034871536972000e-02 3.139107895476919100e-03 9.998837578417500982e-01
-5.328285651541417312e-02 4.603275605963763617e-02 9.975178808277767040e-01
-8.218765320106821703e-02 7.619338926359545128e-02 9.937000337596196831e-01
-9.487323157048782596e-02 8.446574618513262578e-02 9.918994947335890711e-01
-8.696801340391863144e-02 6.087110051107079423e-02 9.943496737903975147e-01
-5.694575286650363499e-02 1.431346273414309212e-03 9.983762479538045298e-01
-8.216174727317870560e-03 -7.689175285810770366e-02 9.970055931715180453e-01
1.011998409227781170e-01 -8.574777854890952566e-02 9.911639171554867955e-01
1.157587646647916385e-01 -1.086264268973279462e-01 9.873197090014911304e-01
1.100991500562187586e-01 -9.988628170639479720e-02 9.888887237114734052e-01
8.702186930682784261e-02 -6.948099623713614725e-02 9.937804513191784705e-01
5.236666125916264458e-02 -2.696800753877381246e-02 9.982637223489128075e-01
1.390255939524808089e-02 2.002897595664425781e-02 9.997027352990387472e-01
-1.980669863103982214e-02 6.479816332092787345e-02 9.977018055108149985e-01
-4.048472342504575577e-02 9.972227449280053613e-02 9.941913574052395619e-01
-4.158354638300892220e-02 1.149006387881437163e-01 9.925062477769297509e-01
-2.037469748692556301e-02 9.912499253664634746e-02 9.948663767345713449e-01
1.969843884642077936e-02 4.666795095582768060e-02 9.987162128755568968e-01
6.701486519774207951e-02 -2.816659134367784437e-02 9.973543256910253341e-01
1.396070726804509721e-01 -4.039609799423025255e-02 9.893826461609480649e-01
1.439570335852841387e-01 -6.761778558207780232e-02 9.872710912177480314e-01
1.311316717413474053e-01 -6.747753457101360319e-02 9.890658557419048647e-01
1.051367760560878439e-01 -4.599107192870142968e-02 9.933937183329442089e-01
7.150368789901924427e-02 -1.064812079730012746e-02 9.973834970262276389e-01
3.719447129043256667e-02 3.161279302037010852e-02 9.988078907492100589e-01
9.984609630814387030e-03 7.407457054221110171e-02 9.972027203981381760e-01
-2.637841353476889396e-03 1.089635949273406179e-01 9.940422409402421833e-01
4.715567926869317777e-03 1.265501355839319941e-01 9.919490040333768244e-01
3.266899132730248512e-02 1.165819148267239203e-01 9.926436390472719307e-01
7.440346239742486045e-02 7.463677044280710160e-02 9.944312330579614390e-01
1.154773253587122323e-01 1.271861823546445447e-02 9.932286866971641315e-01
1.439157531578645344e-01 -1.121553912474175518e-02 9.895263855376418283e-01
1.443862406650771313e-01 -3.838205437799899200e-02 9.887767348639912024e-01
1.304760037764018110e-01 -4.351474623666897606e-02 9.904960773766392501e-01
1.062966327892779228e-01 -2.923299553330463083e-02 9.939046522830335961e-01
7.688674776041809489e-02 -9.904007386309103458e-04 9.970393408111669631e-01
4.832090533778198721e-02 3.506026501477110813e-02 9.982163432465153141e-01
2.728561286259360494e-02 7.239557812208521903e-02 9.970026958835286335e-01
1.995951275602579969e-02 1.035549681309527043e-01 9.944234442257718909e-01
3.017487970038044975e-02 1.199183720105128914e-01 9.923250781318430080e-01
5.705881150557391701e-02 1.134371888238403514e-01 9.919053867286862225e-01
9.325733640579966788e-02 8.160447834847708859e-02 9.922921839457877757e-01
1.261435708513815035e-01 3.362814002141056163e-02 9.914418529251673995e-01
1.210002554125543389e-01 -4.816983574641615917e-03 9.926407884322115960e-01
1.219789287751764234e-01 -2.845874556077985368e-02 9.921246094800826310e-01
1.112582100738651048e-01 -3.451233938930153844e-02 9.931920806777913002e-01
9.196362505282384969e-02 -2.384163721224078977e-02 9.954769048060486680e-01
6.826722367333568076e-02 -5.838617927540637551e-04 9.976669009630758644e-01
4.531269622012939341e-02 2.977062388831922674e-02 9.985291530618848332e-01
2.870813562527931018e-02 6.110074973883805605e-02 9.977186684282434159e-01
2.339755019430287894e-02 8.667377126448903846e-02 9.959619530984457070e-01
3.205588076772360878e-02 9.944542612342043009e-02 9.945265344531180052e-01
5.340334059312152465e-02 9.373866270945090118e-02 9.941635410368656611e-01
8.137945695117955458e-02 6.867994391179131630e-02 9.943140596866432146e-01
1.066638704138313382e-01 3.140072937997474140e-02 9.937991813956816856e-01
8.226602142129524342e-02 -1.969059336765990875e-02 9.964158681255224081e-01
8.629143057261821903e-02 -3.796468216275805663e-02 9.955463183187336362e-01
8.078447825068013621e-02 -4.132819005617925645e-02 9.958744141609567890e-01
6.734531420563119597e-02 -3.049836811073083909e-02 9.972634848409730468e-01
4.905594635488236960e-02 -9.263355129623111750e-03 9.987530747782601415e-01
3.020653568593971786e-02 1.718594736883722815e-02 9.993959217521853899e-01
1.560586705729077872e-02 4.312749899498409534e-02 9.989476841875846169e-01
9.449558738914813280e-03 6.266969895122902201e-02 9.979895864551873164e-01
1.400731046447958872e-02 7.034409080008277582e-02 9.974244353048120626e-01
2.852347806795343596e-02 6.260517647893727722e-02 9.976306947347373111e-01
4.889661176195033571e-02 4.013615463631859531e-02 9.979970994192368661e-01
6.881314174983749199e-02 9.321951613478381138e-03 9.975860127029858582e-01
3.773051146714105630e-02 -4.961068425354019096e-02 9.980557041129257678e-01
4.655055814380613249e-02 -6.215894219183543817e-02 9.969800958103980371e-01
4.692810058744336515e-02 -6.057931125120940424e-02 9.970596273160465817e-01
3.885789548420514466e-02 -4.656328878086768430e-02 9.981592679008708391e-01
2.442445154862659534e-02 -2.442445939048291242e-02 9.994032679304386546e-01
7.350743229252461493e-03 4.645637461427463066e-04 9.999728750093807017e-01
-7.896312682546119399e-03 2.255580933507286834e-02 9.997144010722560648e-01
-1.724473982783533699e-02 3.661976715297397822e-02 9.991804699862657513e-01
-1.808570205927120464e-02 3.847818161048129765e-02 9.990957596351891512e-01
-1.001573286246165533e-02 2.639521529952059201e-02 9.996014094150244000e-01
4.896860517768923497e-03 2.738230468343350130e-03 9.999842613016419746e-01
2.250325921859115327e-02 -2.560100020334938817e-02 9.994189272337721253e-01
-4.872947549673861851e-03 -8.653767848742761892e-02 9.962366609315908006e-01
1.032450793567353184e-02 -9.417341601140198637e-02 9.955022713447942984e-01
1.668398155846092037e-02 -8.670166047902566619e-02 9.960946073689508351e-01
1.275528366793491665e-02 -6.745480561539846098e-02 9.976407930402646507e-01
6.488079656130745971e-06 -4.192906249507487998e-02 9.991205901572546288e-01
-1.792242125999107816e-02 -1.613313414588051636e-02 9.997092121206055948e-01
-3.637483045108643592e-02 4.232831037662297159e-03 9.993292524744535887e-01
-5.083449148921082017e-02 1.423694033327699976e-02 9.986056098404846315e-01
-5.778756454507223000e-02 1.049800253734496994e-02 9.982737046154408489e-01
-5.525925154010871004e-02 -7.376187868463403817e-03 9.984447941532497151e-01
-4.332193241116964744e-02 -3.529057441744480605e-02 9.984376723308352464e-01
-2.472470883023876465e-02 -6.482942662194303429e-02 9.975900130901356189e-01
-3.890230410380329101e-02 -1.223899511716607102e-01 9.917193708845656319e-01
-1.595646135244911321e-02 -1.268655588649962029e-01 9.917915715083531758e-01
-3.908779531324191488e-03 -1.136239723974778459e-01 9.935161369294349676e-01
-5.316397154158537114e-03 -8.805403236970485437e-02 9.961015125501467837e-01
-1.872668269858825812e-02 -5.727077942175137076e-02 9.981830339068845648e-01
-3.998193487531928603e-02 -2.822172900171070545e-02 9.988017715722427026e-01
-6.373914929495470838e-02 -7.031646969213640672e-03 9.979418203422909528e-01
-8.465338942492449392e-02 1.235450831908310601e-03 9.964096935097568331e-01
-9.801751430460696468e-02 -6.703592824901524229e-03 9.951621117851671139e-01
-1.000801399795431673e-01 -3.070956313686169781e-02 9.945053485596163645e-01
-8.886184501298398375e-02 -6.530124043327936723e-02 9.939010617252994617e-01
-6.614633055994871558e-02 -9.971504972318161186e-02 9.928149736039407758e-01
-5.744149593888444455e-02 -1.499948273538382337e-01 9.870167305124031287e-01
-2.634179386469798559e-02 -1.537507888765456132e-01 9.877584749400653008e-01
-9.736576475415851042e-03 -1.357389032047352506e-01 9.906967998511707618e-01
-1.067508378330728376e-02 -1.037331167259711168e-01 9.945478787270775056e-01
-2.698078755388717831e-02 -6.665827739207701164e-02 9.974110041292417739e-01
-5.340037977994150503e-02 -3.243482749225812256e-02 9.980462821957797326e-01
-8.355413683456178187e-02 -7.688630406736278455e-03 9.964735777632452995e-01
-1.111387593573703175e-01 2.019842796320917185e-03 9.938028458420166134e-01
-1.303284576155360475e-01 -7.350026847518893562e-03 9.914436293813608803e-01
-1.357526304701507924e-01 -3.642822854294708312e-02 9.900728293846046135e-01
-1.233625306086132689e-01 -7.938733515525051021e-02 9.891811447145119063e-01
-9.401577857144510775e-02 -1.225392689656616962e-01 9.880005875205675192e-01
-5.305417452844575499e-02 -1.635139067352140430e-01 9.851134233525185024e-01
-1.579146176918456643e-02 -1.691720915528494296e-01 9.854600109465585511e-01
2.541079500056810103e-03 -1.481843495627390150e-01 9.889564911863935048e-01
-6.009049426525856332e-04 -1.108699161421436707e-01 9.938347451201231531e-01
-2.164207424654565962e-02 -6.775636359171169354e-02 9.974671402182440083e-01
-5.390821928526118995e-02 -2.741440384491887136e-02 9.981695018158451838e-01
-8.988615810489003488e-02 3.213516944883583297e-03 9.959468619811224777e-01
-1.224172830312150184e-01 1.789730111397211387e-02 9.923173360513773966e-01
-1.449753149834258070e-01 1.103639165962839140e-02 9.893737191297609090e-01
-1.513300335463201585e-01 -2.039580083288861437e-02 9.882728531408707662e-01
-1.359462921049301443e-01 -7.213206724315725238e-02 9.880868233805106815e-01
-9.866998684416544707e-02 -1.275921463114862153e-01 9.869065193298378613e-01
-2.018955987185024059e-02 -1.583485733179411103e-01 9.871768387681939538e-01
1.737307390443587965e-02 -1.680707456658212529e-01 9.856218345564806693e-01
3.236427251985196651e-02 -1.468975348562209515e-01 9.886221058207181889e-01
2.390180349399393875e-02 -1.071240565793025595e-01 9.939583191923458960e-01
-2.864924149888565565e-03 -6.006921558530554234e-02 9.981901029105749723e-01
-4.005798581986926010e-02 -1.435274086291610934e-02 9.990942681257486413e-01
-7.925917393100626041e-02 2.309187286766702790e-02 9.965865485522424905e-01
-1.126562044821520919e-01 4.542221377372625962e-02 9.925952861502095326e-01
-1.335069299234322715e-01 4.509640074185872205e-02 9.900213201252638928e-01
-1.360044844419862342e-01 1.546395567627216298e-02 9.905875258080437673e-01
-1.150929537273303049e-01 -4.299854372550770965e-02 9.924236682182835390e-01
-7.052009363709234313e-02 -1.121525392857921771e-01 9.911855145859974625e-01
1.534241238698494381e-01 -1.425888583629481010e-01 9.778187233253379240e-01
1.928422848845144921e-01 -1.301989630085601812e-01 9.725533832093745668e-01
1.785843146999087083e-01 -9.896114663951327550e-02 9.789353063400034749e-01
1.280370686157633053e-01 -6.389158525005990408e-02 9.897092372987243980e-01
5.684093680111809710e-02 -3.125298476218252991e-02 9.978939617249138472e-01
-2.206661535686274198e-02 -2.809316873652965580e-03 9.997525554982814588e-01
-9.718494293420588959e-02 2.086669513831201916e-02 9.950475706723272973e-01
-1.567264207387841501e-01 3.784141749932065646e-02 9.869168435912231141e-01
-1.869845346717041168e-01 4.215345068387166272e-02 9.814580329229367628e-01
-1.714425059400385420e-01 2.157614069940274465e-02 9.849578352952427229e-01
-9.271332099895808476e-02 -3.682241300777976817e-02 9.950117336039868698e-01
4.969894821422120301e-02 -1.132300055614727380e-01 9.923250376701252540e-01
2.007163478644717058e-01 -2.715127712094726059e-02 9.792730752198890443e-01
2.230390247331672238e-01 -4.465733513831517815e-02 9.737860729464126175e-01
1.995204118197775323e-01 -3.812257456621207657e-02 9.791518138550900918e-01
1.455722944973678878e-01 -1.967682134853793174e-02 9.891519245173461261e-01
7.456758910597131862e-02 4.388204930255702046e-03 9.972063067953358395e-01
-1.808827802448714729e-03 3.179954894327174236e-02 9.994926297021844430e-01
-7.222074640224872277e-02 6.179293778192487124e-02 9.954726498650624533e-01
-1.240968339643186286e-01 9.264381171724983544e-02 9.879357772398336124e-01
-1.423541348575942944e-01 1.185671921884392799e-01 9.826887204122971564e-01
-1.100948993511982471e-01 1.260904506357401478e-01 9.858906183727135231e-01
-1.624026645402106353e-02 9.553345284159399375e-02 9.952937320879924332e-01
1.182245898479081514e-01 2.591893453653117477e-02 9.926485557273942995e-01
2.052830148828250489e-01 6.216378478544239139e-02 9.767264446413389534e-01
2.197216920312759503e-01 2.711479457239914306e-02 9.751857084505913820e-01
1.960492282892308258e-01 1.406459453882827164e-02 9.804931857323868627e-01
1.468327152363453625e-01 1.759962382116388863e-02 9.890047557912232667e-01
8.334035119823600402e-02 3.289938932894526102e-02 9.959779194560327564e-01
1.618224675471718887e-02 5.725605604426773493e-02 9.982283701318862557e-01
-4.361436519491242864e-02 8.906530740451348849e-02 9.950704287464219311e-01
-8.363385734139133776e-02 1.257106793915761522e-01 9.885353827724606690e-01
-8.996511647672809919e-02 1.605492382273714380e-01 9.829192336717693657e-01
-5.018588587588965200e-02 1.800244704201598156e-01 9.823810701091666431e-01
3.652729290108059496e-02 1.664383849421610662e-01 9.853750660997940836e-01
1.414086277097555688e-01 1.168086669664876592e-01 9.830357752039081687e-01
1.773561393785822726e-01 9.831539420685592168e-02 9.792236124025248678e-01
1.904063743294382438e-01 6.119825265022658944e-02 9.797959922796348753e-01
1.727268215806530838e-01 4.064172371620300428e-02 9.841309340732841138e-01
1.332399927258698380e-01 3.654394118227639182e-02 9.904098367349202237e-01
8.124542255140770886e-02 4.616280026766591410e-02 9.956245161635568497e-01
2.632502483257865775e-02 6.687131070961417623e-02 9.974142674293094979e-01
-2.126103576860038230e-02 9.629990433834047237e-02 9.951252668797492262e-01
-5.049349703919839283e-02 1.308839326541379189e-01 9.901110053573213277e-01
-5.060881908640164212e-02 1.637088760038825919e-01 9.852096991749158539e-01
-1.472499519430697096e-02 1.833275280097593773e-01 9.829416015157254050e-01
5.266869113755998782e-02 1.773058094451499256e-01 9.827454700536363275e-01
1.281344273146879376e-01 1.435676767971425516e-01 9.813102927798974529e-01
1.374164236844935549e-01 8.594730129165197019e-02 9.867774763858446763e-01
1.507541048096840697e-01 5.573933258821696379e-02 9.869986457364444687e-01
1.401444080163216921e-01 3.770328234082256230e-02 9.894129610038642220e-01
1.109199075027183651e-01 3.349403157469785924e-02 9.932647803926488717e-01
7.035421290912503844e-02 4.148239247599670027e-02 9.966591673387761308e-01
2.686895409845895671e-02 5.919636425026891802e-02 9.978846876093415696e-01
-1.036970844877914931e-02 8.388878891124575132e-02 9.964211660947914773e-01
-3.216076040179429579e-02 1.117141144859486040e-01 9.932198357438624114e-01
-3.080051561515853575e-02 1.365604279877550564e-01 9.901528052505994548e-01
-3.047785803704120954e-03 1.500703353089724301e-01 9.886706253661715627e-01
4.569531725882141487e-02 1.447419025064718145e-01 9.884137390988411154e-01
9.928040550618547067e-02 1.201308142322506239e-01 9.877813465308947771e-01
9.868926809236253095e-02 3.984430334644977617e-02 9.943203004334996153e-01
1.128343514872915260e-01 2.012916383992918376e-02 9.934098982230790131e-01
1.079256467249620627e-01 1.043446746882927163e-02 9.941042081530645502e-01
8.664682273934848356e-02 1.142089536162824333e-02 9.961736250565526030e-01
5.458996228767697134e-02 2.119070710898469587e-02 9.982839725998117197e-01
1.914669501232156221e-02 3.710571166204248289e-02 9.991279048411038088e-01
-1.149044572551280105e-02 5.631120917553354005e-02 9.983471427205186099e-01
-2.953301722111673772e-02 7.529251943694005578e-02 9.967240527902390124e-01
-2.920028274552484773e-02 8.942278439916986899e-02 9.955656227079566767e-01
-8.826646983212615982e-03 9.359812003867944152e-02 9.955709327959533228e-01
2.701585936207224342e-02 8.461312101921070195e-02 9.960475706984636135e-01
6.729790459277533443e-02 6.427940773982755707e-02 9.956601577737481668e-01
6.687794129820491540e-02 -2.513986869064506469e-02 9.974443984353082993e-01
8.311063094563271580e-02 -3.341163832923207261e-02 9.959800627763778502e-01
8.232341502030204872e-02 -3.203418565873204088e-02 9.960906917989993392e-01
6.567212501805688718e-02 -2.281277691652499467e-02 9.975804474852780768e-01
3.785332504698425693e-02 -8.935249698680801725e-03 9.992433572937592379e-01
5.775734649585187105e-03 6.414546996485770772e-03 9.999627465441387475e-01
-2.280554094663976919e-02 2.034340087491345872e-02 9.995329175884689610e-01
-4.069612708492949260e-02 2.994369165042300163e-02 9.987227846457996661e-01
-4.273654772952192177e-02 3.229372882944158557e-02 9.985643206956870133e-01
-2.735710855958003312e-02 2.544771342138388293e-02 9.993017574751500431e-01
2.055046955524069633e-03 1.021631651387381982e-02 9.999457003552192358e-01
3.707150730654094895e-02 -8.834235357957678433e-03 9.992735659626231781e-01
4.397466032879980558e-02 -9.633013266830522947e-02 9.943775614871445123e-01
6.463143436395593633e-02 -9.322220186367878580e-02 9.935453682503906370e-01
6.695183338656811312e-02 -7.971890395527581052e-02 9.945664122412014585e-01
5.158120850996648216e-02 -6.077259525548858732e-02 9.968179726481958269e-01
2.337616752286229838e-02 -4.137077824110571567e-02 9.988703687163962286e-01
-1.040121477029566123e-02 -2.544265864348478970e-02 9.996221715489955750e-01
-4.170457179133506276e-02 -1.594390372802935787e-02 9.990027630720968999e-01
-6.306047638884278161e-02 -1.521918899715957868e-02 9.978936579635794279e-01
-6.877124718678491455e-02 -2.469145277900804472e-02 9.973268509972342821e-01
-5.620688104824803771e-02 -4.347042822297558784e-02 9.974723597137833409e-01
-2.739172876551723007e-02 -6.679535639519589008e-02 9.973906323799510698e-01
9.904097282886232395e-03 -8.671835543718996175e-02 9.961836355247205566e-01
3.137183487720016095e-02 -1.625932492124497752e-01 9.861943232887701027e-01
5.946393340579334691e-02 -1.487470218213504947e-01 9.870857936994308357e-01
6.425453022790444946e-02 -1.230622920997765657e-01 9.903166299766698044e-01
4.699975118123093237e-02 -9.398582639012563467e-02 9.944635175946235917e-01
1.395787869422125509e-02 -6.835695500550947878e-02 9.975632833683949485e-01
-2.635108566511914358e-02 -5.073816987097341108e-02 9.983642914299809545e-01
-6.494523409097473221e-02 -4.411737159925103319e-02 9.969131226401373169e-01
-9.341474564874915898e-02 -5.055138674367869872e-02 9.943431211576956308e-01
-1.046140827711602717e-01 -7.065665157698779175e-02 9.919997637468710439e-01
-9.369373022303990883e-02 -1.015764907635122866e-01 9.904058266393279686e-01
-6.055197442457061624e-02 -1.348281517074050029e-01 9.890171019251793316e-01
-1.347003343376209847e-02 -1.579990100008799581e-01 9.873473912651201667e-01
3.188301828519934933e-02 -2.130242868832623593e-01 9.765265620262963964e-01
7.001399508170035035e-02 -1.900089169859230653e-01 9.792827232002601079e-01
7.618490458182632097e-02 -1.532785522082726060e-01 9.852418716978874613e-01
5.391326739007642338e-02 -1.149334760490864082e-01 9.919090964814156752e-01
1.218734079330717132e-02 -8.323329262769939285e-02 9.964555623421863517e-01
-3.852952664979398395e-02 -6.286423959413658946e-02 9.972780770459059863e-01
-8.802623279295797298e-02 -5.663264816081293312e-02 9.945069760954748928e-01
-1.267282555924194865e-01 -6.666471834266400609e-02 9.896947835382796654e-01
-1.455633187624819636e-01 -9.396741323953319847e-02 9.848763605041674918e-01
-1.363414226255555695e-01 -1.356470802657818442e-01 9.813311806376839863e-01
-9.506262711954829858e-02 -1.807474396245025705e-01 9.789246446965839121e-01
-3.043317684912260138e-02 -2.107385892457969423e-01 9.770686100522969486e-01
5.061041013873080613e-02 -2.355775523170548780e-01 9.705368634059975408e-01
9.848887100434509934e-02 -2.068217670662982344e-01 9.734088036153702994e-01
1.031766295427553465e-01 -1.624564024874448898e-01 9.813065272416308105e-01
7.274341601813794078e-02 -1.178598196708226381e-01 9.903622864049380636e-01
1.982454687360395845e-02 -8.167373108065460741e-02 9.964619355462743799e-01
-4.312407138516990285e-02 -5.786656161356829725e-02 9.973924881982123569e-01
-1.048838270671638290e-01 -4.864755786695978274e-02 9.932939131664083598e-01
-1.549474512096225831e-01 -5.639249976848458024e-02 9.863119046901696052e-01
-1.824440911585789027e-01 -8.383099830084646265e-02 9.796359105939164147e-01
-1.753776389255269352e-01 -1.312141770957755971e-01 9.757179528398438606e-01
-1.235665957520298008e-01 -1.889306716957988019e-01 9.741850428470000267e-01
-3.386373951562739182e-02 -2.311028863599664529e-01 9.723398084322760759e-01
9.280480105951106895e-02 -2.162231460053400112e-01 9.719232583037883400e-01
1.433895789961928402e-01 -1.888303714050872384e-01 9.714846985261078594e-01
1.411618251493096665e-01 -1.444896297597036416e-01 9.793855655523840964e-01
1.002305941892812635e-01 -9.999620344777274128e-02 9.899265565103241293e-01
3.619956059185428648e-02 -6.296568067705252125e-02 9.973589699149914001e-01
-3.744864541285073539e-02 -3.600791848542791301e-02 9.986496025949331834e-01
-1.091019636075551968e-01 -2.039078619211230972e-02 9.938214011458228470e-01
-1.676514831023401819e-01 -1.849643019458535598e-02 9.856727967656114808e-01
-2.008558309032180411e-01 -3.525162860676792076e-02 9.789863420256469384e-01
-1.937791848732933753e-01 -7.712994315396126677e-02 9.780084863532587658e-01
-1.299512267839004198e-01 -1.430778066851818853e-01 9.811429151207285981e-01
-1.059550655711850864e-02 -2.032132942536952203e-01 9.790771635981266874e-01
3.688928887977482862e-01 -7.504971043790464869e-02 9.264370337792113830e-01
3.722383162169100590e-01 -1.577247387394961620e-02 9.280031600204181608e-01
3.017896509292265494e-01 1.192226036116747490e-02 9.532999875694820879e-01
1.996077243390548817e-01 1.545652882355509801e-02 9.797539752922060918e-01
8.490291890749881998e-02 4.137624977463508040e-03 9.963806373171639752e-01
-3.242032793134077412e-02 -1.554751150795636791e-02 9.993533895587610738e-01
-1.450070743591390376e-01 -3.927075573437550926e-02 9.886509779137826470e-01
-2.434098610603434021e-01 -6.401274008127615101e-02 9.678088698941909040e-01
-3.100266675167550612e-01 -8.861876575964582059e-02 9.465887067695788470e-01
-3.076410845403748651e-01 -1.180896444056040717e-01 9.441460686710584360e-01
-1.601734302121359255e-01 -1.632719435843225930e-01 9.734920362757287782e-01
2.088275966791759419e-01 -1.485936425406300110e-01 9.665976227271125820e-01
3.243119112450333907e-01 1.580406883299080856e-01 9.326547727089329332e-01
3.369011950600035443e-01 1.282326673126773509e-01 9.327668346382514963e-01
2.797302852617929991e-01 1.018956888130783944e-01 9.546560826332542993e-01
1.889967004464030154e-01 7.597918951388314690e-02 9.790339166653980740e-01
8.233240829707433317e-02 5.191124909243845231e-02 9.952520267558752076e-01
-3.045642993882786628e-02 3.260449922991793398e-02 9.990041804243762202e-01
-1.416219827368539186e-01 2.216869363244509603e-02 9.896725534379013922e-01
-2.409144638557883245e-01 2.653959898847025461e-02 9.701834212099593735e-01
-3.089869153895919984e-01 5.353251759286287159e-02 9.495585056636636212e-01
-3.054338985798357720e-01 1.079885501742874759e-01 9.460700854744316102e-01
-1.564730422473907812e-01 1.730178088935774294e-01 9.724099057781757649e-01
1.723631539413293112e-01 1.948153386146778687e-01 9.655764739283302367e-01
2.281488725173916876e-01 2.757993179480596746e-01 9.337466616746198378e-01
2.599300999647047306e-01 2.127999739321314865e-01 9.418877397157626730e-01
2.284781878736067418e-01 1.583681163964553995e-01 9.605817286285754930e-01
1.606049157410550099e-01 1.160404303264468556e-01 9.801738006952822602e-01
7.268774282844632506e-02 8.605580637049420334e-02 9.936351897112191134e-01
-2.439945178521166561e-02 6.972169747263316786e-02 9.972680440353531850e-01
-1.210954125314039481e-01 7.050763127884342174e-02 9.901336147183582570e-01
-2.050074130365842351e-01 9.396182576786007989e-02 9.742397733096365142e-01
-2.554247547676984920e-01 1.456552990275835624e-01 9.557942919462559805e-01
-2.378255281146555156e-01 2.232620905832553848e-01 9.453005115228763078e-01
-1.127092233201035937e-01 3.001065850054605577e-01 9.472236634580637471e-01
9.851544398356427978e-02 3.246160088338548300e-01 9.407014160218288845e-01
1.436716480342684343e-01 2.778054474977088573e-01 9.498329278834976019e-01
1.828053942788402386e-01 2.210739233817774207e-01 9.579710372569280041e-01
1.719700724774219924e-01 1.671806397989475668e-01 9.708125091121164729e-01
1.265389410838123618e-01 1.251513134599236687e-01 9.840350832814086512e-01
5.980956043468386302e-02 9.738960911163686840e-02 9.934475731097366369e-01
-1.717112604034811904e-02 8.546910353440062558e-02 9.961928451718357058e-01
-9.370994301437776675e-02 9.209018524673392991e-02 9.913313494293585215e-01
-1.569654492446998229e-01 1.204959803821867292e-01 9.802257732049257655e-01
-1.894134636282721329e-01 1.714949512848705226e-01 9.668050586752917619e-01
-1.693026923094954894e-01 2.373414872931879360e-01 9.565592594221158373e-01
-8.262079957622685267e-02 2.951141344932131094e-01 9.518831078970058091e-01
4.607594531894399631e-02 3.129518084416249568e-01 9.486507117248319521e-01
9.328758277379897712e-02 2.141623525321994514e-01 9.723332317976893791e-01
1.286269842288276510e-01 1.754169307754963048e-01 9.760553259552133820e-01
1.278279876556406014e-01 1.363987077516681246e-01 9.823723317029859903e-01
9.786907319086853019e-02 1.052503764438192657e-01 9.896181095610270262e-01
4.837731557908970387e-02 8.505633872024949416e-02 9.952010121482228744e-01
-1.053216041170341663e-02 7.766133715747787492e-02 9.969241647727961064e-01
-6.830920097527945489e-02 8.510568558120547300e-02 9.940276029083929821e-01
-1.133591490929607148e-01 1.087791256754319646e-01 9.875812903929440667e-01
-1.328479512823824982e-01 1.469475689952904340e-01 9.801825512660525819e-01
-1.150198970130849319e-01 1.915606891769567610e-01 9.747178697721048390e-01
-5.692774762630839480e-02 2.270854058690152388e-01 9.722095710244711420e-01
2.418886547932218994e-02 2.364456723642898717e-01 9.713435760877848768e-01
7.416536309813602512e-02 1.207783012627955399e-01 9.899050968959465235e-01
1.021271418522684549e-01 1.011099001690723836e-01 9.896195405229388786e-01
1.033190034395556067e-01 8.117350808310645760e-02 9.913304419383851540e-01
8.076056027510961077e-02 6.495987578166875775e-02 9.946144712613372851e-01
4.162704886342760702e-02 5.420253799995138067e-02 9.976619034909950390e-01
-5.017906288550671133e-03 5.032828095748540648e-02 9.987201233340512463e-01
-4.932061083074419650e-02 5.491203408143682796e-02 9.972723529008503673e-01
-8.130444559604245447e-02 6.866347888293090895e-02 9.943213332690731265e-01
-9.185690115921316123e-02 8.978686958760524750e-02 9.917160015644865823e-01
-7.502416466572219000e-02 1.128344339224987974e-01 9.907773540193298700e-01
-3.217099536024567441e-02 1.295127656600534582e-01 9.910557353593352214e-01
2.427694141604420930e-02 1.325451822757250098e-01 9.908796116436029422e-01
7.843378685328677991e-02 1.726167920607617548e-02 9.967698708883732106e-01
1.002695120190564004e-01 1.630128957179635685e-02 9.948267652801636718e-01
9.891869899962993373e-02 1.581234849123758918e-02 9.949698792544123815e-01
7.677388527248785177e-02 1.492380490143105538e-02 9.969368338001159957e-01
4.047073544639838427e-02 1.311859385193709857e-02 9.990946011603375476e-01
-1.215130734754999060e-03 1.102292054041370192e-02 9.999385074493115644e-01
-3.881427007630098430e-02 9.984459954919411989e-03 9.991965587400266635e-01
-6.333733781920020123e-02 1.096659580958002020e-02 9.979319192281493889e-01
-6.766968647419305261e-02 1.367268632257814115e-02 9.976140893056976156e-01
-4.865553324573811123e-02 1.664171751404066452e-02 9.986769709584624177e-01
-9.750326042548900299e-03 1.835311729741574346e-02 9.997840237908832695e-01
3.776440234696559761e-02 1.836463692651965629e-02 9.991179059680207475e-01
1.000487652891403484e-01 -8.499839934537174735e-02 9.913453064764033984e-01
1.189540957626420703e-01 -6.638856498207910961e-02 9.906777889611591004e-01
1.125044466217453715e-01 -4.763719725151500939e-02 9.925086634021753618e-01
8.485041497980422287e-02 -3.421496732788592565e-02 9.958060770494008285e-01
4.404051711952034626e-02 -2.870626274054814339e-02 9.986172356470458533e-01
-3.255138425515450651e-04 -3.108430159917852445e-02 9.995167133343849653e-01
-3.844018516134348890e-02 -3.995055269330845954e-02 9.984619699839973883e-01
-6.126793345254280543e-02 -5.364636794491064314e-02 9.966786380457830496e-01
-6.183474090884785029e-02 -7.031714662996686738e-02 9.956063296838629784e-01
-3.743628938121034561e-02 -8.672605394201778062e-02 9.955285610192009527e-01
7.258881898459146505e-03 -9.737674942401400302e-02 9.952211198046528873e-01
5.881811951572847585e-02 -9.689776347023794367e-02 9.935548561861630157e-01
1.357687832444948728e-01 -1.767438666809446612e-01 9.748479076692152523e-01
1.554408207969702471e-01 -1.362911226940281828e-01 9.783981199413288588e-01
1.417523891676352454e-01 -9.839508741528002478e-02 9.849998309328720225e-01
1.031211552252656316e-01 -7.239010237185115881e-02 9.920310985163721673e-01
5.090158047978442929e-02 -6.182166292482244030e-02 9.967883983563796679e-01
-3.540630728694706911e-03 -6.647556941544047193e-02 9.977817710326009060e-01
-4.951422719919105347e-02 -8.460590467207337873e-02 9.951834917237601941e-01
-7.703302586098982607e-02 -1.139820699824640460e-01 9.904917973659209673e-01
-7.738278915186887208e-02 -1.509302337305838404e-01 9.855110189587462655e-01
-4.553767313259522026e-02 -1.874742713962405383e-01 9.812133905986494264e-01
1.431348060696799318e-02 -2.098831415847500492e-01 9.776217014528287841e-01
8.348552190810822060e-02 -2.056310246917709139e-01 9.750620745962503833e-01
1.847125295204166406e-01 -2.463954938178408438e-01 9.514045102186692304e-01
2.081608685713846885e-01 -1.816052410305655507e-01 9.610871912713708776e-01
1.842831400761046623e-01 -1.258290654551622589e-01 9.747854997743746752e-01
1.294579174789914078e-01 -9.050144961662995313e-02 9.874462695353695141e-01
5.995987334151739456e-02 -7.793114098579724536e-02 9.951540337322929419e-01
-1.087487248252344378e-02 -8.641846982861597914e-02 9.961995709800982590e-01
-7.165272448423132268e-02 -1.135849810203533733e-01 9.909411380907573452e-01
-1.112001127968830494e-01 -1.572811210181124797e-01 9.812732462903716035e-01
-1.175125256725019357e-01 -2.136132867753339215e-01 9.698248140891765345e-01
-7.935561182911395062e-02 -2.715748499599536792e-01 9.591401293557042518e-01
4.694931014568607015e-03 -3.078415285584690797e-01 9.514260617187348945e-01
1.089696804577569150e-01 -2.972122214686357400e-01 9.485728776170386789e-01
2.470154885588088378e-01 -2.751946325592496412e-01 9.291131592129426853e-01
2.736910842735775229e-01 -1.870388267820946859e-01 9.434562351614798059e-01
2.350724850383091591e-01 -1.193833567761230785e-01 9.646183395016214579e-01
1.601502574748690511e-01 -8.155762146251196998e-02 9.837175658755495933e-01
7.027462909540846403e-02 -7.142904944558797764e-02 9.949670182477347025e-01
-2.040470183086392705e-02 -8.450434003090147306e-02 9.962141660602910065e-01
-1.009355226420977775e-01 -1.175685920901725773e-01 9.879218827533213787e-01
-1.597682680200662453e-01 -1.692368300266454129e-01 9.725394572439840513e-01
-1.813808101589575728e-01 -2.378530924484644482e-01 9.542153363464180860e-01
-1.443966802667504268e-01 -3.145160560788254900e-01 9.382053342400431539e-01
-3.029831316127184343e-02 -3.691625312011823090e-01 9.288708402015333210e-01
1.345480511270360502e-01 -3.516721653091953725e-01 9.264035352289182734e-01
3.184108997549905951e-01 -2.312570827294797848e-01 9.193120583374291277e-01
3.391583488560748205e-01 -1.343449358835930585e-01 9.310870274059880325e-01
2.815155138049686423e-01 -7.166486841341146441e-02 9.568767747847267691e-01
1.874153987386276976e-01 -4.360063981021184559e-02 9.813126171224588745e-01
7.982374087357935188e-02 -4.174029315777041255e-02 9.959346958109458470e-01
-2.868190003408807934e-02 -5.900753447431485860e-02 9.978454086108075050e-01
-1.289944844748795727e-01 -9.140999986395646759e-02 9.874232298766165705e-01
-2.105444920109304785e-01 -1.378508147883771018e-01 9.678161859289146074e-01
-2.560331142738256349e-01 -1.994608905249541930e-01 9.458659511507298001e-01
-2.338216717898770058e-01 -2.762006650967128718e-01 9.322234809322798021e-01
-9.424648514234160168e-02 -3.476048378685136497e-01 9.328925322504666440e-01
1.661261584961221949e-01 -3.277623203135184848e-01 9.300397630456315179e-01
6.511019681392398173e-01 2.436922915181015115e-01 7.188047677497931831e-01
5.222294643485333454e-01 2.828650824853756740e-01 8.045270235839806494e-01
3.770914189529774863e-01 2.309906272208800682e-01 8.969087979767821350e-01
2.336629106832223690e-01 1.492048510273702999e-01 9.608015177969623233e-01
9.473878107070292376e-02 5.725427937441697479e-02 9.938543710496614558e-01
-3.957267208921440987e-02 -4.038178685748330943e-02 9.984003780617645152e-01
-1.688780614572453487e-01 -1.443012347977506993e-01 9.750165916507499420e-01
-2.890368869039223743e-01 -2.558591225268229685e-01 9.224932451940690559e-01
-3.849963743825502438e-01 -3.735162354409310992e-01 8.439569974674453468e-01
-4.079814247269577532e-01 -4.900041943178854442e-01 7.703551431830886198e-01
-1.801635547269155868e-01 -5.722073681709304305e-01 8.000748848445570216e-01
6.290261074533175512e-01 -3.063441586000124547e-02 7.767803349126842782e-01
3.310333098601588309e-01 5.726407873458917441e-01 7.499996509538761069e-01
3.507345226758389889e-01 4.493992663651589226e-01 8.215994121186970256e-01
2.843815271523839616e-01 3.248045493590488442e-01 9.020139420930086693e-01
1.832822922187425929e-01 2.095195330562658609e-01 9.604734075584485664e-01
6.550252685744652192e-02 1.053254574735730392e-01 9.922781701635736695e-01
-6.271932377290884153e-02 1.116367313775859516e-02 9.979687664589295126e-01
-1.999174024540318062e-01 -7.284257174300645676e-02 9.771013212241304036e-01
-3.454100189726099224e-01 -1.410741703204186626e-01 9.277876897554677704e-01
-4.942944294099611557e-01 -1.729445055865778680e-01 8.519173757129677726e-01
-6.199408023169770132e-01 -1.108677694822832183e-01 7.767765053814286169e-01
-5.822656034087021482e-01 1.634483116630141286e-01 7.963990309522169797e-01
6.449807807084970146e-02 6.320210609244150124e-01 7.722625048991336172e-01
7.374931042604140896e-02 5.952185383029151566e-01 8.001724382107896494e-01
1.748929511970595541e-01 4.768764320212602326e-01 8.613949873340668306e-01
1.765079862085915940e-01 3.473175750830292952e-01 9.209861197885533812e-01
1.218483159788281561e-01 2.314327113166221028e-01 9.651900787025017303e-01
3.458428387529343534e-02 1.336002805834881346e-01 9.904316696960639987e-01
-7.381374304912205475e-02 5.445950451545399085e-02 9.957839593531373490e-01
-1.978703261213205777e-01 -2.719174934707663249e-03 9.802244335499543659e-01
-3.325515188752454776e-01 -2.770369804359326671e-02 9.426780958569555002e-01
-4.643493069601573042e-01 2.382772784478597548e-03 8.856489392075481693e-01
-5.508997773856888491e-01 1.257214567102980518e-01 8.250476050502083547e-01
-4.872526872788408570e-01 3.647516696889895327e-01 7.934362218846905401e-01
-1.770123623550238501e-01 6.112230130840901055e-01 7.714097820548050377e-01
-3.566262715752659129e-02 4.794900742639112701e-01 8.768223569837845233e-01
6.642316199812221822e-02 4.050125133454503534e-01 9.118951845380938170e-01
9.604187469270354660e-02 3.073236280693006361e-01 9.467460831373476493e-01
7.200781718136060883e-02 2.143274569089556603e-01 9.741040065001682624e-01
1.208755161262051354e-02 1.358123204224002956e-01 9.906608424266468704e-01
-7.151112345370695678e-02 7.631247389080925148e-02 9.945162470020328938e-01
-1.701031349708651552e-01 4.154782634080587955e-02 9.845499995426499895e-01
-2.741546238004533009e-01 4.112239400123933464e-02 9.608060110972036494e-01
-3.662689282914678435e-01 8.863099674694099872e-02 9.262783699211996069e-01
-4.122733144013618345e-01 1.950122328176700781e-01 8.899443484195862508e-01
-3.628690307203088494e-01 3.462655363376438977e-01 8.651163187045988190e-01
-2.044802203206395885e-01 4.733273963524036176e-01 8.568249619145165141e-01
-4.723433779310032971e-02 3.336057096847523940e-01 9.415286229313478694e-01
2.775504059266395082e-02 2.939166051342185226e-01 9.554280124364042948e-01
5.733011963923287380e-02 2.331298715860295467e-01 9.707542018226826830e-01
4.590648295064209128e-02 1.701194466241086334e-01 9.843535791083518616e-01
4.012448415887321165e-03 1.146359152489208333e-01 9.933994700988408866e-01
-5.786076616406530398e-02 7.302175670690287668e-02 9.956505183980275397e-01
-1.300334495197202067e-01 5.178809226716570707e-02 9.901561975291055528e-01
-2.017828174610911962e-01 5.819935801195589425e-02 9.776996109769348076e-01
-2.582009272845379733e-01 9.817400355451753879e-02 9.610900822375777475e-01
-2.784733602502737493e-01 1.706084510183900615e-01 9.451694790205583674e-01
-2.424067906149910689e-01 2.584327310386728138e-01 9.351210998537373698e-01
-1.519102982943750790e-01 3.249376592783261852e-01 9.334552902280965903e-01
-6.988272579532001615e-03 1.919838285613602591e-01 9.813732081207936497e-01
4.003787281142869720e-02 1.777750462548754740e-01 9.832563255173142336e-01
5.730378294742179135e-02 1.484953154872556691e-01 9.872514460553070137e-01
4.542163561455722642e-02 1.129058959153732555e-01 9.925669416647228127e-01
1.125675153417418292e-02 7.752178701186035470e-02 9.969271077081606203e-01
-3.626648243715599462e-02 4.836995814711549102e-02 9.981708718453654594e-01
-8.775013994258500094e-02 3.178315161519508492e-02 9.956353470088499247e-01
-1.333345141646912480e-01 3.346439156079236699e-02 9.905059524454485897e-01
-1.622624400451537219e-01 5.625154006264532214e-02 9.851429666760035397e-01
-1.637553508221847309e-01 9.710570081979229273e-02 9.817100732626968806e-01
-1.315867253648882740e-01 1.447215680254816395e-01 9.806837418127808403e-01
-7.213570589112344722e-02 1.813058457109098798e-01 9.807775641023979141e-01
6.242306699504077822e-02 6.333368794649131550e-02 9.960382546258245151e-01
8.713240782844895727e-02 7.180048133727026660e-02 9.936058747741932651e-01
8.762049185512603422e-02 6.859552069497724947e-02 9.937893659864047713e-01
6.646226305571240056e-02 5.478818399811806461e-02 9.962836054475958658e-01
3.057165483581169435e-02 3.352828562110916899e-02 9.989700836281123486e-01
-1.137360086186835206e-02 9.913434450647807747e-03 9.998861760324367909e-01
-5.025281662187817272e-02 -9.976327910648580960e-03 9.986867012747605576e-01
-7.723796586684447685e-02 -2.066641942829919656e-02 9.967984729808009314e-01
-8.474071254106535500e-02 -1.885273572818211077e-02 9.962246664249828632e-01
-6.839857879837631105e-02 -4.463199932459604481e-03 9.976480913953139629e-01
-3.031002725639192485e-02 1.886932868467406169e-02 9.993624220885474196e-01
1.872260497288749659e-02 4.415988427011026396e-02 9.988490219669099446e-01
1.525929043958482723e-01 -4.919681179126890458e-02 9.870638678614205297e-01
1.596384023406242358e-01 -1.579455368996977166e-02 9.870491946057351473e-01
1.403731869423177625e-01 3.925085620752759123e-03 9.900908857728928369e-01
1.027058403984167784e-01 6.049543736370892322e-03 9.946933765581585929e-01
5.633487364542302117e-02 -8.007176824818745819e-03 9.983798210754171176e-01
1.100884848421747678e-02 -3.341338931415093610e-02 9.993809837442229060e-01
-2.382963340849181613e-02 -6.395661338449511180e-02 9.976681312821562564e-01
-3.942646777255241763e-02 -9.344417272929442242e-02 9.948435757554578984e-01
-2.919995258677795386e-02 -1.159223500950100072e-01 9.928289739513934675e-01
7.897253341523557610e-03 -1.250694622655448007e-01 9.921165571636952896e-01
6.300537956251611726e-02 -1.152581832379195315e-01 9.913353990163142893e-01
1.174431157558836480e-01 -8.668965588145453871e-02 9.892886424723611460e-01
2.619164626547960673e-01 -1.401471418672215752e-01 9.548604846871012741e-01
2.527829143579962135e-01 -7.613450901892800105e-02 9.645228534073498894e-01
2.091214337989872885e-01 -3.551753042565872209e-02 9.772444581364564398e-01
1.475666228521574086e-01 -2.369016411611218551e-02 9.887683590934025490e-01
8.239381904981245286e-02 -3.797583887747831011e-02 9.958760436138326400e-01
2.493434372317655801e-02 -7.239503779190847865e-02 9.970643093634038445e-01
-1.472605903983474629e-02 -1.203377522197010274e-01 9.926237799770052384e-01
-2.661659750548703296e-02 -1.749120000275638243e-01 9.842242371449679839e-01
-2.039728466265197226e-03 -2.267622018939380590e-01 9.739480187874376416e-01
6.097533542053677758e-02 -2.605525112685713740e-01 9.635322502863824523e-01
1.478075999881912628e-01 -2.570372423893150793e-01 9.550312923724496583e-01
2.248196539106893377e-01 -2.097775583176734182e-01 9.515511017500939417e-01
3.906670890659780238e-01 -1.961190390459740251e-01 8.993978808316283047e-01
3.621252892422184844e-01 -9.495382105450586585e-02 9.272804574444740711e-01
2.867451443416199064e-01 -3.806213074853522643e-02 9.572504878031841136e-01
1.941603619528256830e-01 -2.535969859992496037e-02 9.806419527703423844e-01
1.033177353267337034e-01 -4.826266351257654796e-02 9.934768043983596142e-01
2.598519761161071848e-02 -9.810759972623803171e-02 9.948365033416072256e-01
-2.787067713630079005e-02 -1.683007038164636426e-01 9.853416151015156332e-01
-4.633997362590672187e-02 -2.527447419167923592e-01 9.664226312942669761e-01
-1.481369290762345019e-02 -3.403413571531844761e-01 9.401852557413923339e-01
7.757332459643320743e-02 -4.054294703069674655e-01 9.108289213225738701e-01
2.166040392523280733e-01 -4.054615031059861652e-01 8.880786337248455231e-01
3.415898065994449895e-01 -3.180443794470635410e-01 8.844004617419822800e-01
5.336897540053350264e-01 -1.881479600672494867e-01 8.244850463120638739e-01
4.747353223953970081e-01 -5.033995818712343195e-02 8.786878070622294867e-01
3.597605054589231854e-01 8.212225085298764660e-03 9.330085412637334485e-01
2.331861186157009047e-01 7.273337434081347634e-03 9.724049221634096796e-01
1.145982549635668202e-01 -3.360540910273736304e-02 9.928433493952186772e-01
1.291515432385439976e-02 -1.028740211691770157e-01 9.946105441615130660e-01
-6.410190736607257467e-02 -1.953413871646362265e-01 9.786381802958010745e-01
-1.036847140419541180e-01 -3.083215526486896008e-01 9.456147737035160983e-01
-8.334638505567430744e-02 -4.340239468948844381e-01 8.970376768118655253e-01
2.853046408278599871e-02 -5.421556242972662698e-01 8.397936006317636703e-01
2.433268029361274898e-01 -5.546739056192259154e-01 7.956939897963224428e-01
4.647565251755468863e-01 -3.905710558213784656e-01 7.946418203576420813e-01
6.598871787352470486e-01 -6.154449696910068573e-02 7.488398935911436682e-01
5.525438451144971674e-01 8.033466871327399339e-02 8.296033029278764293e-01
4.012846430738783443e-01 1.062894984850257241e-01 9.097654520506529563e-01
2.508513310602726309e-01 7.164097248806886031e-02 9.653710067980002529e-01
1.123635840803525604e-01 5.036273886562591534e-03 9.936543971210591852e-01
-1.130287053853727859e-02 -8.257944550623230739e-02 9.965203862929969958e-01
-1.165760766792294512e-01 -1.890833812764559640e-01 9.750166630735882523e-01
-1.933234390492423460e-01 -3.161589441140646439e-01 9.288000699670503346e-01
-2.165370798390807705e-01 -4.638053101448904592e-01 8.590671262108756645e-01
-1.311008604249559450e-01 -6.147870220963712606e-01 7.777206965599843258e-01
1.565978077858818096e-01 -6.734475604583189945e-01 7.224579641123662910e-01
5.846027851717621182e-01 -3.647673380050840963e-01 7.246960553874224331e-01
6.008973844275790066e-01 7.931119780529205521e-01 9.947725195765851069e-02
4.647960227134464439e-01 6.903413625632163209e-01 5.544307534798157411e-01
3.295129229629375489e-01 4.970517815577499832e-01 8.027208481475104351e-01
2.001582701665858832e-01 3.005381999805829540e-01 9.325306736168498256e-01
7.901441371333836616e-02 1.127480497746193439e-01 9.904769556620663939e-01
-3.439305250644743295e-02 -7.339408003561716243e-02 9.967098007720559538e-01
-1.401636869481063252e-01 -2.702854001854589905e-01 9.525229358434047500e-01
-2.313617613895938563e-01 -4.901686678640652661e-01 8.403608822471063666e-01
-2.824380624754143088e-01 -7.358771666676148238e-01 6.153970559259989148e-01
-2.236930291977906327e-01 -9.574176692026891144e-01 1.825180412638172933e-01
1.172034455374750955e-01 -8.251678759281706466e-01 -5.525950858362953522e-01
6.729387502843955371e-01 4.268648060927621724e-01 -6.041025373933831544e-01
-7.813058218186378148e-03 9.786086500385493547e-01 2.055822613723967962e-01
1.552146957317735443e-01 7.895026529301205631e-01 5.937962270385780394e-01
1.674194542160560850e-01 5.553933721044486127e-01 8.145605739123685796e-01
1.122716760303429234e-01 3.398978527180076536e-01 9.337368582630406477e-01
2.505070125472221368e-02 1.472319340617140870e-01 9.887847187123578463e-01
-8.236071426341452784e-02 -3.147578028388425819e-02 9.961054100854908055e-01
-2.092219051117105433e-01 -2.063619478667521878e-01 9.558456679265880940e-01
-3.593939796211900184e-01 -3.823296386772152000e-01 8.512696487018074354e-01
-5.387516634433985319e-01 -5.447801281835816800e-01 6.426206167508403677e-01
-7.527459766340374170e-01 -6.049905442124778876e-01 2.595379280081662188e-01
-9.250245292637288008e-01 -2.296895732298707138e-01 -3.026091872529164117e-01
-4.725819459864849525e-01 8.083346090352251379e-01 -3.510861207217703117e-01
-3.165831541942126237e-01 8.061745407367817418e-01 4.998576960978748374e-01
-7.060512459434174770e-02 6.969564251669126964e-01 7.136292159094733689e-01
2.568577779723125315e-02 5.112066936053687449e-01 8.590738950940299823e-01
2.900632429123892186e-02 3.258259052839426739e-01 9.449847155361907891e-01
-2.266406844023488923e-02 1.587016419009556756e-01 9.870664257585480827e-01
-1.123155576861555455e-01 9.948372786066288914e-03 9.936227882755661600e-01
-2.363283833131970824e-01 -1.215611410006300491e-01 9.640393063766629078e-01
-3.977990070727533967e-01 -2.284845877351160404e-01 8.885666790620955213e-01
-5.984357685312962083e-01 -2.806443659691005843e-01 7.504088024484713015e-01
-8.164702129849640277e-01 -2.000274124256695429e-01 5.416321866235538351e-01
-9.366890734008074260e-01 1.344649748319173832e-01 3.233152491221540914e-01
-7.069963420077028937e-01 6.449770492539561584e-01 2.901047712868018991e-01
-3.466931450083651223e-01 5.739121393232311519e-01 7.419088350610441029e-01
-1.539391318862266544e-01 5.266693719148274333e-01 8.360156196872079448e-01
-4.998802595033994406e-02 4.077316274580004563e-01 9.117324811763640735e-01
-2.251814593073274071e-02 2.735690274209109929e-01 9.615887480310386648e-01
-4.973934635790093484e-02 1.471127958136732305e-01 9.878683225672200141e-01
-1.174231504155954509e-01 3.668312647166171309e-02 9.924042281140957877e-01
-2.193171302051346028e-01 -5.113112455809405016e-02 9.743128883987756117e-01
-3.521866228498395368e-01 -1.038588153137114944e-01 9.301494122813167564e-01
-5.059867111730990130e-01 -9.713944013422393109e-02 8.570538940385242777e-01
-6.463811431148951403e-01 4.620756616607708638e-03 7.630006988422183278e-01
-6.974119973255273885e-01 2.184351213485757892e-01 6.825705851763124166e-01
-5.769207286700887005e-01 4.673069222217569041e-01 6.699154523329126087e-01
-2.577616662238260692e-01 3.749178931747131904e-01 8.905029459822059179e-01
-1.357911007797827363e-01 3.577288384329996296e-01 9.238998079350057013e-01
-5.962294855259404197e-02 2.912213278476062928e-01 9.547959165248701696e-01
-3.417233163046302230e-02 2.056167721967302742e-01 9.780357839784367124e-01
-5.059428059335271954e-02 1.190364020071964790e-01 9.915999968578125268e-01
-9.924857823467359008e-02 4.257586157824160000e-02 9.941514048319211039e-01
-1.729500777231151865e-01 -1.378814052149345340e-02 9.848340762770251278e-01
-2.647245041587707459e-01 -3.815637757813547526e-02 9.635689014014376941e-01
-3.617954512149571533e-01 -1.657549140083808964e-02 9.321101354265671768e-01
-4.381790006904579537e-01 6.127531848680633358e-02 8.967967990008682833e-01
-4.552395365620504619e-01 1.863620809454378247e-01 8.706469658457487437e-01
-3.861592623096792298e-01 3.130097292564536504e-01 8.677015232919841337e-01
-1.267538486457741587e-01 2.174709600479820260e-01 9.678015516568188037e-01
-6.084451245934225511e-02 2.184533664402035225e-01 9.739487009049845323e-01
-2.047186543247393742e-02 1.881593097073646637e-01 9.819251381323137462e-01
-1.074825309749286202e-02 1.391394682588448228e-01 9.902144633502171223e-01
-2.751403946691481639e-02 8.268559897578010853e-02 9.961957987033740469e-01
-6.384486626533643350e-02 2.919559092930080341e-02 9.975326814304863454e-01
-1.127427831543541953e-01 -1.082987084331682448e-02 9.935651859561788202e-01
-1.668097151461946925e-01 -2.719940151869401287e-02 9.856138754551991843e-01
-2.161211061635763542e-01 -1.201838667434393035e-02 9.762925923371468251e-01
-2.464429121149319113e-01 3.630066725494133367e-02 9.684772339219729353e-01
-2.421221296897658748e-01 1.074425181181611760e-01 9.642784761752591915e-01
-1.971177175122474645e-01 1.771520651789922352e-01 9.642415419621571671e-01
2.262130116336062702e-02 9.568616294853056481e-02 9.951544779348761027e-01
4.629448966876596738e-02 1.144962404867925498e-01 9.923444115531054877e-01
5.097947086335754413e-02 1.098686474424862697e-01 9.926378865727881751e-01
3.786570801452374818e-02 8.471481034425841494e-02 9.956854870213128761e-01
1.211866083176695377e-02 4.571131842252118549e-02 9.988811808356641286e-01
-1.970037060487105432e-02 2.053838616694865851e-03 9.998038193290581521e-01
-5.080885433226235010e-02 -3.594446703080987626e-02 9.980613486210447860e-01
-7.456943111097205645e-02 -5.869118418016616018e-02 9.954871896932567799e-01
-8.483287139113822317e-02 -5.931744214062868031e-02 9.946279832125627385e-01
-7.714369900289359816e-02 -3.577367923201835859e-02 9.963779873011797683e-01
-5.133438667607570505e-02 6.967497191225515904e-03 9.986572158290637491e-01
-1.402374843426326331e-02 5.619788744276137810e-02 9.983211567059847580e-01
1.879626240792767744e-01 6.044660243616569069e-03 9.821575810590466027e-01
1.754512859186489193e-01 4.777872098519769795e-02 9.833280429696479308e-01
1.428935387384900613e-01 6.263647311700497322e-02 9.877540730476798148e-01
1.008332834328005412e-01 4.983917717098824279e-02 9.936542182122708455e-01
5.839328799800643649e-02 1.516720154925651001e-02 9.981784309000021338e-01
2.318840240384122120e-02 -3.213322308565848273e-02 9.992145685327367133e-01
2.266914563072116792e-03 -8.158334247350698676e-02 9.966639450332552830e-01
2.177832390657751579e-03 -1.228070089873630477e-01 9.924281815777189486e-01
2.703692847794282247e-02 -1.459650795934229472e-01 9.889202192481205689e-01
7.412274029942424181e-02 -1.423856719847605701e-01 9.870319851878903705e-01
1.295958021457832565e-01 -1.084383977113444614e-01 9.856196233679259677e-01
1.723420927882099996e-01 -5.239112514116181507e-02 9.836429093221700226e-01
3.733259963185307506e-01 -4.615590664685019495e-02 9.265513114525540939e-01
3.218820087422681886e-01 2.593098930774392560e-02 9.464246173053489919e-01
2.456858031771654571e-01 5.445429764524733346e-02 9.678187927422687853e-01
1.674296951602037842e-01 4.183339330859196792e-02 9.849960732829721177e-01
1.009209086943931855e-01 -2.156761739892835896e-03 9.948921140340215574e-01
5.461432031308637719e-02 -6.648682092709116975e-02 9.962915128914969776e-01
3.600964977439943121e-02 -1.405088473549444550e-01 9.894243624138451265e-01
5.338535703446537634e-02 -2.127621887533415745e-01 9.756445329582110748e-01
1.129071574184405541e-01 -2.675860883712242733e-01 9.568958454888316645e-01
2.088585870614655948e-01 -2.828029413441385254e-01 9.361626925795021315e-01
3.111734630676675217e-01 -2.394504299825402915e-01 9.196926483688373510e-01
3.737049478133170344e-01 -1.468749649009824798e-01 9.158451597651132703e-01
5.785318730271911125e-01 -3.947443758131869568e-02 8.147040202854859414e-01
4.760112094997021037e-01 6.724318915859381351e-02 8.768646885024405924e-01
3.464645036896646380e-01 9.695121910672052645e-02 9.330395537150431018e-01
2.259765447530681093e-01 6.786852254635014625e-02 9.717656429761329928e-01
1.302312214543430713e-01 -2.871366117860387228e-04 9.914836087960207101e-01
6.601697649364779430e-02 -9.400507214933746802e-02 9.933804936804907504e-01
4.047975448342796406e-02 -2.041487989180202633e-01 9.781025801914953188e-01
6.569805027537195530e-02 -3.202853091438729871e-01 9.450402567809670362e-01
1.568032523827114499e-01 -4.206694490485451410e-01 8.935602691925091934e-01
3.156987475319899539e-01 -4.608258822059382309e-01 8.294418648078246692e-01
4.954549051516479730e-01 -3.879615275721526313e-01 7.771809892715194623e-01
5.981326726355923329e-01 -2.139005063320366107e-01 7.723236881753100525e-01
7.781015263690075345e-01 7.307431244302907414e-02 6.238735124392269515e-01
6.058880870746052860e-01 1.991951422043815034e-01 7.702083622392403850e-01
4.202234235395182482e-01 1.999277750747194549e-01 8.851221153391460872e-01
2.614034496410609365e-01 1.305755986639345612e-01 9.563567585108279090e-01
1.385116046781802723e-01 2.370041718097250921e-02 9.900771816352947896e-01
5.265594111682515149e-02 -1.075533232854932464e-01 9.928039255136490437e-01
8.858361194450858553e-03 -2.594274282477582183e-01 9.657219780608140569e-01
2.328370929688850996e-02 -4.274791925329282649e-01 9.037252950054868172e-01
1.270046331768798775e-01 -5.898317903970385911e-01 7.974761953742807163e-01
3.522911199939518512e-01 -6.756697881426010355e-01 6.475811178260125756e-01
6.573929588947396985e-01 -5.552141531289606080e-01 5.094818365367951296e-01
8.356916494281604324e-01 -2.149919745804969307e-01 5.053690908059775833e-01
8.668412729335004396e-01 3.596442694227557912e-01 3.453146492843498505e-01
6.340441782374144353e-01 4.330958979346688498e-01 6.406371228983466226e-01
4.253076640848574286e-01 3.522976502871003612e-01 8.336664539687664854e-01
2.557604976605850622e-01 2.186652858041533420e-01 9.416857547083143931e-01
1.208634866547246833e-01 6.580484867871187749e-02 9.904856079136165059e-01
1.600455547938813006e-02 -1.011344781152026806e-01 9.947440231237300035e-01
-5.703418894154852620e-02 -2.875039880903369482e-01 9.560797864842844884e-01
-8.248381028376509938e-02 -4.992486029691091676e-01 8.625237698026164690e-01
-1.831928943657079936e-02 -7.266598347696502369e-01 6.867531493680760768e-01
2.157708290283863184e-01 -8.934410284510990730e-01 3.939620261150473812e-01
6.722409497489334473e-01 -7.391888096744265724e-01 4.113403861390674959e-02
9.977679074435449325e-01 -5.783786076590570480e-02 3.337640989914814754e-02
2.950575031184535790e-01 9.199093384251353367e-01 -2.582786846251142743e-01
2.476138273492029807e-01 9.111415686936419345e-01 3.294061843741026840e-01
1.792297698974290865e-01 6.852753547769089293e-01 7.058855273469519798e-01
1.073450413922429209e-01 4.156270656377070161e-01 9.031783790580039106e-01
4.226132645419581474e-02 1.538311135375239891e-01 9.871929744452705435e-01
-1.374850513931408225e-02 -1.025612488917544973e-01 9.946316749592148954e-01
-5.937945944122924313e-02 -3.704538974049720879e-01 9.269509100777438837e-01
-8.507990729080530667e-02 -6.568238467941260872e-01 7.492288326392435582e-01
-6.392356300885661258e-02 -9.181527495351733403e-01 3.910361960397510939e-01
4.284745241968877100e-02 -9.790416836526762978e-01 -1.991016762654725658e-01
2.206904459208667291e-01 -5.191788106349206622e-01 -8.256809854095780166e-01
3.073855241080608036e-01 4.297381193944542210e-01 -8.490225487630697065e-01
-3.190122580482623871e-01 9.352957813404958465e-01 -1.531436600764862210e-01
-1.169765080826755815e-01 9.179503140803958461e-01 3.790563512679571700e-01
-2.251000546989701673e-02 6.892665800832458167e-01 7.241580498994207860e-01
-3.549183846452959833e-03 4.209066849867596494e-01 9.070969991282586964e-01
-2.726466389328601955e-02 1.643608205545469825e-01 9.860234068060818036e-01
-7.904823709550287680e-02 -8.134699758267419090e-02 9.935461953006453628e-01
-1.573382532194127770e-01 -3.303395218948904088e-01 9.306559376848799747e-01
-2.654119150823716078e-01 -5.862096847514619569e-01 7.654506651874709577e-01
-4.026824028946415779e-01 -8.050346366115064267e-01 4.356215286861053193e-01
-5.525012987975603806e-01 -8.278365521551594997e-01 -9.710282046787077626e-02
-6.587618828764211232e-01 -3.865463376957417041e-01 -6.454569780266025125e-01
-5.745179257234870329e-01 4.704651597536749774e-01 -6.697698757635484057e-01
-6.314683830865235326e-01 7.390162715252637238e-01 2.347394972793871715e-01
-3.469210373632838906e-01 7.507893904597360279e-01 5.621041585043310418e-01
-1.696369049796987716e-01 5.828287263028323339e-01 7.946911326201538950e-01
-9.181689437363667328e-02 3.667025912146321120e-01 9.257963423475441544e-01
-8.270472761323700850e-02 1.528882781333339158e-01 9.847766764296458364e-01
-1.246814559647568404e-01 -5.077814487745771488e-02 9.908966215207970496e-01
-2.156911173457446984e-01 -2.474011007831697639e-01 9.446004643390113475e-01
-3.633103119591755692e-01 -4.298509912476945471e-01 8.265795439929168875e-01
-5.727608583229436556e-01 -5.534666315902576628e-01 6.046649377045835161e-01
-8.170930731928337520e-01 -5.051630668955724435e-01 2.777934225010832425e-01
-9.876271479439143741e-01 -1.553873963628010224e-01 -2.115121026750712771e-02
-9.168299044490005878e-01 3.971111719718580790e-01 -4.154086425579664454e-02
-6.189969405867735697e-01 5.045625476331541126e-01 6.018799075149314781e-01
-3.880309755396121330e-01 5.291282265892319758e-01 7.546226088901681894e-01
-2.199619227542116418e-01 4.300088791373721797e-01 8.756192759420354799e-01
-1.313071608633990528e-01 2.826256532504098917e-01 9.502005944171815210e-01
-1.082608226427821951e-01 1.268014444307490607e-01 9.860025293938031732e-01
-1.386707720833076918e-01 -2.299491279816455458e-02 9.900715383017621996e-01
-2.198399239425342100e-01 -1.594867259813882721e-01 9.624107190158721625e-01
-3.550026846591437524e-01 -2.684982761958823461e-01 8.954785142953234356e-01
-5.406586721163203491e-01 -3.153605530770639542e-01 7.798948145926000164e-01
-7.409442549392719624e-01 -2.417637463269867726e-01 6.265396252707158276e-01
-8.665567759335679465e-01 -1.141671939268732588e-02 4.989479056995261286e-01
-8.206845198690969623e-01 2.982143426881536663e-01 4.873860119682276171e-01
-4.525280229271302912e-01 3.156188829373837712e-01 8.340282424468810074e-01
-3.061916693803976575e-01 3.394302433189229085e-01 8.894007935247674190e-01
-1.889155077684268602e-01 2.892807815498917856e-01 9.384175831422395531e-01
-1.208315216714326429e-01 1.997106451134971761e-01 9.723761626031942606e-01
-1.000833067955521072e-01 9.606854946910860227e-02 9.903303315075101532e-01
-1.207738395544316334e-01 -6.180056366304143879e-03 9.926608114469783750e-01
-1.799897334025740425e-01 -9.473000407107426413e-02 9.790964825789106873e-01
-2.762899470436459559e-01 -1.546114596004331820e-01 9.485563566403443225e-01
-4.012659541169008581e-01 -1.645897435910706474e-01 9.010526346286428234e-01
-5.262056878903803581e-01 -1.018098650353941315e-01 8.442406797906135685e-01
-5.983883115295780541e-01 3.540190460588773375e-02 8.004237213969862541e-01
-5.710335594601854137e-01 2.007487231315459308e-01 7.960029045997508712e-01
-2.437043991749570371e-01 1.851512110929010024e-01 9.520121820930781409e-01
-1.692622092645044152e-01 2.078579131610101272e-01 9.634030270096033410e-01
-1.080911666923188436e-01 1.871179136359247819e-01 9.763724627823584523e-01
-7.251670355097881993e-02 1.357553076233641576e-01 9.880849276039781470e-01
-6.350626981816888394e-02 6.809536004160160472e-02 9.956555506973999714e-01
-7.820959367182743482e-02 -2.324648045909336568e-03 9.969342282563499191e-01
-1.138496848799908506e-01 -6.220330915136801364e-02 9.915487872935841995e-01
-1.673930634169767395e-01 -9.824292347859454877e-02 9.809831243738214024e-01
-2.318234642442092985e-01 -9.816676116439154720e-02 9.677919034732103132e-01
-2.912237076746380104e-01 -5.478669046269073195e-02 9.550849023183207720e-01
-3.214373189992162927e-01 2.559857789313051135e-02 9.465847889990530728e-01
-3.038530749772156425e-01 1.173724693928351881e-01 9.454612695692372615e-01
-2.748546960961074231e-02 1.050631165380015580e-01 9.940856555165353825e-01
-9.961528327638873373e-03 1.327323763138268664e-01 9.911018536111535493e-01
-7.761087241571816651e-04 1.289792362524408709e-01 9.916469907537893702e-01
-1.030362558464165048e-03 9.750174229159891404e-02 9.952348208352971293e-01
-8.980552620100029637e-03 4.726884113614852195e-02 9.988418324901752188e-01
-2.195090642737741390e-02 -9.766945439503611423e-03 9.997113405797912744e-01
-3.724102080596088798e-02 -6.046642514283132042e-02 9.974752717735602126e-01
-5.215453532209445714e-02 -9.246376186303134626e-02 9.943492128962716503e-01
-6.362721905838444880e-02 -9.634868511745919850e-02 9.933118885179406110e-01
-6.812843653697757407e-02 -6.839444460250895808e-02 9.953294510273996698e-01
-6.275300042963662117e-02 -1.399058227278208305e-02 9.979310219372636848e-01
-4.765117870336855327e-02 5.090526243845516080e-02 9.975660476501148066e-01
1.958363771726088498e-01 6.911052612662550720e-02 9.781982664850384923e-01
1.614911158101919320e-01 1.102572948211246462e-01 9.806956451688118026e-01
1.189240049256882620e-01 1.154576982691296605e-01 9.861676332970976677e-01
7.980882301460270889e-02 8.774214753151104995e-02 9.929410190518321855e-01
5.070395517818961778e-02 3.655522732446055828e-02 9.980445001524643756e-01
3.519594691308518264e-02 -2.579662824537486826e-02 9.990474359569013751e-01
3.614860812663912848e-02 -8.600206782303974895e-02 9.956389518598749433e-01
5.604477335824361445e-02 -1.308546052443671781e-01 9.898161726631600210e-01
9.465356950780123846e-02 -1.481701388142149522e-01 9.844218159626207942e-01
1.444649466373111313e-01 -1.291171247315527626e-01 9.810497680006661225e-01
1.884186066992175890e-01 -7.427473715897793538e-02 9.792761061464906325e-01
2.076594055736003808e-01 4.556516494923240775e-04 9.782010854923186560e-01
4.318848795254786599e-01 8.245847781920656594e-02 8.981514628797362398e-01
3.395827353685770822e-01 1.456121859533117957e-01 9.292365991186110064e-01
2.390732278354164853e-01 1.506842075472141218e-01 9.592383756545218576e-01
1.564413225954635889e-01 1.095922919103759774e-01 9.815883262031765977e-01
1.023199944654003407e-01 3.864762051192745934e-02 9.940004930387783544e-01
8.017114349868634249e-02 -4.764157923672301953e-02 9.956419374845490999e-01
9.306220785444620225e-02 -1.360115442126801355e-01 9.863266625769109286e-01
1.452124354860135358e-01 -2.114404449912387074e-01 9.665434738293398054e-01
2.367639787544346675e-01 -2.535673267376093443e-01 9.378946791487295931e-01
3.511952357071281838e-01 -2.382402676781755768e-01 9.054852186939347236e-01
4.467212843013509960e-01 -1.550570865754987149e-01 8.811341521328481807e-01
4.771453054957917050e-01 -3.067319192602383990e-02 8.782889688140061990e-01
6.675874480100376651e-01 1.675026052592072656e-01 7.254446060801902352e-01
5.052686067895832966e-01 2.552085684924211839e-01 8.243617055400980220e-01
3.408167591915326478e-01 2.423907994868884641e-01 9.083449988733921510e-01
2.135681919943420437e-01 1.658820973797110188e-01 9.627417915189694364e-01
1.336964303314714941e-01 5.556747703683937584e-02 9.894632484394606520e-01
1.014988834654026728e-01 -7.202979036443298011e-02 9.922246146691899860e-01
1.198277083799370174e-01 -2.063050417058547858e-01 9.711228295489526818e-01
1.977342398559374659e-01 -3.320135818141134454e-01 9.223167307815312022e-01
3.431816845550739181e-01 -4.162009565858583726e-01 8.420232153111840701e-01
5.373962135563657982e-01 -4.034582500018479290e-01 7.405584042874280293e-01
7.059264974893787459e-01 -2.559655900168236187e-01 6.604160785971887604e-01
7.553196387916739640e-01 -2.620452827760111347e-02 6.548324716699388537e-01
8.310584262818446755e-01 3.591090493525733729e-01 4.247147075143756223e-01
6.022535219154218078e-01 4.543333544415296132e-01 6.564083320481999273e-01
3.891267317629754086e-01 3.906721229403051221e-01 8.342395812863300231e-01
2.326215536532410810e-01 2.526659121455469004e-01 9.391736525348459708e-01
1.352030509321756335e-01 8.633227569594607853e-02 9.870495799055752917e-01
9.155468431670792107e-02 -9.400763898061051393e-02 9.913527644552084794e-01
1.037059457057903644e-01 -2.855977913759216169e-01 9.527218788221493151e-01
1.871593175894463168e-01 -4.779717232986763764e-01 8.582041840764453866e-01
3.661647844194351187e-01 -6.260230395017606364e-01 6.884900178391096803e-01
6.368519575395227283e-01 -6.240272709428250630e-01 4.527798022193221250e-01
8.946254153140449361e-01 -3.682730180892010985e-01 2.530224306690279645e-01
9.688179881345303501e-01 4.820892355571656379e-02 2.430382800230465323e-01
7.542430263743524765e-01 6.561075722791366305e-01 2.530436254184734515e-02
5.324324140453101650e-01 7.131609398781248998e-01 4.559793836414714474e-01
3.387520084470795334e-01 5.633577884250640100e-01 7.535748662169082790e-01
1.967040737660637750e-01 3.488483373925354569e-01 9.163036313702406233e-01
1.026418196934224952e-01 1.236435985007926092e-01 9.870040108326558759e-01
4.979249269722867827e-02 -1.064550404486257484e-01 9.930700035919376445e-01
3.945084436726083166e-02 -3.503745701634152221e-01 9.357784414387586569e-01
8.916331356376837325e-02 -6.075100909149159234e-01 7.892917033333664012e-01
2.362483883091524295e-01 -8.293624477980823251e-01 5.063048777206450302e-01
5.087607194796599508e-01 -8.579076157835400229e-01 7.181262490087192418e-02
8.150373054849372467e-01 -4.700771428861867385e-01 -3.387353988053441456e-01
9.075931185946223279e-01 2.220299496345699841e-01 -3.563389293144232361e-01
5.183043892964745575e-02 9.141244531028533959e-01 -4.021070626584118957e-01
-2.912109779523950996e-03 9.782790470950476491e-01 2.072718640612906393e-01
-2.479843822338340803e-02 7.625992060098238934e-01 6.463957676646943096e-01
-2.481524039798876924e-02 4.651465851696173770e-01 8.848857881947529425e-01
-8.542673871251040690e-03 1.705328580679205952e-01 9.853149582962470454e-01
1.986726603203406438e-02 -1.158138100458449837e-01 9.930722295699153657e-01
5.844692671409122686e-02 -4.120764212521856318e-01 9.092727752471430058e-01
1.094784139871431833e-01 -7.164115873095279197e-01 6.890347701237240496e-01
1.765692476155641677e-01 -9.484940308292673095e-01 2.630254251545848243e-01
2.440533510722131261e-01 -9.027774674286854761e-01 -3.541621184337126471e-01
2.497371302671151372e-01 -3.886691083955975956e-01 -8.868865146933523347e-01
1.502504011739596024e-01 3.988451664250446949e-01 -9.046255303529876501e-01
-5.232017614234600877e-01 7.976138864306041576e-01 -3.001199843670718792e-01
-3.719746392669542323e-01 8.906912797524232372e-01 2.613501710641139564e-01
-2.344931420225791208e-01 7.049182149167492195e-01 6.694051662654733059e-01
-1.391890918194781113e-01 4.302115543993263458e-01 8.919329656312522392e-01
-8.000997941137098779e-02 1.516183891889693325e-01 9.851955477235162517e-01
-5.036288845710670814e-02 -1.222697596610704818e-01 9.912182833960861972e-01
-5.214526146655738131e-02 -4.068140803512869108e-01 9.120214776717442406e-01
-9.449830549343432584e-02 -7.002603856559395101e-01 7.076054427008400260e-01
-1.884099260067080284e-01 -9.299986734423613122e-01 3.156012787959878718e-01
-3.345914238280733310e-01 -9.086934981384107157e-01 -2.496491649128721735e-01
-5.015133365782725727e-01 -4.550239902680910387e-01 -7.358243958409362850e-01
-5.939167278214154688e-01 2.793376902809326934e-01 -7.544755630253808798e-01
-8.239766534882244642e-01 5.577870470515181589e-01 9.967991095467650109e-02
-5.796535595867803314e-01 6.638356410762400461e-01 4.725716797432454319e-01
-3.616996060512907563e-01 5.457272215507358304e-01 7.558804102771685685e-01
-2.140447102904835253e-01 3.392983219785928872e-01 9.160030080186265522e-01
-1.313096627032858399e-01 1.157642103860849758e-01 9.845589977622152267e-01
-1.039749432386224970e-01 -1.100805783786235892e-01 9.884692597356404820e-01
-1.343681302912816955e-01 -3.427911216533377492e-01 9.297523608346851542e-01
-2.367485476267944533e-01 -5.743663007844451718e-01 7.836156441264705563e-01
-4.255750877698458168e-01 -7.451331046493403498e-01 5.134807698690847522e-01
-6.812398148175292656e-01 -7.188187562898534777e-01 1.386070355833742274e-01
-9.087372246736493686e-01 -3.808013043925750907e-01 -1.708420998036925542e-01
-9.707391748957300281e-01 1.520951366833017682e-01 -1.858292864971101410e-01
-7.905097381747274721e-01 3.278920247119400111e-01 5.172824895365404352e-01
-5.743008861879969063e-01 4.187507975941399674e-01 7.034388826599872191e-01
-3.721749587406490978e-01 3.633805561460193290e-01 8.540728139341053904e-01
-2.291645814389321745e-01 2.337144088674679154e-01 9.449133133265116280e-01
-1.486423785162240829e-01 7.768644207474451058e-02 9.858348036191819652e-01
-1.259159434905634256e-01 -8.663601398570450196e-02 9.882506646876231260e-01
-1.638290509060319755e-01 -2.528507826758075727e-01 9.535337035361888258e-01
-2.733835976280595270e-01 -4.069329510695988139e-01 8.715887687904754211e-01
-4.607537709447375729e-01 -5.059465084575966998e-01 7.291941395402048443e-01
-6.950446619046629637e-01 -4.722301873732900890e-01 5.421361158336891473e-01
-8.832809798483551855e-01 -2.558662193621435987e-01 3.928704473836408528e-01
-9.214126237093066552e-01 6.775844856240620384e-02 3.826324208918058245e-01
-5.789639066355379837e-01 1.745259195908457628e-01 7.964555845772431919e-01
-4.375668164531488213e-01 2.398569206261189912e-01 8.666048342622770795e-01
-2.978443252276988251e-01 2.216533211899094635e-01 9.285249394255095101e-01
-1.929708857043906933e-01 1.492844884556830676e-01 9.697816139611241670e-01
-1.313222885297109233e-01 4.960268053433848634e-02 9.900979904126352427e-01
-1.135786807375108176e-01 -6.058601999732721177e-02 9.916799975106865839e-01
-1.427283570558715020e-01 -1.691084741149513071e-01 9.752081521780843198e-01
-2.243926372299504257e-01 -2.605087727024189559e-01 9.390330791309076108e-01
-3.574627634530207487e-01 -3.083195966814124001e-01 8.815664461892777082e-01
-5.153643109603683881e-01 -2.771557408512748122e-01 8.109157307029889461e-01
-6.371705627770766212e-01 -1.521515647085844858e-01 7.555551437764690403e-01
-6.616271621491510713e-01 2.531852828735884492e-02 7.494054112640206045e-01
-3.246292981501262553e-01 1.006604105507006297e-01 9.404697233458965133e-01
-2.559606667460225249e-01 1.446630315650386245e-01 9.558016239666687897e-01
-1.833420837094874578e-01 1.416898835482731378e-01 9.727844865339912994e-01
-1.247038294678995268e-01 1.010109435457063887e-01 9.870388767419961962e-01
-8.714339723364031287e-02 3.660321838441181475e-02 9.955230950221307662e-01
-7.339934965545180656e-02 -3.758746364911998150e-02 9.965940588055767213e-01
-8.625858551110673900e-02 -1.080212394019963995e-01 9.903993478711682341e-01
-1.284536674830887293e-01 -1.607059251972129676e-01 9.786078177271364531e-01
-1.978933833159165490e-01 -1.805802514158960093e-01 9.634464082855600520e-01
-2.797187743982844088e-01 -1.544480839897733604e-01 9.475775412075782000e-01
-3.439454078904576884e-01 -8.160956893943242807e-02 9.354364941825886737e-01
-3.609825743768191875e-01 1.581232046401453289e-02 9.324384974451912500e-01
-7.499866315708160480e-02 8.939120033155707745e-02 9.931688747780476056e-01
-6.829981708986229694e-02 1.214055778988744339e-01 9.902503828025221999e-01
-5.608912721786923905e-02 1.203686183081391914e-01 9.911434838279092885e-01
-4.172892256108422238e-02 8.963019540924863082e-02 9.951005602916752624e-01
-2.774715157780732050e-02 3.845532178858186018e-02 9.988750091004598985e-01
-1.649086211909783425e-02 -2.080656737934321460e-02 9.996475069845847106e-01
-1.052053613959559770e-02 -7.468001311072869353e-02 9.971520515754707104e-01
-1.224300832545267316e-02 -1.103703396568066208e-01 9.938151220780934159e-01
-2.277846818584801022e-02 -1.176943336534965051e-01 9.927885903922251121e-01
-4.031064379222989297e-02 -9.177587466923281534e-02 9.949634369290487612e-01
-5.922009167473323704e-02 -3.700853836815429926e-02 9.975586944284907664e-01
-7.228474613678440019e-02 3.075092999350529169e-02 9.969098734491943503e-01
1.700653539389734847e-01 1.291340986857813788e-01 9.769350848169521262e-01
1.165261026689952545e-01 1.593876227454305572e-01 9.803148744726528641e-01
7.013745035001671402e-02 1.512306769455962485e-01 9.860071097152450781e-01
4.173660619874087346e-02 1.118318982771736164e-01 9.928502818807952712e-01
3.361415265632654997e-02 5.282464043649683777e-02 9.980378981300738195e-01
4.401261631357233223e-02 -1.273132727226727184e-02 9.989498500481243104e-01
7.037968780582033734e-02 -7.122608257949547550e-02 9.949741427317535525e-01
1.098729745845516137e-01 -1.092075484639530997e-01 9.879279532509139816e-01
1.570721669152431166e-01 -1.148424405461466458e-01 9.808871230829314669e-01
2.004349567895056805e-01 -8.162159211643593704e-02 9.763010518263293136e-01
2.228633493416507516e-01 -1.491631522291650240e-02 9.747355698139040792e-01
2.115444934735072613e-01 6.454479633754889312e-02 9.752347904719325111e-01
4.166945077021152466e-01 2.209322365635860153e-01 8.817905840378634785e-01
2.934072871975912378e-01 2.586136567331328573e-01 9.203429471509761983e-01
1.834341133694387671e-01 2.325656759356321546e-01 9.551257155102533813e-01
1.119354424518120145e-01 1.650346393743432061e-01 9.799153149786405947e-01
8.340218878201298425e-02 7.709176935635149441e-02 9.935295335337618328e-01
9.468010503369564401e-02 -1.589623694489570790e-02 9.953808252934088774e-01
1.429765634198154334e-01 -1.006539034539633698e-01 9.845945835886620312e-01
2.264190404169735826e-01 -1.615063176577593851e-01 9.605467856868749044e-01
3.371181962598571169e-01 -1.778129491634679038e-01 9.245181863329452465e-01
4.492902807689811984e-01 -1.297874904456443879e-01 8.839080556994450832e-01
5.180072174532698304e-01 -1.874767703752521636e-02 8.551707708241620409e-01
5.058907234015128651e-01 1.169052437763136998e-01 8.546389529818212427e-01
6.400507695910357953e-01 3.762776947202189359e-01 6.698881315576967754e-01
4.369497004946469310e-01 4.260333319124313123e-01 7.921935112945841517e-01
2.625819828479886708e-01 3.643428626612219001e-01 8.934791439711629035e-01
1.530517650542337904e-01 2.459039159911128314e-01 9.571344844451116218e-01
1.092098893212000432e-01 1.081977343752141690e-01 9.881125696754131660e-01
1.232818516607857018e-01 -3.200706813114725241e-02 9.918553990581620017e-01
1.922075496426367269e-01 -1.648688389405470744e-01 9.674060800959964901e-01
3.182211978975788558e-01 -2.730873924750874537e-01 9.078317824794679414e-01
4.961235620673488111e-01 -3.192901112674344510e-01 8.074126801137357923e-01
6.867210639158408680e-01 -2.517597524190034464e-01 6.819319668677972235e-01
8.081925266062994773e-01 -5.596069328820831718e-02 5.862535635239062293e-01
7.901180851513036618e-01 1.935804537478501564e-01 5.815840605136168850e-01
7.408563529450784557e-01 5.960508349198789801e-01 3.096050169042129929e-01
4.796197111048403627e-01 6.531085436736467909e-01 5.860154971502173904e-01
2.705501625407879529e-01 5.329713934044872925e-01 8.017132301276190809e-01
1.474326204724432654e-01 3.430257864057302819e-01 9.276836380368720381e-01
1.018700095373809428e-01 1.407582837117323238e-01 9.847891178944792046e-01
1.205495759588715854e-01 -5.962198696428821360e-02 9.909152427965667309e-01
2.004872931887955734e-01 -2.571354559205187851e-01 9.453497779014917723e-01
3.499025359249651745e-01 -4.367264738303396898e-01 8.287570225397711265e-01
5.723623426128552349e-01 -5.391341324420908521e-01 6.178476640683063792e-01
8.234805406218532742e-01 -4.563654451434475678e-01 3.370613886165425566e-01
9.844618672499473311e-01 -1.334670659410419347e-01 1.141112362556695320e-01
9.493913966512562697e-01 2.968259688347223424e-01 1.027147515691121948e-01
5.580798616918531962e-01 8.200284471002916575e-01 -1.268866183658738656e-01
3.331494722302740241e-01 8.756891661992868281e-01 3.495424342677309060e-01
1.708341250598450767e-01 6.903966016374538661e-01 7.029710052075381910e-01
8.407874989071280336e-02 4.287594246954926636e-01 8.994977040280126568e-01
5.932159590613235445e-02 1.652733965782474945e-01 9.844621133607187602e-01
8.343408807544984429e-02 -9.157867527156449139e-02 9.922963766851912171e-01
1.539338850753744770e-01 -3.526887404574587936e-01 9.229924221683150076e-01
2.806331780504346951e-01 -6.097913957130849383e-01 7.412148629726250659e-01
4.738607754650051018e-01 -7.862012942407867744e-01 3.966654641001928217e-01
7.000573125535135555e-01 -7.088559683518242949e-01 -8.627267975656970067e-02
8.369808625392459733e-01 -2.516521036233285713e-01 -4.859364716555681918e-01
7.695398080681012942e-01 3.936062440988576938e-01 -5.028743465369515109e-01
-2.216049547691011923e-01 8.683255447909333791e-01 -4.437363995496919067e-01
-3.151448519479110311e-01 9.311208436899391927e-01 1.835693240629349132e-01
-2.802417879229607278e-01 7.114685392517430262e-01 6.444199391365617036e-01
-1.851903707118870146e-01 4.222278242060998887e-01 8.873715067894701880e-01
-6.807424926220877193e-02 1.521570651198035362e-01 9.860091906882154644e-01
6.023295122025228154e-02 -1.012352501635030988e-01 9.930374694399177748e-01
1.990073894158826684e-01 -3.649152856370420084e-01 9.095234429448623148e-01
3.445734879673259532e-01 -6.433703134320836181e-01 6.836254465600142272e-01
4.672900286981084839e-01 -8.520500516089652976e-01 2.359040877824009896e-01
4.848812625118357200e-01 -7.790035716290738543e-01 -3.975469741477311025e-01
3.184080340861290548e-01 -2.918339265289049966e-01 -9.019142327051550279e-01
2.400312526347716385e-02 3.920728683144680260e-01 -9.196209631740934753e-01
-7.306154722414953673e-01 5.923608720590348709e-01 -3.395727152977985885e-01
-6.409946146123943755e-01 7.288290079432994117e-01 2.406952039785721642e-01
-4.587375856250716644e-01 5.841086468902787487e-01 6.696095251434872608e-01
-2.770414743485938303e-01 3.464393917477187057e-01 8.962297525390626740e-01
-1.234739662565739610e-01 1.050314028721872628e-01 9.867738261970343538e-01
1.923242546071133327e-03 -1.362745298086828760e-01 9.906692453405229193e-01
9.803577991471913722e-02 -4.010207687536750387e-01 9.108080636911056738e-01
1.497112391844641344e-01 -6.963661473286290038e-01 7.018979510702038072e-01
1.174263919903176800e-01 -9.491566613612215653e-01 2.920833351250310961e-01
-5.052839836223420311e-02 -9.555756488755148270e-01 -2.903826100769597018e-01
-3.417124155093587690e-01 -5.544398638367133980e-01 -7.588340151018005963e-01
-6.229300454101225348e-01 8.857180958797992998e-02 -7.772471891693557566e-01
-9.606143649971484733e-01 2.685452199816534824e-01 7.143883108030135709e-02
-7.717037502698778084e-01 4.354212328021862533e-01 4.635533106822029570e-01
-5.261341604711856634e-01 3.820851443958695470e-01 7.597327080080972239e-01
-3.138979139428078602e-01 2.301917891179620368e-01 9.211296541991713660e-01
-1.555158764285831108e-01 5.004840599772451132e-02 9.865647313966796617e-01
-4.818510886526343462e-02 -1.465434466137876535e-01 9.880299659110660659e-01
4.452668207478479613e-03 -3.708217977040991209e-01 9.286933660220784148e-01
-1.862278028024781651e-02 -6.242942720480502139e-01 7.809672553587662103e-01
-1.551820625079196603e-01 -8.514122397260677211e-01 5.010146959126606792e-01
-4.236632627564638764e-01 -8.993111466877857785e-01 1.083923485934884662e-01
-7.467162677909078283e-01 -6.316507803481044014e-01 -2.084037118240814612e-01
-9.634485519314983648e-01 -1.495287719019616768e-01 -2.222791806594004715e-01
-8.598848812309162204e-01 4.435642803777578580e-02 5.085572714280011120e-01
-6.844183642096854925e-01 1.904395445624371130e-01 7.037785749788879608e-01
-4.724332392342405207e-01 1.979166081528728194e-01 8.588572935499293459e-01
-2.902347065379560775e-01 1.225225741906276894e-01 9.490795719719768986e-01
-1.570102705172774504e-01 7.213768094797129958e-03 9.875706235515336884e-01
-7.490538837928836791e-02 -1.330259945636938501e-01 9.882779303222766210e-01
-5.059825302094053678e-02 -2.970168584801040623e-01 9.535307035275907284e-01
-1.026058901551196445e-01 -4.780713177067477671e-01 8.723071973173217586e-01
-2.549661039149594410e-01 -6.366715205336599404e-01 7.277648389389274053e-01
-5.022116307361914611e-01 -6.810463302192026891e-01 5.328783857957600789e-01
-7.597851027644982880e-01 -5.302204581665753702e-01 3.762882716199975053e-01
-9.001116200076794138e-01 -2.355347244348698355e-01 3.665002934685143154e-01
-6.038059029364967190e-01 -4.258932540833339220e-02 7.959928271915220899e-01
-4.922178132183000487e-01 5.977507309947363567e-02 8.684172758452780583e-01
-3.533443676414851908e-01 8.690274650387105893e-02 9.314481577125618417e-01
-2.276209173476415049e-01 5.607056733331446802e-02 9.721341519897164218e-01
-1.320118347960517191e-01 -1.165796164767336253e-02 9.911795838312912332e-01
-7.336261287600372161e-02 -1.030490742482458866e-01 9.919671442787419968e-01
-5.977752165029186909e-02 -2.100807249138401667e-01 9.758548749302001779e-01
-1.038798774800773483e-01 -3.218784826218442086e-01 9.410649358464718839e-01
-2.161347611138051406e-01 -4.130489387575560500e-01 8.846899678584992932e-01
-3.833860055499501152e-01 -4.382388116512778709e-01 8.129956424919428937e-01
-5.473445957277888185e-01 -3.610383759353437139e-01 7.550266118684366701e-01
-6.318912254981673415e-01 -2.042497252715341494e-01 7.476600356211222653e-01
-3.391217826896230636e-01 -2.926664622899674897e-02 9.402871263204053420e-01
-2.909481049429754607e-01 3.150669100744137724e-02 9.562199164689446640e-01
-2.212568813627134034e-01 5.280198281078048173e-02 9.737850599906034965e-01
-1.501261369442527527e-01 3.726918155957998496e-02 9.879641446490528001e-01
-8.947559239909638751e-02 -5.464657583884457645e-03 9.959740236985774597e-01
-4.721339236193133893e-02 -6.483214408173591792e-02 9.967786558085054427e-01
-3.131759447360402127e-02 -1.307287583471624104e-01 9.909234077452097056e-01
-5.030641199761020504e-02 -1.922265568914872380e-01 9.800603122959229418e-01
-1.088555290920976276e-01 -2.348495292253957867e-01 9.659172699609011037e-01
-1.980941821332882213e-01 -2.403386473069617502e-01 9.502610323566724748e-01
-2.882735979113560942e-01 -1.969791488950710101e-01 9.370685928189927960e-01
-3.416008665985585946e-01 -1.158714714081055253e-01 9.326749970127721223e-01
-1.063559437982685568e-01 4.787303971857369972e-02 9.931750023469999578e-01
-1.128205710679855145e-01 7.726240533293614321e-02 9.906069046125269839e-01
-1.002497541834474759e-01 8.036148122705560892e-02 9.917116612812230114e-01
-7.363391940761124244e-02 5.908987818602304959e-02 9.955332401324872293e-01
-3.941943338548727777e-02 2.048765955038267181e-02 9.990126946529108709e-01
-4.730710550820138582e-03 -2.589687596788879317e-02 9.996534260396484628e-01
2.285704029205126372e-02 -6.969126531960741222e-02 9.973067147308615210e-01
3.599466240876528222e-02 -1.009362855314155510e-01 9.942415453707492690e-01
2.919815296458125667e-02 -1.112004834053886559e-01 9.933689749301988225e-01
1.795374458419614523e-03 -9.533285270583725934e-02 9.954438325819809918e-01
-3.906345501440499496e-02 -5.491080224434895934e-02 9.977268415148863312e-01
-7.963767291236011070e-02 -1.266593855953432150e-03 9.968230719606635537e-01
1.043439524323822309e-01 1.733136377946529194e-01 9.793236046093755087e-01
4.133560868711687319e-02 1.806271226293865717e-01 9.826826598780733502e-01
1.325870690669637844e-03 1.566857322802544805e-01 9.876476210505249487e-01
-8.779708533474912466e-03 1.123158308242515474e-01 9.936337709962866915e-01
7.825036659259659508e-03 5.871280934719301514e-02 9.982442460739727741e-01
4.400013976306185043e-02 6.341581389519172773e-03 9.990113973555483362e-01
9.205534621808320050e-02 -3.440658467370831530e-02 9.951592838152881759e-01
1.441780604760550810e-01 -5.334728722130888112e-02 9.881127232373289049e-01
1.906594431206937723e-01 -4.229232956137206345e-02 9.807447861748422868e-01
2.181182775143253871e-01 7.117815338877950650e-04 9.759220821260191636e-01
2.126202692159323837e-01 6.587265434840970657e-02 9.749120034791042277e-01
1.699804406392630696e-01 1.312335625613250678e-01 9.766700578279019496e-01
3.055979748297230070e-01 3.472854686971256766e-01 8.865679223904826545e-01
1.714258836688396237e-01 3.383023983737738494e-01 9.252916587017051553e-01
7.575926906501413705e-02 2.750945259194370607e-01 9.584276367884720926e-01
3.429853164604627219e-02 1.891092655966266356e-01 9.813568649540220790e-01
4.190054695526526651e-02 1.015554122954992339e-01 9.939471024145607458e-01
8.862955090462412699e-02 2.427530024091092975e-02 9.957688047457208258e-01
1.663671748796893557e-01 -3.326373978322959279e-02 9.855026568904862172e-01
2.675191453467447023e-01 -5.903128269065954781e-02 9.617425926602544139e-01
3.775247539347752479e-01 -3.774509352638647647e-02 9.252299001227273223e-01
4.659012993007800030e-01 4.062942798291283714e-02 8.839034047290482699e-01
4.914364580968206275e-01 1.623706839477067343e-01 8.556435990806240399e-01
4.308315886523080840e-01 2.819800689549507022e-01 8.572463956946461128e-01
4.749973905698542942e-01 5.709318488575865214e-01 6.696374413904240264e-01
2.549183744452105382e-01 5.482555569105839188e-01 7.965126908510922199e-01
1.056400036349031540e-01 4.282186027517659310e-01 8.974792576373538111e-01
4.360786891963013001e-02 2.805174160719684506e-01 9.588578273386276773e-01
5.346094907427918069e-02 1.412680639432897234e-01 9.885268135127811551e-01
1.193063826685715756e-01 2.117227695579049218e-02 9.926317150600538763e-01
2.333915139178875386e-01 -7.479657669882683324e-02 9.695018686651704076e-01
3.915197614352084465e-01 -1.327614632741095091e-01 9.105419651367394618e-01
5.765478568397498504e-01 -1.209559025807563082e-01 8.080607888050861387e-01
7.351749946602454955e-01 -2.215312147841786653e-03 6.778737490259041376e-01
7.866596781123306181e-01 2.156729884423065902e-01 5.784908926583154365e-01
6.862497468560487812e-01 4.451912820655781200e-01 5.752095333987087278e-01
5.126069337938344850e-01 8.083492110606370629e-01 2.894921145801772067e-01
2.302247720699666378e-01 7.797283248518059873e-01 5.822544922532972844e-01
6.150277325967849762e-02 5.912507472217602977e-01 8.041392682807538828e-01
7.374296914551029328e-03 3.696995702180752019e-01 9.291220842955291159e-01
3.645993924851361617e-02 1.689884128835596466e-01 9.849434446408977806e-01
1.272277199957596305e-01 -5.908133159994365287e-03 9.918559377385109954e-01
2.740999086121570505e-01 -1.603773379976483060e-01 9.482343326180145970e-01
4.790009028599609420e-01 -2.823991027711480473e-01 8.311491333168427031e-01
7.251832091007125447e-01 -3.158276419967800952e-01 6.118514638285929008e-01
9.338472713360155275e-01 -1.683696720246545264e-01 3.155644583291610239e-01
9.804138066628614867e-01 1.794089210539952794e-01 8.124781074672694781e-02
8.127737864657220701e-01 5.783953558598117217e-01 6.969637260260937162e-02
2.764931853366414671e-01 9.463946625721930683e-01 -1.669989853780085576e-01
2.997419411132996522e-02 9.423862699577705282e-01 3.331811307418456325e-01
-7.723001872798226919e-02 7.075950178335201901e-01 7.023850902065325030e-01
-7.609558915580123817e-02 4.273598686006134795e-01 9.008734672643076147e-01
-7.987524473233056227e-03 1.748213998080376252e-01 9.845677618234032202e-01
1.067022793458852620e-01 -5.173975572838786924e-02 9.929439164724328526e-01
2.654578798297352327e-01 -2.711916199491271051e-01 9.251957735018530027e-01
4.722006152933228562e-01 -4.791991489244032398e-01 7.398613076697254654e-01
7.074985132544224786e-01 -5.975479631920375123e-01 3.773357727911092474e-01
8.777440324126301041e-01 -4.616184901451079181e-01 -1.283502361518240042e-01
8.482091304085974670e-01 1.199370807134933709e-03 -5.296601104493351420e-01
6.017421603286088327e-01 5.827766761375341442e-01 -5.461480735415246146e-01
