-2.309270586648146453e-02 -1.632404274160224530e-02 9.996000463006473602e-01
-4.112548235437592237e-02 4.046754126073365786e-03 9.991457944075119446e-01
-5.496865730167780489e-02 1.413345290007233038e-02 9.983880469154101656e-01
-6.124843412343480842e-02 1.052291683942705412e-02 9.980670806807697693e-01
-5.816011701677058221e-02 -7.203302652684111587e-03 9.982812796098454733e-01
-4.594278866930436717e-02 -3.497150670385127530e-02 9.983317353906553393e-01
-2.745390952137154172e-02 -6.440185220827818191e-02 9.975463318984981731e-01
-7.986391799196501315e-03 -8.601415716980780057e-02 9.962619044770935073e-01
6.664283964738374269e-03 -9.361714575726298726e-02 9.955859668252960981e-01
1.237898728761976930e-02 -8.626827091406384651e-02 9.961950341711157675e-01
7.886146476514819051e-03 -6.725206304633997434e-02 9.977048504992487299e-01
-5.206548578826040996e-03 -4.197904674839005035e-02 9.991049251635298889e-01
-4.551619565079353946e-02 -2.848079618963356846e-02 9.985575197162556149e-01
-6.880413792884487734e-02 -7.402469310319455958e-03 9.976027235587813236e-01
-8.904731698127527073e-02 8.620115951453431475e-04 9.960270238675389409e-01
-1.016819118685097084e-01 -6.979331505401241767e-03 9.947924797316002321e-01
-1.031315885805851734e-01 -3.079226061924396698e-02 9.941909837263944727e-01
-9.160063350222655276e-02 -6.511420468293019348e-02 9.936646639035219275e-01
-6.900763204700667564e-02 -9.925621582706957435e-02 9.926661827316204390e-01
-4.220598883971966864e-02 -1.216731012027862519e-01 9.916724816943096599e-01
-1.988419174703268469e-02 -1.260133920313954436e-01 9.918292413249898409e-01
-8.551874985301202714e-03 -1.128993052978287670e-01 9.935696313281573433e-01
-1.056538059331854629e-02 -8.764790332658820016e-02 9.960954862739714866e-01
-2.432916782335507733e-02 -5.725161245755260725e-02 9.980632968224069090e-01
-5.955393416137172435e-02 -3.268117065599156906e-02 9.976899668787339026e-01
-8.919455677910129165e-02 -8.105944977045451832e-03 9.959812371209636472e-01
-1.160521740599973900e-01 1.558042697751792693e-03 9.932418967194863724e-01
-1.344424885577486795e-01 -7.730613119756395667e-03 9.908912427159669578e-01
-1.391732965096434405e-01 -3.659066622596653801e-02 9.895917929549470360e-01
-1.264055517741743406e-01 -7.919792633764775880e-02 9.888120776692075342e-01
-9.718253778884050620e-02 -1.219599299993336938e-01 9.877658274224030421e-01
-6.110865428606210986e-02 -1.490386187535201468e-01 9.869413470370912433e-01
-3.071578458294843550e-02 -1.525900081997845215e-01 9.878121430591305652e-01
-1.491413994539673472e-02 -1.347271295293241689e-01 9.907704925958185083e-01
-1.652156297090040873e-02 -1.031211635262759690e-01 9.945315799862711748e-01
-3.321271314663403612e-02 -6.653855131208435969e-02 9.972309345756991128e-01
-6.080678826278693161e-02 -2.755881590369984452e-02 9.977690344800095312e-01
-9.624964590858210711e-02 2.922733589891163535e-03 9.953529340343767462e-01
-1.280182622499776990e-01 1.758583897161385828e-02 9.916158847044455049e-01
-1.497214144218801390e-01 1.081560299561994641e-02 9.886690653577370202e-01
-1.553063978417423552e-01 -2.040176061402254951e-02 9.876556540380196925e-01
-1.394692950030690382e-01 -7.177597806672070258e-02 9.876216505949590996e-01
-1.023035881303651362e-01 -1.268090823971258219e-01 9.866374371962555179e-01
-5.722283472256387005e-02 -1.623197425006898120e-01 9.850775849550177377e-01
-2.072052358629622101e-02 -1.677668737691359324e-01 9.856089163395564956e-01
-3.263975547191991927e-03 -1.469667685299164972e-01 9.891360449460518955e-01
-7.136789099890441558e-03 -1.101050861833700045e-01 9.938943285067438627e-01
-2.860861075370361994e-02 -6.752760624146282586e-02 9.973071591972058059e-01
-4.762454886221656469e-02 -1.432494229769474756e-02 9.987625835872455671e-01
-8.630127847427915277e-02 2.309565325528585567e-02 9.960013454480904915e-01
-1.189331636655679009e-01 4.551270732612978237e-02 9.918586068852502935e-01
-1.389060244696791180e-01 4.533401540884798159e-02 9.892673771093996038e-01
-1.405928827506203460e-01 1.589456633994340562e-02 9.899398992265995290e-01
-1.191796095721724125e-01 -4.229181034127206529e-02 9.919715839883007646e-01
-7.470017920412025392e-02 -1.111129248788949309e-01 9.909963678801501086e-01
-2.489768291483884441e-02 -1.570002556343632616e-01 9.872846727850308479e-01
1.191282235485255012e-02 -1.665924114873105766e-01 9.859538798028887330e-01
2.600674301894655496e-02 -1.456505152777200496e-01 9.889942248147117754e-01
1.677689423728662144e-02 -1.063265516906320846e-01 9.941897204383721709e-01
-1.046696173487720628e-02 -5.976159556353422692e-02 9.981578003541135002e-01
-2.285021147764317376e-02 3.360822188537632409e-03 9.997332507772279664e-01
-6.072665676889502095e-02 4.642870805642922843e-02 9.970740435022237280e-01
-8.888665546202317858e-02 7.685449894875572008e-02 9.930722775669711400e-01
-1.006896912366331831e-01 8.538560317674429023e-02 9.912471361112621393e-01
-9.195937791701272457e-02 6.197022989433396967e-02 9.938325630708272351e-01
-6.143143313778653275e-02 2.632707289529532049e-03 9.981078337909775611e-01
-1.279285736786020533e-02 -7.562497403020566888e-02 9.970542643724558118e-01
3.295448356571922810e-02 -1.300437635455046204e-01 9.909604540928103056e-01
6.116153392796408461e-02 -1.456159717073317594e-01 9.874488622462082033e-01
6.606653198686499029e-02 -1.287099381462577796e-01 9.894791383216088310e-01
4.919906111080181443e-02 -9.154759958734066949e-02 9.945845813180272943e-01
1.672515457400298305e-02 -4.487708626097750703e-02 9.988524997882299861e-01
6.056735289361973341e-03 2.040075884758758493e-02 9.997735368552821411e-01
-2.721261851219352462e-02 6.554859423159761778e-02 9.974782479773366406e-01
-4.716683082971251384e-02 1.009200310269366963e-01 9.937758486736312236e-01
-4.736638281986656901e-02 1.164784208064440080e-01 9.920631044772312279e-01
-2.528925189634782106e-02 1.008844232037921645e-01 9.945766872863077701e-01
1.531910226899114991e-02 4.834523047079748032e-02 9.987132039762024460e-01
6.253155360020692943e-02 -2.678985155027608506e-02 9.976833709440197095e-01
9.620709549315080433e-02 -8.462707403868641176e-02 9.917572551367622724e-01
1.101018029765983008e-01 -1.076944276273264361e-01 9.880685721342095107e-01
1.036125688855937949e-01 -9.919794144444694928e-02 9.896586300245515666e-01
7.977208775771410521e-02 -6.904374912959873600e-02 9.944191142173846032e-01
4.457839030736587133e-02 -2.670033943588159472e-02 9.986490169181785337e-01
2.984204091747813536e-02 3.203760991561450944e-02 9.990410622916107153e-01
3.033018481054652448e-03 7.500423218021247396e-02 9.971786028360015708e-01
-8.891485788703567053e-03 1.104329531760915167e-01 9.938438027845860612e-01
-6.481745123789479229e-04 1.284326900363949031e-01 9.917180163735124232e-01
2.817114501211648997e-02 1.185934928992845028e-01 9.925431829550930285e-01
7.043012685540589457e-02 7.642059958114344465e-02 9.945850839374256180e-01
1.113982890972614742e-01 1.400884588379227268e-02 9.936770971614575787e-01
1.350323332088964878e-01 -3.955389354880366887e-02 9.900513918445280614e-01
1.387448895259900117e-01 -6.707408734464689881e-02 9.880541090634996637e-01
1.251312706149286247e-01 -6.715601238951636465e-02 9.898647559713531496e-01
9.840000152908205677e-02 -4.580873892124758678e-02 9.940920476180851173e-01
6.423313805675734400e-02 -1.047958994827833182e-02 9.978798936595126845e-01
4.168181146064728337e-02 3.543337823353506777e-02 9.985024297919092851e-01
2.101752030400865640e-02 7.328848970091773884e-02 9.970892944554589077e-01
1.434662908587369320e-02 1.049732952207255432e-01 9.943715510433248639e-01
2.538950251539374287e-02 1.217085375338983200e-01 9.922411022797682500e-01
5.306192739232897665e-02 1.153019390528822602e-01 9.919122414367459450e-01
8.972536348213935864e-02 8.319773582436408577e-02 9.924855142023994992e-01
1.225217250519762546e-01 3.470757512260538163e-02 9.918587657118169698e-01
1.398583676262018516e-01 -1.062302431480327373e-02 9.901145329502727410e-01
1.397453958686040165e-01 -3.811666285433473744e-02 9.894535584585889554e-01
1.251059368574346520e-01 -4.344765748443964876e-02 9.911916089345130798e-01
1.002382884765117416e-01 -2.923960632529818554e-02 9.945337253935689903e-01
7.032852221591696928e-02 -9.293252228038493146e-04 9.975234510113273334e-01
3.938528828739617377e-02 3.001857925171233510e-02 9.987730893282039668e-01
2.313468175056190498e-02 6.179046295090549756e-02 9.978209885488549258e-01
1.843269081123336331e-02 8.780223342455413527e-02 9.959673708084464394e-01
2.783399471179094989e-02 1.008750329839596810e-01 9.945096764028341640e-01
4.986402466334243638e-02 9.522008743213655757e-02 9.942065751109364635e-01
7.822930551532028542e-02 6.993541453659811447e-02 9.944793680877401787e-01
1.034377454483352693e-01 3.223756507028300439e-02 9.941133598412241756e-01
1.174017922934308400e-01 -4.388479459184727385e-03 9.930748010167183004e-01
1.178559584823204720e-01 -2.831461772999689999e-02 9.926269467796094981e-01
1.064700275163007887e-01 -3.454204441343772247e-02 9.937157442691566533e-01
8.654554773226234843e-02 -2.393206281721019929e-02 9.959604030969334554e-01
6.240017613542844788e-02 -6.082093386262475568e-04 9.980510247976527305e-01
2.481916419703338386e-02 1.727633812723161980e-02 9.995426640366684712e-01
1.057408171468691288e-02 4.352568372738482155e-02 9.989963481674662971e-01
4.997746388519747583e-03 6.338688983758508644e-02 9.979765151183149774e-01
1.023245930955793415e-02 7.129162899741270376e-02 9.974030280741015275e-01
2.534425113465406387e-02 6.361566443389232717e-02 9.976526029500887294e-01
4.604150947332275035e-02 4.102293852898478838e-02 9.980968379470185337e-01
6.588200325833702686e-02 9.948775091956556932e-03 9.977778227245036602e-01
7.899565173058907541e-02 -1.932450919845873222e-02 9.966876393092445330e-01
8.252999615063019712e-02 -3.779321762604054974e-02 9.958717148492792770e-01
7.640309391108421333e-02 -4.130705322113255307e-02 9.962210069031023352e-01
6.238378653687128017e-02 -3.056783852046459152e-02 9.975840167251440738e-01
4.369680528469421094e-02 -9.335949554969240338e-03 9.990012158420125132e-01
2.230600511698108915e-03 3.992194459926719122e-04 9.999974325193009550e-01
-1.263786626755632539e-02 2.264331066297608358e-02 9.996637258690969086e-01
-2.140379229230537916e-02 3.690163115805172173e-02 9.990896592865782244e-01
-2.159237482521409596e-02 3.893204083539991700e-02 9.990085412777366392e-01
-1.296994234067186044e-02 2.694834205683324657e-02 9.995526836820695094e-01
2.227614900813938356e-03 3.299051664725221808e-03 9.999920769636193585e-01
1.974453790865434918e-02 -2.511581140330602230e-02 9.994895443377143085e-01
3.462654149146277699e-02 -4.920923874716871815e-02 9.981880852055410314e-01
4.294808217333521971e-02 -6.184006039970241231e-02 9.971616063444320721e-01
4.271456574642024800e-02 -6.039223210646105927e-02 9.972603692989714386e-01
3.408903489223829436e-02 -4.652714299730562747e-02 9.983351955453655391e-01
1.929593191739158164e-02 -2.450531119255318011e-02 9.995134600068510400e-01
-1.503166613123231750e-02 -2.847333158613423246e-02 9.994815247925754598e-01
-4.590606447162572101e-02 -1.876468445474246613e-02 9.987695028694931754e-01
-6.667283144239544157e-02 -1.764169293452080151e-02 9.976189173315903602e-01
-7.175687700380431466e-02 -2.662411930384849315e-02 9.970667514634793394e-01
-5.869173492151366633e-02 -4.493168117433847530e-02 9.972644705787506725e-01
-2.967121163744096055e-02 -6.791985182798543352e-02 9.972494737665539288e-01
7.439343372499495829e-03 -8.775722936311514122e-02 9.961141123710322010e-01
4.104055547752511607e-02 -9.745710935656308471e-02 9.943931740724860635e-01
6.110176592347619368e-02 -9.460406809761197355e-02 9.936380852707192846e-01
6.282946801748508225e-02 -8.158410340109309433e-02 9.946841167027992148e-01
4.702009853731971972e-02 -6.319481546937963379e-02 9.968929358920141093e-01
1.861634549047730056e-02 -4.425831870845788746e-02 9.988466513462720409e-01
-3.132866008437587557e-02 -5.405111841837884068e-02 9.980465879181650291e-01
-6.936167552258949709e-02 -4.734445773380093619e-02 9.964674908347783688e-01
-9.712004087775018280e-02 -5.346782917542965141e-02 9.938354435736058701e-01
-1.075946060515334118e-01 -7.309853553134754156e-02 9.915039106588628970e-01
-9.612240842446086175e-02 -1.034526104842931060e-01 9.899788078451987605e-01
-6.280843502924875199e-02 -1.361657068920004432e-01 9.886930771254122119e-01
-1.604666260711284584e-02 -1.590274423212964805e-01 9.871437469831596534e-01
2.813001322064183699e-02 -1.635361777921508220e-01 9.861362080916409312e-01
5.545316425735418581e-02 -1.498755110525163969e-01 9.871485591138496885e-01
5.957005106373776393e-02 -1.247373239414479307e-01 9.903999237843996717e-01
4.189110345513096662e-02 -9.635893473936364695e-02 9.944647259441650178e-01
8.731508441606923576e-03 -7.136893295915064384e-02 9.974117686134564842e-01
-4.418316986689309334e-02 -6.652003706858373999e-02 9.968063664367876608e-01
-9.302889653411897108e-02 -6.027171737448664551e-02 9.938374839451338261e-01
-1.309252492328804862e-01 -7.004613371908634256e-02 9.889146162658831729e-01
-1.489285407731523736e-01 -9.688523461637789380e-02 9.840902098164203693e-01
-1.390466887400821916e-01 -1.379245325832439140e-01 9.806338978752822122e-01
-9.755105954506089472e-02 -1.823025276709455411e-01 9.783913221131868010e-01
-3.334587789735581065e-02 -2.117803151163534237e-01 9.767482534186999743e-01
2.811255387135492070e-02 -2.138443286889190886e-01 9.764631520966013944e-01
6.530098172549873847e-02 -1.909855977469267774e-01 9.794183392396481613e-01
7.070779317373697415e-02 -1.548953382744162610e-01 9.853973016836143906e-01
4.800663183650777377e-02 -1.173901400483840368e-01 9.919248551776244094e-01
6.209118997681440516e-03 -8.647793015059665467e-02 9.962344174129534879e-01
-4.966142343620233435e-02 -6.184181762303531116e-02 9.968497041256451086e-01
-1.107663439459468657e-01 -5.259312729360730160e-02 9.924539183308819235e-01
-1.600111230254439298e-01 -6.008254641014994929e-02 9.852849984268873262e-01
-1.866221423166743998e-01 -8.707329162896210173e-02 9.785654898278829394e-01
-1.787816123700670667e-01 -1.338122190492560537e-01 9.747468518089523748e-01
-1.266342955240430945e-01 -1.907121582346060495e-01 9.734436952893881223e-01
-3.739820012813705602e-02 -2.322231732936043402e-01 9.719432969122121513e-01
4.610172611819780830e-02 -2.364119521630317633e-01 9.705586122039938646e-01
9.294736500148248481e-02 -2.078355908630344917e-01 9.737377236760738075e-01
9.682543180571651087e-02 -1.642053957776996032e-01 9.816625814164492425e-01
6.595366542029693080e-02 -1.205414812828243393e-01 9.905149495629937961e-01
1.296178318699112500e-02 -8.521572847090125302e-02 9.962782100386416984e-01
-4.484835236270529046e-02 -4.017998258095978326e-02 9.981854508507607138e-01
-1.159608746071567470e-01 -2.441170985527845241e-02 9.929537471515704761e-01
-1.738016875473967215e-01 -2.217427719566470237e-02 9.845309923189646817e-01
-2.061857115510221938e-01 -3.846248960363785746e-02 9.777566615706031472e-01
-1.983080320278715059e-01 -7.977291120260525392e-02 9.768880217668056698e-01
-1.340078167409944343e-01 -1.450105231224972924e-01 9.803131403975267055e-01
-1.505012394941557426e-02 -2.045048202575632801e-01 9.787498517294900280e-01
8.746112961178990897e-02 -2.173149804145449726e-01 9.721752671686507696e-01
1.371128243092012144e-01 -1.901773231894590410e-01 9.721279026725340167e-01
1.341234057832972060e-01 -1.466091255678610428e-01 9.800595269274581245e-01
9.274427528590643843e-02 -1.030281280449606013e-01 9.903452449692538018e-01
2.857421595595829172e-02 -6.680283669807002278e-02 9.973569547517230349e-01
-3.001024678318688424e-02 -6.972472770090243702e-03 9.995252721725087497e-01
-1.047971237855910703e-01 1.707955018186713830e-02 9.943469474040732559e-01
-1.638330613428521376e-01 3.460727629875661598e-02 9.858808571212654970e-01
-1.934316189523465346e-01 3.953083118377474781e-02 9.803170518640560438e-01
-1.771685215546518755e-01 1.948102728857971366e-02 9.839877054851656757e-01
-9.789710378033202043e-02 -3.855440860550250065e-02 9.944494530384970776e-01
4.437020167982063529e-02 -1.147448381095669961e-01 9.924036010263996843e-01
1.475483050766330795e-01 -1.442069584745100663e-01 9.784854882912796814e-01
1.862979563421038876e-01 -1.321609635770794877e-01 9.735638403151516407e-01
1.713722621545104019e-01 -1.016205410467614922e-01 9.799514342054816973e-01
1.203336951601713806e-01 -6.730755054688315753e-02 9.904491382440803182e-01
4.886068424702581792e-02 -3.528955474291472355e-02 9.981819878464007756e-01
-9.754777186350057847e-03 2.786125065559911379e-02 9.995642025572508693e-01
-8.004488637250468941e-02 5.848661644674591625e-02 9.950739328623888769e-01
-1.315899530203842871e-01 9.016680902895062022e-02 9.871950318015411119e-01
-1.492801108561905010e-01 1.169785826682106511e-01 9.818510374286514297e-01
-1.162559335808398819e-01 1.252157235312254258e-01 9.852946668321197476e-01
-2.164065165973950294e-02 9.485695174059773083e-02 9.952556660990139470e-01
1.130812485834372660e-01 2.463344185280356979e-02 9.932803354347365943e-01
1.951914152907573141e-01 -2.911804139632845345e-02 9.803328266777471267e-01
2.169651712014024902e-01 -4.715880504754197539e-02 9.750395692442561657e-01
1.927824326812938027e-01 -4.123378677243313972e-02 9.803747796010643389e-01
1.382422301883937110e-01 -2.334689983201495428e-02 9.901232287249825958e-01
6.679075281363722194e-02 3.322021120123733640e-04 9.977669492322945866e-01
8.769513908222286921e-03 5.366691552931285303e-02 9.985203842703092025e-01
-5.102024227735038608e-02 8.627305644324914646e-02 9.949642680065750033e-01
-9.076665853872055434e-02 1.239053674340205718e-01 9.881340362616624073e-01
-9.650290998796315356e-02 1.597357748458066440e-01 9.824315093676327937e-01
-5.584291054860832104e-02 1.798931202582388922e-01 9.820998088917652913e-01
3.176635479469405721e-02 1.662830649019100271e-01 9.855662540031776553e-01
1.370052413396179725e-01 1.157647665256075209e-01 9.837825383064773277e-01
2.006112915288540410e-01 6.014449589567776727e-02 9.778229642039265590e-01
2.145432913358430727e-01 2.440713786023255075e-02 9.764094775063749676e-01
1.901803259956844627e-01 1.078829690522938381e-02 9.816898982132998830e-01
1.402858668528505492e-01 1.390842066574581558e-02 9.900133490998667130e-01
7.622805452739443710e-02 2.901092200363511106e-02 9.966682748575230733e-01
1.975228253490933505e-02 6.363118705044072676e-02 9.977779910226725057e-01
-2.783889921072698476e-02 9.387285470001509313e-02 9.951948969127624167e-01
-5.678722236047407945e-02 1.294249356994468525e-01 9.899618161301422248e-01
-5.629744857064451768e-02 1.631592746924301340e-01 9.849922072617002256e-01
-1.956469609974526708e-02 1.833215639999627999e-01 9.828582943838463093e-01
4.863957876069782693e-02 1.771775199978511683e-01 9.829762549448491926e-01
1.244362499454380044e-01 1.426103834467603859e-01 9.819256072802562407e-01
1.734928951020599797e-01 9.640935452234172809e-02 9.801048166954779983e-01
1.861020572895616398e-01 5.858450361911760051e-02 9.807822797177643270e-01
1.677557558799850079e-01 3.748611417616305730e-02 9.851156265196124862e-01
1.275794487529903209e-01 3.304326539665024959e-02 9.912777748279042456e-01
7.499700865687597418e-02 4.255930226566258939e-02 9.962751399504166105e-01
2.116078778064910820e-02 5.621822636737379419e-02 9.981942356498910707e-01
-1.602345842200760331e-02 8.162043235482686898e-02 9.965346726544349609e-01
-3.749063184958598832e-02 1.102832463981115035e-01 9.931928604693925910e-01
-3.555127570530790260e-02 1.358897012130504400e-01 9.900859032931943471e-01
-7.072796437112073217e-03 1.498307458917051693e-01 9.886863623698193271e-01
4.230255031313120972e-02 1.444030835762065978e-01 9.886143048179494297e-01
9.612581158229120681e-02 1.191605956459218657e-01 9.882107977516384478e-01
1.341285157434748687e-01 8.421787826957756462e-02 9.873787977490188217e-01
1.470768840644000319e-01 5.338936395459701473e-02 9.876831303563348152e-01
1.358595588246822583e-01 3.484614381463708999e-02 9.901151077209113804e-01
1.060001573052510859e-01 3.030273093926552641e-02 9.939042766528631834e-01
6.490726743335023530e-02 3.818840926388761964e-02 9.971603141081132327e-01
1.411821628826009575e-02 3.425824082513975050e-02 9.993132886659682468e-01
-1.636104575694554211e-02 5.400957768822636784e-02 9.984063710231986244e-01
-3.401713059875608597e-02 7.366313942153068783e-02 9.967028527682665340e-01
-3.312776546865425081e-02 8.841789530724482316e-02 9.955324338987820987e-01
-1.215409242215822680e-02 9.297674017021284598e-02 9.955940959169541360e-01
2.413874188833133733e-02 8.399313531536294064e-02 9.961739177271969892e-01
6.452879896198036869e-02 6.326773321310874554e-02 9.959082427806754678e-01
9.573523147710104320e-02 3.831094925769185089e-02 9.946693101835395456e-01
1.094870259793364609e-01 1.810727118273992853e-02 9.938232830199109635e-01
1.040191774635088745e-01 7.939505121531093695e-03 9.945436013459734159e-01
8.218592561531812279e-02 8.557433268468153664e-03 9.965802747227934244e-01
4.970780442429818813e-02 1.815067183769167314e-02 9.985988620518155834e-01
1.124505851192923690e-03 3.548478354317967636e-03 9.999930718699753251e-01
-2.716911291295195929e-02 1.784673302106197165e-02 9.994715270702260179e-01
-4.458406244131948165e-02 2.796661309404416609e-02 9.986141046111283170e-01
-4.605590794743762845e-02 3.085065699427653324e-02 9.984623629893022434e-01
-3.015774483724850685e-02 2.440616400968035477e-02 9.992471413942899394e-01
-4.430408633292400337e-04 9.326705405597804713e-03 9.999564071903671580e-01
3.453525483099871562e-02 -9.872625061588074374e-03 9.993547155280454453e-01
6.403854903721188652e-02 -2.646994261342695484e-02 9.975963143352224449e-01
7.980704062130442034e-02 -3.510045401543527427e-02 9.961921473265978877e-01
7.846847236207099563e-02 -3.418305093042205839e-02 9.963303758664922016e-01
6.133415679714532276e-02 -2.540529906529687479e-02 9.977939125838461987e-01
3.321103081807862123e-02 -1.183136746117107764e-02 9.993783298511053070e-01
-2.778663302960029686e-03 -3.602603766861984386e-02 9.993469886081195463e-01
-4.053513773351213878e-02 -4.449983354938617103e-02 9.981866896642840326e-01
-6.292933059206382018e-02 -5.752502058829978698e-02 9.963587563511147049e-01
-6.307491041546445243e-02 -7.338179133348436689e-02 9.953073235823720610e-01
-3.839918822784415403e-02 -8.901652421873540444e-02 9.952896868547956855e-01
6.301155963564027303e-03 -9.915942793963174184e-02 9.950516083521624422e-01
5.757532725748421704e-02 -9.864999486092647374e-02 9.934552129839945289e-01
9.832175034015702697e-02 -8.707001335387849761e-02 9.913383106612150275e-01
1.167193263900201811e-01 -6.902716942344584716e-02 9.907632657342820837e-01
1.099135713776178552e-01 -5.107890642089250172e-02 9.926278014169441777e-01
8.211303106570973231e-02 -3.845522108103708453e-02 9.958808393079874310e-01
4.135950021700413037e-02 -3.353816395250614618e-02 9.985812852744995194e-01
-6.206692703549072064e-03 -7.189788476782180138e-02 9.973926865240315687e-01
-5.157284726520428714e-02 -8.973336883103091854e-02 9.946296617049090738e-01
-7.842767617343418540e-02 -1.184978921938084767e-01 9.898521855083499688e-01
-7.818485716336691371e-02 -1.545939019669768100e-01 9.848796137523315730e-01
-4.602788367897986399e-02 -1.901752791661303899e-01 9.806705854251606125e-01
1.364047116581416919e-02 -2.117769220304245303e-01 9.772228368400357468e-01
8.215669011663037646e-02 -2.072602121915214091e-01 9.748299763094170345e-01
1.335522256990329670e-01 -1.786069457066612465e-01 9.748145269517707323e-01
1.524422905981897836e-01 -1.387734757826784293e-01 9.785209606627830459e-01
1.383528621150181825e-01 -1.018327661838216158e-01 9.851337844556619094e-01
9.970150998325563729e-02 -7.680141338724065514e-02 9.920489664370084615e-01
4.775751990593083557e-02 -6.699680261268933790e-02 9.966095763798979990e-01
-1.407953599809707093e-02 -9.256463519010400820e-02 9.956071288305511358e-01
-7.407119407391958565e-02 -1.195065338818865480e-01 9.900664859331269607e-01
-1.127552718559828582e-01 -1.626539211097730309e-01 9.802193380138345402e-01
-1.182532543521018220e-01 -2.181152645560392733e-01 9.687321091007311535e-01
-7.961138129866504598e-02 -2.749127420279138256e-01 9.581675282738594257e-01
4.187786616817371250e-03 -3.099910214297706967e-01 9.507302609447974007e-01
1.073997360047999755e-01 -2.988345370487024422e-01 9.482421716908232545e-01
1.817999995574620664e-01 -2.482323859491215590e-01 9.514880150201202591e-01
2.041853723451765301e-01 -1.841920479433359070e-01 9.614476705441077353e-01
1.798726431383121382e-01 -1.295693624514069886e-01 9.751192811981439501e-01
1.251433255639264330e-01 -9.538657730272386004e-02 9.875426820838194564e-01
5.609649216095793922e-02 -8.372764426447858177e-02 9.949084707415140061e-01
-2.440574838185788700e-02 -9.147461522925781630e-02 9.955082893751151518e-01
-1.041275987519638402e-01 -1.243515044605129904e-01 9.867594167357267576e-01
-1.620272215777437963e-01 -1.755697503320544084e-01 9.710419363941433790e-01
-1.826449367291106685e-01 -2.434199638801365639e-01 9.525689204839080659e-01
-1.448761739356705658e-01 -3.188820788292437980e-01 9.366563478818085153e-01
-3.086877654194046874e-02 -3.719824258927224570e-01 9.277263569942358901e-01
1.324788922410559400e-01 -3.536484356814580399e-01 9.259493112749892507e-01
2.432122411601237988e-01 -2.774150788787040356e-01 9.294561204062179449e-01
2.686822740473833737e-01 -1.901583925500310301e-01 9.442720060213262157e-01
2.296691585490488741e-01 -1.237966641344947077e-01 9.653633842033241264e-01
1.549315362930988871e-01 -8.718455621244464160e-02 9.840706642410609328e-01
6.557918462344135280e-02 -7.801918266114628298e-02 9.947926304919014751e-01
-3.355311520416688620e-02 -6.667247389224209564e-02 9.972105944509412900e-01
-1.332793139750178268e-01 -9.886481904138315346e-02 9.861350678392334368e-01
-2.140932224539907891e-01 -1.449542712803384981e-01 9.659981114561712046e-01
-2.586646411200450579e-01 -2.060445556007316770e-01 9.437363215122864801e-01
-2.354729128050505882e-01 -2.819352479940250289e-01 9.300887179584599318e-01
-9.553282829390095932e-02 -3.518585923046488873e-01 9.311654040714623104e-01
1.630569103225588401e-01 -3.308656002190205614e-01 9.294839420817304632e-01
3.136945214532008142e-01 -2.346088931925865151e-01 9.200839170669299349e-01
3.334690963900302507e-01 -1.385725960521486111e-01 9.325213120225197549e-01
2.755607936567788241e-01 -7.708355455878278251e-02 9.581880685000371267e-01
1.816313882527288703e-01 -5.009290999806690486e-02 9.820899852708458999e-01
7.444598505963172241e-02 -4.909621138381647931e-02 9.960157415102960377e-01
-3.794217281068978931e-02 -2.350778465212134336e-02 9.990033911770098696e-01
-1.504011911600422191e-01 -4.689564425910373868e-02 9.875121671387833144e-01
-2.485665147440587475e-01 -7.123531155381318536e-02 9.659918312987040290e-01
-3.147643184927126359e-01 -9.542386058567699225e-02 9.443610065196191838e-01
-3.117258253538131574e-01 -1.245622992067001583e-01 9.419719971548451420e-01
-1.634865172357368446e-01 -1.694209385568179183e-01 9.718892448528569927e-01
2.045727683233916072e-01 -1.538999750533147359e-01 9.666771850721934678e-01
3.640353459262765656e-01 -8.025478685753457964e-02 9.279210290228394609e-01
3.668737127812067844e-01 -2.139129204051266539e-02 9.300247800435244017e-01
2.961606781206104766e-01 5.520370979766027995e-03 9.551221797442063233e-01
1.939176177843212889e-01 8.290687856017725163e-03 9.809827837468459988e-01
7.927956952988395034e-02 -3.677100179035392401e-03 9.968456393993045950e-01
-3.613386214157617710e-02 2.490198018230413771e-02 9.990366536767910643e-01
-1.476673638542284062e-01 1.503253127968850848e-02 9.889228345304656997e-01
-2.472693506685576526e-01 2.012892627095849360e-02 9.687376809782523024e-01
-3.155074875474673246e-01 4.804395400431614449e-02 9.477060745743561831e-01
-3.117949041212937922e-01 1.036020144108372176e-01 9.444842827564443599e-01
-1.618922755753799958e-01 1.695005213615811968e-01 9.721422037784325232e-01
1.687714859976710557e-01 1.904755697986936502e-01 9.670756138089783294e-01
3.207021466977660329e-01 1.525348365161939834e-01 9.348172317370294637e-01
3.328708244188724463e-01 1.220988506995237116e-01 9.350341624285916087e-01
2.751956810829399025e-01 9.513703582542680504e-02 9.566693689711586179e-01
1.840307876086298700e-01 6.866534340698736416e-02 9.805191175224471367e-01
7.700986670773520004e-02 4.415306196665075289e-02 9.960522012166908024e-01
-2.966902346803611951e-02 6.271496855212657651e-02 9.975903877674081599e-01
-1.269970369307118485e-01 6.428609827865429394e-02 9.898176853233447980e-01
-2.114142007714233662e-01 8.879694449900553399e-02 9.733545799757710171e-01
-2.620012716625723659e-01 1.418225659446862019e-01 9.545898037566205030e-01
-2.438759958185200138e-01 2.208280898349754551e-01 9.443301612271862711e-01
-1.172259244543832346e-01 2.983522957130412823e-01 9.472296396748532965e-01
9.584296238219104647e-02 3.217079663763664499e-01 9.419756424301942710e-01
2.258512895781261964e-01 2.711870110055528693e-01 9.356542096617536108e-01
2.572872464182017760e-01 2.071485830054197452e-01 9.438711444839269493e-01
2.251813147444179097e-01 1.519751504940221043e-01 9.623912557386913313e-01
1.566252992876554784e-01 1.091298921851300147e-01 9.816105043522596052e-01
6.806207668429549440e-02 7.882831506050504145e-02 9.945620395240526435e-01
-2.167318293118915967e-02 7.930534981730209820e-02 9.966147373142659749e-01
-9.883334485380668166e-02 8.679135155167592985e-02 9.913118738524634432e-01
-1.625048360684862025e-01 1.163522840385248364e-01 9.798236189505574734e-01
-1.949455438744976399e-01 1.686852496717651806e-01 9.661995246669722315e-01
-1.741494063461139497e-01 2.357074208368069579e-01 9.560930896266288670e-01
-8.609583501699151487e-02 2.938496015305879783e-01 9.519663433509746309e-01
4.396936960205109768e-02 3.107031233805511161e-01 9.494894752751815714e-01
1.420766573138920186e-01 2.740797974352353061e-01 9.511542924701574808e-01
1.810273648459258533e-01 2.162509977103829750e-01 9.594084631512218575e-01
1.695899875203612794e-01 1.615341873333105693e-01 9.721861665624418336e-01
1.234407096963825862e-01 1.189619447872758556e-01 9.851956388870626302e-01
5.599750210425080699e-02 9.093407484689830511e-02 9.942812850445336137e-01
-1.420239562736483503e-02 7.223408388128702007e-02 9.972865832268341668e-01
-7.241979567972796350e-02 8.048146897271743483e-02 9.941217764165665161e-01
-1.176913329125186120e-01 1.052182651089472037e-01 9.874603115288878019e-01
-1.370413697506941419e-01 1.445298498023240563e-01 9.799646858397083049e-01
-1.186064089814868328e-01 1.900372045366456597e-01 9.745862612618751974e-01
-5.954198935133387521e-02 2.257771087718737635e-01 9.723576752711322602e-01
2.246015272046080966e-02 2.344217913957480082e-01 9.718754885573084312e-01
9.196129840839382952e-02 2.110545274661548565e-01 9.731387907339298371e-01
1.271982761377468962e-01 1.713713921897457859e-01 9.769608203436779270e-01
1.259239660385813031e-01 1.315507330123341367e-01 9.832789835143109780e-01
9.535767669529172930e-02 9.983452443474057081e-02 9.904241420856654265e-01
4.525905503856129941e-02 7.936516278500423127e-02 9.958176484041347809e-01
-8.007522454545166687e-03 4.538578581234457843e-02 9.989374404988257128e-01
-5.249768990577840383e-02 5.063658588758983975e-02 9.973364170249934268e-01
-8.448897437534515220e-02 6.529308547246094607e-02 9.942828703133199664e-01
-9.481699046441879886e-02 8.736601858709790169e-02 9.916536275915680543e-01
-7.752214294160861274e-02 1.111328977939744361e-01 9.907773697363196908e-01
-3.408360247658884928e-02 1.280149998842607661e-01 9.911863940989461552e-01
2.282085978429985312e-02 1.305993767028915120e-01 9.911725435883943502e-01
7.287205812717839626e-02 1.180947033352654635e-01 9.903248478093102936e-01
1.006874096907929561e-01 9.768246518722548122e-02 9.901111965454627573e-01
1.015008529071652899e-01 7.699817755888772874e-02 9.918512275092921104e-01
7.849643701767820836e-02 6.018450219408642138e-02 9.950960431391315808e-01
3.895463354117238014e-02 4.909255177602644959e-02 9.980342969486425408e-01
-3.783601918697001004e-03 6.248102055837719167e-03 9.999733224327319592e-01
-4.129667191393081305e-02 5.728905477927217181e-03 9.991305042540052916e-01
-6.561054727877803361e-02 7.475285609809233407e-03 9.978173060188700871e-01
-6.963619299699805310e-02 1.101664670780923803e-02 9.975116210451903109e-01
-5.028281833352710173e-02 1.466768863965726977e-02 9.986273064013545531e-01
-1.111424429120221567e-02 1.668474640575555099e-02 9.997990262103266801e-01
3.647554474577516942e-02 1.649498804871226548e-02 9.991984037240766447e-01
7.700726268901990357e-02 1.490853483721695308e-02 9.969190624529579159e-01
9.855330516876627256e-02 1.333863550249199392e-02 9.950423743957994560e-01
9.686129757474284951e-02 1.211476914292259656e-02 9.952241563591270879e-01
7.442908373053470916e-02 1.055561247467084150e-02 9.971704420711132721e-01
3.794849473231207138e-02 8.308679346631106868e-03 9.992451539012312534e-01
1.125298213965732728e-02 -3.859144240308185619e-02 9.991917088157842297e-01
-2.336653293032489934e-02 -6.859540583216472420e-02 9.973708815869459787e-01
-3.879344748418746963e-02 -9.721093720277723671e-02 9.945074671014138001e-01
-2.850453805113044650e-02 -1.186384675516342774e-01 9.925282894344047424e-01
8.468993584999348623e-03 -1.268080729415083097e-01 9.918911174037869927e-01
6.325412628479168409e-02 -1.164277270271583259e-01 9.911828791334188482e-01
1.173208020504064863e-01 -8.796028441049143221e-02 9.891909915545509246e-01
1.521076198049136352e-01 -5.104850207465631146e-02 9.870447418598606859e-01
1.589151543945037104e-01 -1.848874558653964759e-02 9.871191113489757862e-01
1.396984359935331543e-01 2.364910838374198584e-04 9.901940673690690087e-01
1.022840255388804825e-01 1.480619957706151438e-03 9.947541333837592870e-01
5.626942587534607826e-02 -1.315868181049484678e-02 9.983289041216334425e-01
2.519393865051046399e-02 -7.814670678569962670e-02 9.966234783878094028e-01
-1.388190985146235852e-02 -1.255465553638085430e-01 9.919906022816746827e-01
-2.525893938836431402e-02 -1.791916963114256467e-01 9.834898687601945078e-01
-3.931584670096552369e-04 -2.298056442602062210e-01 9.732364621676697913e-01
6.243264774505050130e-02 -2.622832933395694011e-01 9.629691783907059488e-01
1.484640418641027249e-01 -2.578780124456852008e-01 9.547027594861261512e-01
2.244388057941316683e-01 -2.106674543421634127e-01 9.514443999176879219e-01
2.606173634027935671e-01 -1.418048593149866254e-01 9.549711889725521763e-01
2.509737250374068362e-01 -7.890346776790552186e-02 9.647727359928158775e-01
2.074372335717807325e-01 -3.950738790776030934e-02 9.774502342466119265e-01
1.464142518349298427e-01 -2.870103277101433703e-02 9.888069162265281653e-01
8.196560765422548911e-02 -4.365954011345831581e-02 9.956784037624432093e-01
2.603976994100956621e-02 -1.048333003282676118e-01 9.941488367059261311e-01
-2.693401122745850071e-02 -1.744891595691118458e-01 9.842906543455627322e-01
-4.452446430872520483e-02 -2.579738195894245023e-01 9.651254221522285182e-01
-1.232337039006494231e-02 -3.441155399054799946e-01 9.388464356526986521e-01
8.003896623598230620e-02 -4.073577548444910490e-01 9.097545951804482112e-01
2.178130019807040796e-01 -4.059009198925482287e-01 8.875820747393210475e-01
3.408587737703946408e-01 -3.185496235699131207e-01 8.845006691163134205e-01
3.883750649117818088e-01 -1.978302302713891292e-01 9.000155603907877833e-01
3.590946284539497380e-01 -9.822187824321236549e-02 9.281182631809018480e-01
2.839725845932110082e-01 -4.282604223434313684e-02 9.578755145142590077e-01
1.921949965560993123e-01 -3.125651925869096792e-02 9.808588651292314831e-01
1.023902242169325710e-01 -5.489258363738516722e-02 9.932285971750756115e-01
1.253790195501941485e-02 -1.108175528860949471e-01 9.937616771574810937e-01
-6.348018092186070993e-02 -2.028148808895469113e-01 9.771573009090707140e-01
-1.018889513773581917e-01 -3.149666483908434844e-01 9.436178527288850981e-01
-8.031074259469742072e-02 -4.392164039378527729e-01 8.947844070700760044e-01
3.222897794738250471e-02 -5.450108533093873664e-01 8.378093236264797516e-01
2.456612008085883869e-01 -5.550141993456875200e-01 7.947388331659729355e-01
4.636814968904276468e-01 -3.911047174259423276e-01 7.950072763494552275e-01
5.304338275059988783e-01 -1.906119043009566472e-01 8.260187991662746310e-01
4.707306668807246242e-01 -5.481382941540718229e-02 8.805725883553816580e-01
3.561938983752331866e-01 2.142423192480597937e-03 9.344096086744592133e-01
2.305814794892270259e-01 1.329402589759015802e-04 9.730530117334587059e-01
1.131534068970346946e-01 -4.144368500072640599e-02 9.927128121874311262e-01
-1.227247567913598673e-02 -9.167251102933451912e-02 9.957135818408476835e-01
-1.167732876776691742e-01 -1.978615741357207802e-01 9.732496066094606935e-01
-1.923747646985197735e-01 -3.244858940295053951e-01 9.261214037495718587e-01
-2.139184563531209005e-01 -4.712472930261879522e-01 8.556663385029080748e-01
-1.265439384414237256e-01 -6.202801823273289550e-01 7.741053720623065626e-01
1.611389081274768320e-01 -6.753245655448033569e-01 7.197020101814862736e-01
5.831460243794617249e-01 -3.670251266790051092e-01 7.247297914648658246e-01
6.564062974392325112e-01 -6.619881283813913719e-02 7.514974982399977854e-01
5.486847821412563775e-01 7.387035406186284736e-02 8.327593773938464228e-01
3.978516732906263176e-01 9.863400693847274026e-02 9.121323252330889586e-01
2.481680979025249478e-01 6.322888530695205955e-02 9.666512831659127558e-01
1.105908557058755959e-01 -3.943500301471094573e-03 9.938581948344826777e-01
-4.112552029927313280e-02 -5.012099764200850238e-02 9.978960753382463134e-01
-1.702976626040762775e-01 -1.538946158584813539e-01 9.733011627042010838e-01
-2.899494696383072001e-01 -2.654321783964694870e-01 9.194971798369886429e-01
-3.847341138376830783e-01 -3.831725432156259936e-01 8.397371396902769680e-01
-4.053961694585939690e-01 -4.999931270021964469e-01 7.652847958367224868e-01
-1.735559983254412464e-01 -5.821895450713421294e-01 7.943133191976838869e-01
6.293078110924374968e-01 -4.028068421964527829e-02 7.761115547244490376e-01
6.502132998316528800e-01 2.356204858843954641e-01 7.222919432982873866e-01
5.205062797764878901e-01 2.746622280089848211e-01 8.084762663296850560e-01
3.750390911905729929e-01 2.223072671875727935e-01 8.999584207253837898e-01
2.316458908815494377e-01 1.400746990076870702e-01 9.626625888314402912e-01
9.299867359634116093e-02 4.765639662646493913e-02 9.945250698548628865e-01
-6.461286728659779155e-02 1.608426004682807350e-03 9.979091092613360248e-01
-2.025001378032208477e-01 -8.225802769753691457e-02 9.758213520255776263e-01
-3.485895161476530446e-01 -1.504451015525791191e-01 9.251224895389588143e-01
-4.980035864303692938e-01 -1.822168036542601288e-01 8.478145223859656632e-01
-6.243361543420758997e-01 -1.195473613561562620e-01 7.719538812481873125e-01
-5.869416026669300734e-01 1.570236375061358214e-01 7.942563391771847447e-01
6.675925959485480565e-02 6.276811502617460903e-01 7.756027171589771063e-01
3.330354213475554270e-01 5.659051563483631364e-01 7.542140028838947297e-01
3.514819787216285629e-01 4.416754654097405086e-01 8.254593883947576316e-01
2.840890689513330680e-01 3.164050572553009921e-01 9.050863166823456263e-01
1.823172709512659584e-01 2.006062745950097925e-01 9.625578088125451570e-01
6.412897807842782294e-02 9.592286037119164555e-02 9.933208338843831919e-01
-7.563682809875649227e-02 4.584144435669302436e-02 9.960811373650300116e-01
-2.009055416813449457e-01 -1.099876765025350513e-02 9.795488708746985518e-01
-3.368253104587560776e-01 -3.545803458688388116e-02 9.408992709199097693e-01
-4.697569935215962222e-01 -4.343382635903749595e-03 8.827850826021002018e-01
-5.568015685665906878e-01 1.210029392956825933e-01 8.217848270219756390e-01
-4.914646286074127457e-01 3.628065035929567972e-01 7.917284634130845600e-01
-1.763758418887855506e-01 6.098262812020563972e-01 7.726599958282176495e-01
7.603823176845782295e-02 5.910881904070873771e-01 8.030149055097508537e-01
1.767578688563028744e-01 4.708543285773170162e-01 8.643221951664931124e-01
1.773930762982810494e-01 3.400980392425277388e-01 9.235069139886243894e-01
1.218029587828271532e-01 2.234572386795525556e-01 9.670733693538734466e-01
3.373394865456030151e-02 1.250788348355042490e-01 9.915731469661770436e-01
-7.291402805698891931e-02 6.895012539901609894e-02 9.949519710619182389e-01
-1.727595288858401190e-01 3.472219706483243434e-02 9.843518244053364175e-01
-2.780304473908798979e-01 3.518697878209703367e-02 9.599275737511785422e-01
-3.710447394173146951e-01 8.408991894662003197e-02 9.247998090842750596e-01
-4.170130813004092052e-01 1.923603643942819741e-01 8.883116458959996464e-01
-3.659010064459706779e-01 3.452893171041750975e-01 8.642289864240451092e-01
-2.045713122492138492e-01 4.722313606064398317e-01 8.574077911148352271e-01
-3.399361068892180204e-02 4.765777836806433521e-01 8.784748434271587580e-01
6.830789324758031189e-02 4.004128464828796696e-01 9.137853052504085749e-01
9.734207003391730229e-02 3.014129167842597434e-01 9.485118739357312201e-01
7.249658089590939325e-02 2.075374190732437729e-01 9.755370138763994614e-01
1.172860304639393968e-02 1.284649468825719287e-01 9.916446930695496098e-01
-5.870834594719531035e-02 6.680704432781942037e-02 9.960372226700194842e-01
-1.318579595933063453e-01 4.618708984540716850e-02 9.901920173499383360e-01
-2.044988900718455460e-01 5.357744823421334290e-02 9.773994377940419254e-01
-2.614664225279273446e-01 9.485476862404322584e-02 9.605404118306236638e-01
-2.815554794406345818e-01 1.686846815809463496e-01 9.446014980915788950e-01
-2.443196203100381492e-01 2.574225030803474756e-01 9.349019082446125006e-01
-1.520886026498274035e-01 3.236326395812036960e-01 9.338795273169239186e-01
-4.615623595942647261e-02 3.311386506832444399e-01 9.424525430522967540e-01
2.919921784092314315e-02 2.902095206031494734e-01 9.565175585574502426e-01
5.851321629656917878e-02 2.282699276887546480e-01 9.718379719025151964e-01
4.654478109942897929e-02 1.643978766169212902e-01 9.852953473533956341e-01
3.997103796195455166e-03 1.083855544120207182e-01 9.941008976739167391e-01
-3.660485662841413829e-02 4.295354780661062716e-02 9.984062686111072615e-01
-8.867037390001938912e-02 2.696504134153600990e-02 9.956959633029537349e-01
-1.347661641662961929e-01 2.957181695854684683e-02 9.904360598432065954e-01
-1.639802135696442897e-01 5.346807899040881273e-02 9.850135299003512923e-01
-1.653428168042783142e-01 9.534498861026441396e-02 9.816165677484098850e-01
-1.325502556153878575e-01 1.435053826387799603e-01 9.807327030796786360e-01
-7.221037843026437142e-02 1.798178106982303293e-01 9.810459806770931435e-01
-6.382202132431882315e-03 1.897187621588640183e-01 9.818177319547909399e-01
4.088903560625595235e-02 1.745993055202016697e-01 9.837902059276023570e-01
5.806696537657717039e-02 1.443465627119258909e-01 9.878219968016560548e-01
4.591759897916358052e-02 1.079516053071757353e-01 9.930951741981137726e-01
1.140186679803847046e-02 7.206378391704593156e-02 9.973348527355717641e-01
-1.133693814692214932e-02 4.850703254558490218e-03 9.999239693653647620e-01
-5.038921651017678333e-02 -1.448003011255309842e-02 9.986246820439942384e-01
-7.753462199229062268e-02 -2.430202796742457136e-02 9.966934302126775336e-01
-8.513904805938268816e-02 -2.148460689106783741e-02 9.961374173085704165e-01
-6.878957299809831949e-02 -6.215459968339422103e-03 9.976118296733077484e-01
-3.056197146094790859e-02 1.756937826481435455e-02 9.993784482606158370e-01
1.869960124101579732e-02 4.267300821835207786e-02 9.989140800304024959e-01
6.254939663268417605e-02 6.125626757914500592e-02 9.961602494895881454e-01
8.728044805908923010e-02 6.894753999032594838e-02 9.937949286024184703e-01
8.776182295267566380e-02 6.483640113377746317e-02 9.940292266930610410e-01
6.659609147537171037e-02 5.022871657266771150e-02 9.965149455134894030e-01
3.069822846941477196e-02 2.845038698232247448e-02 9.991237131854048270e-01
2.553198758558738318e-02 -3.614544444909546100e-02 9.990203323534195823e-01
4.618879540183618536e-03 -8.497143953956887152e-02 9.963726814873796744e-01
4.336252517999939458e-03 -1.252401193309241600e-01 9.921169837393885027e-01
2.876866766986990384e-02 -1.472827603256780526e-01 9.886759591855142082e-01
7.520724095083691774e-02 -1.427355421768812527e-01 9.868994051614232710e-01
1.299956134862914336e-01 -1.083504549444553183e-01 9.855766430814296708e-01
1.723781508726886791e-01 -5.259054461608828057e-02 9.836259490876997358e-01
1.879282191491027099e-01 5.074307256512456364e-03 9.821696573674796316e-01
1.756144141571935324e-01 4.584251833977438795e-02 9.833910926242127593e-01
1.436046547666794404e-01 5.972682392316899791e-02 9.878311645384326711e-01
1.022155750030565857e-01 4.616500602223008731e-02 9.936904791964820127e-01
6.040030549488378114e-02 1.106072881735021413e-02 9.981129512105403334e-01
5.720643859302469714e-02 -7.101658400193615328e-02 9.958333536190436819e-01
3.902164557826400676e-02 -1.442441406978344498e-01 9.887724404789398625e-01
5.657603782075664584e-02 -2.152928739077317744e-01 9.749092934160558110e-01
1.158355621814330244e-01 -2.686175155944305892e-01 9.562566354541270908e-01
2.108425706444398418e-01 -2.824475751159013504e-01 9.358251854460601926e-01
3.116786015471024740e-01 -2.385309142378190528e-01 9.197605407335862626e-01
3.730380709405509698e-01 -1.465603190830803149e-01 9.161673812678545747e-01
3.720938045661978943e-01 -4.713548057013389192e-02 9.269975442658364706e-01
3.207319139297229449e-01 2.352854063549870284e-02 9.468777361214685273e-01
2.453333800137836029e-01 5.086221077207062763e-02 9.681035937162763005e-01
1.681582211786730452e-01 3.745794974056019383e-02 9.850480773298434523e-01
1.027356331835542064e-01 -6.898439002460706251e-03 9.946847747973522891e-01
6.880335064899197051e-02 -9.952026205838586381e-02 9.926539257864983590e-01
4.405531720320646910e-02 -2.087306955054940849e-01 9.769803610001164262e-01
6.991189273684665639e-02 -3.234027112395361225e-01 9.436752691561109962e-01
1.611345058809862119e-01 -4.216985214337010124e-01 8.923037756477067983e-01
3.189130000753671035e-01 -4.595792373340953363e-01 8.289037477261036457e-01
4.961177739194883585e-01 -3.857279148847732042e-01 7.778696099474856629e-01
5.965241451528732197e-01 -2.129498973475006662e-01 7.738289768866116747e-01
5.759495217587869975e-01 -4.078959469500320623e-02 8.164669970981643932e-01
4.735706462113778437e-01 6.382637247138212011e-02 8.784401159009508353e-01
3.451631195790962892e-01 9.212324309336403227e-02 9.340105614843775550e-01
2.261477859411936409e-01 6.230335936138927527e-02 9.720984879764739128e-01
1.318829481873279863e-01 -6.120897908517636266e-03 9.912463985236984465e-01
5.551311530606369005e-02 -1.143947841340072352e-01 9.918831218404504657e-01
1.273250646707006078e-02 -2.653529267201881758e-01 9.640672733580970544e-01
2.833861490050475218e-02 -4.318904485154471118e-01 9.014807615177438116e-01
1.330408893240984658e-01 -5.916172198051994346e-01 7.951661379848817823e-01
3.577916959915903306e-01 -6.737264177959541023e-01 6.465893722010142008e-01
6.591954038580579711e-01 -5.510990587361400683e-01 5.116163083723622718e-01
8.334650631246468544e-01 -2.137030378019714738e-01 5.095753135551965851e-01
7.748151746780621574e-01 7.054994228473542017e-02 6.282389280618017047e-01
6.030170504973181300e-01 1.939701938580644380e-01 7.737867927950835556e-01
4.186727623086205496e-01 1.933578211612940467e-01 8.873138515185053921e-01
2.614163534149293033e-01 1.235018151865129032e-01 9.572924275334624422e-01
1.401133269949868254e-01 1.649941706526484447e-02 9.899979923388337877e-01
1.873410201891619054e-02 -1.093334517023801106e-01 9.938285716160558669e-01
-5.340111925474220339e-02 -2.950841944988877308e-01 9.539777977601341385e-01
-7.731738671288510001e-02 -5.057522697170780956e-01 8.592069968220097387e-01
-1.090178568932834331e-02 -7.306976360530353931e-01 6.826141778012376760e-01
2.251459779364315406e-01 -8.923639108822164490e-01 3.911469534255133662e-01
6.789644505120241424e-01 -7.327823999871709848e-01 4.513567557879034214e-02
9.974372716926629412e-01 -5.747746558912194409e-02 4.260551593054694164e-02
8.656638400189080595e-01 3.547647014415903910e-01 3.532253143459441747e-01
6.330477383169550443e-01 4.257793192192404486e-01 6.465002183580208506e-01
4.249414129393032091e-01 3.441320219781650591e-01 8.372562015407303271e-01
2.563433526505207727e-01 2.102957982174137597e-01 9.434319068189114255e-01
1.226251645295425297e-01 5.736946496234206910e-02 9.907935271861937343e-01
-3.201338504862179246e-02 -8.249056668456174191e-02 9.960775319149772766e-01
-1.374980865922570406e-01 -2.792929121776902002e-01 9.503103416204633502e-01
-2.275535890566477426e-01 -4.990104874848274030e-01 8.361865207521166354e-01
-2.759433464295920069e-01 -7.436935902371999418e-01 6.089130589840754393e-01
-2.118165160061990515e-01 -9.615666952959849301e-01 1.747090554165726950e-01
1.369443599507052800e-01 -8.213079234171967169e-01 -5.538046020121230040e-01
6.846337199508091276e-01 4.239910689276989997e-01 -5.928813059760282833e-01
6.067473644706780078e-01 7.874996559362613668e-01 1.081754482688546681e-01
4.679913185863693870e-01 6.828123004432955501e-01 5.610271723287441059e-01
3.315180628874374591e-01 4.886523328674663436e-01 8.070406876747381331e-01
2.019220967483937867e-01 2.918030445026071340e-01 9.349216277655253426e-01
8.111995796487819765e-02 1.037375967108155050e-01 9.912911093359204617e-01
-8.044632450233184240e-02 -4.057115307186356934e-02 9.959329146144532130e-01
-2.079959917537542446e-01 -2.157937070152596837e-01 9.540286910921572661e-01
-3.583908764250054446e-01 -3.922807980887709767e-01 8.471550950954310766e-01
-5.371886172005178040e-01 -5.550195619238932343e-01 6.351233545005249281e-01
-7.494713509094563797e-01 -6.140819051889864211e-01 2.473784709416877170e-01
-9.189970220144549895e-01 -2.328316797503816871e-01 -3.181727242130956146e-01
-4.623307007898813659e-01 8.127325373300448019e-01 -3.545647273378441100e-01
1.757970015729992967e-04 9.776300518447019750e-01 2.103317637105012461e-01
1.609008747816285112e-01 7.844070662278962436e-01 5.990129071616014933e-01
1.713155673218311470e-01 5.483307800720785830e-01 8.185257063884926465e-01
1.151567188207642672e-01 3.319013493679858207e-01 9.362587379555661338e-01
2.750094478406646045e-02 1.385689218591687200e-01 9.899708843853725071e-01
-1.107495962363625741e-01 1.775269690211099972e-03 9.938467564725426140e-01
-2.362262605424916839e-01 -1.300701321782433972e-01 9.629532255230341953e-01
-3.991924310179684188e-01 -2.372916331770519305e-01 8.856286376592064080e-01
-6.013163648098245329e-01 -2.891580427219560545e-01 7.448531773048218119e-01
-8.204713258426067357e-01 -2.063588488803253240e-01 5.331442853101284740e-01
-9.399146304426141407e-01 1.335592170536732404e-01 3.142012460509300276e-01
-7.051296540800358059e-01 6.485306999494114821e-01 2.867056018987095833e-01
-3.113023910899095359e-01 8.069110988477117274e-01 5.019813740150820269e-01
-6.510325544529418917e-02 6.940561460286062134e-01 7.169711516444158272e-01
3.017444815534066696e-02 5.059120743069154269e-01 8.620571186116283702e-01
3.246147938464317290e-02 3.191601440815270418e-01 9.471446852440107422e-01
-2.001885271948935022e-02 1.510979601813926820e-01 9.883160688589757159e-01
-1.159439550076852010e-01 2.989999180790769637e-02 9.928056153079781732e-01
-2.194867519458813532e-01 -5.798560185773624781e-02 9.738907719541476382e-01
-3.541680375173493212e-01 -1.104668492114986161e-01 9.286345225256390501e-01
-5.097333869089768488e-01 -1.027577834800264822e-01 8.541737014240756709e-01
-6.511169375956088468e-01 1.279487149982571660e-03 7.589763477795214985e-01
-7.010768485934274485e-01 2.183684200715449164e-01 6.788272869307253599e-01
-5.769977324680668485e-01 4.690294152231588298e-01 6.686441687341136975e-01
-3.435113960144827727e-01 5.743219141656809024e-01 7.430708308884319546e-01
-1.496040520713192157e-01 5.247887533801417481e-01 8.379829305717175769e-01
-4.585455158159260775e-02 4.038123045700675040e-01 9.136919517961175075e-01
-1.906419345205707244e-02 2.682451127524596024e-01 9.631620403714310497e-01
-4.707459189838478913e-02 1.408208481098919274e-01 9.889153004859800866e-01
-9.764520219736698425e-02 3.712611538908355130e-02 9.945285647199942902e-01
-1.727157419205624378e-01 -1.905598397598929836e-02 9.847873587569728748e-01
-2.659775486928507293e-01 -4.284388225685251128e-02 9.630266586883803326e-01
-3.643751623372097903e-01 -2.013667434696741684e-02 9.310345081778323983e-01
-4.413230715308259500e-01 5.941212506538961352e-02 8.953793307474385843e-01
-4.575156374032284257e-01 1.862477942803274777e-01 8.694775446538121066e-01
-3.862125684721153807e-01 3.135113084414959395e-01 8.674966924625594489e-01
-2.556571389865038291e-01 3.746674695012351952e-01 8.912147410039577000e-01
-1.326026566994194522e-01 3.561188689209240366e-01 9.249842629119467974e-01
-5.623212575398495866e-02 2.881224048567073148e-01 9.559411215408518681e-01
-3.107480531314535041e-02 2.013264190312069601e-01 9.790311687963924037e-01
-4.803647882199374441e-02 1.139124367118619641e-01 9.923288031014643185e-01
-6.201800028914492696e-02 2.471298305804714435e-02 9.977690294394002679e-01
-1.118227427742632257e-01 -1.496281816490105387e-02 9.936155133002922968e-01
-1.668914590956611654e-01 -3.062147203566074546e-02 9.854996531360812329e-01
-2.170835208116546899e-01 -1.441626739203871917e-02 9.760465748243778439e-01
-2.477972142804734934e-01 3.507129491515038888e-02 9.681769181651754819e-01
-2.430458582670826928e-01 1.071276833673543011e-01 9.640811014824671732e-01
-1.968630039854455394e-01 1.769699336646923526e-01 9.643270193458788331e-01
-1.252874593619004162e-01 2.167416494901668600e-01 9.681560359275047656e-01
-5.862878361373858455e-02 2.168271601087921330e-01 9.744478684727587714e-01
-1.791537267423002136e-02 1.854480842954811803e-01 9.824907365736803566e-01
-8.163727751340841068e-03 1.354778692498132264e-01 9.907467388252233498e-01
-2.512585969450740336e-02 7.836584718423790508e-02 9.966079897179634939e-01
-1.761835082959098756e-02 -1.941676187004384019e-03 9.998428994635267797e-01
-4.915871927748932668e-02 -3.946081471202778079e-02 9.980111544573415649e-01
-7.348364720688145557e-02 -6.140876070169633966e-02 9.954039972303877493e-01
-8.433934857616778857e-02 -6.106063280201111387e-02 9.945644641769361138e-01
-7.708916425504530601e-02 -3.660678520257861640e-02 9.963519478736401203e-01
-5.135921122763718177e-02 6.666657054477806259e-03 9.986579930615974154e-01
-1.368430159021555119e-02 5.580121128895248334e-02 9.983481179972477637e-01
2.345709573743306672e-02 9.473983677685618443e-02 9.952256668650755200e-01
4.755933967021345327e-02 1.127647252781479037e-01 9.924828592691724571e-01
5.265901751148057558e-02 1.072200005382326765e-01 9.928398155590447693e-01
3.987308834888577541e-02 8.126463400276021098e-02 9.958946711806156982e-01
1.431819232390550527e-02 4.174197891635809260e-02 9.990258237727031032e-01
3.857160823143485767e-02 -2.801030155725323448e-02 9.988631808436722048e-01
3.927730389437888991e-02 -8.761281116127900281e-02 9.953799720303687648e-01
5.857999187143751035e-02 -1.316088040342706655e-01 9.895693544431501953e-01
9.626147361459178042e-02 -1.479915207919361431e-01 9.842927605500212396e-01
1.449544810903620196e-01 -1.282416414920546088e-01 9.810923910617234123e-01
1.879866418832169817e-01 -7.325103689112336114e-02 9.794362194997195958e-01
2.069838048565344757e-01 1.041300025255978076e-03 9.783438149348895330e-01
1.954581891928814097e-01 6.890045146907575191e-02 9.782887222414359263e-01
1.617776958504846541e-01 1.091781459199947790e-01 9.807691418365478420e-01
1.202149402912193882e-01 1.136605436813390019e-01 9.862198785975028192e-01
8.210124337325364063e-02 8.548234460970603743e-02 9.929512347525716320e-01
5.378967039598488847e-02 3.412485352596206223e-02 9.979690204262401387e-01
8.395243309769935547e-02 -5.019858841634089464e-02 9.952045471650345920e-01
9.694837604621021898e-02 -1.376230801562848827e-01 9.857286138640144468e-01
1.487891952718899680e-01 -2.117639090657679746e-01 9.659284767453217846e-01
2.394216373069707193e-01 -2.524534623092312136e-01 9.375204152216052300e-01
3.522456867730446306e-01 -2.360986441825014825e-01 9.056381210864362652e-01
4.459863990124079414e-01 -1.529691227227036043e-01 8.818710673275241829e-01
4.754485896534264011e-01 -2.967355690061706380e-02 8.792429235526398879e-01
4.301538846040844355e-01 8.190501676264637376e-02 8.990323708238409095e-01
3.385821351682296032e-01 1.436434255509675406e-01 9.299079008379643740e-01
2.394532434693306677e-01 1.478658732868080861e-01 9.595821109781222935e-01
1.582783587836731620e-01 1.064571162299022961e-01 9.816388559672912795e-01
1.054075278700238594e-01 3.558644745858113162e-02 9.937921602757820994e-01
1.057975685905995500e-01 -7.536581347431507705e-02 9.915275430565321235e-01
1.245749699025928831e-01 -2.083934469898507391e-01 9.700789906628499715e-01
2.025802959931444214e-01 -3.323168717454335064e-01 9.211551011792847854e-01
3.473040629803698098e-01 -4.142330054104088610e-01 8.413030994035523014e-01
5.394313831757449051e-01 -3.996276587489469012e-01 7.411555283527908600e-01
7.050640016002276411e-01 -2.522649081798822301e-01 6.627572479788255144e-01
7.526281933322993556e-01 -2.464489525890978944e-02 6.579843704367478452e-01
6.646277617870592902e-01 1.663183097312920800e-01 7.284285538816021033e-01
5.032473048330464716e-01 2.518475454200826968e-01 8.266286736160185500e-01
3.405922638009706294e-01 2.380626570657525809e-01 9.095730213401168607e-01
2.152009613058353532e-01 1.614543408594930340e-01 9.631308540746809088e-01
1.369639608690365606e-01 5.147620052193363493e-02 9.892376227190422533e-01
9.637622299155709782e-02 -9.848744266628679800e-02 9.904604218639559976e-01
1.092617233525485093e-01 -2.887560494797130062e-01 9.511476329670560670e-01
1.934575027716772533e-01 -4.790529019309004988e-01 8.562023778131643281e-01
3.725874792194171503e-01 -6.238857596796392180e-01 6.869826265619112249e-01
6.415059802937822520e-01 -6.185156893305326919e-01 4.537713293051329200e-01
8.955432356037750230e-01 -3.625224415962289837e-01 2.580306038116000900e-01
9.669160530118491303e-01 5.027892309062811926e-02 2.500907361755349001e-01
8.286061964591251439e-01 3.569198005286979281e-01 4.313003908879476933e-01
6.007145785018883632e-01 4.492219888295604924e-01 6.613180777260921905e-01
3.893033414122892832e-01 3.846240054529423413e-01 8.369631310843521632e-01
2.345919207302734066e-01 2.467972897920019115e-01 9.402434410722427804e-01
1.388652501766739211e-01 8.100340680079791411e-02 9.869928522436633989e-01
5.495081242508376845e-02 -1.122116997664155263e-01 9.921637680591753883e-01
4.537732935804100753e-02 -3.551827087817275852e-01 9.336948866534582336e-01
9.647052258801269708e-02 -6.105849241944322214e-01 7.860531080137124205e-01
2.452527405206609834e-01 -8.288990650143134298e-01 5.027697617056340329e-01
5.182644560484530594e-01 -8.522594715813233135e-01 7.110377413838907257e-02
8.219356108858917320e-01 -4.623649452251791803e-01 -3.326266811073848584e-01
9.109282239939473502e-01 2.248236775529892095e-01 -3.459249698168452847e-01
7.560438061977872160e-01 6.535798509346727458e-01 3.508762691021957703e-02
5.340517465214403847e-01 7.071968277456323060e-01 4.633156363257143751e-01
3.408460045735030031e-01 5.563592711093142684e-01 7.578181593344344158e-01
1.997185530659056629e-01 3.420309928867691918e-01 9.182196357441754220e-01
1.068788380279332845e-01 1.172746386634547777e-01 9.873315416354057072e-01
-8.643232393183306050e-03 -1.092932697034204315e-01 9.939719692885329305e-01
-5.395461264130696488e-02 -3.770390466889432246e-01 9.246244951582514027e-01
-7.834372107608372771e-02 -6.627712385300127407e-01 7.447123919644508261e-01
-5.455980661299968809e-02 -9.216342117397138267e-01 3.842051629706559890e-01
5.573049616707233950e-02 -9.769832775748263920e-01 -2.059072294412693516e-01
2.354074880194749475e-01 -5.114873009343950949e-01 -8.264163935736125177e-01
3.189574675607195764e-01 4.345822891965601675e-01 -8.422614604764654400e-01
3.028364791638796794e-01 9.197482122339569743e-01 -2.497064135741298430e-01
2.534819055854249381e-01 9.068233340898291805e-01 3.367764307238160781e-01
1.838959523158653908e-01 6.790775889455739067e-01 7.106587837448491429e-01
1.117164684123130997e-01 4.089678102298806017e-01 9.056846917560353871e-01
4.704685473665681794e-02 1.470815066541965588e-01 9.880048703623672823e-01
-7.441878254528391801e-02 -8.829433606845486782e-02 9.933106034985753618e-01
-1.532717937230055061e-01 -3.379387733512049241e-01 9.286038674886257782e-01
-2.612262252549612529e-01 -5.943445652936502066e-01 7.606019964113468479e-01
-3.973201925942579371e-01 -8.124184083590499927e-01 4.267469909867114830e-01
-5.447323663864191978e-01 -8.314023479105244752e-01 -1.097122823567442118e-01
-6.488171202730377285e-01 -3.835158013376197550e-01 -6.572305338044925893e-01
-5.648758724034894652e-01 4.772837653817451620e-01 -6.731385118082553465e-01
-3.104594404452451495e-01 9.387565486681889171e-01 -1.495027697771595943e-01
-1.094033504515828925e-01 9.167605816321400258e-01 3.841626515883990733e-01
-1.633438165799657935e-02 6.851423217680917555e-01 7.282260548058330230e-01
1.740708255854965785e-03 4.154055608680662370e-01 9.096346464018978395e-01
-2.223355874536878107e-02 1.580555151063457175e-01 9.871798838155230182e-01
-1.207148583171134965e-01 -5.705504791730437592e-02 9.910462373112209900e-01
-2.131227338853967090e-01 -2.546233707281609915e-01 9.432632927132745815e-01
-3.621168561054296520e-01 -4.379464164788988700e-01 8.228452581242764463e-01
-5.727974806055082801e-01 -5.613898426143649756e-01 5.972809144961876981e-01
-8.177121160613819439e-01 -5.101674105148816807e-01 2.666010286833234155e-01
-9.874606261146723352e-01 -1.544566242077710927e-01 -3.262917577240587175e-02
-9.142089544068354723e-01 4.024896089308944713e-01 -4.716039000055883418e-02
-6.261532904949231870e-01 7.433606226132142281e-01 2.352595195745737777e-01
-3.404625033334081063e-01 7.516667047909025845e-01 5.648738343495300906e-01
-1.635388225708810095e-01 5.806720225234979216e-01 7.975431372474970360e-01
-8.640821181148417018e-02 3.626739095051367823e-01 9.279015337285638765e-01
-7.782474879857635697e-02 1.476030376636160157e-01 9.859800463228777234e-01
-1.352524251972549996e-01 -2.806123326411111285e-02 9.904137260084623362e-01
-2.181295723989709334e-01 -1.652894802340940106e-01 9.618206056063707265e-01
-3.553215710101637059e-01 -2.747822933336053763e-01 8.934434914672628736e-01
-5.431697575033969105e-01 -3.211774003268686450e-01 7.757652299845542165e-01
-7.449840427246345875e-01 -2.451971750649890314e-01 6.203846560206213168e-01
-8.701118220564811878e-01 -1.083103042860187465e-02 4.927353304741197149e-01
-8.213687542756568094e-01 3.016236954888189548e-01 4.841244838048307519e-01
-6.163463274500367017e-01 5.078128002719441980e-01 6.018665670386262878e-01
-3.834307688745179354e-01 5.303942432484014535e-01 7.560838526309181518e-01
-2.148330623537255679e-01 4.289515187746384961e-01 8.774094539385070002e-01
-1.263883394262669269e-01 2.798020828962076156e-01 9.517020447934292360e-01
-1.038007088274851414e-01 1.226870899933211329e-01 9.870021736530748546e-01
-1.176629799038956259e-01 -9.996125441785396262e-03 9.930032732253402106e-01
-1.783838835399176315e-01 -9.890680011311980824e-02 9.789773414050984002e-01
-2.765217455323785156e-01 -1.588006493963840526e-01 9.477964327844762282e-01
-4.034189456202323387e-01 -1.681053860171833614e-01 8.994407893278361099e-01
-5.296262108064337948e-01 -1.036463927529520240e-01 8.418749919649844982e-01
-6.014642394020978111e-01 3.583204211743497292e-02 7.980957545797396913e-01
-5.720004453766863728e-01 2.025992639250641658e-01 7.948389954864166773e-01
-4.510055717067020242e-01 3.174473227400871345e-01 8.341589606152425285e-01
-3.029803725834808725e-01 3.402158319377545648e-01 8.902000233251383676e-01
-1.848834009224930019e-01 2.885532434947462588e-01 9.394440663136561787e-01
-1.166360631936930875e-01 1.976319046931685197e-01 9.733127241591268408e-01
-9.611778994176901902e-02 9.294406404524269139e-02 9.910210751621697511e-01
-7.518427619573714304e-02 -5.181063925220968057e-03 9.971561969869855435e-01
-1.119006183042565994e-01 -6.507541214868582669e-02 9.915863262252472277e-01
-1.667966130107098321e-01 -1.008134961180234823e-01 9.808239030981432682e-01
-2.326220299522914203e-01 -1.000500286537972794e-01 9.674073510921884500e-01
-2.929625679473388811e-01 -5.560047471966655247e-02 9.545059041161877422e-01
-3.230965202080194887e-01 2.592087535713972699e-02 9.460109655020875197e-01
-3.043077170952422361e-01 1.182680948506533158e-01 9.452034019493767980e-01
-2.426399362153260908e-01 1.859275254902700569e-01 9.521327725787285257e-01
-1.670080830455336340e-01 2.080002620013081116e-01 9.637656308485080814e-01
-1.050201108106365439e-01 1.862923356135892938e-01 9.768653653482508581e-01
-6.903562597666901279e-02 1.339950703278442179e-01 9.885744299109717748e-01
-5.996990807934821782e-02 6.561508516124851809e-02 9.960412997081575792e-01
-1.883088745965157823e-02 -1.208097031969963646e-02 9.997496925899156395e-01
-3.475553517021646305e-02 -6.249144007956096425e-02 9.974401599553894826e-01
-5.058314946792865502e-02 -9.393975819865398036e-02 9.942920430233395113e-01
-6.310155737882690297e-02 -9.710586144146240994e-02 9.932716874702853804e-01
-6.848086347601983759e-02 -6.842373502942619701e-02 9.953032521911029384e-01
-6.343182359620608279e-02 -1.352238500159333098e-02 9.978945579865079463e-01
-4.789439301878338495e-02 5.141285012449352265e-02 9.975283684985736254e-01
-2.693805110560413413e-02 1.052134474992223595e-01 9.940847407882076325e-01
-8.595443283781704219e-03 1.322812095185101067e-01 9.911749593099264954e-01
1.416650887148918113e-03 1.278034844717055030e-01 9.917984989185745226e-01
1.818008149503329935e-03 9.568436836836477499e-02 9.954100644941938913e-01
-5.743103639342907879e-03 4.502807682135955003e-02 9.989692132685331627e-01
4.745190656101404975e-02 -1.314853227605434875e-02 9.987869806233432568e-01
7.334055561555152813e-02 -7.119480915278386668e-02 9.947625154033895578e-01
1.119226932341258474e-01 -1.086189883656908245e-01 9.877627377592517188e-01
1.578465655926376832e-01 -1.137395266514460157e-01 9.808913200797167997e-01
1.998323162913241136e-01 -8.028294632861530944e-02 9.765355569022529103e-01
2.212923029124826968e-01 -1.377257125050134617e-02 9.751102670738640565e-01
2.099081866137317287e-01 6.519155527075685963e-02 9.755452907548083363e-01
1.690553800121895323e-01 1.291339416762102843e-01 9.771103845503035235e-01
1.165454216735913318e-01 1.588186348061942643e-01 9.804049193701638298e-01
7.144136571609435715e-02 1.503891003294583473e-01 9.860422150023417931e-01
4.418696338582535355e-02 1.109612143464490247e-01 9.928419416893758953e-01
3.687521831706844222e-02 5.210498963501675879e-02 9.979605645160635197e-01
9.857314406945956453e-02 -1.642794216913336450e-02 9.949941999752506261e-01
1.465919652931089445e-01 -1.002758842021604507e-01 9.841013884549647539e-01
2.292385723156072364e-01 -1.600338694479412072e-01 9.601243865209412309e-01
3.385088022293242793e-01 -1.753097483346385821e-01 9.244881194218463882e-01
4.487700776007559900e-01 -1.268785626595738680e-01 8.845943973299993379e-01
5.158094104626161913e-01 -1.649655198233975981e-02 8.565445206473177864e-01
5.031324975835359536e-01 1.178013105782397124e-01 8.561428275126997667e-01
4.144369345375850666e-01 2.202918334751867713e-01 8.830138930929827268e-01
2.924144013923323793e-01 2.568436167155034311e-01 9.211542620054560260e-01
1.841587981445232391e-01 2.305058283390502005e-01 9.554855311137228080e-01
1.142120348366263000e-01 1.632434386197593734e-01 9.799526472468506055e-01
8.684352760431847396e-02 7.584255875463362384e-02 9.933308149830265554e-01
1.278698772927890914e-01 -3.297943149466693591e-02 9.912424787000446713e-01
1.967492580521930379e-01 -1.645072616472827431e-01 9.665542355818586007e-01
3.222232871665156595e-01 -2.709833651963690082e-01 9.070502571492130572e-01
4.986924886911669463e-01 -3.152678021717298940e-01 8.074106852381940369e-01
6.868409432175095475e-01 -2.467153906577689571e-01 6.836527150042512879e-01
8.058082937903102705e-01 -5.196159588928873918e-02 5.898923513755844894e-01
7.865894613806804214e-01 1.950491524873290416e-01 5.858607747228617990e-01
6.369067726695821774e-01 3.749240385405795406e-01 6.736332297712326334e-01
4.353674065108723568e-01 4.227510331810422350e-01 7.948187122182952535e-01
2.631349480078851721e-01 3.607433570526711319e-01 8.947760778425305483e-01
1.554865742314549271e-01 2.429213407513815537e-01 9.575036017902495145e-01
1.131046984881079742e-01 1.061463319706296982e-01 9.878968991696694957e-01
1.259613712764705851e-01 -6.135659640850576330e-02 9.901359002800141917e-01
2.061430609025999283e-01 -2.573744924552485158e-01 9.440674812083683642e-01
3.556524576091341094e-01 -4.347487636430300006e-01 8.273480778411214098e-01
5.774265795693558356e-01 -5.341444319862234114e-01 6.174692469953512175e-01
8.264004593860247994e-01 -4.490655626309636439e-01 3.397092892246624252e-01
9.845256946524649777e-01 -1.270888692678867893e-01 1.206547797529485683e-01
9.476373991674139630e-01 2.994656244627194597e-01 1.109220422837845915e-01
7.390140966562618319e-01 5.943987388308773490e-01 3.170935259817475038e-01
4.791444253197600922e-01 6.485736009804776714e-01 5.914160158434880188e-01
2.719740731587504401e-01 5.279969872965594169e-01 8.045180451271569666e-01
1.505692619212264938e-01 3.389127573953535921e-01 9.286910359420710304e-01
1.064742914704387561e-01 1.378066802438469574e-01 9.847195256193547186e-01
8.954210405544724138e-02 -9.429239969676270205e-02 9.915095334694127294e-01
1.604819971268255097e-01 -3.543064056356581837e-01 9.212559359503631473e-01
2.881032320131674540e-01 -6.094372534839511690e-01 7.386357436310901914e-01
4.822450416260850026e-01 -7.822778429605440342e-01 3.943109131637977938e-01
7.081952631943951859e-01 -7.008195737785466450e-01 -8.550669095398007180e-02
8.432273337937160607e-01 -2.428632112264602350e-01 -4.795676429618139780e-01
7.733563237130296475e-01 3.985329180854285669e-01 -4.930431114774475043e-01
5.606737797395764389e-01 8.197210141371494840e-01 -1.170571300457368125e-01
3.360433091682150097e-01 8.715440634400927200e-01 3.570515926944010099e-01
1.743605499054091124e-01 6.852337754113999591e-01 7.071443075300097858e-01
8.844464868824036818e-02 4.241892710412374368e-01 9.012441436436275932e-01
6.474751664412677077e-02 1.616505205929257560e-01 9.847217212392902486e-01
2.621176153289691765e-02 -1.194234976917764729e-01 9.924973409316341089e-01
6.504126606672847033e-02 -4.155548995154704217e-01 9.072396371395509140e-01
1.172064616515204744e-01 -7.190672733423362217e-01 6.849853295912322615e-01
1.862310635071185716e-01 -9.483043581256256349e-01 2.569763322661714477e-01
2.555816483600794609e-01 -8.973566244038285733e-01 -3.597625740124614779e-01
2.614255099646161651e-01 -3.791799068988742083e-01 -8.876256536084674575e-01
1.595411338359875308e-01 4.067368217338268588e-01 -8.995064115726211229e-01
5.896074252984567082e-02 9.170893977842183853e-01 -3.942976886974443596e-01
3.556758035042652082e-03 9.767690071451903266e-01 2.142653872020343353e-01
-1.902086502436169460e-02 7.589886365842684057e-01 6.508259799897714304e-01
-1.921560928579199926e-02 4.612017148620074503e-01 8.870872215110289227e-01
-2.498626029278341789e-03 1.667845240449339073e-01 9.859902024903901552e-01
-4.439672374764721402e-02 -1.262811469577608259e-01 9.910005059754177781e-01
-4.656361990195002909e-02 -4.117301105431186437e-01 9.101154571666877358e-01
-8.868011997696596815e-02 -7.057537143816784431e-01 7.028851477711562934e-01
-1.816582360848714162e-01 -9.342463853978723032e-01 3.068940804797536948e-01
-3.264318536916920310e-01 -9.083759223065438482e-01 -2.613339409053865858e-01
-4.925771080522701184e-01 -4.486399815415093029e-01 -7.457143954526244123e-01
-5.859139097177479272e-01 2.879857519859935211e-01 -7.574754762052093859e-01
-5.157555635320131282e-01 8.034867425931685458e-01 -2.973302089644186408e-01
-3.645512213527845047e-01 8.924863225206655093e-01 2.656512208210309867e-01
-2.278029947919646692e-01 7.037718406965957074e-01 6.729123210391743104e-01
-1.330396379020468700e-01 4.276639682675845711e-01 8.940939464018790028e-01
-7.385727852125135995e-02 1.483401808383305875e-01 9.861745753964077377e-01
-9.880616925155800978e-02 -1.137909492736431799e-01 9.885792637827169882e-01
-1.302956093926128933e-01 -3.479294051750472239e-01 9.284224163534386953e-01
-2.338064667815715203e-01 -5.808185060558616053e-01 7.797335436635588479e-01
-4.238030044836658128e-01 -7.514960713146119353e-01 5.056131606172263870e-01
-6.802732209388432372e-01 -7.218869895698589723e-01 1.269154015998962826e-01
-9.076433137144211960e-01 -3.780128043144915240e-01 -1.824552954666114613e-01
-9.684591794163092127e-01 1.587375675640594896e-01 -1.920656201617073067e-01
-8.197732076607452401e-01 5.640624883577606274e-01 9.902220573803556525e-02
-5.739824292583282084e-01 6.674707137531569190e-01 4.743701267834898871e-01
-3.557266595751115146e-01 5.465130704805480910e-01 7.581437907557255773e-01
-2.082333845793902238e-01 3.381533135413937741e-01 9.177642366574955135e-01
-1.255896996711302060e-01 1.133009989039430454e-01 9.855912494456965378e-01
-1.215916335784198860e-01 -8.952555542961533608e-02 9.885345970519843206e-01
-1.609465313790747198e-01 -2.570615049326235302e-01 9.528985238307770000e-01
-2.724054746284828576e-01 -4.123180231138212637e-01 8.693613202851566690e-01
-4.621129305058020442e-01 -5.114532866596944727e-01 7.244771735702559834e-01
-6.983770446118716668e-01 -4.755153360991701827e-01 5.349342657689125646e-01
-8.868236398039917034e-01 -2.549384029421482012e-01 3.854221615191633088e-01
-9.229549208906965285e-01 7.188947787861035832e-02 3.781350512369992534e-01
-7.892486281648085633e-01 3.326517284549968534e-01 5.161680254489348085e-01
-5.708696126037344776e-01 4.222577345969768525e-01 7.041351368726904703e-01
-3.675912390490633230e-01 3.648607103351826364e-01 8.554258255559844537e-01
-2.242053347526231366e-01 2.334502259164943638e-01 9.461675115369254652e-01
-1.436544121801366092e-01 7.605761146855491428e-02 9.867008916580753963e-01
-1.098915475056069929e-01 -6.251774285966826827e-02 9.919754934546067826e-01
-1.403882319313002336e-01 -1.719339244499529518e-01 9.750537779827629370e-01
-2.239099413136741712e-01 -2.640163767810422835e-01 9.381682636778483353e-01
-3.591978046367076960e-01 -3.118006980089954583e-01 8.796347320708136630e-01
-5.189209686467983751e-01 -2.792805933367550342e-01 8.079129770489759110e-01
-6.409927537576699530e-01 -1.518494980719982956e-01 7.523762486717635589e-01
-6.637865745116191540e-01 2.757081884401423391e-02 7.474136963197849370e-01
-5.787921834928061449e-01 1.774390359109392357e-01 7.959365532896535145e-01
-4.354768471317435607e-01 2.423070347462338847e-01 8.669759030819227386e-01
-2.944392189552748618e-01 2.229399037864537303e-01 9.293026125222603184e-01
-1.889079689539606421e-01 1.493556472659054724e-01 9.705702807604886795e-01
-1.270762227086586482e-01 4.862173944882498822e-02 9.907005400599336875e-01
-7.006794790182660493e-02 -3.871964822148116214e-02 9.967904852667810456e-01
-8.396447624668500198e-02 -1.095766350318693183e-01 9.904256296076201505e-01
-1.276200738043227201e-01 -1.624929323566919603e-01 9.784217718838242872e-01
-1.987457387353913918e-01 -1.822208215814717092e-01 9.629619429222795457e-01
-2.819410131570475597e-01 -1.553623535186555715e-01 9.467691398694707550e-01
-3.464891851481043950e-01 -8.137194983600892773e-02 9.345179775453048565e-01
-3.625169191633780263e-01 1.698364721072944186e-02 9.318224289249944503e-01
-3.246212444809583597e-01 1.021975906061194095e-01 9.403067053392293317e-01
-2.545459569088459051e-01 1.460100126773500595e-01 9.559745979989778819e-01
-1.807587193343928589e-01 1.424304429185782317e-01 9.731597270307136283e-01
-1.213632307989003928e-01 1.010450294021350143e-01 9.874517042585664317e-01
-8.346941896135326444e-02 3.600449210881773859e-02 9.958596952614535702e-01
-1.323906851936508360e-02 -2.142488366082979240e-02 9.996828004046280913e-01
-7.991140581185043543e-03 -7.528452194158939681e-02 9.971300729735478319e-01
-1.081999965519847735e-02 -1.108282228946246700e-01 9.937806763151718625e-01
-2.268143130203545757e-02 -1.178866390268777375e-01 9.927679955624157948e-01
-4.139230976171239668e-02 -9.161258132135391419e-02 9.949340740150898199e-01
-6.083067569540186875e-02 -3.649452007602641684e-02 9.974807160536164341e-01
-7.346897088827704370e-02 3.145280426277891062e-02 9.968014001899505594e-01
-7.523481876637197474e-02 9.003653267540151495e-02 9.930927171361917383e-01
-6.746661709480392122e-02 1.217975577510767710e-01 9.902593652693610915e-01
-5.415474730816079163e-02 1.204167662047020831e-01 9.912452097038395582e-01
-3.891588124094747664e-02 8.935344495843959567e-02 9.952394265006320184e-01
-2.440637960942946064e-02 3.794915637439236211e-02 9.989815764891786243e-01
4.678598314766578559e-02 7.401423760412463755e-03 9.988775153677459384e-01
9.424740703719111656e-02 -3.317182620787474667e-02 9.949960081391491240e-01
1.453571659418928519e-01 -5.201065781340952904e-02 9.880112275592854987e-01
1.905116355432870667e-01 -4.101677140963857354e-02 9.808276816983456659e-01
2.166434537486137957e-01 1.667725917190422246e-03 9.762493701089690612e-01
2.103345637450919070e-01 6.630198680114292309e-02 9.753786023080547318e-01
1.678184678788343098e-01 1.312093412771300760e-01 9.770471179019106778e-01
1.030148748819364468e-01 1.729576704432945478e-01 9.795272225864465332e-01
4.118200086996626902e-02 1.801768433469370934e-01 9.827717679735595846e-01
2.435421739066703350e-03 1.565219522717373746e-01 9.876714773536831027e-01
-6.655427031736805242e-03 1.125979349881646996e-01 9.936183423868015785e-01
1.058399739812369150e-02 5.945242439884718816e-02 9.981750288562393214e-01
9.180911558625240443e-02 2.544008336657547706e-02 9.954516002566690114e-01
1.689450058547714018e-01 -3.144426611110733016e-02 9.851237704600597223e-01
2.689838399716311668e-01 -5.657835805736804308e-02 9.614814523607199126e-01
3.773470481360538531e-01 -3.491680800127149042e-02 9.254134328947173360e-01
4.638744193752061817e-01 4.314691828218000791e-02 8.848496293111293154e-01
4.881218370955623387e-01 1.637343580707339707e-01 8.572794947609425620e-01
4.274734549391045468e-01 2.819334103383754342e-01 8.589412072181711322e-01
3.032745196403764942e-01 3.460072884267683668e-01 8.878645854478246502e-01
1.707291720588070827e-01 3.364771069140837789e-01 9.260856905982718379e-01
7.675657225281137808e-02 2.736973718569384317e-01 9.587482345509613646e-01
3.657581880306678968e-02 1.885712841623714553e-01 9.813781535515649912e-01
4.497848781224062648e-02 1.019425096534528064e-01 9.937729420545278192e-01
1.231939409949463216e-01 2.227808348176632883e-02 9.921325213390226327e-01
2.367314596609236821e-01 -7.256925281534190586e-02 9.688611456512543629e-01
3.937684519040302589e-01 -1.292036977699502209e-01 9.100839580871945556e-01
5.768930324968863932e-01 -1.161755304772477265e-01 8.085157235173912049e-01
7.330501519580173708e-01 2.689532172365962336e-03 6.801692738804255844e-01
7.826529644227944171e-01 2.188503359611589094e-01 5.827167989082809862e-01
6.819601034051434585e-01 4.456619734288311263e-01 5.799274289109220826e-01
4.719745550192672723e-01 5.688151654531700130e-01 6.735646420091222497e-01
2.540850482107858688e-01 5.448895017971938648e-01 7.990846132337304786e-01
1.069331486808428183e-01 4.254300975148619379e-01 8.986515085625179644e-01
4.637812979576698413e-02 2.790511603575694388e-01 9.591556281332643819e-01
5.716401901331754493e-02 1.411888257840482885e-01 9.883309113874354512e-01
1.320499622320577271e-01 -5.077973862658679248e-03 9.912300548590671223e-01
2.786168818126902313e-01 -1.581800621557457598e-01 9.472864936783267353e-01
4.829386993745327650e-01 -2.782184233082874436e-01 8.302799055609713097e-01
7.277211365163296364e-01 -3.091562869435209859e-01 6.122453247764353401e-01
9.340545391181938051e-01 -1.602867372855957540e-01 3.191399063154300997e-01
9.785725164548689792e-01 1.858622778821928667e-01 8.860611547542468491e-02
8.101657622413507287e-01 5.809225687332847388e-01 7.848825917482958603e-02
5.109331016495466393e-01 8.065737797362546591e-01 2.972980045018909778e-01
2.307430465865950575e-01 7.755723506508755971e-01 5.875756762816846113e-01
6.395064708645890883e-02 5.875164827056986727e-01 8.066812860643003402e-01
1.106833288259373958e-02 3.675333710891863226e-01 9.299444677737805920e-01
4.102717673841848461e-02 1.684598186978512324e-01 9.848543345353765188e-01
1.124339923399369917e-01 -5.144032821623940183e-02 9.923268060470390450e-01
2.712620639158098701e-01 -2.698576647490212310e-01 9.239013656534924568e-01
4.784174244183441171e-01 -4.759239953497387821e-01 7.379790773885400723e-01
7.138649397299998700e-01 -5.908700678663653116e-01 3.758582322151140520e-01
8.832413546348144573e-01 -4.514561916370251615e-01 -1.267754569916038354e-01
8.521829532738287583e-01 1.153118314182058346e-02 -5.231168568922346385e-01
6.040959069999495279e-01 5.893019436982728232e-01 -5.364618852251546999e-01
2.787029947249428652e-01 9.474437658238987758e-01 -1.570826258144736587e-01
3.353140333154568109e-02 9.396417063640762901e-01 3.405130080508284585e-01
-7.283870280353742233e-02 7.043302801750801478e-01 7.061256119150336463e-01
-7.121682710329196864e-02 4.252314586009391384e-01 9.022784327210242594e-01
-2.530382015470401293e-03 1.740663076013446442e-01 9.847306828391423350e-01
6.645848127586739817e-02 -1.016096535834922765e-01 9.926020091482633534e-01
2.054799304888061950e-01 -3.652487263114133631e-01 9.079489887070969489e-01
3.520489155382631186e-01 -6.428998720975013237e-01 6.802509210029678011e-01
4.760497026421580680e-01 -8.486696202806681688e-01 2.305136790453785611e-01
4.941367134941636596e-01 -7.705392726874612519e-01 -4.026141299352097302e-01
3.267800652493232372e-01 -2.799736493700140660e-01 -9.026790928198921149e-01
3.028179157175080183e-02 4.022618299557300103e-01 -9.150237337139911498e-01
-2.160348509139395357e-01 8.735426711928477861e-01 -4.361790283769068632e-01
-3.089139948892416498e-01 9.318821437638198368e-01 1.901783738906549504e-01
-2.742244311588764027e-01 7.103229840185274480e-01 6.482609194843144129e-01
-1.794231559456048730e-01 4.210805400636756790e-01 8.890998312283082683e-01
-6.205584257370818507e-02 1.515398232202922746e-01 9.865012693254928688e-01
7.965808284016677801e-03 -1.371600056187110561e-01 9.905168745443354572e-01
1.040689691765491753e-01 -4.030106117218126838e-01 9.092590920601952842e-01
1.562494529922406894e-01 -6.991489623837292555e-01 6.976939420959062943e-01
1.245798799539476615e-01 -9.507735911597591238e-01 2.837418401712102911e-01
-4.328653930917499004e-02 -9.524024926595847651e-01 -3.017544821381294429e-01
-3.352093098844216024e-01 -5.454971898160151378e-01 -7.681585347242144701e-01
-6.177126190108478410e-01 9.909444906641304285e-02 -7.801355077670720783e-01
-7.252684821872067422e-01 6.002533271466169440e-01 -3.371669793962743800e-01
-6.347609783106229475e-01 7.330481790490429583e-01 2.443744413947455951e-01
-4.526418827483586482e-01 5.856034929164238845e-01 6.724461874872502687e-01
-2.712345722284820737e-01 3.467433135232065311e-01 8.978868978635302645e-01
-1.175046212357866438e-01 1.048463295475891011e-01 9.875221066734343189e-01
-4.289122345287781773e-02 -1.475127341503925105e-01 9.881297162893979413e-01
9.257841561511893566e-03 -3.735496940103978369e-01 9.275639700173710089e-01
-1.441692946154208080e-02 -6.288365873364580860e-01 7.774038194992065609e-01
-1.521138495986368855e-01 -8.564587390650956200e-01 4.932948459484423065e-01
-4.222578391697572320e-01 -9.013207014032224018e-01 9.653657587499182846e-02
-7.465069588942950807e-01 -6.278814160702932412e-01 -2.202096448296415876e-01
-9.630312595365188022e-01 -1.420513745306107023e-01 -2.288934253085249948e-01
-9.585783552086744042e-01 2.760611212197395248e-01 7.012698679067287666e-02
-7.679002892682401660e-01 4.409559321806101884e-01 4.646364294978348464e-01
-5.214492991235875063e-01 3.851926804078840139e-01 7.613916386483966514e-01
-3.088812212512727640e-01 2.316169511864106800e-01 9.224673322570448031e-01
-1.501686523409035690e-01 5.036086133051905639e-02 9.873769085309653804e-01
-7.056089672901612320e-02 -1.336616694922607707e-01 9.885118704200444029e-01
-4.707122084408245366e-02 -2.993859742412745550e-01 9.529702716222993031e-01
-1.004351607142929120e-01 -4.822889260777519227e-01 8.702356981158237970e-01
-2.550045522012325261e-01 -6.419327034491666417e-01 7.231148474475420640e-01
-5.048769961080391555e-01 -6.848420411598102886e-01 5.254432390477545844e-01
-7.638375687565730487e-01 -5.299686432960187821e-01 3.683549995304336022e-01
-9.031524024846508958e-01 -2.317194383233806554e-01 3.614164354167204163e-01
-8.606218331609294392e-01 4.948681391286800790e-02 5.068344064242811253e-01
-6.829518828115744844e-01 1.950784112719143870e-01 7.039326240626418985e-01
-4.693698285479638299e-01 2.011293820176635327e-01 8.597900532909122928e-01
-2.862835180927340017e-01 1.243585117861058520e-01 9.500403716762925166e-01
-1.525459087644484291e-01 7.908164516998812330e-03 9.882647452242580011e-01
-6.984636135491310849e-02 -1.031523432938297319e-01 9.922101994428687011e-01
-5.712122762386796088e-02 -2.114859111614298959e-01 9.757104461544637841e-01
-1.026707338573154965e-01 -3.246224279195127904e-01 9.402547525542342965e-01
-2.170346507770984368e-01 -4.166248694310106249e-01 8.827908464260892929e-01
-3.865272459624737311e-01 -4.412094712866939106e-01 8.098956047390419855e-01
-5.515503295263470829e-01 -3.618102292672155107e-01 7.515887119941344618e-01
-6.351481524455316885e-01 -2.026950152691939788e-01 7.453197671000332258e-01
-6.051487308622698347e-01 -3.972418036050102963e-02 7.951207474531613029e-01
-4.917129093483151858e-01 6.285422694405029542e-02 8.684859014028405433e-01
-3.512827074343420897e-01 8.942702591662327061e-02 9.319888768076963759e-01
-2.245429368504131551e-01 5.780009056032027470e-02 9.727484870416560625e-01
-1.283721743661861425e-01 -1.074122150534628090e-02 9.916678935052307686e-01
-4.425290646125754068e-02 -6.441809337198051155e-02 9.969413169871168545e-01
-2.910123707351555331e-02 -1.310924946645179168e-01 9.909429225961926546e-01
-4.930852537747788117e-02 -1.933777147661386586e-01 9.798845486877303390e-01
-1.094644036756477062e-01 -2.365346702894433883e-01 9.654371518017375031e-01
-2.002630852962336838e-01 -2.418899307799281528e-01 9.494124277967397330e-01
-2.911682356780011527e-01 -1.976071084421030799e-01 9.360408587370763200e-01
-3.438914058726827983e-01 -1.153172890058806604e-01 9.319016170300539192e-01
-3.401309061563583813e-01 -2.785940873862317174e-02 9.399653291595191362e-01
-2.906242487217762793e-01 3.325860524198217399e-02 9.562590711895161411e-01
-2.196740453607729238e-01 5.448150239658021421e-02 9.740508609366637094e-01
-1.476132290993870666e-01 3.865482461153518096e-02 9.882895016791350962e-01
-8.642713712108116009e-02 -4.468950815064289678e-03 9.962481510385463590e-01
-2.015604279215229763e-03 -2.508713873930565330e-02 9.996832362350118739e-01
2.494017587134317662e-02 -6.917026231763444277e-02 9.972930674773528015e-01
3.704824891485763994e-02 -1.007462464423183601e-01 9.942221185832459396e-01
2.895950706602078498e-02 -1.113174292499145152e-01 9.933628626517836402e-01
3.421154974378054514e-04 -9.560383055542925890e-02 9.954194043417607940e-01
-4.114125391514820984e-02 -5.507808076421895349e-02 9.976341023870474167e-01
-8.139797881725088780e-02 -1.111217250317267412e-03 9.966810594370714149e-01
-1.072205433655498696e-01 4.833670933273240267e-02 9.930595740494736479e-01
-1.126121905058122957e-01 7.792736015617261758e-02 9.905785284815229463e-01
-9.892963030148584080e-02 8.118134560466233607e-02 9.917774535520265111e-01
-7.142399100476848339e-02 6.000059605506788407e-02 9.956397651670667592e-01
-3.666868044996795389e-02 2.142762794196568024e-02 9.990977252675605769e-01
