-2.309269488488319144e-02 -1.632403922493130474e-02 9.996000466117728189e-01
-4.112547131796235461e-02 4.046758883245897553e-03 9.991457948425106483e-01
-5.496864664658675931e-02 1.413345965650052508e-02 9.983880474064049659e-01
-6.124842417832975644e-02 1.052292598175380740e-02 9.980670811946822374e-01
-5.816010798618273525e-02 -7.203291362189803010e-03 9.982812802174390043e-01
-4.594278058892638933e-02 -3.497149426464959965e-02 9.983317361982551041e-01
-2.745390215917012378e-02 -6.440184013363371707e-02 9.975463328806591923e-01
-7.986384640533755394e-03 -8.601414684373151487e-02 9.962619054260006823e-01
6.664291536180748377e-03 -9.361713787089727401e-02 9.955859675161868871e-01
1.237899574988403709e-02 -8.626826535495096815e-02 9.961950345473675750e-01
7.886156007713161775e-03 -6.725205913368402511e-02 9.977048506876509126e-01
-5.206538128876339426e-03 -4.197904353464612659e-02 9.991049253530183138e-01
-4.551618387659548542e-02 -2.848079373997026986e-02 9.985575203228154173e-01
-6.880412570391399030e-02 -7.402465420861749530e-03 9.976027244307896780e-01
-8.904730489214138234e-02 8.620175956295511848e-04 9.960270249431442124e-01
-1.016819004845820329e-01 -6.979323098528655671e-03 9.947924809541799362e-01
-1.031315784388962681e-01 -3.079225013739519609e-02 9.941909851030793499e-01
-9.160062496697754519e-02 -6.511419323978642759e-02 9.936646654402023771e-01
-6.900762499250906457e-02 -9.925620505487320333e-02 9.926661842991375551e-01
-4.220598250131224471e-02 -1.216730925009081726e-01 9.916724830317510397e-01
-1.988418508916094465e-02 -1.260133859546486990e-01 9.918292422305268197e-01
-8.551867175721285935e-03 -1.128993015283250440e-01 9.935696318237048352e-01
-1.056537126041658808e-02 -8.764790101431688130e-02 9.960954865764233279e-01
-2.432915706195867486e-02 -5.725161057406414483e-02 9.980632971927723140e-01
-5.955392142524155996e-02 -3.268117001519525028e-02 9.976899676599670919e-01
-8.919454338695216589e-02 -8.105942870855307666e-03 9.959812383374320177e-01
-1.160521607196396549e-01 1.558046852430266345e-03 9.932418982716806344e-01
-1.344424760040011380e-01 -7.730606638382114641e-03 9.908912444698045885e-01
-1.391732855167925609e-01 -3.659065769459284717e-02 9.895917948164006939e-01
-1.264055429734966540e-01 -7.919791683952830119e-02 9.888120795549911746e-01
-9.718253112494909529e-02 -1.219599212770493962e-01 9.877658291549833436e-01
-6.110864865794352757e-02 -1.490386123132239338e-01 9.869413483581210844e-01
-3.071577851969117465e-02 -1.525900045166941610e-01 9.878121438166039825e-01
-1.491413234339527584e-02 -1.347271281024253753e-01 9.907704929042842057e-01
-1.652155338940346566e-02 -1.031211633697354801e-01 9.945315801616746443e-01
-3.321270173284300575e-02 -6.653855137456782254e-02 9.972309349516647048e-01
-6.080677467637980727e-02 -2.755881739928087160e-02 9.977690352666942486e-01
-9.624963175361221646e-02 2.922733372876072742e-03 9.953529354037855548e-01
-1.280182483104336522e-01 1.758584052683757892e-02 9.916158864764689218e-01
-1.497214014812438543e-01 1.081560665572462235e-02 9.886690672773924549e-01
-1.553063867255201902e-01 -2.040175491001227498e-02 9.876556559038447425e-01
-1.394692864417864109e-01 -7.177597118011874722e-02 9.876216523044489826e-01
-1.023035820710418708e-01 -1.268090761462448424e-01 9.866374386279453956e-01
-5.722282964950656248e-02 -1.623197386020336364e-01 9.850775858921246853e-01
-2.072051768354846515e-02 -1.677668726522750509e-01 9.856089166537581603e-01
-3.263967639557076566e-03 -1.469667695377324945e-01 9.891360448224030266e-01
-7.136778865647190953e-03 -1.101050882643619527e-01 9.938943283496961545e-01
-2.860859851315427152e-02 -6.752760841412706883e-02 9.973071594012257179e-01
-4.762453479396781819e-02 -1.432494567953737120e-02 9.987625842095646522e-01
-8.630126426860168509e-02 2.309565079919002548e-02 9.960013467359342121e-01
-1.189331501399365776e-01 4.551270622399494065e-02 9.918586085576734934e-01
-1.389060123374469269e-01 4.533401609863879633e-02 9.892673787813122122e-01
-1.405928726316968413e-01 1.589456906225106617e-02 9.899399006199958162e-01
-1.191796019490080349e-01 -4.229180610486632519e-02 9.919715850847948824e-01
-7.470017384520059867e-02 -1.111129209791345412e-01 9.909963687213504402e-01
-2.489767792141883013e-02 -1.570002540337456787e-01 9.872846731654910668e-01
1.191282881160581932e-02 -1.665924125280330848e-01 9.859538795490284668e-01
2.600675185374000387e-02 -1.456505181982128416e-01 9.889942241522859945e-01
1.677690546354421511e-02 -1.063265554921792588e-01 9.941897198423625959e-01
-1.046694867799752293e-02 -5.976159943701823962e-02 9.981578002591188215e-01
-2.285019743115140889e-02 3.360817768147544588e-03 9.997332511131390431e-01
-6.072664326863855266e-02 4.642870417790996573e-02 9.970740445050577661e-01
-8.888664331076299996e-02 7.685449606102771891e-02 9.930722788780738108e-01
-1.006896809865279740e-01 8.538560186838627108e-02 9.912471372651564527e-01
-9.195936975304243310e-02 6.197023066745919323e-02 9.938325637780320854e-01
-6.143142684074601872e-02 2.632709865549784627e-03 9.981078341717524172e-01
-1.279285216074373469e-02 -7.562497153573193021e-02 9.970542646284681343e-01
3.295448954963742239e-02 -1.300437631689508045e-01 9.909604539432292913e-01
6.116154192336676482e-02 -1.456159736724882414e-01 9.874488614611858228e-01
6.606654234798552128e-02 -1.287099417361952658e-01 9.894791371628333110e-01
4.919907349957129694e-02 -9.154760398785852238e-02 9.945845803001415186e-01
1.672516824707872066e-02 -4.487709087225715682e-02 9.988524993521051831e-01
6.056748846579532858e-03 2.040075460163897139e-02 9.997735368597915340e-01
-2.721260618059692313e-02 6.554859026274478806e-02 9.974782485745706806e-01
-4.716682042159347360e-02 1.009200279330494804e-01 9.937758494818140775e-01
-4.736637462759275136e-02 1.164784193771620097e-01 9.920631050361868875e-01
-2.528924555384072861e-02 1.008844241166154954e-01 9.945766873549876097e-01
1.531910788217314377e-02 4.834523348254500530e-02 9.987132037443112731e-01
6.253156002132020941e-02 -2.678984839867539977e-02 9.976833706261918344e-01
9.620710363812119692e-02 -8.462707274498849908e-02 9.917572544570373294e-01
1.101018131433380842e-01 -1.076944285108923094e-01 9.880685709050119891e-01
1.036125809170546086e-01 -9.919794398395240242e-02 9.896586285103687874e-01
7.977210111847488072e-02 -6.904375269505090562e-02 9.944191128980328642e-01
4.457840421374021506e-02 -2.670034353533103436e-02 9.986490161878114336e-01
2.984205368557936097e-02 3.203760698137183421e-02 9.990410620043159717e-01
3.033029620883617977e-03 7.500422943259972552e-02 9.971786030087849140e-01
-8.891476769791063078e-03 1.104329514086097863e-01 9.938438030616709717e-01
-6.481675796393627153e-04 1.284326901740042437e-01 9.917180163602226095e-01
2.817115067440119705e-02 1.185934956064495227e-01 9.925431824709173290e-01
7.043013279053016162e-02 7.642060450132179272e-02 9.945850831390881108e-01
1.113982968501105730e-01 1.400885120724200752e-02 9.936770962172578603e-01
1.350323431387094597e-01 -3.955388970252926573e-02 9.900513906438727085e-01
1.387449012880846988e-01 -6.707408560324783220e-02 9.880541075300531828e-01
1.251312836793270211e-01 -6.715601254959085997e-02 9.898647543089895695e-01
9.840001525845426533e-02 -4.580874050738163034e-02 9.940920461859954482e-01
6.423315170695305387e-02 -1.047959246215000688e-02 9.978798927544549890e-01
4.168182334684723128e-02 3.543337728922291152e-02 9.985024293292373843e-01
2.101753053022367354e-02 7.328848899446221976e-02 9.970892942918281321e-01
1.434663736210753382e-02 1.049732956755578539e-01 9.943715508759014554e-01
2.538950909537250264e-02 1.217085400782446369e-01 9.922411017993094662e-01
5.306193322440565935e-02 1.153019442210086870e-01 9.919122405240080598e-01
8.972537001453317895e-02 8.319774318100646437e-02 9.924855129951497545e-01
1.225217335070653696e-01 3.470758309786797086e-02 9.918587643883081117e-01
1.398583781740105614e-01 -1.062301747921341744e-02 9.901145315336847830e-01
1.397454079950831984e-01 -3.811665807769657605e-02 9.894535569299167665e-01
1.251059499139028364e-01 -4.344765486168285923e-02 9.911916074015216793e-01
1.002383018180005997e-01 -2.923960549052148292e-02 9.945337240734338780e-01
7.032853517243345398e-02 -9.293256130616588898e-04 9.975234500974881069e-01
3.938529939926834617e-02 3.001858038460650246e-02 9.987730888559732678e-01
2.313469147093797501e-02 6.179046448260702012e-02 9.978209882286352972e-01
1.843269895756609322e-02 8.780223631396243122e-02 9.959673704029553543e-01
2.783400156917651899e-02 1.008750380672022162e-01 9.945096756953090145e-01
4.986403103871406978e-02 9.522009507010772977e-02 9.942065740596558454e-01
7.822931251436432420e-02 6.993542421617721105e-02 9.944793668564677613e-01
1.034377539424236186e-01 3.223757537753706853e-02 9.941133586231634123e-01
1.174018024363713136e-01 -4.388470162425238408e-03 9.930747998586977321e-01
1.178559698986510751e-01 -2.831461048679450448e-02 9.926269456307450501e-01
1.064700396829263013e-01 -3.454203947175849693e-02 9.937157431373582206e-01
8.654556011313567498e-02 -2.393205984587141663e-02 9.959604020924766044e-01
6.240018816829820403e-02 -6.082076913492427597e-04 9.980510240463368321e-01
2.481917482482506182e-02 1.727634090475425183e-02 9.995426637247669666e-01
1.057409139499297136e-02 4.352568715262696009e-02 9.989963479157673021e-01
4.997754929768355274e-03 6.338689483273796110e-02 9.979765147582722040e-01
1.023246686875627261e-02 7.129163625438778018e-02 9.974030274778418192e-01
2.534425822570550088e-02 6.361567411219187784e-02 9.976526021528085986e-01
4.604151680166566202e-02 4.102294998603405601e-02 9.980968371380689597e-01
6.588201141156949103e-02 9.948786956049327640e-03 9.977778220678592547e-01
7.899566092639458137e-02 -1.932449845265041613e-02 9.966876387887489974e-01
8.253000629102147379e-02 -3.779320899804742423e-02 9.958717143363549074e-01
7.640310475202159723e-02 -4.130704694099728708e-02 9.962210063320769970e-01
6.238379774849880238e-02 -3.056783420286742284e-02 9.975840161563254149e-01
4.369681644404612569e-02 -9.335946460257827859e-03 9.990012153828177199e-01
2.230611081995803775e-03 3.992230764852597313e-04 9.999974324942728643e-01
-1.263785613469766041e-02 2.264331524232892842e-02 9.996637258934710779e-01
-2.140378288721992914e-02 3.690163753285139597e-02 9.990896592526112840e-01
-2.159236621569017578e-02 3.893204953592165063e-02 9.990085411247560110e-01
-1.296993436698254051e-02 2.694835302926833556e-02 9.995526834897131563e-01
2.227622559732611238e-03 3.299064089569730962e-03 9.999920769055675729e-01
1.974454563272776825e-02 -2.511579894200516305e-02 9.994895444982632160e-01
3.462654961753258709e-02 -4.920922768327661012e-02 9.981880854690862170e-01
4.294809093994141069e-02 -6.184005159093940857e-02 9.971616065131354567e-01
4.271457525977577496e-02 -6.039222564074385458e-02 9.972603692830478428e-01
3.408904507812764162e-02 -4.652713836146708803e-02 9.983351954136109319e-01
1.929594250213427856e-02 -2.450530754336597422e-02 9.995134598919772628e-01
-1.503165759008598563e-02 -2.847332236499603569e-02 9.994815251837221304e-01
-4.590605650218463479e-02 -1.876467374625056389e-02 9.987695034369786784e-01
-6.667282495006809917e-02 -1.764168011194984162e-02 9.976189179922371197e-01
-7.175687260682246660e-02 -2.662410408735907744e-02 9.970667521862384142e-01
-5.869173279818104549e-02 -4.493166396704151300e-02 9.972644714789885567e-01
-2.967121134472529981e-02 -6.791983389807935978e-02 9.972494749964184724e-01
7.439342952513044831e-03 -8.775721244088138806e-02 9.961141138650106974e-01
4.104055577434109758e-02 -9.745709474708456888e-02 9.943931754920607435e-01
6.110176807129934912e-02 -9.460405613009252590e-02 9.936380862780684886e-01
6.282947250071962975e-02 -8.158409354599813201e-02 9.946841172279308196e-01
4.702010516672694429e-02 -6.319480678303686372e-02 9.968929361299689873e-01
1.861635356599342789e-02 -4.425831019907557756e-02 9.988466515728079420e-01
-3.132864995375678890e-02 -5.405110981923959973e-02 9.980465887018673543e-01
-6.936166557442934033e-02 -4.734444707376989775e-02 9.964674920337271979e-01
-9.712003214432311793e-02 -5.346781598976729083e-02 9.938354451364393993e-01
-1.075945994283421109e-01 -7.309851978203993350e-02 9.915039125387049568e-01
-9.612240453240966653e-02 -1.034525929473854716e-01 9.899788100557028736e-01
-6.280843384312746747e-02 -1.361656893347478747e-01 9.886930796187993753e-01
-1.604666301475695875e-02 -1.590274268492641030e-01 9.871437494690554759e-01
2.813001313275604112e-02 -1.635361655647465939e-01 9.861362101218831278e-01
5.545316615160362367e-02 -1.498755018464058564e-01 9.871485604051738472e-01
5.957005571838449448e-02 -1.247373166502465103e-01 9.903999244227349452e-01
4.189111075570191994e-02 -9.635892805316546850e-02 9.944647262844943381e-01
8.731517665703455305e-03 -7.136892575048053855e-02 9.974117690485162502e-01
-4.418315746067004446e-02 -6.652002979337152955e-02 9.968063674721880929e-01
-9.302888402111436639e-02 -6.027170779161224179e-02 9.938374856975796812e-01
-1.309252377162627434e-01 -7.004612150390990277e-02 9.889146186558184226e-01
-1.489285313792542143e-01 -9.688521981126260729e-02 9.840902126956446727e-01
-1.390466825634980863e-01 -1.379245160526682834e-01 9.806339010760748431e-01
-9.755105711493421150e-02 -1.823025114789619261e-01 9.783913253725174952e-01
-3.334587808793500890e-02 -2.117803018503328083e-01 9.767482562885567710e-01
2.811255380216387892e-02 -2.138443194597769159e-01 9.764631541197646980e-01
6.530098409130700998e-02 -1.909855917692105942e-01 9.794183402475595823e-01
7.070779891370136683e-02 -1.548953338867362639e-01 9.853973019614418183e-01
4.800664072789379705e-02 -1.173901356825776954e-01 9.919248552639786665e-01
6.209130186005749202e-03 -8.647792468985501801e-02 9.962344178172392040e-01
-4.966140863147396056e-02 -6.184181213248658715e-02 9.968497052038103323e-01
-1.107663289471274293e-01 -5.259311974520843036e-02 9.924539204048913321e-01
-1.600111089138639697e-01 -6.008253662672213835e-02 9.852850013152117947e-01
-1.866221303119713626e-01 -8.707327957601972146e-02 9.785654931897759257e-01
-1.787816039220828934e-01 -1.338122052696319175e-01 9.747468552500778705e-01
-1.266342918096115822e-01 -1.907121446147205523e-01 9.734436984409330362e-01
-3.739820009796947231e-02 -2.322231629683738918e-01 9.719432993803452936e-01
4.610172650727804161e-02 -2.364119463264322263e-01 9.705586136072114067e-01
9.294736864929872833e-02 -2.078355881506373237e-01 9.737377239068106816e-01
9.682543948108651710e-02 -1.642053940966158865e-01 9.816625809405953307e-01
6.595367655673316232e-02 -1.205414790518077039e-01 9.905149490929771039e-01
1.296179672075509735e-02 -8.521572481499105345e-02 9.962782101752684083e-01
-4.484833572646232391e-02 -4.017997889087642632e-02 9.981854517467618759e-01
-1.159608580232677350e-01 -2.441170489208076277e-02 9.929537492103185370e-01
-1.738016720373509461e-01 -2.217427095423241817e-02 9.845309951975648177e-01
-2.061856982940270810e-01 -3.846248191438204206e-02 9.777566646686656204e-01
-1.983080224930962587e-01 -7.977290194963088110e-02 9.768880244579629668e-01
-1.340078123878244154e-01 -1.450105132939177033e-01 9.803131424464703869e-01
-1.505012376598841017e-02 -2.045048133297839299e-01 9.787498531798350943e-01
8.746113131361117621e-02 -2.173149777360965929e-01 9.721752676142744187e-01
1.371128302975135049e-01 -1.901773228978227426e-01 9.721279018849700027e-01
1.341234161074651710e-01 -1.466091255373424829e-01 9.800595255191368871e-01
9.274428889948632682e-02 -1.030281270728495568e-01 9.903452437954943788e-01
2.857423163581853526e-02 -6.680283437104693467e-02 9.973569544583591462e-01
-3.001022948889114222e-02 -6.972470308443961921e-03 9.995252727089327660e-01
-1.047971071588467140e-01 1.707955283167198260e-02 9.943469491108994918e-01
-1.638330464292454269e-01 3.460727904520423392e-02 9.858808595031903765e-01
-1.934316069141318317e-01 3.953083434725958994e-02 9.803170541118145787e-01
-1.771685135380267895e-01 1.948103167050400583e-02 9.839877068418177997e-01
-9.789710035303493540e-02 -3.855440269420622873e-02 9.944494536050708655e-01
4.437020261377732505e-02 -1.147448337026363840e-01 9.924036014941860495e-01
1.475483096442455622e-01 -1.442069569234790127e-01 9.784854878311052273e-01
1.862979656355401026e-01 -1.321609632677277213e-01 9.735638385787855897e-01
1.713722752680802708e-01 -1.016205405508420062e-01 9.799514319636289938e-01
1.203337108008742246e-01 -6.730754929727598979e-02 9.904491364287464350e-01
4.886070122981896885e-02 -3.528955275303273520e-02 9.981819870854488075e-01
-9.754760640268462721e-03 2.786125294056897295e-02 9.995642026550352055e-01
-8.004487126627400639e-02 5.848661800390739240e-02 9.950739339860272814e-01
-1.315899404950779117e-01 9.016680996026600614e-02 9.871950333860611826e-01
-1.492801020724596750e-01 1.169785836954671809e-01 9.818510386417367286e-01
-1.162559291739024142e-01 1.252157262097193524e-01 9.852946670117039840e-01
-2.164065034176819793e-02 9.485695757092853231e-02 9.952556655719869694e-01
1.130812518443954501e-01 2.463344909089916490e-02 9.932803348839835955e-01
1.951914231924047338e-01 -2.911803589888633040e-02 9.803328252677575572e-01
2.169651831549160581e-01 -4.715880099402909587e-02 9.750395667804194755e-01
1.927824474531374122e-01 -4.123378334285773827e-02 9.803747768405519647e-01
1.382422465805196454e-01 -2.334689667933087867e-02 9.901232265106334474e-01
6.679076977369460821e-02 3.322049407636783365e-04 9.977669480960419390e-01
8.769528591316411159e-03 5.366691874433892478e-02 9.985203839685574678e-01
-5.102022958336983188e-02 8.627305852562622279e-02 9.949642684769409717e-01
-9.076664893705446713e-02 1.239053689210950354e-01 9.881340369571697257e-01
-9.650290431874578023e-02 1.597357769678675321e-01 9.824315095794813324e-01
-5.584290860629310960e-02 1.798931249365061102e-01 9.820998081452799733e-01
3.176635542864369999e-02 1.662830735910067470e-01 9.855662525167345756e-01
1.370052451727563347e-01 1.157647778585597642e-01 9.837825364390762051e-01
2.006113000698807880e-01 6.014450665973920807e-02 9.778229617895566328e-01
2.145433034915056048e-01 2.440714689773155685e-02 9.764094746095416388e-01
1.901803404029378808e-01 1.078830424447762074e-02 9.816898953415630347e-01
1.402858823614920314e-01 1.390842652734517772e-02 9.900133468199281417e-01
7.622807012580488928e-02 2.901092651232871703e-02 9.966682735332730303e-01
1.975229485738685606e-02 6.363119190645250001e-02 9.977779904690518009e-01
-2.783888900036061986e-02 9.387285851398195768e-02 9.951948968386237215e-01
-5.678721520091679215e-02 1.294249393573571327e-01 9.899618160626104668e-01
-5.629744490869854900e-02 1.631592796075414797e-01 9.849922066568349566e-01
-1.956469525953443214e-02 1.833215718760060620e-01 9.828582929315414773e-01
4.863957909798712065e-02 1.771775317985611886e-01 9.829762528011286582e-01
1.244362529727180561e-01 1.426103980361771162e-01 9.819256047777185081e-01
1.734929020825958235e-01 9.640936917713255339e-02 9.801048140182823110e-01
1.861020675335235963e-01 5.858451651717234282e-02 9.807822770035553583e-01
1.677557682304250397e-01 3.748612475401778832e-02 9.851156240139367082e-01
1.275794621239855764e-01 3.304327374663608430e-02 9.912777728286915613e-01
7.499702202620102398e-02 4.255930868550578811e-02 9.962751386697623612e-01
2.116079788580213852e-02 5.621823302368168102e-02 9.981942350607883041e-01
-1.602345019939470719e-02 8.162043840254318283e-02 9.965346722913143163e-01
-3.749062630066186258e-02 1.102832528505176130e-01 9.931928599623816023e-01
-3.555127306471942555e-02 1.358897093557422942e-01 9.900859022704222578e-01
-7.072795997528124115e-03 1.498307569538756268e-01 9.886863606965449192e-01
4.230255033363779921e-02 1.444030979722313313e-01 9.886143027143000639e-01
9.612581336992694070e-02 1.191606122673523893e-01 9.882107955735024429e-01
1.341285204645555063e-01 8.421789489811612461e-02 9.873787956893717022e-01
1.470768915901532192e-01 5.338937880807039654e-02 9.876831284327605154e-01
1.358595684255042846e-01 3.484615618534643577e-02 9.901151059681503330e-01
1.060001680794079443e-01 3.030274091032977499e-02 9.939042751997925196e-01
6.490727839770675522e-02 3.818841728032108113e-02 9.971603130874137078e-01
1.411822483339095213e-02 3.425824898132427687e-02 9.993132882656348137e-01
-1.636103868352018972e-02 5.400958587420944673e-02 9.984063706962847951e-01
-3.401712573691699493e-02 7.366314859541453486e-02 9.967028522561866000e-01
-3.312776304880122452e-02 8.841790645403890814e-02 9.955324329893074919e-01
-1.215409194106827594e-02 9.297675396476960674e-02 9.955940946345784859e-01
2.413874168114548899e-02 8.399315161292821019e-02 9.961739163580759504e-01
6.452879963615898440e-02 6.326775078464492996e-02 9.959082416207140076e-01
9.573523415472914855e-02 3.831096628139758764e-02 9.946693092701334171e-01
1.094870309884284215e-01 1.810728626789122331e-02 9.938232821932229122e-01
1.040191845313331448e-01 7.939517795988639687e-03 9.945436005055701134e-01
8.218593410248770104e-02 8.557443785389891658e-03 9.965802739325677617e-01
4.970781344947584196e-02 1.815068080351857696e-02 9.985988614395994167e-01
1.124513830950713130e-03 3.548487415529447565e-03 9.999930718288484455e-01
-2.716910594559009476e-02 1.784674284665111604e-02 9.994715270841755261e-01
-4.458405727558846510e-02 2.796662448926898539e-02 9.986141045226287760e-01
-4.605590496056497646e-02 3.085067058062991585e-02 9.984623627072845009e-01
-3.015774383324116778e-02 2.440617989871762816e-02 9.992471410365084683e-01
-4.430410227982120239e-04 9.326722887398160994e-03 9.999564070272417560e-01
3.453525475158533004e-02 -9.872607429037455126e-03 9.993547157049822438e-01
6.403855022647940431e-02 -2.646992635493446155e-02 9.975963146902785406e-01
7.980704379522793324e-02 -3.510044000628882721e-02 9.961921475659357705e-01
7.846847765343586967e-02 -3.418303918981035333e-02 9.963303758525653420e-01
6.133416382448599047e-02 -2.540528902840441527e-02 9.977939124074312049e-01
3.321103881387100359e-02 -1.183135833046731512e-02 9.993783296934868332e-01
-2.778659805285733659e-03 -3.602602516661834037e-02 9.993469890685362511e-01
-4.053513560683884992e-02 -4.449981944159278613e-02 9.981866903795800772e-01
-6.292933123096731973e-02 -5.752500456545468072e-02 9.963587572358448829e-01
-6.307491478166338261e-02 -7.338177339113444164e-02 9.953073246285247810e-01
-3.839919644764082374e-02 -8.901650506336659940e-02 9.952896882508831533e-01
6.301145053538440358e-03 -9.915940910550991028e-02 9.950516102981173949e-01
5.757531602699437340e-02 -9.864997799009742052e-02 9.934552153101243732e-01
9.832174128445410333e-02 -8.706999915716286120e-02 9.913383128062759342e-01
1.167193209942169740e-01 -6.902715747720981898e-02 9.907632672022499420e-01
1.099135698386511512e-01 -5.107889567597950070e-02 9.926278021402686891e-01
8.211303260911287372e-02 -3.845521046136411714e-02 9.958808395907998712e-01
4.135950351585711976e-02 -3.353815265738008256e-02 9.985812855172230273e-01
-6.206686979145933057e-03 -7.189787192802123139e-02 9.973926874852209190e-01
-5.157284275925798356e-02 -8.973335324642044142e-02 9.946296633445578239e-01
-7.842767440804086776e-02 -1.184978737602892240e-01 9.898521878549512154e-01
-7.818485945181766206e-02 -1.545938811525389422e-01 9.848796168378483040e-01
-4.602789065660017193e-02 -1.901752576216766133e-01 9.806705892756452103e-01
1.364046044772953062e-02 -2.117769025848366127e-01 9.772228412037560208e-01
8.215667859742338541e-02 -2.072601971993628112e-01 9.748299804677397207e-01
1.335522167374917080e-01 -1.786069351531166804e-01 9.748145301131617702e-01
1.524422860486740749e-01 -1.387734678801336718e-01 9.785209624922805993e-01
1.383528620557152589e-01 -1.018327588138633055e-01 9.851337852258192918e-01
9.970151338069778435e-02 -7.680140496728128652e-02 9.920489667474118312e-01
4.775752526585311936e-02 -6.699679222496986164e-02 9.966095768213617534e-01
-1.407952679168644923e-02 -9.256462236027861168e-02 9.956071301535733831e-01
-7.407118584624872160e-02 -1.195065175970717181e-01 9.900664885143427574e-01
-1.127552661760973102e-01 -1.626539013620424134e-01 9.802193419440599076e-01
-1.182532529694802215e-01 -2.181152419850867219e-01 9.687321143514802113e-01
-7.961138576299997549e-02 -2.749127188777462649e-01 9.581675345450634262e-01
4.187776519135608458e-03 -3.099910019270463724e-01 9.507302673482499467e-01
1.073997241582294732e-01 -2.988345247649787373e-01 9.482421769037530090e-01
1.817999911930173740e-01 -2.482323797880019445e-01 9.514880182256733043e-01
2.041853698050710153e-01 -1.841920443618734471e-01 9.614476717696845975e-01
1.798726459912100561e-01 -1.295693583187408904e-01 9.751192812210216498e-01
1.251433322126652148e-01 -9.538657084651105955e-02 9.875426818648833649e-01
5.609650087090566062e-02 -8.372763475038122460e-02 9.949084710510850416e-01
-2.440573518121894742e-02 -9.147460285644669342e-02 9.955082908356451821e-01
-1.041275861744876824e-01 -1.243514887292596627e-01 9.867594200454165021e-01
-1.620272109934563776e-01 -1.755697312773218943e-01 9.710419416054293373e-01
-1.826449301255100022e-01 -2.434199419355806693e-01 9.525689273578019645e-01
-1.448761740201318093e-01 -3.188820559874220306e-01 9.366563556451800165e-01
-3.086878499875185880e-02 -3.719824073216156934e-01 9.277263641591440013e-01
1.324788801549517669e-01 -3.536484273091061170e-01 9.259493162018488377e-01
2.432122344128158087e-01 -2.774150778059422673e-01 9.294561224919849485e-01
2.686822750775879620e-01 -1.901583929719278254e-01 9.442720056432312159e-01
2.296691656691803307e-01 -1.237966623568049623e-01 9.653633827373448995e-01
1.549315471220191476e-01 -8.718455092990838595e-02 9.840706630041725633e-01
6.557919730165587269e-02 -7.801917374621288037e-02 9.947926303552990790e-01
-3.355309859919955451e-02 -6.667246241615625013e-02 9.972105957769280549e-01
-1.332792976576581412e-01 -9.886480540748401880e-02 9.861350714114408555e-01
-2.140932073717352058e-01 -1.449542557274583476e-01 9.659981171326470495e-01
-2.586646290606184340e-01 -2.060445383415483722e-01 9.437363285857744977e-01
-2.354729071448581901e-01 -2.819352298021192138e-01 9.300887249059278661e-01
-9.553283357560635181e-02 -3.518585771634963333e-01 9.311654092509590308e-01
1.630568986259396669e-01 -3.308655975383349990e-01 9.294839450878731313e-01
3.136945187192802798e-01 -2.346088968394050567e-01 9.200839170691476054e-01
3.334691029663854334e-01 -1.385725983994253729e-01 9.325213093220132698e-01
2.755608058611806466e-01 -7.708355289081669781e-02 9.581880651244140124e-01
1.816314032582397320e-01 -5.009290435548718889e-02 9.820899827834792539e-01
7.444600129065132021e-02 -4.909620249472348291e-02 9.960157407352944192e-01
-3.794215459238845650e-02 -2.350777427561915114e-02 9.990033921131140637e-01
-1.504011732114294009e-01 -4.689563383116588519e-02 9.875121703676215112e-01
-2.485664977851843871e-01 -7.123530178082206066e-02 9.659918363832088462e-01
-3.147643041475530756e-01 -9.542385206486642124e-02 9.443610121619878672e-01
-3.117258169253809275e-01 -1.245622918906146431e-01 9.419720009115054582e-01
-1.634865199162887084e-01 -1.694209324398673611e-01 9.718892454682624971e-01
2.045727602077811458e-01 -1.538999786445310602e-01 9.666771862179168728e-01
3.640353507615957107e-01 -8.025479010696588700e-02 9.279210268448424559e-01
3.668737254628465227e-01 -2.139129090320249574e-02 9.300247750670636027e-01
2.961606943479471177e-01 5.520376169711013054e-03 9.551221746824982706e-01
1.939176354285108150e-01 8.290695808234251063e-03 9.809827801917904155e-01
7.927958766482351427e-02 -3.677090584185937084e-03 9.968456379924175437e-01
-3.613384478744374045e-02 2.490198970161610834e-02 9.990366540671891116e-01
-1.476673472474163140e-01 1.503253876816300523e-02 9.889228368963872695e-01
-2.472693359095566590e-01 2.012893083865819471e-02 9.687376846505632022e-01
-3.155074769328238271e-01 4.804395497737661697e-02 9.477060780588225652e-01
-3.117949016696149322e-01 1.036020127991263140e-01 9.444842837425881932e-01
-1.618922845438441060e-01 1.695005225233560675e-01 9.721422020823364818e-01
1.687714810309189351e-01 1.904755796016703029e-01 9.670756127449646744e-01
3.207021539656267906e-01 1.525348471382781401e-01 9.348172275104744688e-01
3.328708380388569199e-01 1.220988617434906887e-01 9.350341561377507604e-01
2.751956974137028111e-01 9.513704732698716193e-02 9.566693631296626643e-01
1.840308049416083391e-01 6.866535485433013231e-02 9.805191134676176645e-01
7.700988427105383283e-02 4.415307276454650404e-02 9.960521993801308982e-01
-2.966900908879951948e-02 6.271497782409676813e-02 9.975903876121596792e-01
-1.269970239663748279e-01 6.428610444811069802e-02 9.898176865860236484e-01
-2.114141908266155834e-01 8.879694725409933986e-02 9.733545818844581143e-01
-2.620012672413957189e-01 1.418225658336223771e-01 9.545898049865781942e-01
-2.438759996643150019e-01 2.208280898199558029e-01 9.443301602375108184e-01
-1.172259356308425760e-01 2.983523020027301076e-01 9.472296363106069705e-01
9.584295525904419633e-02 3.217079829405752878e-01 9.419756374978643931e-01
2.258512922815362756e-01 2.711870308738100199e-01 9.356542032506430795e-01
2.572872557090582490e-01 2.071486018948117958e-01 9.438711378057591528e-01
2.251813274751818250e-01 1.519751672676277199e-01 9.623912501111441253e-01
1.566253135909653760e-01 1.091299066134438223e-01 9.816105004659714250e-01
6.806209145463745780e-02 7.882832703333393642e-02 9.945620375642981736e-01
-2.167317249259505252e-02 7.930535945146022225e-02 9.966147367746363006e-01
-9.883333621926528034e-02 8.679135815528285502e-02 9.913118741351649721e-01
-1.625048309432502447e-01 1.163522879968273138e-01 9.798236193305417396e-01
-1.949455441698922931e-01 1.686852523817027050e-01 9.661995241342539176e-01
-1.741494131760388808e-01 2.357074254201272090e-01 9.560930872526453017e-01
-8.609584633523292840e-02 2.938496122728789794e-01 9.519663390114605495e-01
4.396936040379749444e-02 3.107031421507881475e-01 9.494894695589203293e-01
1.420766547879325770e-01 2.740798199636918508e-01 9.511542863557810312e-01
1.810273684433825470e-01 2.162510194982520673e-01 9.594084575614372223e-01
1.695899952054265858e-01 1.615342063807949924e-01 9.721861620569984819e-01
1.234407196682658497e-01 1.189619606458226925e-01 9.851956357227168448e-01
5.599751294847858663e-02 9.093408756330707832e-02 9.942812832707851323e-01
-1.420238891532619487e-02 7.223409423422351427e-02 9.972865825725509836e-01
-7.241979080796320800e-02 8.048147711993271225e-02 9.941217761118875673e-01
-1.176913314325899185e-01 1.052182717945303880e-01 9.874603109928952183e-01
-1.370413729390659308e-01 1.445298565304508065e-01 9.799646844015400537e-01
-1.186064170828523417e-01 1.900372136673233181e-01 9.745862584955282681e-01
-5.954200051426079832e-02 2.257771227052328133e-01 9.723576713523106596e-01
2.246014247811522341e-02 2.344218106307162097e-01 9.718754841544270384e-01
9.196129245789894102e-02 2.110545493117917115e-01 9.731387865583628338e-01
1.271982752023345375e-01 1.713714133531245298e-01 9.769608167531401710e-01
1.259239691844575570e-01 1.315507516907716556e-01 9.832789806124861975e-01
9.535768250717700789e-02 9.983454017180966311e-02 9.904241399398067136e-01
4.525906204656661436e-02 7.936517570384141185e-02 9.958176470560151650e-01
-8.007518413068050178e-03 4.538579698220939623e-02 9.989374400237303053e-01
-5.249768755619214911e-02 5.063659604104375073e-02 9.973364166331614156e-01
-8.448897510424252522e-02 6.529309536442769180e-02 9.942828696017914636e-01
-9.481699517792818721e-02 8.736602936870037361e-02 9.916536261910121608e-01
-7.752215157141847945e-02 1.111329108236266960e-01 9.907773675995885654e-01
-3.408361351430976016e-02 1.280150160706173268e-01 9.911863916288743415e-01
2.282084907228948065e-02 1.305993956431795444e-01 9.911725413394083528e-01
7.287205031453319881e-02 1.180947231779555379e-01 9.903248460179862045e-01
1.006874059059575527e-01 9.768248396317021076e-02 9.901111950779549753e-01
1.015008529095773326e-01 7.699819426846540860e-02 9.918512262118688305e-01
7.849643979520058712e-02 6.018451673594739371e-02 9.950960420405238205e-01
3.895463771931788333e-02 4.909256444157662769e-02 9.980342961625546794e-01
-3.783599010159146864e-03 6.248113974206881416e-03 9.999733223692679474e-01
-4.129667052191712123e-02 5.728917697157330166e-03 9.991305042414767579e-01
-6.561054873192437298e-02 7.475298692612741477e-03 9.978173058253078098e-01
-6.963619810824961398e-02 1.101666124976864204e-02 9.975116205277712034e-01
-5.028282701922096032e-02 1.466770496282498483e-02 9.986273057242598394e-01
-1.111425526372220203e-02 1.668476417056742253e-02 9.997990257918890622e-01
3.647553376171865785e-02 1.649500619585667419e-02 9.991984038254703160e-01
7.700725396611331208e-02 1.490855208952586441e-02 9.969190628687599753e-01
9.855329998780326672e-02 1.333865109392137760e-02 9.950423746999391694e-01
9.686129603068915905e-02 1.211478307395891761e-02 9.952241563398214197e-01
7.442908504440617912e-02 1.055562521039558020e-02 9.971704418382311141e-01
3.794849761011994532e-02 8.308691434743692428e-03 9.992451536914280785e-01
1.125298022163572116e-02 -3.859142969178030319e-02 9.991917093283295692e-01
-2.336653715152322772e-02 -6.859539167932489356e-02 9.973708824614296864e-01
-3.879345579965157165e-02 -9.721092185878935088e-02 9.945074682768886287e-01
-2.850455167386425903e-02 -1.186384515468815598e-01 9.925282909562450628e-01
8.468974783366351594e-03 -1.268080574303431241e-01 9.918911195473405495e-01
6.325410450785712291e-02 -1.164277135619753017e-01 9.911828821048191962e-01
1.173207810397017131e-01 -8.796027382719011356e-02 9.891909949875602459e-01
1.521076028052090467e-01 -5.104849379057848496e-02 9.870447449080244073e-01
1.589151427580570985e-01 -1.848873817686880194e-02 9.871191133610970336e-01
1.396984292941517991e-01 2.364990252456155889e-04 9.901940683123339193e-01
1.022840223303178864e-01 1.480629313876005932e-03 9.947541336997480776e-01
5.626942429840588178e-02 -1.315867073980577992e-02 9.983289043564343990e-01
2.519393913399274251e-02 -7.814669240487082114e-02 9.966234795032092864e-01
-1.388191214882525740e-02 -1.255465378327492998e-01 9.919906044682612611e-01
-2.525894646655588160e-02 -1.791916761487595544e-01 9.834898722520402092e-01
-3.931719830472290623e-04 -2.298056228868074202e-01 9.732364672090074720e-01
6.243262765176530588e-02 -2.622832737932486169e-01 9.629691850172419354e-01
1.484640181941337678e-01 -2.578779985159331267e-01 9.547027669296114238e-01
2.244387840724845484e-01 -2.106674473343599086e-01 9.514444065933231887e-01
2.606173477761377089e-01 -1.418048566677621858e-01 9.549711936302491821e-01
2.509737163434825336e-01 -7.890346576679635460e-02 9.647727384180933008e-01
2.074372303752055058e-01 -3.950738384359577665e-02 9.774502350892673164e-01
1.464142519576126789e-01 -2.870102539065080144e-02 9.888069164225840035e-01
8.196560895096960397e-02 -4.365952915422917358e-02 9.956784041362449766e-01
2.603977449704812652e-02 -1.048332839207783557e-01 9.941488383167647047e-01
-2.693400962372558688e-02 -1.744891387002777128e-01 9.842906580889486667e-01
-4.452446787155148189e-02 -2.579737947863385283e-01 9.651254286176195185e-01
-1.232338170265963664e-02 -3.441155131311707804e-01 9.388464453177997049e-01
8.003894570143610387e-02 -4.073577311085659347e-01 9.097546076152038808e-01
2.178129755541008683e-01 -4.059009063892235480e-01 8.875820873996362881e-01
3.408587506173667570e-01 -3.185496224682397015e-01 8.845006784355267104e-01
3.883750515279414950e-01 -1.978302349373848301e-01 9.000155651405662427e-01
3.590946245474751497e-01 -9.822188176961343942e-02 9.281182643191454584e-01
2.839725868328329406e-01 -4.282604113451221606e-02 9.578755138994715645e-01
1.921950017102763975e-01 -3.125651273072926895e-02 9.808588643273165042e-01
1.023902299536887939e-01 -5.489257196541721256e-02 9.932285972287557829e-01
1.253791151216960241e-02 -1.108175345977014531e-01 9.937616790762990870e-01
-6.348017382936581299e-02 -2.028148577599327984e-01 9.771573061705188801e-01
-1.018889487837794788e-01 -3.149666206168790783e-01 9.436178622794986204e-01
-8.031074799462009639e-02 -4.392163731556356643e-01 8.947844216952554053e-01
3.222896028442457511e-02 -5.450108254252901130e-01 8.378093424450739901e-01
2.456611717573538300e-01 -5.550141865821038856e-01 7.947388510595628786e-01
4.636814720447048344e-01 -3.911047258595575227e-01 7.950072866915928183e-01
5.304338189379942392e-01 -1.906119178970120120e-01 8.260188015308570497e-01
4.707306705617474996e-01 -5.481383722649642298e-02 8.805725859013802115e-01
3.561939078058997121e-01 2.142423563849779004e-03 9.344096050786677710e-01
2.305814906202861281e-01 1.329477515729575010e-04 9.730530090947410171e-01
1.131534177702311489e-01 -4.144367173839927365e-02 9.927128115017351817e-01
-1.227246147780699549e-02 -9.167249171560211407e-02 9.957135837940429557e-01
-1.167732746711318548e-01 -1.978615511795582538e-01 9.732496128370086153e-01
-1.923747539869925804e-01 -3.244858673743082345e-01 9.261214153137825589e-01
-2.139184510360224722e-01 -4.712472633835851354e-01 8.556663561574778809e-01
-1.265439452107049723e-01 -6.202801534922643967e-01 7.741053940608717543e-01
1.611388807081054197e-01 -6.753245524538428191e-01 7.197020286043528392e-01
5.831459996208401275e-01 -3.670251506220251758e-01 7.247297992611519968e-01
6.564062997268226285e-01 -6.619883375878732323e-02 7.514974943989863876e-01
5.486847961905952920e-01 7.387034727392916000e-02 8.327593687392073063e-01
3.978516900422634506e-01 9.863401101644868330e-02 9.121323174854254479e-01
2.481681142485036295e-01 6.322889624505904915e-02 9.666512782539501414e-01
1.105908709598379253e-01 -3.943484740672934148e-03 9.938581931988517137e-01
-4.112550345425605020e-02 -5.012097873684762811e-02 9.978960769820095500e-01
-1.702976454162286324e-01 -1.538945962137074908e-01 9.733011688177000131e-01
-2.899494519841981366e-01 -2.654321586119702814e-01 9.194971911151549326e-01
-3.847340968152627716e-01 -3.831725248999266475e-01 8.397371558467360275e-01
-4.053961574303282522e-01 -4.999931128804503966e-01 7.652848114348224096e-01
-1.735560083963022526e-01 -5.821895422128781084e-01 7.943133190923219455e-01
6.293078041899627939e-01 -4.028072928711164125e-02 7.761115579822690513e-01
6.502133191420815805e-01 2.356204732867213936e-01 7.222919300243912932e-01
5.205063010502326559e-01 2.746622333442596542e-01 8.084762508208599430e-01
3.750391110561383523e-01 2.223072802567203354e-01 8.999584092184853557e-01
2.316459091385915658e-01 1.400747153397353950e-01 9.626625820618032181e-01
9.299869076219594022e-02 4.765641452597854655e-02 9.945250673919512341e-01
-6.461285099362676365e-02 1.608443141646510475e-03 9.979091102886561426e-01
-2.025001204041748104e-01 -8.225801328693999048e-02 9.758213568509451763e-01
-3.485894975361492065e-01 -1.504450916490691903e-01 9.251224981623669130e-01
-4.980035679610063659e-01 -1.822168023216186317e-01 8.478145335212290412e-01
-6.243361423566347046e-01 -1.195473756002315979e-01 7.719538887358133872e-01
-5.869416202809395466e-01 1.570236062286028966e-01 7.942563323442725087e-01
6.675923562194978345e-02 6.276811596753416600e-01 7.756027116041703806e-01
3.330354256045602312e-01 5.659051778145870459e-01 7.542139848975143446e-01
3.514819913259015216e-01 4.416754886483564846e-01 8.254593705936373871e-01
2.840890838889402192e-01 3.164050800211385961e-01 9.050863040351133648e-01
1.823172864156180628e-01 2.006062957607814279e-01 9.625578014723054077e-01
6.412899377484994334e-02 9.592287961118321771e-02 9.933208310130542396e-01
-7.563681533938686197e-02 4.584145919534674679e-02 9.960811376510043669e-01
-2.009055282204906256e-01 -1.099875772162691237e-02 9.795488737470033902e-01
-3.368252975099038649e-01 -3.545803127657968373e-02 9.408992756801194401e-01
-4.697569845471604721e-01 -4.343388424443334755e-03 8.827850873491918104e-01
-5.568015713986141924e-01 1.210029238963290510e-01 8.217848273705969930e-01
-4.914646530847553429e-01 3.628064889590789655e-01 7.917284549247169956e-01
-1.763758715986748771e-01 6.098262933718432421e-01 7.726599794412376543e-01
7.603821858660252120e-02 5.910882188083769195e-01 8.030148858521545252e-01
1.767578683308492771e-01 4.708543587638500671e-01 8.643221788293182772e-01
1.773930825892275909e-01 3.400980664017070332e-01 9.235069027783621154e-01
1.218029685046695260e-01 2.234572617632376579e-01 9.670733627955639955e-01
3.373396022613044803e-02 1.250788538440069098e-01 9.915731441747380748e-01
-7.291402030861815486e-02 6.895013828460923311e-02 9.949519707367784349e-01
-1.727595212536683078e-01 3.472220481705141915e-02 9.843518254713734539e-01
-2.780304419335439259e-01 3.518698063481420085e-02 9.599275752639115922e-01
-3.710447396181247859e-01 8.408991476431740275e-02 9.247998093839939759e-01
-4.170130919253717261e-01 1.923603568730654634e-01 8.883116425368579039e-01
-3.659010298001150185e-01 3.452893144180997353e-01 8.642289776094457254e-01
-2.045713400390588299e-01 4.722313733400725355e-01 8.574077774711218458e-01
-3.399363053853943217e-02 4.765778089141216034e-01 8.784748289697428270e-01
6.830788398843536113e-02 4.004128748156905448e-01 9.137852935273604871e-01
9.734206871853637311e-02 3.014129427863742050e-01 9.485118658079134679e-01
7.249658452806441444e-02 2.075374409780197382e-01 9.755370089464181493e-01
1.172860948932471364e-02 1.284649643718756007e-01 9.916446907276528222e-01
-5.870834303644646701e-02 6.680705600820316392e-02 9.960372220581481528e-01
-1.318579574802684340e-01 4.618709752769262905e-02 9.901920172729818947e-01
-2.044988909095785679e-01 5.357745189082237930e-02 9.773994374183230249e-01
-2.614664288777396872e-01 9.485476917461692359e-02 9.605404100477862306e-01
-2.815554935862774055e-01 1.686846818237983381e-01 9.446014938318468834e-01
-2.443196421444433497e-01 2.574225078269489209e-01 9.349019012316238664e-01
-1.520886273753082329e-01 3.236326530910594301e-01 9.338795186084194455e-01
-4.615625654176189196e-02 3.311386716230846905e-01 9.424525346868948272e-01
2.919920475371385812e-02 2.902095439296153434e-01 9.565175518796570353e-01
5.851321017587037682e-02 2.282699495984175930e-01 9.718379671247893148e-01
4.654477998290632024e-02 1.643978955106863982e-01 9.852953442536889206e-01
3.997105633056156904e-03 1.083855698201986462e-01 9.941008959865960115e-01
-3.660485726237110160e-02 4.295355908973867015e-02 9.984062681024413743e-01
-8.867037584215688162e-02 2.696505035102124415e-02 9.956959628860089229e-01
-1.347661693577137387e-01 2.957182389816388410e-02 9.904360589296244965e-01
-1.639802237363485460e-01 5.346808476737598126e-02 9.850135278942651063e-01
-1.653428328396411018e-01 9.534499501894173890e-02 9.816165644249453814e-01
-1.325502765480017497e-01 1.435053919305719072e-01 9.807326988909272902e-01
-7.221040085344820891e-02 1.798178242495874213e-01 9.810459765427690382e-01
-6.382221650465954958e-03 1.897187790398296714e-01 9.818177285659697162e-01
4.088902161434978394e-02 1.745993233806367173e-01 9.837902033393433054e-01
5.806695707688155905e-02 1.443465797271998585e-01 9.878219948031609077e-01
4.591759509058922911e-02 1.079516206708330817e-01 9.930951727078463076e-01
1.140186550865170297e-02 7.206379734005137483e-02 9.973348517804141444e-01
-1.133694045801650514e-02 4.850714900762657066e-03 9.999239692826654702e-01
-5.038922060625023597e-02 -1.448001886960474834e-02 9.986246820003343849e-01
-7.753462964363799781e-02 -2.430201706726998687e-02 9.966934298832400563e-01
-8.513906052353166498e-02 -2.148459601013683745e-02 9.961374164779488449e-01
-6.878959043967956821e-02 -6.215448668236436824e-03 9.976118285410406905e-01
-3.056199234246063934e-02 1.756939026373196058e-02 9.993784474110938287e-01
1.869958003637509775e-02 4.267302084367296383e-02 9.989140798880056238e-01
6.254937841266268450e-02 6.125628040498180826e-02 9.961602498449413368e-01
8.728043470656671188e-02 6.894755259097368194e-02 9.937949289009015974e-01
8.776181455478526683e-02 6.483641341649828971e-02 9.940292266333509152e-01
6.659608690035521972e-02 5.022872865309919305e-02 9.965149452103272409e-01
3.069822599497288446e-02 2.845039890296978749e-02 9.991237129219883162e-01
2.553198147135045740e-02 -3.614543369202317946e-02 9.990203328988812581e-01
4.618870292648661995e-03 -8.497142787653989837e-02 9.963726825248805374e-01
4.336238240923741098e-03 -1.252401077385910666e-01 9.921169852651494647e-01
2.876864722039973801e-02 -1.472827500200423467e-01 9.886759613157836135e-01
7.520721502289823279e-02 -1.427355346815574744e-01 9.868994082213259356e-01
1.299955853391650262e-01 -1.083504513131468838e-01 9.855766471931920458e-01
1.723781250494240136e-01 -5.259054420775467753e-02 9.836259536349977184e-01
1.879281988338953602e-01 5.074306605759584636e-03 9.821696612579509100e-01
1.756144000282833795e-01 4.584251892361449615e-02 9.833910951201434436e-01
1.436046456540721605e-01 5.972682717113922402e-02 9.878311656667849716e-01
1.022155689694636549e-01 4.616501231222469581e-02 9.936904795249041911e-01
6.040030045587018587e-02 1.106073774484048894e-02 9.981129514165429928e-01
5.720643447361350997e-02 -7.101657018328207116e-02 9.958333548411463232e-01
3.902163692176494059e-02 -1.442441239721142798e-01 9.887724432605484726e-01
5.657602242691806699e-02 -2.152928556850488284e-01 9.749092983335753138e-01
1.158355385537501586e-01 -2.686174986211868343e-01 9.562566430841252796e-01
2.108425400566919516e-01 -2.824475638045755299e-01 9.358251957514627239e-01
3.116785697581719305e-01 -2.385309121369878493e-01 9.197605520507080579e-01
3.730380452636766209e-01 -1.465603247683138766e-01 9.161673908132962341e-01
3.720937883183362827e-01 -4.713548859275398101e-02 9.269975503797452943e-01
3.207319058430081471e-01 2.352853527911460615e-02 9.468777389937461653e-01
2.453333768848514063e-01 5.086221052440230428e-02 9.681035945222111749e-01
1.681582199656764531e-01 3.745795492494307516e-02 9.850480773397708445e-01
1.027356315221131661e-01 -6.898429049736642948e-03 9.946847750379781417e-01
6.880335028741525749e-02 -9.952024389806737870e-02 9.926539276322537964e-01
4.405531138015645470e-02 -2.087306726842957372e-01 9.769803661384187654e-01
6.991187872063202302e-02 -3.234026852957785358e-01 9.436752790855653661e-01
1.611344808244442595e-01 -4.216984967518785377e-01 8.923037918369932653e-01
3.189129645251765344e-01 -4.595792226643213851e-01 8.289037695372502013e-01
4.961177369980398488e-01 -3.857279182390936922e-01 7.778696318322988468e-01
5.965241200418049949e-01 -2.129499145407827143e-01 7.738289915126476126e-01
5.759495120971280802e-01 -4.078961298816619757e-02 8.164670029997587175e-01
4.735706470543144531e-01 6.382636148580818347e-02 8.784401162447177391e-01
3.451631246875168091e-01 9.212324133032781526e-02 9.340105597704549956e-01
2.261477912072451246e-01 6.230336563408527678e-02 9.720984863493584704e-01
1.318829514040947282e-01 -6.120885166100549502e-03 9.912463981743994124e-01
5.551311988772286710e-02 -1.143947612267906533e-01 9.918831242259364966e-01
1.273250591563890484e-02 -2.653528981814389787e-01 9.640672812204750253e-01
2.833860626106951552e-02 -4.318904153492967857e-01 9.014807776789015570e-01
1.330408676754971375e-01 -5.916171871953078698e-01 7.951661658692694701e-01
3.577916582564084069e-01 -6.737263999010575377e-01 6.465894117277971587e-01
6.591953615806755984e-01 -5.510990735669113461e-01 5.116163468696323102e-01
8.334650423338899605e-01 -2.137030754344712846e-01 5.095753317785847170e-01
7.748151775989684520e-01 7.054991165338687920e-02 6.282389278992477344e-01
6.030170640822410943e-01 1.939701804150023023e-01 7.737867855781249693e-01
4.186727770888316602e-01 1.933578219542939347e-01 8.873138443717618618e-01
2.614163655729759284e-01 1.235018255325626563e-01 9.572924228785960610e-01
1.401133355495395583e-01 1.649943418098108114e-02 9.899979908428655495e-01
1.873411159558818068e-02 -1.093334251807132340e-01 9.938285743532424554e-01
-5.340111263802741620e-02 -2.950841630335771515e-01 9.539778078633618374e-01
-7.731738502397898782e-02 -5.057522333578369222e-01 8.592070183760113222e-01
-1.090179438934195041e-02 -7.306975990351030070e-01 6.826142172877726066e-01
2.251459502986760119e-01 -8.923638904847394082e-01 3.911470158687948562e-01
6.789644089620356926e-01 -7.327824344439566318e-01 4.513574119507777344e-02
9.974372670746949332e-01 -5.747753727104799176e-02 4.260552733834891553e-02
8.656638637098474920e-01 3.547646642235901537e-01 3.532252936657801490e-01
6.330477649262213902e-01 4.257793132319681595e-01 6.465001962456068396e-01
4.249414349572728788e-01 3.441320319207680223e-01 8.372561862790747211e-01
2.563433694578013400e-01 2.102958157976238529e-01 9.434318983334242237e-01
1.226251771825200565e-01 5.736948718304318851e-02 9.907935243335681541e-01
-3.201337210426683649e-02 -8.249053934889098716e-02 9.960775345948159609e-01
-1.374980731255458499e-01 -2.792928827934566538e-01 9.503103522048522711e-01
-2.275535747578227574e-01 -4.990104560665600264e-01 8.361865433927501146e-01
-2.759433329311950511e-01 -7.436935604779563169e-01 6.089131014475267500e-01
-2.118165081838127295e-01 -9.615666836145619900e-01 1.747091291928025425e-01
1.369443533203333618e-01 -8.213079873810195108e-01 -5.538045087915021147e-01
6.846337481517597023e-01 4.239909625688108585e-01 -5.928813494719005206e-01
6.067473974012512761e-01 7.874996389852014778e-01 1.081753869648587330e-01
4.679913442416925307e-01 6.828123157263873422e-01 5.610271323272015831e-01
3.315180830487196029e-01 4.886523568479503865e-01 8.070406648729769872e-01
2.019221129394910275e-01 2.918030702837642876e-01 9.349216162219259330e-01
8.111997171161909603e-02 1.037376229667215238e-01 9.912911054633346541e-01
-8.044631131608441510e-02 -4.057112830493227879e-02 9.959329166884965945e-01
-2.079959752016595220e-01 -2.157936844524271369e-01 9.540286998043538969e-01
-3.583908548612727563e-01 -3.922807794356925615e-01 8.471551128554482002e-01
-5.371885892048231526e-01 -5.550195541645560615e-01 6.351233849600437242e-01
-7.494713172840699045e-01 -6.140819289950326665e-01 2.473785137198647732e-01
-9.189970049118361128e-01 -2.328317723492212554e-01 -3.181727058498219352e-01
-4.623307328512064052e-01 8.127324823043526880e-01 -3.545648116615995327e-01
1.757859843732890971e-04 9.776300676840122827e-01 2.103316900979778914e-01
1.609008774907683681e-01 7.844070996322551892e-01 5.990128626909073661e-01
1.713155755811658076e-01 5.483308141019841431e-01 8.185256818631807540e-01
1.151567290014061662e-01 3.319013800629533328e-01 9.362587258220915754e-01
2.750095608777860037e-02 1.385689491615851310e-01 9.899708802497666493e-01
-1.107495861287658007e-01 1.775289742088494377e-03 9.938467575630675066e-01
-2.362262465003952261e-01 -1.300701176313298901e-01 9.629532309326743755e-01
-3.991924128075794997e-01 -2.372916268629984282e-01 8.856286475592038965e-01
-6.013163442946335424e-01 -2.891580510289892825e-01 7.448531906417777959e-01
-8.204713114860892054e-01 -2.063588812058779476e-01 5.331442948918611036e-01
-9.399146426775998320e-01 1.335591634126743199e-01 3.142012322521495760e-01
-7.051296988336128724e-01 6.485306732735809376e-01 2.867055521718061550e-01
-3.113024269899489216e-01 8.069111168346749796e-01 5.019813228385813231e-01
-6.510327256827193321e-02 6.940561804771677723e-01 7.169711167420361742e-01
3.017444352789954917e-02 5.059121090299130152e-01 8.620570983958516509e-01
3.246148166943287061e-02 3.191601742145559473e-01 9.471446750117517022e-01
-2.001884619808619661e-02 1.510979851522695483e-01 9.883160651734161917e-01
-1.159439499211128988e-01 2.990000700219738045e-02 9.928056154444080406e-01
-2.194867440464345343e-01 -5.798559302266807769e-02 9.738907742604951956e-01
-3.541680283402140472e-01 -1.104668488014199645e-01 9.286345260744500729e-01
-5.097333802386032620e-01 -1.027577942900714941e-01 8.541737041042053447e-01
-6.511169410647544842e-01 1.279464540555672178e-03 7.589763448414961200e-01
-7.010768712162401828e-01 2.183683941237842541e-01 6.788272719134159638e-01
-5.769977723119413815e-01 4.690294057312491272e-01 6.686441410095892435e-01
-3.435114339565046859e-01 5.743219291273100602e-01 7.430708017844643853e-01
-1.496040770029329336e-01 5.247887809420005434e-01 8.379829088600286857e-01
-4.585456426344595299e-02 4.038123334973839906e-01 9.136919383750429224e-01
-1.906419770288509882e-02 2.682451381693617409e-01 9.631620332085675251e-01
-4.707459065236371115e-02 1.408208686662354991e-01 9.889152976180842769e-01
-9.764520224721454089e-02 3.712612692065771214e-02 9.945285642846217744e-01
-1.727157407365474406e-01 -1.905597770697186125e-02 9.847873590859381743e-01
-2.659775484930260725e-01 -4.284388232317375145e-02 9.630266587406187684e-01
-3.643751664937648349e-01 -2.013668116529190172e-02 9.310345064036300577e-01
-4.413230845029180727e-01 5.941211345828153328e-02 8.953793251238096884e-01
-4.575156622888321700e-01 1.862477839451991690e-01 8.694775337729574449e-01
-3.862126023477712722e-01 3.135113077517626690e-01 8.674966776302664995e-01
-2.556571722193015650e-01 3.746674814591644531e-01 8.912147264435500427e-01
-1.326026818016773634e-01 3.561188885170629703e-01 9.249842517688575683e-01
-5.623214143170570528e-02 2.881224259817406486e-01 9.559411142515045201e-01
-3.107481349686863625e-02 2.013264382368127603e-01 9.790311645872267210e-01
-4.803648192103627396e-02 1.139124525233180807e-01 9.923288011364002070e-01
-6.201800428364460244e-02 2.471299260595154201e-02 9.977690289546314872e-01
-1.118227470343474694e-01 -1.496281192536984619e-02 9.936155129148178666e-01
-1.668914657709943683e-01 -3.062146967791406355e-02 9.854996520788931180e-01
-2.170835322336028550e-01 -1.441626866034177550e-02 9.760465722652776899e-01
-2.477972324762100498e-01 3.507129172091656005e-02 9.681769136238290718e-01
-2.430458835646746030e-01 1.071276814863986876e-01 9.640810953139277162e-01
-1.968630334552706473e-01 1.769699365219082610e-01 9.643270128053998969e-01
-1.252874874613576772e-01 2.167416581383790064e-01 9.681560303551202118e-01
-5.862880593839198129e-02 2.168271726558403389e-01 9.744478643376902616e-01
-1.791538807334895275e-02 1.854480981852027477e-01 9.824907336711564687e-01
-8.163737357478552739e-03 1.354778827317952572e-01 9.907467369024999249e-01
-2.512586546324298634e-02 7.836585916219937498e-02 9.966079886306672408e-01
-1.761835691817820529e-02 -1.941666883480136366e-03 9.998428993743069260e-01
-4.915872705157070532e-02 -3.946080658725928392e-02 9.980111543956647902e-01
-7.348365859111657961e-02 -6.140875436418569144e-02 9.954039967809461542e-01
-8.433936506777489628e-02 -6.106062840130690311e-02 9.945644630486216720e-01
-7.708918626906927085e-02 -3.660678232398340698e-02 9.963519462761453171e-01
-5.135923732661566016e-02 6.666659383973370587e-03 9.986579917038214127e-01
-1.368432847121927969e-02 5.580121432360380523e-02 9.983481174591732898e-01
2.345707183866616377e-02 9.473984140140953580e-02 9.952256669881285323e-01
4.755932106101385531e-02 1.127647316767314417e-01 9.924828594339170085e-01
5.265900440066459409e-02 1.072200084940481413e-01 9.928398153952521232e-01
3.987307950201932766e-02 8.126464310923350864e-02 9.958946707917373242e-01
1.431818587669408428e-02 4.174198854137382148e-02 9.990258234629469936e-01
3.857159945482972058e-02 -2.801029376634160684e-02 9.988631814010590082e-01
3.927729152664403284e-02 -8.761280329189286009e-02 9.953799732110533149e-01
5.857997433056891939e-02 -1.316087977315382185e-01 9.895693563197630604e-01
9.626145023433804737e-02 -1.479915178123484554e-01 9.842927632845447361e-01
1.449544532730916990e-01 -1.282416433676332457e-01 9.810923949265081268e-01
1.879866134416579571e-01 -7.325104375853358496e-02 9.794362244450006694e-01
2.069837801656921605e-01 1.041290311532407564e-03 9.783438201689590441e-01
1.954581706158798338e-01 6.890044233345234137e-02 9.782887265964644863e-01
1.617776830803734911e-01 1.091781401427294740e-01 9.807691445860940993e-01
1.202149315045960981e-01 1.136605424188897595e-01 9.862198798140408007e-01
8.210123646500486205e-02 8.548234759593512089e-02 9.929512350666910292e-01
5.378966344506972558e-02 3.412485965332851673e-02 9.979690205913672729e-01
8.395242536233979425e-02 -5.019857643116077545e-02 9.952045484221043736e-01
9.694836239172574532e-02 -1.376230662281446859e-01 9.857286171515452500e-01
1.487891738772615380e-01 -2.117638954822987918e-01 9.659284830188487048e-01
2.394216076612247779e-01 -2.524534529040886044e-01 9.375204253250576381e-01
3.522456521467491886e-01 -2.360986437422867568e-01 9.056381346690101086e-01
4.459863669684703269e-01 -1.529691331708099289e-01 8.818710817206959485e-01
4.754485672563345533e-01 -2.967357411158373648e-02 8.792429350829632506e-01
4.301538733552232041e-01 8.190500011636468736e-02 8.990323777225415203e-01
3.385821315649213958e-01 1.436434148440863534e-01 9.299079038038373657e-01
2.394532428334963103e-01 1.478658700643902535e-01 9.595821116333429490e-01
1.582783577166518574e-01 1.064571196274722298e-01 9.816388557708759510e-01
1.054075242800473489e-01 3.558645591640387934e-02 9.937921603536927773e-01
1.057975633682703698e-01 -7.536579508718890819e-02 9.915275450113641975e-01
1.245749570543294160e-01 -2.083934248234658171e-01 9.700789970745968827e-01
2.025802731196142681e-01 -3.323168485987152976e-01 9.211551145600620494e-01
3.473040288155365141e-01 -4.142329881610988807e-01 8.413031220004237865e-01
5.394313424868126816e-01 -3.996276578920764377e-01 7.411555584292240928e-01
7.050639672762838428e-01 -2.522649283703246037e-01 6.627572768087423016e-01
7.526281765635399745e-01 -2.464492672173881210e-02 6.579843884390634834e-01
6.646277622260956530e-01 1.663182825303783918e-01 7.284285596916630912e-01
5.032473139352047209e-01 2.518475308906048538e-01 8.266286725013418657e-01
3.405922733999249274e-01 2.380626549287006566e-01 9.095730183050916295e-01
2.152009672586412958e-01 1.614543478085313510e-01 9.631308515796916936e-01
1.369639616895760859e-01 5.147621392075868441e-02 9.892376219082114064e-01
9.637622149471172794e-02 -9.848741684051248724e-02 9.904604245776179594e-01
1.092617143299477317e-01 -2.887560185015948244e-01 9.511476434080672338e-01
1.934574835000357484e-01 -4.790528685459543579e-01 8.562024008467346015e-01
3.725874469637088793e-01 -6.238857341751727903e-01 6.869826672178804827e-01
6.415059398714134664e-01 -6.185156910452449530e-01 4.537713841138241166e-01
8.955432060099679514e-01 -3.625224803642514981e-01 2.580306520549221494e-01
9.669160505232508029e-01 5.027886921825513999e-02 2.500907566277476568e-01
8.286062153395432617e-01 3.569197622373544432e-01 4.313003863029923890e-01
6.007146030307654039e-01 4.492219752368606933e-01 6.613180646783394234e-01
3.893033612943875843e-01 3.846240096370879824e-01 8.369631199136211563e-01
2.345919330851261586e-01 2.467973039894355292e-01 9.402434342631158515e-01
1.388652553526576461e-01 8.100342725197119675e-02 9.869928498369801018e-01
5.495081521636311500e-02 -1.122116677637850363e-01 9.921637715240126942e-01
4.537732757012561541e-02 -3.551826717102984921e-01 9.336949008425264873e-01
9.647051450762619829e-02 -6.105848842145946698e-01 7.860531400606617369e-01
2.452527230075647324e-01 -8.288990347026341521e-01 5.027698202223884749e-01
5.182644317685398683e-01 -8.522594796111125914e-01 7.110385486474342376e-02
8.219356003056664806e-01 -4.623650102830397790e-01 -3.326266168184520700e-01
9.109282460739145382e-01 2.248235978881129582e-01 -3.459249634492276848e-01
7.560438434827229104e-01 6.535798095640389382e-01 3.508759413413745781e-02
5.340517805760113257e-01 7.071968249207012391e-01 4.633156013838286014e-01
3.408460288490392509e-01 5.563592879119086954e-01 7.578181360801762301e-01
1.997185679745653308e-01 3.420310171977686275e-01 9.182196234457545847e-01
1.068788458970550692e-01 1.172746666610398752e-01 9.873315374580363679e-01
-8.643226061507800970e-03 -1.092932354864431937e-01 9.939719731059557528e-01
-5.395460570654769805e-02 -3.770390097434800913e-01 9.246245106283621507e-01
-7.834371279986782066e-02 -6.627712007596445742e-01 7.447124264495789125e-01
-5.455979768112102085e-02 -9.216341860378622908e-01 3.842052258928321806e-01
5.573050633990087044e-02 -9.769832952079877675e-01 -2.059071430225246080e-01
2.354075082478329362e-01 -5.114873868518021727e-01 -8.264163346353149420e-01
3.189575041318102877e-01 4.345821968789957968e-01 -8.422614942604520483e-01
3.028365103476634013e-01 9.197481824187760946e-01 -2.497064855741537859e-01
2.534819291615441061e-01 9.068233490544268527e-01 3.367763726842189498e-01
1.838959690073450337e-01 6.790776200729594647e-01 7.106587496815157667e-01
1.117164795382028231e-01 4.089678438377443159e-01 9.056846752078034912e-01
4.704686232995984596e-02 1.470815398721375400e-01 9.880048650557267109e-01
-7.441877495253863828e-02 -8.829430482672305514e-02 9.933106068444679249e-01
-1.532717807398649712e-01 -3.379387433602388247e-01 9.286038805459253531e-01
-2.612262043381355370e-01 -5.943445392525562587e-01 7.606020239440184350e-01
-3.973201621713203791e-01 -8.124183986056368045e-01 4.267470378798330355e-01
-5.447323285988675545e-01 -8.314023800972930589e-01 -1.097122260635449709e-01
-6.488170866766089784e-01 -3.835158892718721346e-01 -6.572305156582846086e-01
-5.648758660890103034e-01 4.772836845783816617e-01 -6.731385744001656679e-01
-3.104594469705039272e-01 9.387565326234897922e-01 -1.495028569744331071e-01
-1.094033546731549983e-01 9.167606082101635856e-01 3.841625869607190880e-01
-1.633438163109268357e-02 6.851423604612832952e-01 7.282260184024321736e-01
1.740710743855818218e-03 4.154055982293089477e-01 9.096346293352659540e-01
-2.223355429734403740e-02 1.580555487287695626e-01 9.871798785324793490e-01
-1.207148524041563864e-01 -5.705502339837305315e-02 9.910462394430182842e-01
-2.131227207455862749e-01 -2.546233510038753423e-01 9.432633010064589429e-01
-3.621168341130228119e-01 -4.379464050343119808e-01 8.228452738938719646e-01
-5.727974504502696407e-01 -5.613898491753811504e-01 5.972809372485567980e-01
-8.177120861563260679e-01 -5.101674487996272767e-01 2.666010471457267439e-01
-9.874606152489932009e-01 -1.544566910104748225e-01 -3.262918837790274029e-02
-9.142089753055221424e-01 4.024895549547684581e-01 -4.716044553572418946e-02
-6.261533248510710026e-01 7.433606153055500876e-01 2.352594512245740899e-01
-3.404625302293779465e-01 7.516667311404994223e-01 5.648737830758058243e-01
-1.635388377307224195e-01 5.806720586243878657e-01 7.975431078547298158e-01
-8.640821822075768488e-02 3.626739434923654248e-01 9.279015198476775472e-01
-7.782474887739201930e-02 1.476030667707155242e-01 9.859800419592693599e-01
-1.352524230977764641e-01 -2.806121630176607734e-02 9.904137267757621155e-01
-2.181295641749280145e-01 -1.652894694323919222e-01 9.618206093277651414e-01
-3.553215571664803951e-01 -2.747822917332854997e-01 8.934434974650665717e-01
-5.431697413359124482e-01 -3.211774132178434882e-01 7.757652359675483167e-01
-7.449840333186245056e-01 -2.451972061182084717e-01 6.203846550424618744e-01
-8.701118317947299508e-01 -1.083107173522964914e-02 4.927353123695518144e-01
-8.213687866385527281e-01 3.016236658191417397e-01 4.841244473828016925e-01
-6.163463690499395575e-01 5.078127981915171452e-01 6.018665261932248933e-01
-3.834308036032355038e-01 5.303942628006512727e-01 7.560838213030955934e-01
-2.148330848931832293e-01 4.289515458458130204e-01 8.774094351850703077e-01
-1.263883515511251276e-01 2.798021088811936674e-01 9.517020355435863443e-01
-1.038007131542438150e-01 1.226871119087309392e-01 9.870021704738933810e-01
-1.176629821930595260e-01 -9.996114587856579775e-03 9.930032730633535643e-01
-1.783838821012649067e-01 -9.890679470824692565e-02 9.789773422133010161e-01
-2.765217421151991983e-01 -1.588006514533772673e-01 9.477964334368029764e-01
-4.034189437755129060e-01 -1.681053974739219192e-01 8.994407880139699829e-01
-5.296262166115598413e-01 -1.036464130797520311e-01 8.418749858104519479e-01
-6.014642587747092151e-01 3.583201911862800293e-02 7.980957410126466867e-01
-5.720004781150692663e-01 2.025992487872863568e-01 7.948389757849818604e-01
-4.510056092600625566e-01 3.174473222670731176e-01 8.341589404912380656e-01
-3.029804049851466119e-01 3.402158436205546810e-01 8.902000078322799270e-01
-1.848834239042631555e-01 2.885532604707424231e-01 9.394440565765924678e-01
-1.166360773543825419e-01 1.976319218493392260e-01 9.733127189786181521e-01
-9.611779729836020247e-02 9.294407880147646794e-02 9.910210730647329713e-01
-7.518428215184910779e-02 -5.181056740329624717e-03 9.971561965752333556e-01
-1.119006230659501250e-01 -6.507540869414873974e-02 9.915863259146027175e-01
-1.667966185142975011e-01 -1.008134977265430360e-01 9.808239019968857386e-01
-2.326220387504844000e-01 -1.000500358903343712e-01 9.674073482281732028e-01
-2.929625830261913255e-01 -5.560048639657475672e-02 9.545058988079113682e-01
-3.230965433976449863e-01 2.592086285725267794e-02 9.460109579245019606e-01
-3.043077467320512430e-01 1.182680863736594590e-01 9.452033934685016847e-01
-2.426399670029124600e-01 1.859275240341224933e-01 9.521327650172192181e-01
-1.670081095486183609e-01 2.080002669297056073e-01 9.637656251922180894e-01
-1.050201306269178958e-01 1.862923442978604849e-01 9.768653615617306496e-01
-6.903563951766934770e-02 1.339950802864171286e-01 9.885744276155331578e-01
-5.996991694476794255e-02 6.561509453242925227e-02 9.960412985570519240e-01
-1.883089565601833021e-02 -1.208096415184049637e-02 9.997496925100641807e-01
-3.475554457555550536e-02 -6.249143571299279470e-02 9.974401599012368003e-01
-5.058316179112837957e-02 -9.393975688143066383e-02 9.942920425208656710e-01
-6.310157405602927205e-02 -9.710586382139183015e-02 9.932716861781287765e-01
-6.848088509721943218e-02 -6.842374079094409867e-02 9.953032503073927506e-01
-6.343184915398432377e-02 -1.352239260289032213e-02 9.978945562589059959e-01
-4.789441975036473620e-02 5.141284310159751486e-02 9.975283675770694192e-01
-2.693807560170223547e-02 1.052134431919611174e-01 9.940847405802816228e-01
-8.595463235224873669e-03 1.322812088335030278e-01 9.911749592283282118e-01
1.416635884596441092e-03 1.278034871773619519e-01 9.917984985913512741e-01
1.817997084809042617e-03 9.568437357943936072e-02 9.954100640134847522e-01
-5.743112388337467955e-03 4.502808326543864675e-02 9.989692129277704113e-01
4.745189638685110012e-02 -1.314852805528790407e-02 9.987869811622768212e-01
7.334054193209214867e-02 -7.119480582438714178e-02 9.947625166504382443e-01
1.119226751422452704e-01 -1.086189879483854398e-01 9.877627398551181992e-01
1.578465431480736980e-01 -1.137395310604053106e-01 9.808913231802880439e-01
1.998322914422539232e-01 -8.028295670831274433e-02 9.765355611338796260e-01
2.212922793548570688e-01 -1.377258674821790589e-02 9.751102722011587565e-01
2.099081677864745310e-01 6.519153790989970498e-02 9.755452959660233514e-01
1.690553669508462198e-01 1.291339265588974661e-01 9.771103888080089339e-01
1.165454129485912066e-01 1.588186246856591044e-01 9.804049220468004089e-01
7.144135904731367670e-02 1.503890957969699627e-01 9.860422161767981031e-01
4.418695685794730987e-02 1.109612144683667367e-01 9.928419419662777301e-01
3.687521053973323581e-02 5.210499276132471436e-02 9.979605646402113228e-01
9.857313349711484263e-02 -1.642793321775500373e-02 9.949942011704355771e-01
1.465919482167235555e-01 -1.002758748612628120e-01 9.841013919504663088e-01
2.292385478190336057e-01 -1.600338624436083157e-01 9.601243935372084648e-01
3.385087712313202823e-01 -1.753097477299291329e-01 9.244881308866865766e-01
4.487700449701592098e-01 -1.268785724312340712e-01 8.845944124825038113e-01
5.158093840930043639e-01 -1.649657209860138501e-02 8.565445361396171187e-01
5.031324831520203045e-01 1.178012860224081221e-01 8.561428393724881403e-01
4.144369313698319512e-01 2.202918125737427235e-01 8.830138997941808787e-01
2.924144038881956176e-01 2.568436042685124376e-01 9.211542646837305170e-01
1.841588006580839598e-01 2.305058244158804392e-01 9.554855315757075918e-01
1.142120342070818972e-01 1.632434410964456184e-01 9.799526469076494939e-01
8.684352245372267687e-02 7.584256540462963603e-02 9.933308149255852815e-01
1.278698670861338205e-01 -3.297941489731749665e-02 9.912424805689060703e-01
1.967492390309558414e-01 -1.645072430881802938e-01 9.665542426125260933e-01
3.222232581142571162e-01 -2.709833481739790662e-01 9.070502725553030166e-01
4.986924510069197236e-01 -3.152677944642088836e-01 8.074107115231851095e-01
6.868409052148417571e-01 -2.467154016984120235e-01 6.836527491998146688e-01
8.058082687149600298e-01 -5.196162662118612025e-02 5.898923829220952264e-01
7.865894569808997705e-01 1.950491144587452319e-01 5.858607932908628246e-01
6.369067848680021182e-01 3.749240094568683235e-01 6.736332344249905679e-01
4.353674237623885168e-01 4.227510203224679186e-01 7.948187096079233349e-01
2.631349611029994429e-01 3.607433574905067331e-01 8.947760738150102311e-01
1.554865798030478641e-01 2.429213492423276943e-01 9.575035987313152974e-01
1.131046962007512396e-01 1.061463452582241951e-01 9.878968980038412839e-01
1.259613624138609111e-01 -6.135657053500266633e-02 9.901359030108074499e-01
2.061430431089367743e-01 -2.573744629457641597e-01 9.440674931386890956e-01
3.556524297142811264e-01 -4.347487344228913586e-01 8.273481051866744540e-01
5.774265432815610666e-01 -5.341444158617857374e-01 6.174692948784067381e-01
8.264004260163773097e-01 -4.490655777312336783e-01 3.397093504407635578e-01
9.845256822004978536e-01 -1.270889177146606042e-01 1.206548303289292773e-01
9.476374149689599236e-01 2.994655672697777438e-01 1.109220616954550431e-01
7.390141298452826968e-01 5.943987020605174809e-01 3.170935175586815924e-01
4.791444581166129923e-01 6.485735926192637280e-01 5.914159984419177229e-01
2.719740952240414789e-01 5.279969972660158994e-01 8.045180311249476857e-01
1.505692719456983852e-01 3.389127755509320772e-01 9.286910276911732876e-01
1.064742913458842088e-01 1.378067024505459925e-01 9.847195225251036410e-01
8.954209767413495724e-02 -9.429236569138488289e-02 9.915095372796079998e-01
1.604819853307133670e-01 -3.543063672298844002e-01 9.212559527757361311e-01
2.881032150054008700e-01 -6.094372145611753888e-01 7.386357823795276500e-01
4.822450218537852606e-01 -7.822778207755795021e-01 3.943109813584528278e-01
7.081952518135703478e-01 -7.008195956360934176e-01 -8.550660606758506144e-02
8.432273479276435335e-01 -2.428632807548860295e-01 -4.795675828993480327e-01
7.733563647647152539e-01 3.985328423325077973e-01 -4.930431083183908214e-01
5.606738280700008792e-01 8.197209756336405473e-01 -1.170571681855007845e-01
3.360433475551325988e-01 8.715440660205288070e-01 3.570515502673876074e-01
1.743605728147012146e-01 6.852337990075818563e-01 7.071442790162005831e-01
8.844465833196006599e-02 4.241893006009596068e-01 9.012441287843320215e-01
6.474751687648443166e-02 1.616505517838814077e-01 9.847217161037487010e-01
2.621175820410440518e-02 -1.194234601695663561e-01 9.924973455344541229e-01
6.504126374139246325e-02 -4.155548588134070909e-01 9.072396559495579105e-01
1.172064629151618603e-01 -7.190672331113548976e-01 6.849853716077122234e-01
1.862310719724426800e-01 -9.483043368333906598e-01 2.569764047047879418e-01
2.555816704955569674e-01 -8.973566526592320347e-01 -3.597624878094992096e-01
2.614255514125170543e-01 -3.791799897443837719e-01 -8.876256060108156376e-01
1.595411837820319423e-01 4.067367374244144629e-01 -8.995064408367684505e-01
5.896078134470328358e-02 9.170893638772715795e-01 -3.942977617568241278e-01
3.556781682103828026e-03 9.767690216909781231e-01 2.142653204997827521e-01
-1.902085370625021532e-02 7.589886720946957821e-01 6.508259389085416791e-01
-1.921560629227775374e-02 4.612017531511289903e-01 8.870872016691389028e-01
-2.498627724463097811e-03 1.667845608543360725e-01 9.859901962596234748e-01
-4.439672478465520739e-02 -1.262811123042362482e-01 9.910005103447864228e-01
-4.656361381248037140e-02 -4.117300755947780888e-01 9.101154732886326260e-01
-8.868010270865453459e-02 -7.057536827741029972e-01 7.028851816863969093e-01
-1.816582040064446124e-01 -9.342463734786340401e-01 3.068941357522901869e-01
-3.264318076616459785e-01 -9.083759558081412333e-01 -2.613338819525594658e-01
-4.925770592139825932e-01 -4.486400623765128270e-01 -7.457143790801403771e-01
-5.859138793705285231e-01 2.879856728006123801e-01 -7.574755297846537117e-01
-5.157555567887434078e-01 8.034867144619691759e-01 -2.973302966814411197e-01
-3.645512265495753912e-01 8.924863423760968084e-01 2.656511469828593541e-01
-2.278030026695331556e-01 7.037718799004465398e-01 6.729122773706301963e-01
-1.330396451339002639e-01 4.276640082164742118e-01 8.940939262173951407e-01
-7.385728363260811447e-02 1.483402171849106665e-01 9.861745695463581818e-01
-9.880616986173185179e-02 -1.137909224182052925e-01 9.885792668129410599e-01
-1.302956000981344009e-01 -3.479293810118953001e-01 9.284224267130553043e-01
-2.338064444478568926e-01 -5.808184884010699767e-01 7.797335635113595842e-01
-4.238029681630593459e-01 -7.514960724371219092e-01 5.056131893926235632e-01
-6.802731785446234358e-01 -7.218870254391642760e-01 1.269154248127254137e-01
-9.076432840164796456e-01 -3.780128704901326575e-01 -1.824553060987784137e-01
-9.684591784475141685e-01 1.587375072159098455e-01 -1.920656749229588123e-01
-8.197732309121623651e-01 5.640624674584704401e-01 9.902213229605914824e-02
-5.739824587064166206e-01 6.674707308301454090e-01 4.743700671231623200e-01
-3.557266833656690386e-01 5.465131035646620949e-01 7.581437557441113029e-01
-2.082334003971650915e-01 3.381533472714580157e-01 9.177642206406126935e-01
-1.255897080757355233e-01 1.133010289221920153e-01 9.855912449239140338e-01
-1.215916356459040143e-01 -8.952553789513474636e-02 9.885345983856707042e-01
-1.609465244964171093e-01 -2.570614916981215359e-01 9.528985285635162006e-01
-2.724054579719860092e-01 -4.123180176634670957e-01 8.693613280892760198e-01
-4.621129062052309888e-01 -5.114532963140246968e-01 7.244771822549582740e-01
-6.983770223090867146e-01 -4.755153674251013096e-01 5.349342670397072563e-01
-8.868236344069178045e-01 -2.549384491989934443e-01 3.854221433406685438e-01
-9.229549400378510571e-01 7.188943832280386692e-02 3.781350120226624756e-01
-7.892486644843739185e-01 3.326517138096044546e-01 5.161679793527942373e-01
-5.708696506256698555e-01 4.222577443600187830e-01 7.041351001921049013e-01
-3.675912686973779597e-01 3.648607318481604245e-01 8.554258036397631715e-01
-2.242053542065949034e-01 2.334502490650393058e-01 9.461675012155843500e-01
-1.436544226126515167e-01 7.605763228511831786e-02 9.867008885346011393e-01
-1.098915520516349220e-01 -6.251773323597012433e-02 9.919754935575133548e-01
-1.403882304655694746e-01 -1.719339190878892698e-01 9.750537791393067977e-01
-2.239099346921509526e-01 -2.640163783038688705e-01 9.381682648296394422e-01
-3.591977959327305459e-01 -3.118007098164842783e-01 8.796347314397181538e-01
-5.189209648886646820e-01 -2.792806168230048125e-01 8.079129713440544869e-01
-6.409927632822897126e-01 -1.518495279049448254e-01 7.523762345361085790e-01
-6.637865998685372748e-01 2.757079383351328933e-02 7.474136747226124422e-01
-5.787922184146623295e-01 1.774390245097396679e-01 7.959365304367264082e-01
-4.354768814860168202e-01 2.423070371268917222e-01 8.669758851606156336e-01
-2.944392461687419527e-01 2.229399141525034433e-01 9.293026014131575696e-01
-1.889079876443420236e-01 1.493556600787614430e-01 9.705702751509674986e-01
-1.270762338192066021e-01 4.862175156346286442e-02 9.907005380402297279e-01
-7.006795497004951467e-02 -3.871964366049084061e-02 9.967904849470990980e-01
-8.396448061773864602e-02 -1.095766337609812291e-01 9.904256293776648734e-01
-1.276200768139155450e-01 -1.624929362751474093e-01 9.784217708405054115e-01
-1.987457427222472928e-01 -1.822208321078237214e-01 9.629619401075359963e-01
-2.819410217332117830e-01 -1.553623703717003091e-01 9.467691345500094391e-01
-3.464892016114126672e-01 -8.137196970796431450e-02 9.345179697109143868e-01
-3.625169434941264979e-01 1.698362978230769441e-02 9.318224197769962025e-01
-3.246212725192554882e-01 1.021975799370439808e-01 9.403066968191652331e-01
-2.545459832190009597e-01 1.460100095258413944e-01 9.559745914747541651e-01
-1.807587405970273731e-01 1.424304452848859648e-01 9.731597227349741974e-01
-1.213632464240908537e-01 1.010450346671786653e-01 9.874517017993769130e-01
-8.346942976525016655e-02 3.600449801536830668e-02 9.958596941423628612e-01
-1.323907753428443454e-02 -2.142488091557257987e-02 9.996828003440769717e-01
-7.991150046243195720e-03 -7.528452127942303340e-02 9.971300729476881841e-01
-1.082001072470494506e-02 -1.108282260072076669e-01 9.937806758475290492e-01
-2.268144507712287206e-02 -1.178866469634563818e-01 9.927679943052691858e-01
-4.139232693537320956e-02 -9.161259393469309287e-02 9.949340721391888298e-01
-6.083069594514411982e-02 -3.649453553779466453e-02 9.974807142530045523e-01
-7.346899253454157452e-02 3.145278909652348548e-02 9.968013990730707485e-01
-7.523483939831233924e-02 9.003652080123618340e-02 9.930927166496991143e-01
-6.746663485835312224e-02 1.217975506682898029e-01 9.902593649302777745e-01
-5.415476166656574969e-02 1.204167637793830542e-01 9.912452092140242588e-01
-3.891589274790319825e-02 8.935344602721226326e-02 9.952394259547312494e-01
-2.440638930442594681e-02 3.794915924950079122e-02 9.989815761430980157e-01
4.678597308344007583e-02 7.401423671584848353e-03 9.988775158397985576e-01
9.424739419585859146e-02 -3.317182817175468729e-02 9.949960092900242969e-01
1.453571502898050039e-01 -5.201066361435213031e-02 9.880112295566635394e-01
1.905116178582370312e-01 -4.101678266273912216e-02 9.808276846628228851e-01
2.166434361884789217e-01 1.667708780622673874e-03 9.762493740350840499e-01
2.103345493034917690e-01 6.630196556604794900e-02 9.753786068657680497e-01
1.678184584775334609e-01 1.312093198281722994e-01 9.770471223971038954e-01
1.030148698725751183e-01 1.729576528120705392e-01 9.795272262264622665e-01
4.118199777166543785e-02 1.801768315375283369e-01 9.827717702684731771e-01
2.435418215527793487e-03 1.565219459765219701e-01 9.876714783600115677e-01
-6.655432282598141257e-03 1.125979326846467399e-01 9.936183426126677931e-01
1.058398987515105603e-02 5.945242418978145121e-02 9.981750289484604410e-01
9.180910337984637959e-02 2.544008746549832403e-02 9.954516012776959411e-01
1.689449876664219641e-01 -3.144426366454477345e-02 9.851237736573845716e-01
2.689838159124580130e-01 -5.657835977963038970e-02 9.614814589901625741e-01
3.773470203602610207e-01 -3.491681718632695663e-02 9.254134438740266866e-01
4.638743935661412965e-01 4.314689937161245853e-02 8.848496437634121303e-01
4.881218205580481473e-01 1.637343315239918606e-01 8.572795092473913803e-01
4.274734513031604455e-01 2.819333832484444691e-01 8.589412179195157204e-01
3.032745255713136245e-01 3.460072684478581184e-01 8.878645912078768632e-01
1.707291801576209522e-01 3.364770967734779239e-01 9.260856927896218282e-01
7.675657695324000773e-02 2.736973693941850971e-01 9.587482348776996677e-01
3.657581805243381723e-02 1.885712861310319122e-01 9.813781532012636477e-01
4.497848134176449242e-02 1.019425135888852169e-01 9.937729419436820422e-01
1.231939262629082876e-01 2.227809482758193529e-02 9.921325229135449231e-01
2.367314362054165344e-01 -7.256924222364934118e-02 9.688611521757057865e-01
3.937684196732726405e-01 -1.292036911085595041e-01 9.100839729782719267e-01
5.768929951608132711e-01 -1.161755344609778362e-01 8.085157495850441300e-01
7.330501202339400058e-01 2.689510805716630558e-03 6.801693081554297526e-01
7.826529512362635499e-01 2.188502995214246516e-01 5.827168303048781972e-01
6.819601129042617282e-01 4.456619358769536854e-01 5.799274465983470517e-01
4.719745782780281340e-01 5.688151421212580550e-01 6.735646454148854767e-01
2.540850706459932828e-01 5.448894962256339847e-01 7.990846098992070434e-01
1.069331618865507344e-01 4.254301029207014362e-01 8.986515044319568490e-01
4.637813265212795827e-02 2.790511701288220237e-01 9.591556251523586374e-01
5.716401272067488798e-02 1.411888368523082915e-01 9.883309101702300037e-01
1.320499453334754436e-01 -5.077953250556015673e-03 9.912300572158603273e-01
2.786168554720478419e-01 -1.581800403575494840e-01 9.472865050655756569e-01
4.829386636724642967e-01 -2.782184036944893579e-01 8.302799328997385597e-01
7.277210972912014908e-01 -3.091562813738062410e-01 6.122453742122812015e-01
9.340545133167178493e-01 -1.602867606283453206e-01 3.191399701070441464e-01
9.785725211814251256e-01 1.858622281523731046e-01 8.860616758939605930e-02
8.101657968821258660e-01 5.809225178825133673e-01 7.848827797494772884e-02
5.109331477133894905e-01 8.065737545163971234e-01 2.972979937589084742e-01
2.307430828857517102e-01 7.755723543660369979e-01 5.875756571230377201e-01
6.395066584904149365e-02 5.875165004154213610e-01 8.066812716786517790e-01
1.106833663069141035e-02 3.675333915779864791e-01 9.299444596315704636e-01
4.102716924440710095e-02 1.684598388708935246e-01 9.848543313969545521e-01
1.124339748605048817e-01 -5.144029892161901263e-02 9.923268095460945348e-01
2.712620401950882054e-01 -2.698576319700101145e-01 9.239013821922691383e-01
4.784173961596800972e-01 -4.759239619508666141e-01 7.379791172470693272e-01
7.138649157511071097e-01 -5.908700509635049780e-01 3.758583043302893278e-01
8.832413549456066271e-01 -4.514562158391177693e-01 -1.267753686409597291e-01
8.521829909536055014e-01 1.153112099694719381e-02 -5.231167968799006474e-01
6.040959696358548792e-01 5.893018815341815042e-01 -5.364618829795559929e-01
2.787030551920945398e-01 9.474437411641667417e-01 -1.570826672660996515e-01
3.353144184806228223e-02 9.396417216317659582e-01 3.405129621269663009e-01
-7.283868738840432178e-02 7.043303114553935984e-01 7.061255823043601776e-01
-7.121682745149592042e-02 4.252314899797159931e-01 9.022784179051520637e-01
-2.530392318778592730e-03 1.740663364464872243e-01 9.847306777138432610e-01
6.645846546525455145e-02 -1.016096198513123106e-01 9.926020136599039700e-01
2.054799151684048031e-01 -3.652486880643769918e-01 9.079490075602656418e-01
3.520489050731140934e-01 -6.428998314889614596e-01 6.802509647977892371e-01
4.760497075515615628e-01 -8.486695965966782884e-01 2.305137561026661674e-01
4.941367485592035869e-01 -7.705392961043656674e-01 -4.026140420829205091e-01
3.267801304824762831e-01 -2.799737174214144697e-01 -9.026790480980217968e-01
3.028186323634689606e-02 4.022617617098965814e-01 -9.150237613444835993e-01
-2.160348002541768175e-01 8.735426461960688060e-01 -4.361791035295879415e-01
-3.089139738295034188e-01 9.318821653009601302e-01 1.901783025658704829e-01
-2.742244305662442372e-01 7.103230233311690345e-01 6.482608766587178994e-01
-1.794231654587162550e-01 4.210805778420493306e-01 8.890998114165716837e-01
-6.205585661689522192e-02 1.515398568561580339e-01 9.865012632751850585e-01
7.965795635932828439e-03 -1.371599738892234910e-01 9.905168790397343992e-01
1.040689638121621990e-01 -4.030105764041851946e-01 9.092591083279943920e-01
1.562494607634317689e-01 -6.991489253515523750e-01 6.976939774649427717e-01
1.245799101095019235e-01 -9.507735695573721335e-01 2.837418993172320381e-01
-4.328648208627425276e-02 -9.524025146439666356e-01 -3.017544209592438187e-01
-3.352092397992831319e-01 -5.454972548372524210e-01 -7.681585191340519758e-01
-6.177125644592172948e-01 9.909438213675381135e-02 -7.801355594626850909e-01
-7.252684622071493559e-01 6.002533006953907346e-01 -3.371670694654076428e-01
-6.347609869470084432e-01 7.330481976979940084e-01 2.443743630206605677e-01
-4.526419021725728853e-01 5.856035298490182006e-01 6.724461422493237528e-01
-2.712345921261866133e-01 3.467433495983864855e-01 8.978868779214039808e-01
-1.175046383342156636e-01 1.048463616281918864e-01 9.875221012328682102e-01
-4.289123298386830763e-02 -1.475127097251591468e-01 9.881297195220061225e-01
9.257842737104112624e-03 -3.735496680960046501e-01 9.275639804419133494e-01
-1.441691267043141052e-02 -6.288365623024904094e-01 7.774038400604003085e-01
-1.521138119180499015e-01 -8.564587278173814155e-01 4.932948770960229323e-01
-4.222577847899090520e-01 -9.013207241118851298e-01 9.653660171522092381e-02
-7.465069090471410096e-01 -6.278814718192301525e-01 -2.202096548542827881e-01
-9.630312378635145221e-01 -1.420514314569220893e-01 -2.288934811655987112e-01
-9.585783683081792184e-01 2.760610952101171245e-01 7.012691012033799021e-02
-7.679003218763557070e-01 4.409559411941625373e-01 4.646363670525296974e-01
-5.214493322773415818e-01 3.851927057481435157e-01 7.613916031228088466e-01
-3.088812472591550562e-01 2.316169781001292671e-01 9.224673167908922222e-01
-1.501686702933473228e-01 5.036088618790619115e-02 9.873769045327610572e-01
-7.056090429917601103e-02 -1.336616543540005142e-01 9.885118719265997278e-01
-4.707121829968277660e-02 -2.993859595752113023e-01 9.529702763554813716e-01
-1.004351456220509975e-01 -4.822889147478054417e-01 8.702357061367531621e-01
-2.550045238041080964e-01 -6.419327038174320599e-01 7.231148571347917331e-01
-5.048769623102278281e-01 -6.848420639591866754e-01 5.254432418068819555e-01
-7.638375474874773419e-01 -5.299686861794640214e-01 3.683549819366776501e-01
-9.031524074141443759e-01 -2.317194813407332243e-01 3.614163955180310084e-01
-8.606218623425901937e-01 4.948679002061348586e-02 5.068343592056546720e-01
-6.829519215350138284e-01 1.950784097590572974e-01 7.039325869126068502e-01
-4.693698631704834034e-01 2.011293933198705919e-01 8.597900317461495412e-01
-2.862835436980060710e-01 1.243585268919226994e-01 9.500403619831211399e-01
-1.525459252517414599e-01 7.908179867132186791e-03 9.882647425564906607e-01
-6.984636832680884977e-02 -1.031523363803651255e-01 9.922101996708231342e-01
-5.712122739905686059e-02 -2.114859057854875657e-01 9.757104473328643834e-01
-1.026707260434100294e-01 -3.246224267318917889e-01 9.402547538174959030e-01
-2.170346369090516703e-01 -4.166248769574777966e-01 8.827908462835110104e-01
-3.865272326193740504e-01 -4.412094917145285566e-01 8.098955999785729665e-01
-5.515503271798167795e-01 -3.618102600975996452e-01 7.515886988745661412e-01
-6.351481670762033627e-01 -2.026950461309708074e-01 7.453197462389563599e-01
-6.051487588802423323e-01 -3.972420124736977809e-02 7.951207250857977860e-01
-4.917129412735452565e-01 6.285421871827910623e-02 8.684858839229664396e-01
-3.512827354090218845e-01 8.942702674650147843e-02 9.319888661839268451e-01
-2.245429578624741351e-01 5.780009586967738838e-02 9.727484818758894702e-01
-1.283721882407652393e-01 -1.074121458861462472e-02 9.916678917840743290e-01
-4.425291385236376079e-02 -6.441809200975938399e-02 9.969413167470558834e-01
-2.910124073672353678e-02 -1.310924951613220979e-01 9.909429224228918365e-01
-4.930852571335712919e-02 -1.933777192401580081e-01 9.798845477878930232e-01
-1.094644022298076197e-01 -2.365346809120894844e-01 9.654371493630949930e-01
-2.002630856342244581e-01 -2.418899486529797194e-01 9.494124231717759876e-01
-2.911682423145269816e-01 -1.976071315780496829e-01 9.360408517884766244e-01
-3.438914207596722727e-01 -1.153173122750118101e-01 9.319016086570225399e-01
-3.401309268704349464e-01 -2.785942704328408029e-02 9.399653211215046600e-01
-2.906242705820333838e-01 3.325859404182804346e-02 9.562590649353333028e-01
-2.196740647029597759e-01 5.448149745687706075e-02 9.740508568507840748e-01
-1.476132444577525904e-01 3.865482384077957578e-02 9.882894994153196278e-01
-8.642714838971078672e-02 -4.468949542657536800e-03 9.962481500666711121e-01
-2.015612745015923479e-03 -2.508713974053690746e-02 9.996832361928161825e-01
2.494016782432101689e-02 -6.917026521390817750e-02 9.972930674777124027e-01
3.704824094123138067e-02 -1.007462530501763709e-01 9.942221182107856547e-01
2.895949863707197869e-02 -1.113174408471341997e-01 9.933628615979145371e-01
3.421059377452981254e-04 -9.560384726180815029e-02 9.954194027405031120e-01
-4.114126509419840233e-02 -5.507810088745124927e-02 9.976341008150597656e-01
-8.139799139511114112e-02 -1.111237521248397255e-03 9.966810583872480755e-01
-1.072205563871958117e-01 4.833669223649332547e-02 9.930595734756787474e-01
-1.126122029202522162e-01 7.792734806423461114e-02 9.905785280214641775e-01
-9.892964155156759587e-02 8.118133854278157535e-02 9.917774530078786732e-01
-7.142400107843364931e-02 6.000059284623889683e-02 9.956397646377888044e-01
-3.666868958892616215e-02 2.142762682950789810e-02 9.990977249560032414e-01
