1.000000000000000000e+00 0.000000000000000000e+00 0.000000000000000000e+00
1.000000000000000000e+00 -3.263463933383139218e-13 -8.987545989025028744e-12
1.000000000000000000e+00 -1.040621034801967119e-12 -4.951683654570632364e-12
1.000000000000000000e+00 -3.796650785331836864e-12 -5.711963487791767182e-12
1.000000000000000000e+00 7.364229055003871870e-12 -1.828595172057587360e-11
1.000000000000000000e+00 7.643775449661027775e-12 -2.957063130798169871e-11
1.000000000000000000e+00 2.619077529646152704e-13 -3.211669094339111033e-11
1.000000000000000000e+00 -9.275279276656681633e-12 -2.465767973565789205e-11
1.000000000000000000e+00 -4.920020395683200151e-12 -1.462512106850037422e-11
1.000000000000000000e+00 9.348993342790297867e-12 -1.039013793043833489e-11
1.000000000000000000e+00 4.584990855047077970e-12 -9.943349613240528004e-12
1.000000000000000000e+00 5.245710434524586626e-12 -7.329795349724809239e-12
1.000000000000000000e+00 1.845636562026410498e-11 -8.550459488002781628e-12
1.000000000000000000e+00 2.581062141827217995e-11 -8.108527284658552234e-12
1.000000000000000000e+00 3.775969797038506080e-11 -6.209370296980859626e-13
1.000000000000000000e+00 5.250024007795133853e-11 -4.684976067752797874e-12
1.000000000000000000e+00 5.009277706377370472e-11 -1.685137930193830716e-11
1.000000000000000000e+00 3.199429824615973211e-11 -1.867985494720929522e-11
1.000000000000000000e+00 2.702519914988324668e-11 -1.308750536494555058e-11
1.000000000000000000e+00 3.238887330558790532e-11 -4.190613778622330744e-12
1.000000000000000000e+00 4.322782254070150171e-11 -3.706529635606231130e-12
1.000000000000000000e+00 5.434933004883537275e-11 -1.393725452472173410e-12
1.000000000000000000e+00 6.878235676606748489e-11 3.490457088601854445e-13
1.000000000000000000e+00 8.946852037990828816e-11 1.185888239495578177e-12
1.000000000000000000e+00 9.002791247686668416e-11 -6.943246456563497917e-12
1.000000000000000000e+00 8.823779371896010399e-11 -1.530733314698525965e-11
1.000000000000000000e+00 9.876041238598402775e-11 -1.317595219593255529e-11
1.000000000000000000e+00 1.226826095992285157e-10 -1.403198013349223908e-11
1.000000000000000000e+00 1.550917613985368143e-10 -1.241169382641413814e-11
1.000000000000000000e+00 1.720313440627346958e-10 -1.249987956763974651e-11
1.000000000000000000e+00 1.932539491905892405e-10 -1.715673282224611435e-11
1.000000000000000000e+00 2.323375007137097342e-10 -8.971874412774504350e-12
1.000000000000000000e+00 2.583408932917095614e-10 -6.090031408431624500e-12
1.000000000000000000e+00 2.778126115617289801e-10 -1.982950181981742277e-11
1.000000000000000000e+00 3.089490057255512549e-10 -2.576979499410728149e-11
1.000000000000000000e+00 3.530112103167849632e-10 -2.609585186205471348e-11
1.000000000000000000e+00 4.009830624808543246e-10 -2.405636881687394785e-11
1.000000000000000000e+00 4.490921669179358904e-10 -2.784655849016184982e-11
1.000000000000000000e+00 4.890892311722370366e-10 -3.619271609233750354e-11
1.000000000000000000e+00 5.361901777549039786e-10 -4.583615606983347372e-11
1.000000000000000000e+00 5.961278285831960916e-10 -4.632598803973192824e-11
1.000000000000000000e+00 6.708100950000627540e-10 -4.881059236064687923e-11
1.000000000000000000e+00 7.429765641265759107e-10 -5.474073436477254306e-11
1.000000000000000000e+00 8.266508494788104493e-10 -5.937567757283118041e-11
1.000000000000000000e+00 9.191497204542485794e-10 -5.793989732067142888e-11
1.000000000000000000e+00 1.031158459303952898e-09 -6.103473440211161206e-11
1.000000000000000000e+00 1.155381982170013341e-09 -6.597879314294246676e-11
1.000000000000000000e+00 1.299851584312265642e-09 -7.115606690075958846e-11
1.000000000000000000e+00 1.455592111402352614e-09 -6.905970704325437027e-11
1.000000000000000000e+00 1.622014282257940965e-09 -7.847749458064761004e-11
1.000000000000000000e+00 1.812475888266429638e-09 -9.656324504220837031e-11
1.000000000000000000e+00 2.031897530768250552e-09 -1.123360641500709835e-10
1.000000000000000000e+00 2.262454281542802497e-09 -1.173252566636297366e-10
1.000000000000000000e+00 2.512485728294158031e-09 -1.330334953206476849e-10
1.000000000000000000e+00 2.794169897991026083e-09 -1.534827987962893417e-10
1.000000000000000000e+00 3.121072451786224374e-09 -1.684156541485524456e-10
1.000000000000000000e+00 3.482509345085338652e-09 -1.799879218981930072e-10
1.000000000000000000e+00 3.892212096515378411e-09 -1.825433541130928131e-10
1.000000000000000000e+00 4.333337629901894145e-09 -1.910240523366807231e-10
1.000000000000000000e+00 4.831292934951069492e-09 -2.093134199953020105e-10
1.000000000000000000e+00 5.376143503875717419e-09 -2.289932293559684123e-10
1.000000000000000000e+00 5.980171268184686912e-09 -2.642416121896630892e-10
1.000000000000000000e+00 6.655088258241606466e-09 -2.931221640233130518e-10
1.000000000000000000e+00 7.405720676258107126e-09 -3.219687976809545943e-10
1.000000000000000000e+00 8.243439220772178541e-09 -3.349938403408277174e-10
1.000000000000000000e+00 9.173123760083435288e-09 -3.453004964671264320e-10
1.000000000000000000e+00 1.020464398327379431e-08 -3.553549348018464334e-10
1.000000000000000000e+00 1.135392029319920525e-08 -3.761499827418103944e-10
1.000000000000000000e+00 1.262003461018125922e-08 -4.041780139649192163e-10
1.000000000000000000e+00 1.402714708027483874e-08 -4.467224037937519247e-10
1.000000000000000000e+00 1.559158254819894659e-08 -4.912020903775768516e-10
1.000000000000000000e+00 1.732151819988058801e-08 -5.186910504432047354e-10
1.000000000000000000e+00 1.924355478484356682e-08 -5.616480421518548132e-10
1.000000000000000000e+00 2.138123794443783930e-08 -6.043664475711696866e-10
1.000000000000000000e+00 2.375716546437243475e-08 -6.501450211370579986e-10
1.000000000000000000e+00 2.638889334461682157e-08 -7.138032507012362204e-10
1.000000000000000000e+00 2.930648365664744574e-08 -7.771787330460419687e-10
1.000000000000000000e+00 3.255250288455573966e-08 -8.397919809576109507e-10
1.000000000000000000e+00 3.614758976337015161e-08 -9.023045840569600558e-10
1.000000000000000000e+00 4.011956077659875959e-08 -9.698242726693898641e-10
1.000000000000000000e+00 4.452551891879575206e-08 -1.047247850840938089e-09
1.000000000000000000e+00 4.941872193095149350e-08 -1.120086011115884654e-09
1.000000000000000000e+00 5.484376360860547957e-08 -1.208160105556187812e-09
1.000000000000000000e+00 6.086415240163829129e-08 -1.300906536409774857e-09
1.000000000000000000e+00 6.752027132624542231e-08 -1.391160362597799315e-09
1.000000000000000000e+00 7.488198486864506236e-08 -1.476231204159050832e-09
1.000000000000000000e+00 8.304145252486022765e-08 -1.579151246643576377e-09
1.000000000000000000e+00 9.209084930822363824e-08 -1.703829579359761471e-09
1.000000000000000000e+00 1.021253154942228276e-07 -1.841758043722627098e-09
1.000000000000000000e+00 1.132309041228705058e-07 -1.981579743882814928e-09
1.000000000000000000e+00 1.255235928387225037e-07 -2.117397168301665601e-09
1.000000000000000000e+00 1.391474938816638465e-07 -2.260080554947619209e-09
1.000000000000000000e+00 1.542366482542977934e-07 -2.421907610405149618e-09
1.000000000000000000e+00 1.709454738615718923e-07 -2.594887876377179273e-09
1.000000000000000000e+00 1.894453594076722644e-07 -2.763474786822164208e-09
1.000000000000000000e+00 2.099169954418783956e-07 -2.947254056011887254e-09
1.000000000000000000e+00 2.325749677832508262e-07 -3.147702071894240000e-09
1.000000000000000000e+00 2.576594837466071557e-07 -3.362919056933105616e-09
1.000000000000000000e+00 2.854286733475629095e-07 -3.578385649948360712e-09
1.000000000000090594e+00 3.161721946046344809e-07 -3.805786641908239779e-09
1.000000000000090150e+00 3.501991995450841298e-07 -4.059231068948276104e-09
1.000000000000035305e+00 3.878638238644131415e-07 -4.349451078886249242e-09
1.000000000000090594e+00 4.295156948557727866e-07 -4.630558149850613676e-09
1.000000000000000000e+00 4.756221300169008126e-07 -4.919632824215562673e-09
1.000000000000041522e+00 5.266402967890286848e-07 -5.235721583879608385e-09
1.000000000000090150e+00 5.830861179368902374e-07 -5.578875333519532895e-09
1.000000000000029088e+00 6.455368029916890108e-07 -5.934963364799653903e-09
1.000000000000072387e+00 7.146254197735065629e-07 -6.311589018898675081e-09
1.000000000000015321e+00 7.910600454057978632e-07 -6.712115040257373536e-09
1.000000000000082823e+00 8.756069430254519820e-07 -7.138176982998007401e-09
1.000000000000011990e+00 9.691335462450026872e-07 -7.585878706522453411e-09
9.999999999999940048e-01 1.072588397796078893e-06 -8.059326722649839169e-09
1.000000000000017097e+00 1.186998903643020369e-06 -8.553484368707004149e-09
1.000000000000087486e+00 1.313541839570544078e-06 -9.073120649093192494e-09
1.000000000000028200e+00 1.453513830634814897e-06 -9.616646556288600917e-09
1.000000000000039302e+00 1.608318205157618635e-06 -1.019449027971805014e-08
1.000000000000084821e+00 1.779509256594679788e-06 -1.081150052226576555e-08
9.999999999999535927e-01 1.968821786431299162e-06 -1.146084948396364884e-08
1.000000000000071720e+00 2.178168397307841615e-06 -1.213305518000940661e-08
1.000000000000020872e+00 2.409670369449254383e-06 -1.283736226647642027e-08
1.000000000000077272e+00 2.665654584446157826e-06 -1.359017381870111476e-08
1.000000000000074163e+00 2.948699118660493645e-06 -1.437172528978509834e-08
1.000000000000027089e+00 3.261671956068648167e-06 -1.520082939285454269e-08
1.000000000000066169e+00 3.607716187595330490e-06 -1.608627383905865178e-08
1.000000000000059952e+00 3.990330043139529588e-06 -1.703061330891839295e-08
1.000000000000281775e+00 4.413353999751362757e-06 -1.800555842337987695e-08
1.000000000000349054e+00 4.881035703405067210e-06 -1.902155938807863831e-08
1.000000000000438538e+00 5.398097762500254447e-06 -2.009474474320826100e-08
1.000000000000403011e+00 5.969726905654387450e-06 -2.121888145030721724e-08
1.000000000000445199e+00 6.601665150606710049e-06 -2.238810353570673669e-08
1.000000000000531131e+00 7.300281121215962727e-06 -2.362248269183205935e-08
1.000000000000706102e+00 8.072583827982124008e-06 -2.492735928928073107e-08
1.000000000000912159e+00 8.926335485484587824e-06 -2.630216202206370436e-08
1.000000000001055600e+00 9.870116381467170622e-06 -2.774396714453875716e-08
9.999999999014357321e-01 1.091340821073936607e-05 -2.926615646440169081e-08
9.999999999017284980e-01 1.206667429609708518e-05 -3.086211407098730869e-08
9.999999999020836583e-01 1.334148779227910821e-05 -3.253345067246108676e-08
9.999999999026099040e-01 1.475062221067373568e-05 -3.430437729386279978e-08
9.999999999031475850e-01 1.630822770955592680e-05 -3.616434503794411761e-08
9.999999998038163751e-01 1.802992582331040044e-05 -3.812110903766796481e-08
9.999999998046763539e-01 1.993299165264163613e-05 -4.018323518167352775e-08
9.999999998056835482e-01 2.203649851267833570e-05 -4.234591053855919670e-08
9.999999997069902724e-01 2.436153975739190154e-05 -4.461809482006613112e-08
9.999999996085594534e-01 2.693140601799212577e-05 -4.701113090976354390e-08
9.999999995105689488e-01 2.977184767429235857e-05 -4.952933126180357970e-08
9.999999994129433745e-01 3.291133298777241677e-05 -5.218908775182789612e-08
9.999999993158540379e-01 3.638130646483148805e-05 -5.500349765420562139e-08
9.999999992193867593e-01 4.021653768442834897e-05 -5.795852162137723497e-08
9.999999990237221636e-01 4.445545896859420300e-05 -6.107966618184501127e-08
9.999999988289883790e-01 4.914051334115463929e-05 -6.438048890143581691e-08
9.999999985354804943e-01 5.431861222296330174e-05 -6.787323564294415090e-08
9.999999982434076840e-01 6.004159280220274192e-05 -7.156809191831873245e-08
9.999999977530571460e-01 6.636678439974304298e-05 -7.548375486592660988e-08
9.999999972648574431e-01 7.335750494578502324e-05 -7.963182168865100163e-08
9.999999966794075323e-01 8.108370672183300122e-05 -8.404333273560711980e-08
9.999999959970904406e-01 8.962275349995572524e-05 -8.871933516135305259e-08
9.999999951187323877e-01 9.906012445973119392e-05 -9.368110098873758458e-08
9.999999940451987923e-01 1.094902725260674245e-04 -9.895756568337730330e-08
9.999999926775496872e-01 1.210175905084229182e-04 -1.045698841839560930e-07
9.999999910170027650e-01 1.337574209889125405e-04 -1.105641520212462254e-07
9.999999890653425982e-01 1.478372502406570272e-04 -1.169547641589288266e-07
9.999999866244604352e-01 1.633979612247297975e-04 -1.237840159675183217e-07
9.999999836965625111e-01 1.805952829958300590e-04 -1.311085654673190321e-07
9.999999800848189402e-01 1.996012835881103942e-04 -1.389349923602909339e-07
9.999999756926000183e-01 2.206061125947068955e-04 -1.473220578521781916e-07
9.999999703243314109e-01 2.438199075871979866e-04 -1.563311939593252274e-07
9.999999636853172946e-01 2.694749243309048554e-04 -1.660179540986260712e-07
9.999999556820529101e-01 2.978278062401627053e-04 -1.764287354479151412e-07
9.999999458224061444e-01 3.291621938027234121e-04 -1.876224844005361451e-07
9.999999338161058571e-01 3.637915564800887620e-04 -1.997139307396040183e-07
9.999999191749228133e-01 4.020622894857577533e-04 -2.127790967133836749e-07
9.999999013133705761e-01 4.443572122673841046e-04 -2.268937582827825473e-07
9.999998794490158049e-01 4.910993923693459393e-04 -2.421702765156654519e-07
9.999998527034565932e-01 5.427563764787972801e-04 -2.587175912615815350e-07
9.999998201030170231e-01 5.998448444712664454e-04 -2.766574876537939543e-07
9.999997802797937485e-01 6.629357929439746088e-04 -2.961140015118120127e-07
9.999997315730816405e-01 7.326602687258100457e-04 -3.172589243500949012e-07
9.999996721309033498e-01 8.097156613452712124e-04 -3.402566441418926364e-07
9.999995996116979313e-01 8.948726300471061823e-04 -3.652906583132706509e-07
9.999995109872037435e-01 9.889828702776010810e-04 -3.925819361444034149e-07
9.999994026447815987e-01 1.092987616425276833e-03 -4.223412187231122717e-07
9.999992704910822816e-01 1.207927053790629852e-03 -4.548216829351424319e-07
9.999991089566261371e-01 1.334950705697683778e-03 -4.903036899369589721e-07
9.999989117005912975e-01 1.475328931591894698e-03 -5.290903203205406444e-07
9.999986708176810124e-01 1.630465637354515515e-03 -5.715210164126813916e-07
9.999983765450863871e-01 1.801912305696657356e-03 -6.179900485749900577e-07
9.999980171734148549e-01 1.991383516274422300e-03 -6.688920130637422990e-07
9.999975782570004190e-01 2.200774065410166392e-03 -7.246828092712962093e-07
9.999970422287075555e-01 2.432177968550411091e-03 -7.858871468467175615e-07
9.999963875172307448e-01 2.687909345172362092e-03 -8.530663288025095826e-07
9.999955879682510540e-01 2.970525550970019076e-03 -9.268283689998725823e-07
9.999946114706367295e-01 3.282852764777093816e-03 -1.007855600065113752e-06
9.999934186872794228e-01 3.628014211235847542e-03 -1.096912538726083195e-06
9.999919620949172527e-01 4.009461410023893932e-03 -1.194840106417802163e-06
9.999901830306781036e-01 4.431008663419840066e-03 -1.302548299480047450e-06
9.999880102485074751e-01 4.896871151232187920e-03 -1.421076438280573430e-06
9.999853565925242993e-01 5.411707032804314796e-03 -1.551572161351492223e-06
9.999821156797524813e-01 5.980663995682642016e-03 -1.695251626852205525e-06
9.999781575069252026e-01 6.609430616182730180e-03 -1.853507379392663616e-06
9.999733232790999349e-01 7.304293245758383159e-03 -2.027882751118590010e-06
9.999674192627794334e-01 8.072198632662220402e-03 -2.220043373162931895e-06
9.999602086831074210e-01 8.920823241422383421e-03 -2.431877027477247748e-06
9.999514023504562088e-01 9.858649809272299058e-03 -2.665463860068171243e-06
9.999406471496570248e-01 1.089505177766105469e-02 -2.923070627922691922e-06
9.999275118879080715e-01 1.204038660567512305e-02 -3.207192591141088891e-06
9.999114699162771069e-01 1.330609872516927070e-02 -3.520593763085838895e-06
9.998918780536419915e-01 1.470483313269647756e-02 -3.866345933620343438e-06
9.998679509142202049e-01 1.625056072236801680e-02 -4.247860165403085024e-06
9.998387291872163907e-01 1.795871658433326190e-02 -4.668993045186801863e-06
9.998030417679494297e-01 1.984635241255259738e-02 -5.134030159368637338e-06
9.997594580179706147e-01 2.193230431196169575e-02 -5.647621335937907654e-06
9.997062315619353878e-01 2.423737738849137888e-02 -6.214728338196918290e-06
9.996412296068228898e-01 2.678454866089440695e-02 -6.840609000358830923e-06
9.995618479327383898e-01 2.959918997597910106e-02 -7.531040416613744453e-06
9.994649072491955666e-01 3.270931262132185241e-02 -8.292634012464671420e-06
9.993465256970925914e-01 3.614583548294010573e-02 -9.133194374618590906e-06
9.992019648072850702e-01 3.994287813996703213e-02 -1.006195215354096600e-05
9.990254399821053566e-01 4.413808040969112445e-02 -1.108949784777457161e-05
9.988098914497226533e-01 4.877294930933697564e-02 -1.222736130428628215e-05
9.985467035239793399e-01 5.389323372863930733e-02 -1.348739826334194210e-05
9.982253640334688427e-01 5.954932712835821207e-02 -1.488116119024931479e-05
9.978330493540664703e-01 6.579669730429477115e-02 -1.641962131161709082e-05
9.973541204413775008e-01 7.269634130138115380e-02 -1.811356813419720655e-05
9.967695111114042161e-01 8.031526173915569389e-02 -1.997470694419016752e-05
9.960559856414034074e-01 8.872695776097053177e-02 -2.201743170188590499e-05
9.951852404580171507e-01 9.801192067906588923e-02 -2.426091689968630133e-05
9.941228189633619650e-01 1.082581179627673945e-01 -2.673095209070527607e-05
9.928268029218428881e-01 1.195614425920893259e-01 -2.946126023194368506e-05
9.912462404826676288e-01 1.320260950040985648e-01 -3.249370866823104005e-05
9.893192643161869970e-01 1.457648516917380566e-01 -3.587720519691734171e-05
9.869708502384795246e-01 1.608991582923461616e-01 -3.966547200341685470e-05
9.841101628763104792e-01 1.775589630942988051e-01 -4.391390746754453365e-05
9.806274365966117790e-01 1.958821794764667723e-01 -4.867586818998701512e-05
9.763903463748039302e-01 2.160136305965836556e-01 -5.399896331146528496e-05
9.712398371561772326e-01 2.381032865674425625e-01 -5.992161839874794439e-05
9.649854102829555913e-01 2.623035521064312481e-01 -6.647048221681124648e-05
9.573999137328401687e-01 2.887653023463043200e-01 -7.365861266974628083e-05
9.482139609421974535e-01 3.176322992593704209e-01 -8.148444384898491735e-05
9.371102217830894476e-01 3.490335573902196842e-01 -8.993151676814648010e-05
9.237179934460442166e-01 3.830731768096833911e-01 -9.896854584061198616e-05
9.076086986092333220e-01 4.198171488523517181e-01 -1.085495171458041193e-04
8.882932539990378018e-01 4.592766931140179199e-01 -1.186136237667177593e-04
8.652226295097948938e-01 5.013878585300211022e-01 -1.290846855683888824e-04
8.377933275557971626e-01 5.459874729752621780e-01 -1.398699764105028646e-04
8.053599056775448961e-01 5.927861331651923527e-01 -1.508585161352313947e-04
7.672569135201943169e-01 6.413398494502230429e-01 -1.619191070306982751e-04
7.228325347389792377e-01 6.910232245316370037e-01 -1.728986548640608161e-04
6.714955468810923644e-01 7.410085672531088186e-01 -1.836211761542187303e-04
6.127756687333080210e-01 7.902568837001795465e-01 -1.938885752787722350e-04
5.463947414530797575e-01 8.375277578294032521e-01 -2.034837941639218971e-04
4.723425604724155735e-01 8.814150331121808346e-01 -2.121771017675958947e-04
3.909470725629767274e-01 9.204131344979322726e-01 -2.197357699121969127e-04
3.029252383327116771e-01 9.530142962973356946e-01 -2.259369137724825526e-04
2.093997687957765974e-01 9.778300893302422914e-01 -2.305824455933392541e-04
1.118697612212706249e-01 9.937228497127734705e-01 -2.335144064959985243e-04
1.213060052393378878e-02 9.999263940312603793e-01 -2.346285742355271205e-04
-8.785080719575004415e-02 9.961336160471884194e-01 -2.338840408839091721e-04
-1.860884073358176349e-01 9.825329771014259528e-01 -2.313071253323200022e-04
-2.807325272240872582e-01 9.597860160723049594e-01 -2.269888833610317726e-04
-3.702032452242094429e-01 9.289507566799546368e-01 -2.210766454234267084e-04
-4.532822796941163301e-01 8.913670003261064956e-01 -2.137611629253232727e-04
-5.291545549399602200e-01 8.485254356128822950e-01 -2.052614111601656324e-04
-5.974017118077807886e-01 8.019421153722228190e-01 -1.958093631402387674e-04
-6.579581681587418629e-01 7.530544564854790845e-01 -1.856365831874084223e-04
-7.110442451243323969e-01 7.031472469379861367e-01 -1.749637626151893531e-04
-7.570906022983725503e-01 6.533098752297601397e-01 -1.639936915665483311e-04
-7.966652122878843389e-01 6.044208105730618508e-01 -1.529074167487682581e-04
-8.304100389143769245e-01 5.571527142997843018e-01 -1.418631031177941906e-04
-8.589907686232483019e-01 5.119910567773117149e-01 -1.309965736697526833e-04
-8.830600569419074786e-01 4.692599720188959656e-01 -1.204230214899837110e-04
-9.032329606975256775e-01 4.291505640234121177e-01 -1.102389818314403387e-04
-9.200723632377594274e-01 3.917484349717345049e-01 -1.005241008487089293e-04
-9.340820022024224345e-01 3.570585454243982992e-01 -9.134242991662602882e-05
-9.457048974156931909e-01 3.250265220805196309e-01 -8.274313882913167969e-05
-9.553253490384672197e-01 2.955562078112287105e-01 -7.476076423262336106e-05
-9.632730880366413562e-01 2.685236549067562817e-01 -6.741507391872177438e-05
-9.698285517595567340e-01 2.437879743755379802e-01 -6.071093599051119157e-05
-9.752285704807196476e-01 2.211995306190055188e-01 -5.463856654421816983e-05
-9.796720071750392167e-01 2.006059718735878628e-01 -4.917428389759952124e-05
-9.833250713776008345e-01 1.818565424155472177e-01 -4.428209539378361183e-05
-9.863261581454118021e-01 1.648050608986023069e-01 -3.991624085685128412e-05
-9.887901497195890066e-01 1.493118834613474388e-01 -3.602433666288824723e-05
-9.908121717750870694e-01 1.352451081986069670e-01 -3.255109009468573394e-05
-9.924708303978800883e-01 1.224812229085430471e-01 -2.944201592850521925e-05
-9.938309726008085487e-01 1.109053524060985008e-01 -2.664679468442758919e-05
-9.949460213951452081e-01 1.004112241604006445e-01 -2.412177862931135099e-05
-9.958599391462048533e-01 9.090094156532332881e-02 -2.183126227174053436e-05
-9.966088696766195465e-01 8.228463064513909242e-02 -1.974755861848314850e-05
-9.972225067219900874e-01 7.448000870437657128e-02 -1.785004885949211564e-05
-9.977252298083449933e-01 6.741190972604552134e-02 -1.612332991602393118e-05
-9.981370452543183447e-01 6.101179116998349528e-02 -1.455515785923797022e-05
-9.984743642923902263e-01 5.521724024831923400e-02 -1.313460187832396112e-05
-9.987506445057601212e-01 4.997149137776241146e-02 -1.185073314519068506e-05
-9.989769183925917284e-01 4.522296320679911052e-02 -1.069210726788984949e-05
-9.991622286069701264e-01 4.092482036832983255e-02 -9.646884710154711979e-06
-9.993139851977100863e-01 3.703456279665789247e-02 -8.703369860167491350e-06
-9.994382600375576464e-01 3.351364401289416706e-02 -7.850694612942593092e-06
-9.995400271172356632e-01 3.032711801380350708e-02 -7.079282269003484778e-06
-9.996233613187928135e-01 2.744331409659398618e-02 -6.380986020657732182e-06
-9.996916000780690092e-01 2.483353831750123586e-02 -5.748923733172794443e-06
-9.997474771592544940e-01 2.247179983005514678e-02 -5.177132210232862599e-06
-9.997932314626409855e-01 2.033456069522805720e-02 -4.660207569065061137e-06
-9.998306962735141745e-01 1.840050753407144676e-02 -4.193134041735799583e-06
-9.998613734176425849e-01 1.665034355196044411e-02 -3.771186557920863555e-06
-9.998864923081050016e-01 1.506659942948724261e-02 -3.389980205996439211e-06
-9.999070600123345365e-01 1.363346155774932712e-02 -3.045534342616355127e-06
-9.999239010271374628e-01 1.233661612535234126e-02 -2.734276830863216609e-06
-9.999376905617561873e-01 1.116310762512998794e-02 -2.453066303768487282e-06
-9.999489814918165465e-01 1.010121054486056748e-02 -2.199092279018471977e-06
-9.999582264859793179e-01 9.140313009696426558e-03 -1.969787131369333662e-06
-9.999657962451914406e-01 8.270811288822468854e-03 -1.762792144851347488e-06
-9.999719943594082006e-01 7.484014173258189684e-03 -1.575975640087218950e-06
-9.999770693953404788e-01 6.772056481009854599e-03 -1.407421711331524194e-06
-9.999812247419787026e-01 6.127820660272027993e-03 -1.255362964464440015e-06
-9.999846271004535492e-01 5.544865771721947147e-03 -1.118239795346096587e-06
-9.999874129477746010e-01 5.017363339655136860e-03 -9.946478419873932743e-07
-9.999896939676782281e-01 4.540039079306639434e-03 -8.832640548011360678e-07
-9.999915616563755938e-01 4.108120262641045024e-03 -7.829294559465243439e-07
-9.999930908138409125e-01 3.717288031014656137e-03 -6.926050989489719978e-07
-9.999943430129146771e-01 3.363634256034684668e-03 -6.113200258761035238e-07
-9.999953681595763477e-01 3.043622509648523638e-03 -5.382092230273980090e-07
-9.999962075419125407e-01 2.754052735761377928e-03 -4.724964794616094131e-07
-9.999968948684807568e-01 2.492029230971762321e-03 -4.134716627308882160e-07
-9.999974576015929761e-01 2.254931726130500729e-03 -3.604804924973104015e-07
-9.999979183835476793e-01 2.040389174443567322e-03 -3.129386198541612737e-07
-9.999982956583948202e-01 1.846256041326433056e-03 -2.703371631362548346e-07
-9.999986045898250353e-01 1.670590911270333507e-03 -2.322015722300223710e-07
-9.999988574751362824e-01 1.511637023771022830e-03 -1.980780737578497039e-07
-9.999990645585029592e-01 1.367804725836747719e-03 -1.675924540252815134e-07
-9.999992341393625361e-01 1.237655571696577713e-03 -1.403939116031316376e-07
-9.999993728813016958e-01 1.119887947497273748e-03 -1.161584443125059729e-07
-9.999994866180027531e-01 1.013324049882031140e-03 -9.459823265395987902e-08
-9.999995796592094921e-01 9.168981025039985369e-04 -7.545545808614317474e-08
-9.999996557946800868e-01 8.296457127375166324e-04 -5.847492424379186625e-08
-9.999997181977522409e-01 7.506942275221429369e-04 -4.345523403474436124e-08
-9.999997693287562273e-01 6.792540284717429877e-04 -3.020193057738176765e-08
-9.999998111369055032e-01 6.146105731224263879e-04 -1.853270935618575298e-08
-9.999998453625165151e-01 5.561172860555021634e-04 -8.308720691561148516e-09
-9.999998734387024468e-01 5.031891187910316138e-04 6.250549339620577884e-10
-9.999998963925088580e-01 4.552966809253660590e-04 8.402751995379180065e-09
-9.999999151460966518e-01 4.119609244210687251e-04 1.514790284186261471e-08
-9.999999305175935049e-01 3.727483720303495095e-04 2.095568279448897929e-08
-9.999999431218541401e-01 3.372667838409702866e-04 2.593664474734596883e-08
-9.999999534710886095e-01 3.051612439313405411e-04 3.019230848952063150e-08
-9.999999618751955754e-01 2.761105729081021819e-04 3.376318263024255496e-08
-9.999999688423791833e-01 2.498241483830821331e-04 3.672371704182924403e-08
-9.999999744793285350e-01 2.260390133917175126e-04 3.915467608735964117e-08
-9.999999790915261588e-01 2.045171986039057350e-04 4.111823295186014256e-08
-9.999999828833897597e-01 1.850433931736087387e-04 4.265888839402221968e-08
-9.999999859586542472e-01 1.674227695787318469e-04 4.380628358958793324e-08
-9.999999885203453287e-01 1.514790307706138852e-04 4.463876670260582768e-08
-9.999999905708373271e-01 1.370526167942538840e-04 4.518205166157075588e-08
-9.999999923122055989e-01 1.239991747109806712e-04 4.545941014668197459e-08
-9.999999937462035193e-01 1.121880800230073760e-04 4.552027285549008881e-08
-9.999999948739439759e-01 1.015011526327319906e-04 4.537711822068300725e-08
-9.999999957966301256e-01 9.183143315046599759e-05 4.505886276772511578e-08
-9.999999965153794079e-01 8.308214476233248059e-05 4.458385490967643735e-08
-9.999999971305802982e-01 7.516570883818605357e-05 4.396999406290748997e-08
-9.999999976431570570e-01 6.800285445732702689e-05 4.325583756568993275e-08
-9.999999981534403171e-01 6.152190300145945080e-05 4.244683702889490161e-08
-9.999999984618356264e-01 5.565798529832953094e-05 4.156149266799155860e-08
-9.999999987687041569e-01 5.035236214731247901e-05 4.060950976411087348e-08
-9.999999989743684203e-01 4.555191640530426624e-05 3.960587238232284238e-08
-9.999999991790047282e-01 4.120858203977042074e-05 3.856203776938617154e-08
-9.999999992828043638e-01 3.727887410251080923e-05 3.748743431204662954e-08
-9.999999993858705860e-01 3.372341775724884691e-05 3.637254538113579693e-08
-9.999999994884324339e-01 3.050658505369464087e-05 3.524690465494259750e-08
-9.999999995904776950e-01 2.759615712476681221e-05 3.411678770286025211e-08
-9.999999996921612455e-01 2.496296621488130322e-05 3.297919710586755803e-08
-9.999999997935978824e-01 2.258062579478649172e-05 3.184203024225802496e-08
-9.999999997947124353e-01 2.042527286688016163e-05 3.070621073658520237e-08
-9.999999997957313980e-01 1.847529592375003803e-05 2.957138244996266194e-08
-9.999999998964348435e-01 1.671115251485893343e-05 2.845161874674211508e-08
-9.999999998971704773e-01 1.511514345803680296e-05 2.734862431810154731e-08
-9.999999998976498716e-01 1.367126338897843364e-05 2.626009536757427732e-08
-9.999999998979924865e-01 1.236501243826399709e-05 2.520543242728880610e-08
-9.999999998984873129e-01 1.118330036786408996e-05 2.416867550947107940e-08
-9.999999999986383115e-01 1.011426994030827562e-05 2.315026250728858762e-08
-9.999999999990240029e-01 9.147200818342558402e-06 2.216319990180541817e-08
-9.999999999990780708e-01 8.272379996704615847e-06 2.119943070200837476e-08
-9.999999999992901234e-01 7.481016139896427911e-06 2.026444663804992644e-08
-9.999999999994274580e-01 6.765153922375852631e-06 1.936348437793430697e-08
-9.999999999996089795e-01 6.117612965853711810e-06 1.849731562873665962e-08
-9.999999999995792255e-01 5.531869276535935815e-06 1.764801622358234567e-08
-9.999999999997761790e-01 5.002035489692900920e-06 1.682098802753768468e-08
-9.999999999998712141e-01 4.522799366954865063e-06 1.602734600022468836e-08
-9.999999999996079803e-01 4.089323349968985216e-06 1.525578462335613471e-08
-9.999999999996984634e-01 3.697251235239098743e-06 1.449288154722345141e-08
-9.999999999997342126e-01 3.342650166926445308e-06 1.376726337041768505e-08
-9.999999999998853140e-01 3.021936455866561740e-06 1.308239402499443761e-08
-9.999999999999500400e-01 2.731889588453758912e-06 1.243350607443439209e-08
-1.000000000000037970e+00 2.469572278374563960e-06 1.179989433341591217e-08
-1.000000000000061284e+00 2.232339958400616193e-06 1.120195410352908030e-08
-9.999999999999977796e-01 2.017809436752267649e-06 1.062810060118588078e-08
-1.000000000000045519e+00 1.823808562448056655e-06 1.006732233404256542e-08
-1.000000000000060618e+00 1.648377355157627201e-06 9.527834234046695555e-09
-9.999999999999962252e-01 1.489737154137549677e-06 9.018829899620562262e-09
-1.000000000000087486e+00 1.346292751753142303e-06 8.538529671113910220e-09
-1.000000000000032196e+00 1.216608734634368438e-06 8.076559033759441270e-09
-1.000000000000001110e+00 1.099361023588278117e-06 7.634356541908846219e-09
-1.000000000000018874e+00 9.933401980365096644e-07 7.207350269886175085e-09
-1.000000000000082601e+00 8.974903537660933723e-07 6.801046513430930698e-09
-1.000000000000020650e+00 8.108431695843149131e-07 6.411896163557723266e-09
-1.000000000000081046e+00 7.325090724393351924e-07 6.043897524829868202e-09
-1.000000000000037748e+00 6.617021189737383917e-07 5.696627755711434916e-09
-1.000000000000090150e+00 5.976978691994219539e-07 5.367957785964886019e-09
-1.000000000000056177e+00 5.398472075466160231e-07 5.048604215728715078e-09
-1.000000000000000000e+00 4.875586119619880206e-07 4.751707234331346599e-09
-1.000000000000033085e+00 4.403011515692547771e-07 4.481334269421771045e-09
-1.000000000000034861e+00 3.976117062171741318e-07 4.221340517839958517e-09
-1.000000000000090150e+00 3.590102447101799731e-07 3.947232795547363990e-09
-1.000000000000090594e+00 3.241328837026038842e-07 3.703512090083452358e-09
-1.000000000000001998e+00 2.926203407698396567e-07 3.486735732113731533e-09
-1.000000000000000000e+00 2.641557306129775472e-07 3.283708848475372615e-09
-1.000000000000000000e+00 2.384430371863560512e-07 3.079543498336769099e-09
-1.000000000000000000e+00 2.152180206924511367e-07 2.886918675632479859e-09
-1.000000000000000000e+00 1.942352884688938329e-07 2.709499545989346622e-09
-1.000000000000000000e+00 1.752730980114041294e-07 2.548781826636603854e-09
-1.000000000000000000e+00 1.581452453214868880e-07 2.383610205931791028e-09
-1.000000000000000000e+00 1.426770279681466610e-07 2.225944216029521943e-09
-1.000000000000000000e+00 1.287094329299945537e-07 2.086884005063003131e-09
-1.000000000000000000e+00 1.161070682402365603e-07 1.956787516131843242e-09
-1.000000000000000000e+00 1.047239441495537260e-07 1.822925683257005070e-09
-1.000000000000000000e+00 9.443702569390843396e-08 1.688541519646603825e-09
-1.000000000000000000e+00 8.515724910234503500e-08 1.564474139947109774e-09
-1.000000000000000000e+00 7.679008900247939115e-08 1.460810367034018222e-09
-1.000000000000000000e+00 6.924328053825538788e-08 1.377608224134884693e-09
-1.000000000000000000e+00 6.242233085119567151e-08 1.291532265317252968e-09
-1.000000000000000000e+00 5.625092626130871940e-08 1.201776824965449681e-09
-1.000000000000000000e+00 5.068745941076076617e-08 1.114162105777625231e-09
-1.000000000000000000e+00 4.566901345786638373e-08 1.042462113492843163e-09
-1.000000000000000000e+00 4.114968834835435094e-08 9.667205588490709873e-10
-1.000000000000000000e+00 3.707780155106849400e-08 8.994214512218692516e-10
-1.000000000000000000e+00 3.339357985762589753e-08 8.380049301621203082e-10
-1.000000000000000000e+00 3.006450489184693157e-08 7.771224212108482047e-10
-1.000000000000000000e+00 2.707136205796909287e-08 7.155342224953751826e-10
-1.000000000000000000e+00 2.437295332341052418e-08 6.512613777688126759e-10
-1.000000000000000000e+00 2.193634682795088294e-08 6.040628742872461425e-10
-1.000000000000000000e+00 1.974292757379866723e-08 5.620842428996219293e-10
-1.000000000000000000e+00 1.777065054491852467e-08 5.182699620822928143e-10
-1.000000000000000000e+00 1.599666817141151739e-08 4.916310830697573539e-10
-1.000000000000000000e+00 1.439264811329748477e-08 4.498961579864256921e-10
-1.000000000000000000e+00 1.294881912391364518e-08 4.063703547385847082e-10
-1.000000000000000000e+00 1.165088213748777908e-08 3.763692041877894322e-10
-1.000000000000000000e+00 1.047279719135219107e-08 3.538934733645559575e-10
-1.000000000000000000e+00 9.414291680668735617e-09 3.429600421768790636e-10
-1.000000000000000000e+00 8.460781794909067674e-09 3.332816401071222949e-10
-1.000000000000000000e+00 7.601139626265109840e-09 3.228490183158854032e-10
-1.000000000000000000e+00 6.830549044556510773e-09 2.964142870903894508e-10
-1.000000000000000000e+00 6.137621619053625895e-09 2.688599463542599470e-10
-1.000000000000000000e+00 5.517490958767469326e-09 2.330005748615744772e-10
-1.000000000000000000e+00 4.959526827558850506e-09 2.115458742696470166e-10
-1.000000000000000000e+00 4.448822285147404922e-09 1.921480193533714579e-10
-1.000000000000000000e+00 3.996764733691998177e-09 1.818790669053580857e-10
-1.000000000000000000e+00 3.577344671157585391e-09 1.796841196870039232e-10
-1.000000000000000000e+00 3.205880885390930324e-09 1.697591270360681352e-10
-1.000000000000000000e+00 2.869276603681243646e-09 1.561820829442039189e-10
-1.000000000000000000e+00 2.578079772521144209e-09 1.362208970768576837e-10
-1.000000000000000000e+00 2.321492191754372788e-09 1.187757884612320588e-10
-1.000000000000000000e+00 2.087084572379145649e-09 1.136058136494705667e-10
-1.000000000000000000e+00 1.862893939149702729e-09 9.958962593036163456e-11
-1.000000000000000000e+00 1.666038641510290256e-09 8.127715866314785713e-11
-1.000000000000000000e+00 1.495407739894475920e-09 6.940046410987269188e-11
-1.000000000000000000e+00 1.336811158389304250e-09 7.038235009413515026e-11
-1.000000000000000000e+00 1.187904640004006856e-09 6.627908085295320970e-11
-1.000000000000000000e+00 1.059940315320583586e-09 6.229987159992769692e-11
-1.000000000000000000e+00 9.455177045814506122e-10 5.831270009146329713e-11
-1.000000000000000000e+00 8.494121634253869410e-10 5.790894772583030460e-11
-1.000000000000000000e+00 7.606018142044189890e-10 5.411681965355589499e-11
-1.000000000000000000e+00 6.867709235284506353e-10 5.104499757038241863e-11
-1.000000000000000000e+00 6.139491001714576428e-10 4.893909323149821808e-11
-1.000000000000000000e+00 5.525929703421424228e-10 4.628224748531087740e-11
-1.000000000000000000e+00 5.007506524123359299e-10 3.499921636482344200e-11
-1.000000000000000000e+00 4.570292287699700268e-10 2.658138464149471228e-11
-1.000000000000000000e+00 4.080033938219952504e-10 2.574327633319660705e-11
-1.000000000000000000e+00 3.640980219500420362e-10 3.194695598752465984e-11
-1.000000000000000000e+00 3.256128501989278427e-10 2.868942526086637378e-11
-1.000000000000000000e+00 2.889479577328769543e-10 1.530735788901904804e-11
-1.000000000000000000e+00 2.590544292618132014e-10 1.491133584860518949e-12
-1.000000000000000000e+00 2.342472536425045045e-10 9.153297869774768096e-12
-1.000000000000000000e+00 1.989959974628899805e-10 2.025436154821416898e-11
-1.000000000000000000e+00 1.772891838085253013e-10 1.671202372390361152e-11
-1.000000000000000000e+00 1.642791110724625057e-10 1.470813708025568417e-11
-1.000000000000000000e+00 1.331470847155411348e-10 1.353738202752080644e-11
-1.000000000000000000e+00 1.072147895681451029e-10 1.196774321196318310e-11
-1.000000000000000000e+00 9.449814665107961092e-11 9.392796446923202851e-12
-1.000000000000000000e+00 8.488255892338337075e-11 -2.497060237171151278e-12
-1.000000000000000000e+00 7.717161986700734373e-11 -1.762490284151961691e-12
-1.000000000000000000e+00 6.273048582607446685e-11 1.014017117554871263e-11
-1.000000000000000000e+00 5.776983545874837681e-11 1.656977782618135695e-11
-1.000000000000000000e+00 5.916597420693277860e-11 1.580868992913213927e-11
-1.000000000000000000e+00 5.393268580839313761e-11 1.564551830676181901e-12
-1.000000000000000000e+00 4.068995885691899521e-11 -2.824640662233485019e-12
-1.000000000000000000e+00 3.159933542427599029e-11 -3.572892939262533079e-12
-1.000000000000000000e+00 3.088884258762727167e-11 -2.283374127281819070e-12
-1.000000000000000000e+00 2.483882691985186913e-11 5.709396929371452162e-12
-1.000000000000000000e+00 2.155338160961026807e-11 1.933313634733945643e-11
-1.000000000000000000e+00 2.559521517843190986e-11 3.195635940326003251e-11
-1.000000000000000000e+00 3.502945502131831483e-11 2.959672173281303766e-11
-1.000000000000000000e+00 3.086894087860476509e-11 1.125117258729692745e-11
-1.000000000000000000e+00 1.729284883087532646e-11 -8.294626351144511896e-13
-1.000000000000000000e+00 1.444115278692035733e-11 5.081826942032798917e-12
-1.000000000000000000e+00 8.315748213738329122e-12 7.938565527299428424e-12
-1.000000000000000000e+00 -2.590378208425404726e-12 6.875006181861184511e-12
-1.000000000000000000e+00 -3.429944726853829413e-12 1.408550430984384932e-11
-1.000000000000000000e+00 -5.153616269371291070e-12 1.148168330955049274e-11
-1.000000000000000000e+00 -1.866976242877647652e-11 1.409493966425151246e-11
-1.000000000000000000e+00 -2.345613968166712185e-11 2.120609453841393922e-11
-1.000000000000000000e+00 -6.918014669214249457e-12 2.125317989422706254e-11
-1.000000000000000000e+00 2.782612426596782286e-12 2.017013709397762256e-11
-1.000000000000000000e+00 1.918109000618820381e-12 4.618421514298606993e-12
-1.000000000000000000e+00 -2.266929754237530129e-12 -3.632655432897166592e-12
-1.000000000000000000e+00 0.000000000000000000e+00 0.000000000000000000e+00
