Step    Position
0    235
1    238
2    241
3    245
4    248
5    251
6    254
7    257
8    260
9    263
10    266
11    269
12    272
13    275
14    277
15    280
16    283
17    286
18    288
19    291
20    293
21    296
22    299
23    301
24    304
25    306
26    309
27    311
28    313
29    316
30    318
31    320
32    323
33    325
34    327
35    329
36    331
37    334
38    336
39    338
40    340
41    342
42    344
43    346
44    348
45    350
46    352
47    354
48    356
49    358
50    360
51    362
52    363
53    365
54    367
55    369
56    371
57    372
58    374
59    376
60    378
61    379
62    381
63    383
64    384
65    386
66    388
67    389
68    391
69    392
70    394
71    396
72    397
73    399
74    400
75    402
76    403
77    405
78    406
79    407
80    409
81    410
82    412
83    413
84    415
85    416
86    417
87    419
88    420
89    421
90    423
91    424
92    425
93    427
94    428
95    429
96    431
97    432
98    433
99    434
100    436
101    437
102    438
103    439
104    441
105    442
106    443
107    444
108    445
109    446
110    448
111    449
112    450
113    451
114    452
115    453
116    455
117    456
118    457
119    458
120    459
121    460
122    461
123    462
124    463
125    464
126    465
127    467
128    468
129    469
130    470
131    471
132    472
133    473
134    474
135    475
136    476
137    477
138    478
139    479
140    480
141    481
142    482
143    483
144    484
145    485
146    486
147    487
148    488
149    489
150    490
151    491
152    492
153    492
154    493
155    494
156    495
157    496
158    497
159    498
160    499
161    500
162    501
163    502
164    503
165    504
166    505
167    505
168    506
169    507
170    508
171    509
172    510
173    511
174    512
175    513
176    513
177    514
178    515
179    516
180    517
181    518
182    519
183    520
184    520
185    521
186    522
187    523
188    524
189    525
190    526
191    526
192    527
193    528
194    529
195    530
196    531
197    531
198    532
199    533
200    534
201    535
202    536
203    537
204    537
205    538
206    539
207    540
208    541
209    542
210    542
211    543
212    544
213    545
214    546
215    547
216    547
217    548
218    549
219    550
220    551
221    551
222    552
223    553
224    554
225    555
226    556
227    556
228    557
229    558
230    559
231    560
232    561
233    561
234    562
235    563
236    564
237    565
238    565
239    566
240    567
241    568
242    569
243    570
244    570
245    571
246    572
247    573
248    574
249    575
250    575
251    576
252    577
253    578
254    579
255    580
256    580
257    581
258    582
259    583
260    584
261    585
262    585
263    586
264    587
265    588
266    589
267    590
268    591
269    591
270    592
271    593
272    594
273    595
274    596
275    597
276    597
277    598
278    599
279    600
280    601
281    602
282    603
283    604
284    604
285    605
286    606
287    607
288    608
289    609
290    610
291    611
292    612
293    612
294    613
295    614
296    615
297    616
298    617
299    618
300    619
301    620
302    621
303    622
304    623
305    624
306    625
307    626
308    626
309    627
310    628
311    629
312    630
313    631
314    632
315    633
316    634
317    635
318    636
319    637
320    638
321    639
322    640
323    641
324    642
325    643
326    644
327    645
328    646
329    647
330    649
331    650
332    651
333    652
334    653
335    654
336    655
337    656
338    657
339    658
340    659
341    660
342    662
343    663
344    664
345    665
346    666
347    667
348    668
349    670
350    671
351    672
352    673
353    674
354    676
355    677
356    678
357    679
358    681
359    682
360    683
361    684
362    686
363    687
364    688
365    689
366    691
367    692
368    693
369    695
370    696
371    697
372    699
373    700
374    702
375    703
376    704
377    706
378    707
379    709
380    710
381    712
382    713
383    715
384    716
385    718
386    719
387    721
388    722
389    724
390    725
391    727
392    729
393    730
394    732
395    734
396    735
397    737
398    739
399    740
400    742
401    744
402    746
403    747
404    749
405    751
406    753
407    755
408    757
409    758
410    760
411    762
412    764
413    766
414    768
415    770
416    772
417    774
418    776
419    778
420    781
421    783
422    785
423    787
424    789
425    791
426    794
427    796
428    798
429    801
430    803
431    805
432    808
433    810
434    813
435    815
436    818
437    820
438    823
439    825
440    828
441    831
442    834
443    836
444    839
445    842
446    845
447    848
448    850
449    853
450    856
451    859
452    863
453    866
454    869
455    872
456    875
457    878
458    882
459    885
460    888
461    892
462    895
463    899
464    902
465    906
466    909
467    913
468    917
469    921
470    924
471    928
472    932
473    936
474    940
475    944
476    948
477    952
478    956
479    961
480    965
481    969
482    974
483    978
484    983
485    987
486    992
487    996
488    1001
489    1006
490    1010
491    1015
492    1020
493    1025
494    1030
495    1035
496    1040
497    1045
498    1050
499    1055
500    1061
501    1066
502    1071
503    1076
504    1082
505    1087
506    1093
507    1098
508    1104
509    1109
510    1115
511    1120
512    1126
513    1132
514    1137
515    1143
516    1149
517    1155
518    1160
519    1166
520    1172
521    1178
522    1184
523    1190
524    1195
525    1201
526    1207
527    1213
528    1219
529    1225
530    1230
531    1236
532    1242
533    1248
534    1254
535    1260
536    1265
537    1271
538    1277
539    1283
540    1288
541    1294
542    1300
543    1305
544    1311
545    1316
546    1322
547    1327
548    1333
549    1338
550    1344
551    1349
552    1354
553    1360
554    1365
555    1370
556    1375
557    1380
558    1385
559    1390
560    1395
561    1400
562    1405
563    1410
564    1415
565    1419
566    1424
567    1429
568    1433
569    1438
570    1442
571    1447
572    1451
573    1455
574    1460
575    1464
576    1468
577    1472
578    1476
579    1480
580    1484
581    1488
582    1492
583    1496
584    1500
585    1503
586    1507
587    1511
588    1515
589    1518
590    1522
591    1525
592    1529
593    1532
594    1535
595    1539
596    1542
597    1545
598    1548
599    1552
600    1555
601    1558
602    1561
603    1564
604    1567
605    1570
606    1573
607    1576
608    1579
609    1581
610    1584
611    1587
612    1590
613    1592
614    1595
615    1598
616    1600
617    1603
618    1605
619    1608
620    1610
621    1613
622    1615
623    1618
624    1620
625    1622
626    1625
627    1627
628    1629
629    1631
630    1634
631    1636
632    1638
633    1640
634    1642
635    1644
636    1646
637    1648
638    1650
639    1652
640    1654
641    1656
642    1658
643    1660
644    1662
645    1664
646    1666
647    1668
648    1670
649    1671
650    1673
651    1675
652    1677
653    1679
654    1680
655    1682
656    1684
657    1685
658    1687
659    1689
660    1690
661    1692
662    1694
663    1695
664    1697
665    1698
666    1700
667    1701
668    1703
669    1705
670    1706
671    1708
672    1709
673    1710
674    1712
675    1713
676    1715
677    1716
678    1718
679    1719
680    1720
681    1722
682    1723
683    1725
684    1726
685    1727
686    1729
687    1730
688    1731
689    1733
690    1734
691    1735
692    1736
693    1738
694    1739
695    1740
696    1741
697    1743
698    1744
699    1745
700    1746
701    1747
702    1749
703    1750
704    1751
705    1752
706    1753
707    1755
708    1756
709    1757
710    1758
711    1759
712    1760
713    1761
714    1762
715    1764
716    1765
717    1766
718    1767
719    1768
720    1769
721    1770
722    1771
723    1772
724    1773
725    1774
726    1775
727    1776
728    1777
729    1778
730    1779
731    1780
732    1781
733    1782
734    1783
735    1784
736    1785
737    1786
738    1787
739    1788
740    1789
741    1790
742    1791
743    1792
744    1793
745    1794
746    1795
747    1796
748    1797
749    1798
750    1799
751    1800
752    1801
753    1802
754    1803
755    1804
756    1805
757    1806
758    1806
759    1807
760    1808
761    1809
762    1810
763    1811
764    1812
765    1813
766    1814
767    1815
768    1815
769    1816
770    1817
771    1818
772    1819
773    1820
774    1821
775    1822
776    1822
777    1823
778    1824
779    1825
780    1826
781    1827
782    1828
783    1828
784    1829
785    1830
786    1831
787    1832
788    1833
789    1834
790    1834
791    1835
792    1836
793    1837
794    1838
795    1839
796    1840
797    1840
798    1841
799    1842
800    1843
801    1844
802    1845
803    1845
804    1846
805    1847
806    1848
807    1849
808    1850
809    1850
810    1851
811    1852
812    1853
813    1854
814    1854
815    1855
816    1856
817    1857
818    1858
819    1859
820    1859
821    1860
822    1861
823    1862
824    1863
825    1864
826    1864
827    1865
828    1866
829    1867
830    1868
831    1868
832    1869
833    1870
834    1871
835    1872
836    1873
837    1873
838    1874
839    1875
840    1876
841    1877
842    1878
843    1878
844    1879
845    1880
846    1881
847    1882
848    1883
849    1883
850    1884
851    1885
852    1886
853    1887
854    1888
855    1888
856    1889
857    1890
858    1891
859    1892
860    1893
861    1893
862    1894
863    1895
864    1896
865    1897
866    1898
867    1899
868    1899
869    1900
870    1901
871    1902
872    1903
873    1904
874    1905
875    1906
876    1906
877    1907
878    1908
879    1909
880    1910
881    1911
882    1912
883    1913
884    1914
885    1914
886    1915
887    1916
888    1917
889    1918
890    1919
891    1920
892    1921
893    1922
894    1923
895    1924
896    1924
897    1925
898    1926
899    1927
900    1928
901    1929
902    1930
903    1931
904    1932
905    1933
906    1934
907    1935
908    1936
909    1937
910    1938
911    1939
912    1940
913    1941
914    1942
915    1943
916    1944
917    1945
918    1946
919    1947
920    1948
921    1949
922    1950
923    1951
924    1952
925    1953
926    1954
927    1955
928    1956
929    1957
930    1958
931    1960
932    1961
933    1962
934    1963
935    1964
936    1965
937    1966
938    1967
939    1968
940    1970
941    1971
942    1972
943    1973
944    1974
945    1975
946    1977
947    1978
948    1979
949    1980
950    1981
951    1983
952    1984
953    1985
954    1986
955    1988
956    1989
957    1990
958    1991
959    1993
960    1994
961    1995
962    1997
963    1998
964    1999
965    2001
966    2002
967    2003
968    2005
969    2006
970    2007
971    2009
972    2010
973    2012
974    2013
975    2015
976    2016
977    2018
978    2019
979    2021
980    2022
981    2024
982    2025
983    2027
984    2028
985    2030
986    2031
987    2033
988    2035
989    2036
990    2038
991    2040
992    2041
993    2043
994    2045
995    2046
996    2048
997    2050
998    2052
999    2054
1000    2055
1001    2057
1002    2059
1003    2061
1004    2063
1005    2065
1006    2067
1007    2069
1008    2070
1009    2072
1010    2074
1011    2076
1012    2079
1013    2081
1014    2083
1015    2085
1016    2087
1017    2089
1018    2091
1019    2093
1020    2096
1021    2098
1022    2100
1023    2103
1024    2105
1025    2107
1026    2110
1027    2112
1028    2114
1029    2117
1030    2119
1031    2122
1032    2124
1033    2127
1034    2130
1035    2132
1036    2135
1037    2138
1038    2140
1039    2143
1040    2146
1041    2149
1042    2152
1043    2155
1044    2157
1045    2160
1046    2163
1047    2166
1048    2170
1049    2173
1050    2176
1051    2179
1052    2182
1053    2186
1054    2189
1055    2192
1056    2196
1057    2199
1058    2203
1059    2206
1060    2210
1061    2213
1062    2217
1063    2221
1064    2224
1065    2228
1066    2232
1067    2236
1068    2240
1069    2244
1070    2248
1071    2252
1072    2256
1073    2260
1074    2264
1075    2269
1076    2273
1077    2277
1078    2282
1079    2286
1080    2291
1081    2295
1082    2300
1083    2304
1084    2309
1085    2314
1086    2319
1087    2324
1088    2328
1089    2333
1090    2338
1091    2343
1092    2348
1093    2354
1094    2359
1095    2364
1096    2369
1097    2374
1098    2380
1099    2385
1100    2391
1101    2396
1102    2401
1103    2407
1104    2412
1105    2418
1106    2424
1107    2429
1108    2435
1109    2441
1110    2446
1111    2452
1112    2458
1113    2464
1114    2469
1115    2475
1116    2481
1117    2487
1118    2493
1119    2499
1120    2504
1121    2510
1122    2516
1123    2522
1124    2528
1125    2534
1126    2539
1127    2545
1128    2551