1.000000000000000000e+00 0.000000000000000000e+00 0.000000000000000000e+00
9.999999999982284171e-01 3.054402031206901438e-13 6.249858143946485614e-13
9.999999999989482857e-01 5.892317958619919620e-13 1.258583035683696573e-12
9.999999999958716357e-01 8.498058781468308578e-13 1.899309994586868590e-12
9.999999999974251708e-01 1.085811542271308105e-12 2.545687496152927163e-12
9.999999999977416953e-01 1.296098925089289145e-12 3.196236857153939301e-12
9.999999999975865972e-01 1.479705478709253739e-12 3.849479332812669071e-12
9.999999999967809083e-01 1.635842554349033017e-12 4.503940828105612414e-12
9.999999999983397725e-01 1.763882520262459959e-12 5.158159016853545006e-12
9.999999999979306553e-01 1.863348181137612178e-12 5.810688654057664803e-12
9.999999999971920239e-01 1.933904861703357265e-12 6.460104137920056971e-12
9.999999999959213737e-01 1.975353737145794028e-12 7.105000308101961358e-12
9.999999999963214981e-01 1.987625052266335992e-12 7.743992601906313544e-12
9.999999999978299581e-01 1.970771081693734447e-12 8.375718672061191086e-12
9.999999999965770714e-01 1.924959149404455226e-12 8.998843824063252126e-12
9.999999999965697439e-01 1.850464235962265380e-12 9.612069781019876104e-12
9.999999999979477527e-01 1.747660478354662598e-12 1.021414297223640496e-11
9.999999999959543473e-01 1.617013039726770946e-12 1.080385867249532095e-11
9.999999999955682117e-01 1.459074161622947163e-12 1.138006073435828756e-11
9.999999999969695352e-01 1.274484942087013826e-12 1.194164042745171067e-11
9.999999999959772179e-01 1.063978233539215545e-12 1.248753885517845726e-11
9.999999999968780529e-01 8.283757482977164423e-13 1.301675378192905612e-11
9.999999999960725861e-01 5.685780150285475982e-13 1.352834631237344833e-11
9.999999999970660136e-01 2.855527921006478293e-13 1.402144201931240470e-11
9.999999999987064792e-01 -1.967192506699400633e-14 1.449522645126315225e-11
9.999999999947214446e-01 -3.460088383186018371e-13 1.494894057856623153e-11
9.999999999962507768e-01 -6.923086699477913982e-13 1.538188223083192014e-11
9.999999999966890929e-01 -1.057358178797014281e-12 1.579341566737138445e-11
9.999999999972307707e-01 -1.439884348822944209e-12 1.618298601874381979e-11
9.999999999969253484e-01 -1.838567933859833721e-12 1.655013063643469017e-11
9.999999999966466824e-01 -2.252061606184085576e-12 1.689447957755909434e-11
9.999999999975336396e-01 -2.679002078395783796e-12 1.721574551507349526e-11
9.999999999944241269e-01 -3.118011538721135919e-12 1.751371252049211077e-11
9.999999999984358068e-01 -3.567695867742516706e-12 1.778823196807696877e-11
9.999999999977672305e-01 -4.026648791829353587e-12 1.803922386138989833e-11
9.999999999969650943e-01 -4.493460253118081010e-12 1.826667770130180796e-11
9.999999999973994136e-01 -4.966720926004478975e-12 1.847065311470293913e-11
9.999999999958445462e-01 -5.445022521257941941e-12 1.865128420365287126e-11
9.999999999978045340e-01 -5.926962236844891231e-12 1.880878571809160424e-11
9.999999999956981078e-01 -6.411155445615521203e-12 1.894345459892289316e-11
9.999999999956947772e-01 -6.896250609154376907e-12 1.905566596783099024e-11
9.999999999979783949e-01 -7.380939275281645140e-12 1.914586847425506591e-11
9.999999999966511233e-01 -7.863959982008680259e-12 1.921457974869665392e-11
9.999999999949873430e-01 -8.344096452659632783e-12 1.926237772438043047e-11
9.999999999967653652e-01 -8.820169520951584310e-12 1.928988984618068560e-11
9.999999999971727060e-01 -9.291028153652732636e-12 1.929779001526532206e-11
9.999999999962718711e-01 -9.755551488720167354e-12 1.928680598132775477e-11
9.999999999967644770e-01 -1.021266645077267142e-11 1.925772523568667374e-11
9.999999999954504171e-01 -1.066136934660013488e-11 1.921138755136474339e-11
9.999999999960129671e-01 -1.110073595288471070e-11 1.914866843492077385e-11
9.999999999966739939e-01 -1.152991787984979042e-11 1.907046788452144461e-11
9.999999999971006526e-01 -1.194813551351337769e-11 1.897771137846949266e-11
9.999999999965828446e-01 -1.235467685306915816e-11 1.887135733245921037e-11
9.999999999971069808e-01 -1.274890344576902277e-11 1.875240086750799300e-11
9.999999999964459541e-01 -1.313025817414249198e-11 1.862186728084062430e-11
9.999999999942945639e-01 -1.349826701339418334e-11 1.848079658332304509e-11
9.999999999961646235e-01 -1.385253169388650713e-11 1.833022938829030482e-11
9.999999999974896747e-01 -1.419272164943699603e-11 1.817120408654612130e-11
9.999999999961672881e-01 -1.451857680988176565e-11 1.800476189701180842e-11
9.999999999948541163e-01 -1.482991923520021923e-11 1.783194667869708523e-11
9.999999999956575847e-01 -1.512665877137713773e-11 1.765379491050590630e-11
9.999999999981310506e-01 -1.540878486301720849e-11 1.747132557501661379e-11
9.999999999969086950e-01 -1.567635376522812819e-11 1.728553907252708878e-11
9.999999999941306950e-01 -1.592948422515459766e-11 1.709742092321289021e-11
9.999999999963483654e-01 -1.616836191370848813e-11 1.690793963820067342e-11
9.999999999958545382e-01 -1.639324264017722744e-11 1.671803666226648810e-11
9.999999999953255170e-01 -1.660444964639156129e-11 1.652861604833153878e-11
9.999999999975883735e-01 -1.680236996923916041e-11 1.634053918787995873e-11
9.999999999957751573e-01 -1.698745318544548016e-11 1.615462243482326320e-11
9.999999999944678697e-01 -1.716020849948517335e-11 1.597163584477756937e-11
9.999999999943010032e-01 -1.732119832525269478e-11 1.579230508940563609e-11
9.999999999961701747e-01 -1.747103398322077498e-11 1.561731447380679356e-11
9.999999999955905272e-01 -1.761037627062776825e-11 1.544730300140614841e-11
9.999999999949437113e-01 -1.773993394546203604e-11 1.528285146804663263e-11
9.999999999956749042e-01 -1.786045408802571471e-11 1.512447063521713139e-11
9.999999999959089392e-01 -1.797270945969306938e-11 1.497260012120706539e-11
9.999999999972993825e-01 -1.807749142443896713e-11 1.482761516254447854e-11
9.999999999958656405e-01 -1.817560868425401644e-11 1.468983231450675425e-11
9.999999999963079533e-01 -1.826788651298978910e-11 1.455951114373891796e-11
9.999999999962021491e-01 -1.835516457927041334e-11 1.443685436704347078e-11
9.999999999946950213e-01 -1.843829480965333116e-11 1.432200720495978210e-11
9.999999999955266894e-01 -1.851813919647723450e-11 1.421505471489620490e-11
9.999999999964386266e-01 -1.859556582268511659e-11 1.411601738578332797e-11
9.999999999960976771e-01 -1.867144190243706204e-11 1.402484671470412743e-11
9.999999999968084419e-01 -1.874662346461505753e-11 1.394142274538059185e-11
9.999999999966613373e-01 -1.882194357845520220e-11 1.386555587219460623e-11
9.999999999952970953e-01 -1.889820434101643048e-11 1.379699286158116127e-11
9.999999999961569630e-01 -1.897617542895099933e-11 1.373542210128393421e-11
9.999999999968911535e-01 -1.905659385950140030e-11 1.368047410827513637e-11
9.999999999951075802e-01 -1.914015885460762305e-11 1.363172154311231835e-11
9.999999999960214048e-01 -1.922752554411740089e-11 1.358868421863754224e-11
9.999999999959138242e-01 -1.931930407992967718e-11 1.355083476879508786e-11
9.999999999961795005e-01 -1.941606015568813460e-11 1.351759813874632916e-11
9.999999999952460250e-01 -1.951830931479730540e-11 1.348834961985254366e-11
9.999999999968219866e-01 -1.962650913226996888e-11 1.346242041533301013e-11
9.999999999950233143e-01 -1.974105803771845805e-11 1.343910775507203523e-11
9.999999999946372897e-01 -1.986229793949088673e-11 1.341768083154346909e-11
9.999999999958634200e-01 -1.999051291452317743e-11 1.339738367119146630e-11
9.999999999961163288e-01 -2.012592666058563885e-11 1.337743940669187828e-11
9.999999999969033659e-01 -2.026870390446290405e-11 1.335705039007568870e-11
9.999999999970313747e-01 -2.041894898949935549e-11 1.333538904447207318e-11
9.999999999949581442e-01 -2.057669373546863806e-11 1.331159050016448223e-11
9.999999999957909225e-01 -2.074188324934028865e-11 1.328476193140285124e-11
9.999999999969994002e-01 -2.091437561581092841e-11 1.325400512926270767e-11
9.999999999937524420e-01 -2.109395705623874141e-11 1.321843415837630697e-11
9.999999999971167508e-01 -2.128035847909993115e-11 1.317717601544526817e-11
9.999999999959552355e-01 -2.147325804172142437e-11 1.312935841533574316e-11
9.999999999966582287e-01 -2.167226592572874589e-11 1.307410188643175569e-11
9.999999999976272314e-01 -2.187690660158134394e-11 1.301053188633518367e-11
9.999999999953818053e-01 -2.208662151737269553e-11 1.293780368702519042e-11
9.999999999960788033e-01 -2.230079238227133369e-11 1.285511314737730547e-11
9.999999999962541075e-01 -2.251875777014999247e-11 1.276168325132602269e-11
9.999999999949699125e-01 -2.273980565217542335e-11 1.265674839882964934e-11
9.999999999980895282e-01 -2.296315679354838607e-11 1.253955845419205910e-11
9.999999999955673236e-01 -2.318796139401311117e-11 1.240939688716154766e-11
9.999999999944563234e-01 -2.341330991083952749e-11 1.226559319715783879e-11
9.999999999975303089e-01 -2.363824186969255305e-11 1.210752246900357014e-11
9.999999999962877473e-01 -2.386174329654154852e-11 1.193460388827697612e-11
9.999999999983359977e-01 -2.408274403878790440e-11 1.174631093827748999e-11
1.000000000000013545e+00 -2.430013229575287496e-11 1.154218563372783994e-11
9.999999999994928501e-01 -2.451278148328344333e-11 1.132183568622586204e-11
9.999999999961125541e-01 -2.471956239803398789e-11 1.108491183108223452e-11
9.999999999990565325e-01 -2.491932674306669201e-11 1.083109101583438830e-11
1.000000000000094591e+00 -2.511088268985504991e-11 1.056008833575851333e-11
9.999999999988576915e-01 -2.529299301404952676e-11 1.027168764421628418e-11
1.000000000011815882e+00 -2.546439885269668934e-11 9.965760860753967766e-12
1.000000000023597568e+00 -2.562384523175387496e-11 9.642262714058061431e-12
1.000000000025953240e+00 -2.577009050573902997e-11 9.301213533094634097e-12
1.000000000021528779e+00 -2.590190264397597362e-11 8.942685328741163693e-12
1.000000000027856162e+00 -2.601805097551914100e-11 8.566796629147321103e-12
1.000000000021765034e+00 -2.611730040057940935e-11 8.173719203576333932e-12
1.000000000025544677e+00 -2.619841776488354161e-11 7.763693338769574332e-12
1.000000000024545033e+00 -2.626019068519352702e-11 7.337035897166884251e-12
1.000000000051346261e+00 -2.630144176306006960e-11 6.894132701785607658e-12
9.999999999475736034e-01 -2.632102649839108582e-11 6.435427899431986800e-12
9.999999999621274061e-01 -2.631782493367226479e-11 5.961423975071900221e-12
9.999999999921115323e-01 -2.629074214053748106e-11 5.472689949985796717e-12
1.000000000023702373e+00 -2.623872147121586594e-11 4.969867477883631853e-12
1.000000000032343239e+00 -2.616076386268996185e-11 4.453666254651518303e-12
9.999999999743489631e-01 -2.605593959090521411e-11 3.924846077806621737e-12
1.000000000000060840e+00 -2.592338039498422151e-11 3.384195846972701203e-12
1.000000000041770365e+00 -2.576225770925461747e-11 2.832528800399133590e-12
9.999999999918923743e-01 -2.557177191721767124e-11 2.270699712451524554e-12
9.999999999569109121e-01 -2.535116927849717634e-11 1.699622739545681821e-12
9.999999999574551435e-01 -2.509976947228323785e-11 1.120265241367947343e-12
9.999999999507351855e-01 -2.481697219199629236e-11 5.336253355885611517e-13
9.999999999819317864e-01 -2.450224165275829449e-11 -5.927642979849662668e-14
1.000000000026754821e+00 -2.415509793602498344e-11 -6.573854459108019332e-13
1.000000000001469491e+00 -2.377512685369188528e-11 -1.259606187807002896e-12
1.000000000050483395e+00 -2.336199037554071451e-11 -1.864811794054845574e-12
1.000000000019587443e+00 -2.291542670295775548e-11 -2.471855017414692276e-12
1.000000000058113514e+00 -2.243525037979307015e-11 -3.079570508163150479e-12
9.999999999472871659e-01 -2.192135976570108524e-11 -3.686778714362331144e-12
9.999999999560623687e-01 -2.137374072862294423e-11 -4.292302786189566368e-12
9.999999999752339219e-01 -2.079245080665596977e-11 -4.894988921997216148e-12
1.000000000007999379e+00 -2.017759228142339224e-11 -5.493706560905855402e-12
1.000000000019649837e+00 -1.952930489860759209e-11 -6.087328969337274489e-12
1.000000000043615334e+00 -1.884778331065332189e-11 -6.674725833796216609e-12
9.999999999925995864e-01 -1.813328706036980968e-11 -7.254776564369273034e-12
9.999999999635500458e-01 -1.738613416377190160e-11 -7.826376953779171201e-12
9.999999999897241088e-01 -1.660670374458456814e-11 -8.388438047715153709e-12
9.999999999679207718e-01 -1.579544214823323311e-11 -8.939905055046487141e-12
1.000000000010554002e+00 -1.495284104004319559e-11 -9.479784007030224696e-12
1.000000000014315660e+00 -1.407940206476772206e-11 -1.000713752701304489e-11
1.000000000021067148e+00 -1.317563089620099187e-11 -1.052106001046044444e-11
1.000000000034683367e+00 -1.224205770636680264e-11 -1.102067474887265748e-11
9.999999999843310894e-01 -1.127924646097341516e-11 -1.150515981087644773e-11
1.000000000037246428e+00 -1.028777642508859957e-11 -1.197377549779034545e-11
9.999999999921359572e-01 -9.268208887231818503e-12 -1.242586979121293601e-11
9.999999999829836117e-01 -8.221066774563235291e-12 -1.286086021269635676e-11
1.000000000014863000e+00 -7.146843877382911540e-12 -1.327822132083142320e-11
1.000000000035485170e+00 -6.046016744747628346e-12 -1.367750788727300147e-11
1.000000000047517545e+00 -4.919019100426693588e-12 -1.405839096156421234e-11
9.999999999967115194e-01 -3.766195650734302689e-12 -1.442065962055495015e-11
1.000000000016302071e+00 -2.587786373941856010e-12 -1.476419900662505095e-11
1.000000000019644952e+00 -1.383937452324175169e-12 -1.508899805808874204e-11
9.999999999747631874e-01 -1.546851357523671081e-13 -1.539519138654120553e-11
9.999999999539740392e-01 1.100101480663051514e-12 -1.568308409020245701e-11
1.000000000004798384e+00 2.380774765700008870e-12 -1.595313477251067894e-11
1.000000000042400083e+00 3.687926715291535586e-12 -1.620592736362410845e-11
9.999999999544607610e-01 5.022383287329930102e-12 -1.644216831102063215e-11
1.000000000048193005e+00 6.385205762696586651e-12 -1.666271686485926584e-11
1.000000000001743938e+00 7.777720544609736121e-12 -1.686863202567908958e-11
1.000000000012080781e+00 9.201578180545275254e-12 -1.706121250063008463e-11
1.000000000021854074e+00 1.065882751779702868e-11 -1.724201719139777205e-11
9.999999999878607104e-01 1.215199124359208596e-11 -1.741286559013219188e-11
9.999999999724380473e-01 1.368412717918093610e-11 -1.757582394385369624e-11
9.999999999614725965e-01 1.525886612036814215e-11 -1.773320080654949579e-11
9.999999999841669984e-01 1.688044920538156111e-11 -1.788757315484699292e-11
9.999999999604469725e-01 1.855379160566807214e-11 -1.804182459913467516e-11
9.999999999878274037e-01 2.028455859018482485e-11 -1.819917291512804768e-11
1.000000000037135628e+00 2.207923880787599339e-11 -1.836320437820832103e-11
9.999999999526685279e-01 2.394523699049107312e-11 -1.853792670490210502e-11
1.000000000005491163e+00 2.589099408407218743e-11 -1.872781681741963472e-11
9.999999999913634641e-01 2.792611109210389692e-11 -1.893786017214888084e-11
1.000000000002138734e+00 3.006148026154782647e-11 -1.917360340730949715e-11
9.999999999836227671e-01 3.230944230731397684e-11 -1.944120930252950187e-11
1.000000000003137490e+00 3.468394945483995043e-11 -1.974750126387757029e-11
1.000000000023647528e+00 3.720072679416580883e-11 -2.010003035997711018e-11
9.999999999873577794e-01 3.987747746754046665e-11 -2.050717037181187907e-11
9.999999999825290864e-01 4.273413606505307686e-11 -2.097818693549009222e-11
1.000000000008109291e+00 4.579310741094014362e-11 -2.152327777687185467e-11
1.000000000009279688e+00 4.907947907210026412e-11 -2.215365654357916394e-11
9.999999999873183665e-01 5.262127750322014858e-11 -2.288171392696442399e-11
9.999999999828041997e-01 5.644982512465697007e-11 -2.372120685016705520e-11
9.999999999660569294e-01 6.060018001905269983e-11 -2.468740246331779426e-11
9.999999999708653053e-01 6.511157595654205070e-11 -2.579716482682281675e-11
9.999999999992745803e-01 7.002782102046162285e-11 -2.706907353863906518e-11
9.999999999586437482e-01 7.539773829867648115e-11 -2.852364610533415184e-11
1.000000000039005243e+00 8.127572983055160548e-11 -3.018360530732240612e-11
9.999999999480927437e-01 8.772242430918893192e-11 -3.207413191098152325e-11
9.999999999677062767e-01 9.480538032860671574e-11 -3.422314241652657477e-11
1.000000000002676304e+00 1.025998929558412823e-10 -3.666159719059045582e-11
9.999999999712845256e-01 1.111898883862763171e-10 -3.942378585164849099e-11
1.000000000004336975e+00 1.206688353866136860e-10 -4.254762845791629662e-11
9.999999999608125689e-01 1.311407087332602710e-10 -4.607510204606886191e-11
1.000000000055130123e+00 1.427211381270991675e-10 -5.005280506110451827e-11
9.999999999997872813e-01 1.555388097367963100e-10 -5.453254629005072753e-11
1.000000000005720313e+00 1.697370395883377200e-10 -5.957186119455827204e-11
9.999999999723395705e-01 1.854753901596946911e-10 -6.523451522986384328e-11
9.999999999910120785e-01 2.029313470946174675e-10 -7.159116792729759411e-11
1.000000000023537838e+00 2.223022444208421991e-10 -7.872026452040818212e-11
9.999999999632616099e-01 2.438075725538143548e-10 -8.670901218371277049e-11
9.999999999705997400e-01 2.676915689771406081e-10 -9.565429771471577245e-11
1.000000000025763836e+00 2.942259341855092822e-10 -1.056636543064920944e-10
1.000000000016692869e+00 3.237127751469011943e-10 -1.168564997845023833e-10
1.000000000009199086e+00 3.564880388402668099e-10 -1.293656145197034679e-10
1.000000000007166046e+00 3.929254530113398055e-10 -1.433386407590876308e-10
1.000000000046684878e+00 4.334407924776558548e-10 -1.589396154413133033e-10
1.000000000000069278e+00 4.784964856835020370e-10 -1.763507503225927588e-10
9.999999999648607751e-01 5.286067637469761170e-10 -1.957745397585469324e-10
9.999999999952594587e-01 5.843434945931368723e-10 -2.174361271539833104e-10
9.999999999999402700e-01 6.463427317292316430e-10 -2.415858500770667227e-10
1.000000000012969181e+00 7.153119235643726026e-10 -2.685019823625408778e-10
9.999999999775389670e-01 7.920378168057139495e-10 -2.984938512522405608e-10
9.999999999628188529e-01 8.773953020619631994e-10 -3.319054429133016817e-10
1.000000000048203663e+00 9.723574041055855894e-10 -3.691193858903773805e-10
9.999999999452245936e-01 1.078006405247008843e-09 -4.105612365310338665e-10
1.000000000010890400e+00 1.195546099742418511e-09 -4.567041951331657989e-10
1.000000000006835199e+00 1.326315343529666889e-09 -5.080744274121457770e-10
1.000000000015143442e+00 1.471803157229062034e-09 -5.652570669513411149e-10
9.999999999997650768e-01 1.633665584415200351e-09 -6.289029040492353833e-10
9.999999999858381061e-01 1.813744482912110321e-09 -6.997358131758764717e-10
9.999999999567530384e-01 2.014088476385696633e-09 -7.785609748461263615e-10
1.000000000056858740e+00 2.236976244781815795e-09 -8.662739052321251521e-10
1.000000000022812419e+00 2.484942257331128678e-09 -9.638704664082094442e-10
1.000000000003375078e+00 2.760805306549178360e-09 -1.072458207493016697e-09
9.999999999641657755e-01 3.067700460472980268e-09 -1.193269126423744186e-09
1.000000000012264634e+00 3.409114792307149897e-09 -1.327673656441369118e-09
1.000000000022290170e+00 3.788926920160349370e-09 -1.477196021962186853e-09
1.000000000020228041e+00 4.211450790774334911e-09 -1.643531515760349420e-09
9.999999999988355981e-01 4.681484574824609647e-09 -1.828565903425393959e-09
1.000000000013032464e+00 5.204365230123097647e-09 -2.034396813976377541e-09
9.999999999716825405e-01 5.786029011175420817e-09 -2.263357370238630438e-09
1.000000000030139002e+00 6.433078632143215224e-09 -2.518042625741451750e-09
9.999999999996634914e-01 7.152858084159865841e-09 -2.801339091292054923e-09
1.000000000030466074e+00 7.953535966947188471e-09 -3.116457493156013738e-09
9.999999999738491407e-01 8.844198099169459314e-09 -3.466969110612123205e-09
1.000000000016277868e+00 9.834950431432721790e-09 -3.856846270950081148e-09
9.999999999971718179e-01 1.093703359081399358e-08 -4.290507528453639469e-09
1.000000000020712543e+00 1.216295047779938745e-08 -4.772867828425476109e-09
1.000000000022410740e+00 1.352660808258853146e-08 -5.309394107343673567e-09
1.000000000014212853e+00 1.504347505047597742e-08 -5.906167242756934867e-09
9.999999999635285075e-01 1.673075704359609231e-08 -6.569951111871832204e-09
1.000000000008361978e+00 1.860759192488848576e-08 -7.308269302357734218e-09
1.000000000019153346e+00 2.069526676283799781e-08 -8.129490319416711932e-09
1.000000000056864957e+00 2.301745909020492358e-08 -9.042922414343171588e-09
9.999999999569566533e-01 2.560050522241640916e-08 -1.005891922499522262e-08
9.999999999834979780e-01 2.847369893877273037e-08 -1.118899737971598882e-08
1.000000000000047740e+00 3.166962381512831372e-08 -1.244596707401870911e-08
1.000000000012733148e+00 3.522452270118977472e-08 -1.384407716378105105e-08
1.000000000009348744e+00 3.917870853259135059e-08 -1.539917673262340732e-08
1.000000000008908208e+00 4.357702143716999337e-08 -1.712889489332327137e-08
9.999999999459509015e-01 4.846933719221505623e-08 -1.905284066653324762e-08
1.000000000053848703e+00 5.391113273254485847e-08 -2.119282535668610717e-08
9.999999999613742308e-01 5.996411520046951149e-08 -2.357310991726134927e-08
9.999999999810275098e-01 6.669692177277953397e-08 -2.622068000628340711e-08
1.000000000024843683e+00 7.418589779022429735e-08 -2.916555187584260612e-08
9.999999999993625099e-01 8.251596235796259899e-08 -3.244111281595552854e-08
1.000000000005824452e+00 9.178157131968309841e-08 -3.608449984749975270e-08
9.999999999650970306e-01 1.020877883784302392e-07 -4.013702075907207343e-08
9.999999999989916954e-01 1.135514764098968737e-07 -4.464462237516726293e-08
1.000000000032424730e+00 1.263026223914689239e-07 -4.965841155448177874e-08
1.000000000018547164e+00 1.404858113851572705e-07 -5.523523481571717943e-08
1.000000000014956480e+00 1.562618661054834914e-07 -6.143832282162060958e-08
1.000000000025120572e+00 1.738096703139225466e-07 -6.833800721692383925e-08
1.000000000006313172e+00 1.933281970604024446e-07 -7.601251828520098851e-08
9.999999999718156563e-01 2.150387650550391606e-07 -8.454887208903560072e-08
9.999999999688657937e-01 2.391875482756769964e-07 -9.404385690491389683e-08
1.000000000026759261e+00 2.660483671156931951e-07 -1.046051306256780896e-07
9.999999999939547246e-01 2.959257932210773091e-07 -1.163524416321928011e-07
9.999999999625357461e-01 3.291586033704330565e-07 -1.294189864765557755e-07
1.000000000019825919e+00 3.661236206192412251e-07 -1.439529198031585623e-07
1.000000000002993161e+00 4.072399866694609482e-07 -1.601190343051477719e-07
1.000000000072720052e+00 4.529739147889304270e-07 -1.781006295574249366e-07
9.999999999619585411e-01 5.038439760557781923e-07 -1.981015902093103159e-07
9.999999999945587970e-01 5.604269799615204577e-07 -2.203486978029786009e-07
9.999999999718297561e-01 6.233645143388762375e-07 -2.450942016488973019e-07
9.999999999976036946e-01 6.933702203849380122e-07 -2.726186789020655620e-07
9.999999999671197459e-01 7.712378840999029998e-07 -3.032342160417370622e-07
9.999999999424961095e-01 8.578504375880521661e-07 -3.372879476261795771e-07
1.000000000052192695e+00 9.541899706769948354e-07 -3.751659917366189795e-07
9.999999999504595172e-01 1.061348865915104350e-06 -4.172978274108002492e-07
9.999999999949601426e-01 1.180542185868690091e-06 -4.641611647420798831e-07
9.999999999641697723e-01 1.313121449449908919e-06 -5.162873608639450503e-07
9.999999999557067643e-01 1.460589957846930596e-06 -5.742674447340663988e-07
9.999999999722530841e-01 1.624619839792549614e-06 -6.387588176753068974e-07
9.999999999736904899e-01 1.807071011375149207e-06 -7.104927068127295162e-07
1.000000000012520207e+00 2.010012265454072494e-06 -7.902824558832167835e-07
9.999999999992530419e-01 2.235744729172518995e-06 -8.790327466915842554e-07
9.999999999707206433e-01 2.486827956741292145e-06 -9.777498561289332219e-07
9.999999999738431455e-01 2.766108951455305664e-06 -1.087553064749032471e-06
1.000000000022520874e+00 3.076754447185814839e-06 -1.209687346797909995e-06
9.999999999789691563e-01 3.422286815216635415e-06 -1.345537485007697623e-06
9.999999999607285250e-01 3.806624005038367468e-06 -1.496643770704870488e-06
9.999999999831238329e-01 4.234123967743486613e-06 -1.664719466131764672e-06
9.999999999602602330e-01 4.709634069531808369e-06 -1.851670228663017147e-06
9.999999999796739258e-01 5.238546056536877541e-06 -2.059615716630729942e-06
9.999999999195910982e-01 5.826857189339403230e-06 -2.290913619253038722e-06
9.999999999989680477e-01 6.481238247004665696e-06 -2.548186386776855390e-06
9.999999999406393725e-01 7.209109160265195344e-06 -2.834350959731368484e-06
9.999999999151251151e-01 8.018723149991609608e-06 -3.152651840722585710e-06
9.999999999299906683e-01 8.919260304213060431e-06 -3.506697875721526218e-06
9.999999998746590402e-01 9.920931668585477068e-06 -3.900503167427426716e-06
9.999999998856248240e-01 1.103509503005826527e-05 -4.338532583603836426e-06
9.999999998816555546e-01 1.227438369487554079e-05 -4.825752372013434841e-06
9.999999999151444330e-01 1.365284973674531526e-05 -5.367686462559624181e-06
9.999999998718586136e-01 1.518612332503877121e-05 -5.970479088673576063e-06
9.999999998424399239e-01 1.689158995496346352e-05 -6.640964443364035603e-06
9.999999998250340694e-01 1.878858757141301994e-05 -7.386744152633323155e-06
9.999999997160448073e-01 2.089862583358117484e-05 -8.216273449584394437e-06
9.999999996905187816e-01 2.324563001152123227e-05 -9.138957028285129558e-06
9.999999995977900680e-01 2.585621225321431730e-05 -1.016525565230311282e-05
9.999999994530112124e-01 2.875997333879360421e-05 -1.130680474212263718e-05
9.999999993711109481e-01 3.198983830953711191e-05 -1.257654627345036512e-05
9.999999992788265457e-01 3.558242978112788118e-05 -1.398887548291174776e-05
9.999999991137722422e-01 3.957848319532392817e-05 -1.555980405146930714e-05
9.999999988692698238e-01 4.402330870088512124e-05 -1.730714160785724786e-05
9.999999986639606098e-01 4.896730490512190995e-05 -1.925069761177545537e-05
9.999999983274605597e-01 5.446653029770738802e-05 -2.141250589606474950e-05
9.999999978821045854e-01 6.058333888823282337e-05 -2.381707443616276184e-05
9.999999973609877690e-01 6.738708719399037403e-05 -2.649166315027801520e-05
9.999999967525529110e-01 7.495492062809451137e-05 -2.946659289214940318e-05
9.999999960186863879e-01 8.337264820333202076e-05 -3.277558913707672588e-05
9.999999950316825759e-01 9.273571545790365469e-05 -3.645616425276049959e-05
9.999999939063688448e-01 1.031502866757793880e-04 -4.055004270343099082e-05
9.999999924262479301e-01 1.147344485574315306e-04 -4.510363395911415259e-05
9.999999906056040722e-01 1.276195491718219624e-04 -5.016855854218295487e-05
9.999999883704134840e-01 1.419516871798509421e-04 -5.580223309835609304e-05
9.999999855832661932e-01 1.578933683328235930e-04 -6.206852116678936051e-05
9.999999821870932948e-01 1.756253480120623914e-04 -6.903845701788506898e-05
9.999999779336792294e-01 1.953486806170277716e-04 -7.679105072972307918e-05
9.999999727452235643e-01 2.172869992048490084e-04 -8.541418368939334598e-05
9.999999663193537280e-01 2.416890509869306432e-04 -9.500560457146328837e-05
9.999999583067583631e-01 2.688315176660235201e-04 -1.056740371723159167e-04
9.999999483985111404e-01 2.990221524789185678e-04 -1.175404126080069003e-04
9.999999361079541238e-01 3.326032694362338494e-04 -1.307392398065173049e-04
9.999999209485064267e-01 3.699556245018769600e-04 -1.454201298947037444e-04
9.999999022066279331e-01 4.115027324848505568e-04 -1.617494916597684120e-04
9.999998791096526007e-01 4.577156688358535405e-04 -1.799124173896443938e-04
9.999998503868614552e-01 5.091184104078369738e-04 -2.001147803091636807e-04
9.999998149200359787e-01 5.662937764462274565e-04 -2.225855676522476602e-04
9.999997709833386983e-01 6.298900360286982828e-04 -2.475794753533979700e-04
9.999997166709715390e-01 7.006282580879684375e-04 -2.753797942342937509e-04
9.999996494047539430e-01 7.793104862364605640e-04 -3.063016199420960650e-04
9.999995662214099523e-01 8.668288320590756537e-04 -3.406954233835028070e-04
9.999994633343882722e-01 9.641755889495120472e-04 -3.789510217007369488e-04
9.999993360597321246e-01 1.072454481865949298e-03 -4.215019950482823386e-04
9.999991786049805542e-01 1.192893180146255977e-03 -4.688305990385294966e-04
9.999989838056726477e-01 1.326857215230131540e-03 -5.214732284896014250e-04
9.999987426975264215e-01 1.475865460836482288e-03 -5.800264942641504204e-04
9.999984444162106634e-01 1.641607351628027699e-03 -6.451539822294524848e-04
9.999980754956225848e-01 1.825962034200723835e-03 -7.175937703477112788e-04
9.999976189529273807e-01 2.031019667591594646e-03 -7.981667890580014480e-04
9.999970541266119950e-01 2.259105116319816160e-03 -8.877861202213989172e-04
9.999963553289984430e-01 2.512804300731752861e-03 -9.874673384274229235e-04
9.999954907808935589e-01 2.794993505386868596e-03 -1.098340012551764049e-03
9.999944212647717823e-01 3.108871976025382941e-03 -1.221660497120166493e-03
9.999930979371117745e-01 3.457998171907241368e-03 -1.358826157228016458e-03
9.999914607174956727e-01 3.846330087152603511e-03 -1.511391189113874900e-03
9.999894351519698077e-01 4.278270089955503799e-03 -1.681084212275118931e-03
9.999869291255434334e-01 4.758714789302979573e-03 -1.869827832800060805e-03
9.999838286767466222e-01 5.293110488325282297e-03 -2.079760396964332441e-03
9.999799928133137339e-01 5.887514847177837372e-03 -2.313260179092934635e-03
9.999752471029983436e-01 6.548665446266010645e-03 -2.572972274264669762e-03
9.999693757454105603e-01 7.284056015717566696e-03 -2.861838495817051273e-03
9.999621117561372508e-01 8.102021179615632313e-03 -3.183130609909144617e-03
9.999531248367217184e-01 9.011830654363062187e-03 -3.540487274947817266e-03
9.999420063557881155e-01 1.002379393941617118e-02 -3.937955092332358700e-03
9.999282507804798659e-01 1.114937664683281551e-02 -4.380034217263702352e-03
9.999112327020935886e-01 1.240132973256899938e-02 -4.871729023904662961e-03
9.998901784208584775e-01 1.379383301800401161e-02 -5.418604368215469008e-03
9.998641307997148120e-01 1.534265452336416348e-02 -6.026848043810688164e-03
9.998319057929530018e-01 1.706532727445637596e-02 -6.703340080733317941e-03
9.997920386895119416e-01 1.898134538801702145e-02 -7.455729593181107881e-03
9.997427176368550716e-01 2.111238138473383805e-02 -8.292519938271803934e-03
9.996817014439371984e-01 2.348252681702272041e-02 -9.223163001659975477e-03
9.996062179626340471e-01 2.611855842193472679e-02 -1.025816347375064011e-02
9.995128384910625385e-01 2.905023210536939599e-02 -1.140919401731521968e-02
9.993973225439400920e-01 3.231060711215531095e-02 -1.268922224572439396e-02
9.992544260890739993e-01 3.593640271458004021e-02 -1.411265042178140930e-02
9.990776646956547324e-01 3.996838961739914570e-02 -1.569546873367024323e-02
9.988590211289631871e-01 4.445181798366804049e-02 -1.745542288860620420e-02
9.985885845430592100e-01 4.943688345738928014e-02 -1.941219655680493858e-02
9.982541055393081564e-01 5.497923169770831120e-02 -2.158760885980976624e-02
9.978404479054124865e-01 6.114050060983676482e-02 -2.400582657505722500e-02
9.973289136875865823e-01 6.798889747198948175e-02 -2.669358994912247179e-02
9.966964133275875160e-01 7.559980526413151436e-02 -2.968044987693563286e-02
9.959144468189987665e-01 8.405640836131873794e-02 -3.299901257953195832e-02
9.949478551621866451e-01 9.345032190500356106e-02 -3.668518561968248104e-02
9.937532938867373877e-01 1.038822010067121243e-01 -4.077841589684322310e-02
9.922773721890276732e-01 1.154622946748911083e-01 -4.532190584915246623e-02
9.904543927251332480e-01 1.283108939691419148e-01 -5.036278806194270652e-02
9.882036190010785592e-01 1.425586030836697993e-01 -5.595223033371393706e-02
9.854259909597882228e-01 1.583463342707705779e-01 -6.214543236623984446e-02
9.820002067941057122e-01 1.758248908711652347e-01 -6.900146089634276447e-02
9.777780937504458869e-01 1.951539552215544593e-01 -7.658285149122714963e-02
9.725792076129471386e-01 2.165002378938881700e-01 -8.495488161867761900e-02
9.661846374574575291e-01 2.400344702989543333e-01 -9.418439047677262810e-02
9.583300596931627613e-01 2.659268344037443166e-01 -1.043379865241303023e-01
9.486981980670041725e-01 2.943403247047109428e-01 -1.154794450803582617e-01
9.369110229307217041e-01 3.254214380937689999e-01 -1.276660594628678258e-01
9.225222857642320085e-01 3.592875061247603474e-01 -1.409436774418132698e-01
9.050113560359679399e-01 3.960099558881222670e-01 -1.553401438219596531e-01
8.837798222151124206e-01 4.355928661323817952e-01 -1.708569015843253991e-01
8.581529312232564211e-01 4.779464571820433716e-01 -1.874586106285751341e-01
8.273886206314623459e-01 5.228557266906520562e-01 -2.050608678287484110e-01
7.906975174865920053e-01 5.699454433467865400e-01 -2.235165037458400339e-01
7.472775932370449015e-01 6.186442404017555852e-01 -2.426015302157659981e-01
6.963667908805434292e-01 6.681526164723236016e-01 -2.620026214736873027e-01
6.373153751302366166e-01 7.174220435788375427e-01 -2.813089476160369751e-01
5.696765041735486479e-01 7.651545380269136887e-01 -3.000120223062549552e-01
4.933083764413949135e-01 8.098329641527854950e-01 -3.175175836126632456e-01
4.084747727169372178e-01 8.497906775043685412e-01 -3.331728747655804401e-01
3.159245103993104098e-01 8.833236669273210051e-01 -3.463105588533511026e-01
2.169270014612635078e-01 9.088388969812658535e-01 -3.563067995013756706e-01
1.132438506902646580e-01 9.250207573436918240e-01 -3.626464238932932682e-01
7.027001220087889487e-03 9.309872475146994120e-01 -3.649840629646001200e-01
-9.934910909004907031e-02 9.264036676005105164e-01 -3.631886550777877476e-01
-2.034957891410381081e-01 9.115275883243639798e-01 -3.573610492544073147e-01
-3.032209896898082624e-01 8.871741561525824382e-01 -3.478204250257240782e-01
-3.967042846124627098e-01 8.546102043122633107e-01 -3.350628437385420044e-01
-4.826082534113657063e-01 8.154018448024747956e-01 -3.197015877809877837e-01
-5.601163321107227588e-01 7.712475800507584411e-01 -3.024018266596079085e-01
-6.289046802481275122e-01 7.238262829310666557e-01 -2.838210973440820073e-01
-6.890671902771905444e-01 6.746796828816115088e-01 -2.645632869264671339e-01
-7.410164934552371241e-01 6.251371392666122961e-01 -2.451491658856647937e-01
-7.853811226245643873e-01 5.762805726039244014e-01 -2.260026412721823641e-01
-8.229129042711643693e-01 5.289414290905430915e-01 -2.074495518771120872e-01
-8.544120300681709024e-01 4.837194498386427344e-01 -1.897250028861439120e-01
-8.806718805127512484e-01 4.410136711342770854e-01 -1.729854928735491959e-01
-9.024421728421715416e-01 4.010581411269596996e-01 -1.573228912437568683e-01
-9.204072435237314886e-01 3.639572410452625029e-01 -1.427782643038855714e-01
-9.351757756782832498e-01 3.297176258814120131e-01 -1.293543805400769464e-01
-9.472785317645291414e-01 2.982754027527819707e-01 -1.170263533048178928e-01
-9.571712482185662507e-01 2.695182302460290003e-01 -1.057502961993360135e-01
-9.652405302292671463e-01 2.433026445437889984e-01 -9.547011029185926978e-02
-9.718112103770146781e-01 2.194672229494178672e-01 -8.612264180690464010e-02
-9.771541461346855417e-01 1.978422957279968031e-01 -7.764148833035741659e-02
-9.814938179659363771e-01 1.782568994608151880e-01 -6.995972474957783127e-02
-9.850153655882082360e-01 1.605435885906776050e-01 -6.301179027271266997e-02
-9.878708865334310252e-01 1.445416233603402101e-01 -5.673473937512318183e-02
-9.901849410976306665e-01 1.300989529240416942e-01 -5.106902063316900997e-02
-9.920592802599658144e-01 1.170733224747984302e-01 -4.595891221628992107e-02
-9.935768533183825246e-01 1.053327569072005226e-01 -4.135271293865325215e-02
-9.948051711218506288e-01 9.475561142470785569e-02 -3.720276345912910954e-02
-9.957991067095552928e-01 8.523033041030773915e-02 -3.346535299916194445e-02
-9.966032134141269427e-01 7.665501793211988713e-02 -3.010055208895343407e-02
-9.972536344235635175e-01 6.893689440145485403e-02 -2.707200055191511315e-02
-9.977796699034816585e-01 6.199169228054429021e-02 -2.434667146855161793e-02
-9.982050592075109030e-01 5.574302771139325735e-02 -2.189462558231871497e-02
-9.985490275096868817e-01 5.012177320107125134e-02 -1.968876601112818855e-02
-9.988271384689310084e-01 4.506544797331097502e-02 -1.770459978661976380e-02
-9.990519878360893946e-01 4.051763648669125945e-02 -1.592001034801477505e-02
-9.992337669683259982e-01 3.642744127753486105e-02 -1.431504341449249887e-02
-9.993807201931164119e-01 3.274897324997732423e-02 -1.287170746897610234e-02
-9.994995157365248462e-01 2.944088044734390411e-02 -1.157378926640357727e-02
-9.995955463413532804e-01 2.646591493293035807e-02 -1.040668422720362682e-02
-9.996731727952662405e-01 2.379053649581051172e-02 -9.357241217773350217e-03
-9.997359211021329406e-01 2.138455132995343774e-02 -8.413620996132969640e-03
-9.997866420975219937e-01 1.922078351602675428e-02 -7.565167474792313350e-03
-9.998276406037865938e-01 1.727477698235271170e-02 -6.802290891740789616e-03
-9.998607799170933230e-01 1.552452558697448026e-02 -6.116361965822965721e-03
-9.998875663431942007e-01 1.395022900430437432e-02 -5.499616127919852368e-03
-9.999092175510116975e-01 1.253407218938707920e-02 -4.945066953284798887e-03
-9.999267178553407076e-01 1.126002631436042595e-02 -4.446427966859521456e-03
-9.999408629258170755e-01 1.011366920776563677e-02 -3.998042045477093707e-03
-9.999522959279285583e-01 9.082023470717856886e-03 -3.594817695704140281e-03
-9.999615367396459398e-01 8.153410588331166595e-03 -3.232171541211148642e-03
-9.999690055848207138e-01 7.317319495300456979e-03 -2.905976407038846424e-03
-9.999750421299292702e-01 6.564288188454975304e-03 -2.612514438818773228e-03
-9.999799209188273696e-01 5.885797106009726075e-03 -2.348434742740224731e-03
-9.999838638571604266e-01 5.274173111275388265e-03 -2.110715076059656824e-03
-9.999870502981179632e-01 4.722503027697174706e-03 -1.896627158123267423e-03
-9.999896252021635012e-01 4.224555772852826505e-03 -1.703705208420641659e-03
-9.999917057184380953e-01 3.774712230984952031e-03 -1.529717350857459504e-03
-9.999933865233877617e-01 3.367902088107659498e-03 -1.372639552679409550e-03
-9.999947441153209660e-01 2.999546930064728861e-03 -1.230631791949421665e-03
-9.999958402998958551e-01 2.665508974061365447e-03 -1.102016169881996858e-03
-9.999967249985065587e-01 2.362044867386282800e-03 -9.852567032433740164e-04
-9.999974385198741045e-01 2.085764044873989875e-03 -8.789405479409699790e-04
-9.999980133924738501e-01 1.833591189068891703e-03 -7.817604177021721633e-04
-9.999984758427923337e-01 1.602732384860441200e-03 -6.924979715489865866e-04
-9.999988469968812410e-01 1.390644603979461838e-03 -6.100079505938670521e-04
-9.999991438209219208e-01 1.195008194592999708e-03 -5.332028484612920914e-04
-9.999993799223771962e-01 1.013702088120844828e-03 -4.610379004893056507e-04
-9.999995661423477511e-01 8.447814690242617724e-04 -3.924961743844135298e-04
-9.999997110609070150e-01 6.864576851399911998e-04 -3.265735394858362449e-04
-9.999998213785999956e-01 5.370802055300351579e-04 -2.622632825891018510e-04
-9.999999022291783390e-01 3.951204609694450136e-04 -1.985401255217990432e-04
-9.999999573954302390e-01 2.591574290057403144e-04 -1.343433828140789231e-04
-9.999999894788278443e-01 1.278648517125794456e-04 -6.855897661894831273e-05
-1.000000000000000000e+00 0.000000000000000000e+00 0.000000000000000000e+00
